fp64
 8 134217728 1353848.934 1353848.934 1353848.934 1.5862062554166771 1.5862062554166771 1.5862062554166771 0.7931031277083386 0.7931031277083386 0.7931031277083386
 16 67108864 696265.936 696265.936 696265.936 3.0842865304270757 3.0842865304270757 3.0842865304270757 1.5421432652135378 1.5421432652135378 1.5421432652135378
 24 33554432 349903.822 349903.822 349903.822 4.603015556657738 4.603015556657738 4.603015556657738 2.301507778328869 2.301507778328869 2.301507778328869
 32 33554432 350259.066 350259.066 350259.066 6.131129373821833 6.131129373821833 6.131129373821833 3.0655646869109163 3.0655646869109163 3.0655646869109163
 40 16777216 174062.967 174062.967 174062.967 7.710872123649368 7.710872123649368 7.710872123649368 3.855436061824684 3.855436061824684 3.855436061824684
 48 16777216 173765.898 173765.898 173765.898 9.26886549396476 9.26886549396476 9.26886549396476 4.63443274698238 4.63443274698238 4.63443274698238
 56 16777216 175384.998 175384.998 175384.998 10.713847897070421 10.713847897070421 10.713847897070421 5.3569239485352105 5.3569239485352105 5.3569239485352105
 64 16777216 175078.154 175078.154 175078.154 12.265857269662552 12.265857269662552 12.265857269662552 6.132928634831276 6.132928634831276 6.132928634831276
 72 8388608 94573.021 94573.021 94573.021 12.772771126767749 12.772771126767749 12.772771126767749 6.386385563383874 6.386385563383874 6.386385563383874
 80 8388608 94564.915 94564.915 94564.915 14.193184438435756 14.193184438435756 14.193184438435756 7.096592219217878 7.096592219217878 7.096592219217878
 88 8388608 97033.978 97033.978 97033.978 15.215237367677535 15.215237367677535 15.215237367677535 7.607618683838767 7.607618683838767 7.607618683838767
 96 8388608 96024.036 96024.036 96024.036 16.77301645600483 16.77301645600483 16.77301645600483 8.386508228002414 8.386508228002414 8.386508228002414
 104 8388608 99692.106 99692.106 99692.106 17.502192841627803 17.502192841627803 17.502192841627803 8.751096420813901 8.751096420813901 8.751096420813901
 112 8388608 98455.191 98455.191 98455.191 19.08531356157747 19.08531356157747 19.08531356157747 9.542656780788734 9.542656780788734 9.542656780788734
 120 8388608 111891.031 111891.031 111891.031 17.993094728030524 17.993094728030524 17.993094728030524 8.996547364015262 8.996547364015262 8.996547364015262
 128 8388608 94333.172 94333.172 94333.172 22.764883258669602 22.764883258669602 22.764883258669602 11.382441629334801 11.382441629334801 11.382441629334801
 136 4194304 51504.85 51504.85 51504.85 22.15035453942687 22.15035453942687 22.15035453942687 11.075177269713436 11.075177269713436 11.075177269713436
 144 4194304 52313.089 52313.089 52313.089 23.090962034377284 23.090962034377284 23.090962034377284 11.545481017188642 11.545481017188642 11.545481017188642
 152 4194304 61022.997 61022.997 61022.997 20.894883546935592 20.894883546935592 20.894883546935592 10.447441773467796 10.447441773467796 10.447441773467796
 160 4194304 61502.934 61502.934 61502.934 21.822979697196235 21.822979697196235 21.822979697196235 10.911489848598118 10.911489848598118 10.911489848598118
 176 4194304 68279.028 68279.028 68279.028 21.62296463857101 21.62296463857101 21.62296463857101 10.811482319285505 10.811482319285505 10.811482319285505
 192 4194304 75410.128 75410.128 75410.128 21.35804272869024 21.35804272869024 21.35804272869024 10.67902136434512 10.67902136434512 10.67902136434512
 208 4194304 81394.911 81394.911 81394.911 21.436603868268868 21.436603868268868 21.436603868268868 10.718301934134434 10.718301934134434 10.718301934134434
 224 4194304 88026.047 88026.047 88026.047 21.34650204160593 21.34650204160593 21.34650204160593 10.673251020802965 10.673251020802965 10.673251020802965
 240 4194304 99582.911 99582.911 99582.911 20.21698200808771 20.21698200808771 20.21698200808771 10.108491004043856 10.108491004043856 10.108491004043856
 264 2097152 46787.977 46787.977 46787.977 23.66625631195809 23.66625631195809 23.66625631195809 11.833128155979045 11.833128155979045 11.833128155979045
 288 2097152 51932.096 51932.096 51932.096 23.260365843889684 23.260365843889684 23.260365843889684 11.630182921944842 11.630182921944842 11.630182921944842
 312 2097152 59813.976 59813.976 59813.976 21.878212008511184 21.878212008511184 21.878212008511184 10.939106004255592 10.939106004255592 10.939106004255592
 336 2097152 62294.96 62294.96 62294.96 22.62279555199971 22.62279555199971 22.62279555199971 11.311397775999856 11.311397775999856 11.311397775999856
 368 2097152 75206.995 75206.995 75206.995 20.52340838774372 20.52340838774372 20.52340838774372 10.26170419387186 10.26170419387186 10.26170419387186
 400 2097152 74571.133 74571.133 74571.133 22.498271549662523 22.498271549662523 22.498271549662523 11.249135774831261 11.249135774831261 11.249135774831261
 440 2097152 79808.95 79808.95 79808.95 23.123894751152598 23.123894751152598 23.123894751152598 11.561947375576299 11.561947375576299 11.561947375576299
 480 2097152 90547.8 90547.8 90547.8 22.23428862987284 22.23428862987284 22.23428862987284 11.11714431493642 11.11714431493642 11.11714431493642
 528 1048576 47147.036 47147.036 47147.036 23.486020542203327 23.486020542203327 23.486020542203327 11.743010271101664 11.743010271101664 11.743010271101664
 576 1048576 53297.043 53297.043 53297.043 22.66466362871201 22.66466362871201 22.66466362871201 11.332331814356005 11.332331814356005 11.332331814356005
 632 1048576 59930.086 59930.086 59930.086 22.11577110034516 22.11577110034516 22.11577110034516 11.05788555017258 11.05788555017258 11.05788555017258
 688 1048576 58473.825 58473.825 58473.825 24.67498194277525 24.67498194277525 24.67498194277525 12.337490971387625 12.337490971387625 12.337490971387625
 752 1048576 64883.947 64883.947 64883.947 24.305831826168035 24.305831826168035 24.305831826168035 12.152915913084017 12.152915913084017 12.152915913084017
 824 1048576 70997.0 70997.0 70997.0 24.33980658337676 24.33980658337676 24.33980658337676 12.16990329168838 12.16990329168838 12.16990329168838
 904 1048576 75000.048 75000.048 75000.048 25.277655928966873 25.277655928966873 25.277655928966873 12.638827964483436 12.638827964483436 12.638827964483436
 992 1048576 83749.056 83749.056 83749.056 24.84057592243189 24.84057592243189 24.84057592243189 12.420287961215944 12.420287961215944 12.420287961215944
 1088 524288 45622.826 45622.826 45622.826 25.0061381116549 25.0061381116549 25.0061381116549 12.50306905582745 12.50306905582745 12.50306905582745
 1192 524288 49800.158 49800.158 49800.158 25.098365993136003 25.098365993136003 25.098365993136003 12.549182996568002 12.549182996568002 12.549182996568002
 1304 524288 55683.851 55683.851 55683.851 24.555469484321403 24.555469484321403 24.555469484321403 12.277734742160701 12.277734742160701 12.277734742160701
 1432 524288 59227.943 59227.943 59227.943 25.352236730558076 25.352236730558076 25.352236730558076 12.676118365279038 12.676118365279038 12.676118365279038
 1568 524288 64018.965 64018.965 64018.965 25.68250155246965 25.68250155246965 25.68250155246965 12.841250776234824 12.841250776234824 12.841250776234824
 1720 524288 71310.997 71310.997 71310.997 25.291340689010422 25.291340689010422 25.291340689010422 12.645670344505211 12.645670344505211 12.645670344505211
 1888 524288 77699.9 77699.9 77699.9 25.478945120907493 25.478945120907493 25.478945120907493 12.739472560453747 12.739472560453747 12.739472560453747
 2072 262144 42284.966 42284.966 42284.966 25.690566618878204 25.690566618878204 25.690566618878204 12.845283309439102 12.845283309439102 12.845283309439102
 2272 262144 48026.085 48026.085 48026.085 24.80281988423583 24.80281988423583 24.80281988423583 12.401409942117915 12.401409942117915 12.401409942117915
 2496 262144 51096.916 51096.916 51096.916 25.610603348350807 25.610603348350807 25.610603348350807 12.805301674175404 12.805301674175404 12.805301674175404
 2744 262144 56281.805 56281.805 56281.805 25.56148069522646 25.56148069522646 25.56148069522646 12.78074034761323 12.78074034761323 12.78074034761323
 3016 262144 61852.932 61852.932 61852.932 25.56471547702864 25.56471547702864 25.56471547702864 12.78235773851432 12.78235773851432 12.78235773851432
 3312 262144 71887.97 71887.97 71887.97 24.15483224801034 24.15483224801034 24.15483224801034 12.07741612400517 12.07741612400517 12.07741612400517
 3640 262144 78909.874 78909.874 78909.874 24.184658056861174 24.184658056861174 24.184658056861174 12.092329028430587 12.092329028430587 12.092329028430587
 4000 262144 81454.992 81454.992 81454.992 25.746144570243157 25.746144570243157 25.746144570243157 12.873072285121578 12.873072285121578 12.873072285121578
 4400 131072 44637.918 44637.918 44637.918 25.839771469628133 25.839771469628133 25.839771469628133 12.919885734814066 12.919885734814066 12.919885734814066
 4840 131072 49832.821 49832.821 49832.821 25.460668983600183 25.460668983600183 25.460668983600183 12.730334491800091 12.730334491800091 12.730334491800091
 5320 131072 54476.976 54476.976 54476.976 25.599917293500283 25.599917293500283 25.599917293500283 12.799958646750142 12.799958646750142 12.799958646750142
 5848 131072 59314.966 59314.966 59314.966 25.845384653849415 25.845384653849415 25.845384653849415 12.922692326924707 12.922692326924707 12.922692326924707
 6432 131072 64779.043 64779.043 64779.043 26.028637193667716 26.028637193667716 26.028637193667716 13.014318596833858 13.014318596833858 13.014318596833858
 7072 131072 70990.086 70990.086 70990.086 26.114665757694677 26.114665757694677 26.114665757694677 13.057332878847339 13.057332878847339 13.057332878847339
 7776 131072 78214.884 78214.884 78214.884 26.061941663175 26.061941663175 26.061941663175 13.0309708315875 13.0309708315875 13.0309708315875
 8552 65536 43369.055 43369.055 43369.055 25.8462570604778 25.8462570604778 25.8462570604778 12.9231285302389 12.9231285302389 12.9231285302389
 9400 65536 47274.113 47274.113 47274.113 26.062399097789523 26.062399097789523 26.062399097789523 13.031199548894762 13.031199548894762 13.031199548894762
 10336 65536 52169.085 52169.085 52169.085 25.96864008636533 25.96864008636533 25.96864008636533 12.984320043182665 12.984320043182665 12.984320043182665
 11368 65536 57107.925 57107.925 57107.925 26.091413687329734 26.091413687329734 26.091413687329734 13.045706843664867 13.045706843664867 13.045706843664867
 12504 65536 63036.203 63036.203 63036.203 25.9997304723446 25.9997304723446 25.9997304723446 12.9998652361723 12.9998652361723 12.9998652361723
 13752 65536 69293.976 69293.976 69293.976 26.012393111920726 26.012393111920726 26.012393111920726 13.006196555960363 13.006196555960363 13.006196555960363
 15120 65536 76001.167 76001.167 76001.167 26.076029069395737 26.076029069395737 26.076029069395737 13.038014534697869 13.038014534697869 13.038014534697869
 16632 32768 44707.06 44707.06 44707.06 24.380819315785917 24.380819315785917 24.380819315785917 12.190409657892959 12.190409657892959 12.190409657892959
 18288 32768 45962.095 45962.095 45962.095 26.076321542784328 26.076321542784328 26.076321542784328 13.038160771392164 13.038160771392164 13.038160771392164
 20112 32768 50563.097 50563.097 50563.097 26.067628571090097 26.067628571090097 26.067628571090097 13.033814285545049 13.033814285545049 13.033814285545049
 22120 32768 55814.028 55814.028 55814.028 25.972974392745854 25.972974392745854 25.972974392745854 12.986487196372927 12.986487196372927 12.986487196372927
 24328 32768 61352.968 61352.968 61352.968 25.986677743120758 25.986677743120758 25.986677743120758 12.993338871560379 12.993338871560379 12.993338871560379
 26760 32768 67491.055 67491.055 67491.055 25.9848265818337 25.9848265818337 25.9848265818337 12.99241329091685 12.99241329091685 12.99241329091685
 29432 32768 74867.01 74867.01 74867.01 25.763758322924875 25.763758322924875 25.763758322924875 12.881879161462438 12.881879161462438 12.881879161462438
 32368 32768 81692.934 81692.934 81692.934 25.966373640099647 25.966373640099647 25.966373640099647 12.983186820049823 12.983186820049823 12.983186820049823
 35600 16384 45132.16 45132.16 45132.16 25.84721848012592 25.84721848012592 25.84721848012592 12.92360924006296 12.92360924006296 12.92360924006296
 39160 16384 50908.089 50908.089 50908.089 25.206109779528358 25.206109779528358 25.206109779528358 12.603054889764179 12.603054889764179 12.603054889764179
 43072 16384 54384.947 54384.947 54384.947 25.951726973274422 25.951726973274422 25.951726973274422 12.975863486637211 12.975863486637211 12.975863486637211
 47376 16384 60204.983 60204.983 60204.983 25.78551958066328 25.78551958066328 25.78551958066328 12.89275979033164 12.89275979033164 12.89275979033164
 52112 16384 65915.823 65915.823 65915.823 25.905858992309025 25.905858992309025 25.905858992309025 12.952929496154512 12.952929496154512 12.952929496154512
 57320 16384 72130.919 72130.919 72130.919 26.039620540534084 26.039620540534084 26.039620540534084 13.019810270267042 13.019810270267042 13.019810270267042
 63048 16384 79331.875 79331.875 79331.875 26.041951787979297 26.041951787979297 26.041951787979297 13.020975893989648 13.020975893989648 13.020975893989648
 69352 8192 43843.031 43843.031 43843.031 25.916619861432476 25.916619861432476 25.916619861432476 12.958309930716238 12.958309930716238 12.958309930716238
 76280 8192 48144.817 48144.817 48144.817 25.95858906266068 25.95858906266068 25.95858906266068 12.97929453133034 12.97929453133034 12.97929453133034
 83904 8192 52758.217 52758.217 52758.217 26.05628495746928 26.05628495746928 26.05628495746928 13.02814247873464 13.02814247873464 13.02814247873464
 92288 8192 58201.075 58201.075 58201.075 25.979702127495067 25.979702127495067 25.979702127495067 12.989851063747533 12.989851063747533 12.989851063747533
 101512 8192 63761.95 63761.95 63761.95 26.084092597544462 26.084092597544462 26.084092597544462 13.042046298772231 13.042046298772231 13.042046298772231
 111656 8192 70425.034 70425.034 70425.034 25.97615932993373 25.97615932993373 25.97615932993373 12.988079664966865 12.988079664966865 12.988079664966865
 122816 8192 77179.909 77179.909 77179.909 26.07177658113072 26.07177658113072 26.07177658113072 13.03588829056536 13.03588829056536 13.03588829056536
 135096 4096 42435.884 42435.884 42435.884 26.07949517441418 26.07949517441418 26.07949517441418 13.03974758720709 13.03974758720709 13.03974758720709
 148600 4096 46712.875 46712.875 46712.875 26.059864651875955 26.059864651875955 26.059864651875955 13.029932325937978 13.029932325937978 13.029932325937978
 163456 4096 51692.963 51692.963 51692.963 25.90355580894057 25.90355580894057 25.90355580894057 12.951777904470285 12.951777904470285 12.951777904470285
 179800 4096 56688.07 56688.07 56688.07 25.982920215840828 25.982920215840828 25.982920215840828 12.991460107920414 12.991460107920414 12.991460107920414
 197776 4096 62124.968 62124.968 62124.968 26.079385537872632 26.079385537872632 26.079385537872632 13.039692768936316 13.039692768936316 13.039692768936316
 217552 4096 68410.873 68410.873 68410.873 26.0512094912164 26.0512094912164 26.0512094912164 13.0256047456082 13.0256047456082 13.0256047456082
 239304 4096 75484.991 75484.991 75484.991 25.970439183068855 25.970439183068855 25.970439183068855 12.985219591534428 12.985219591534428 12.985219591534428
 263232 2048 41742.802 41742.802 41742.802 25.829561513383794 25.829561513383794 25.829561513383794 12.914780756691897 12.914780756691897 12.914780756691897
 289552 2048 48559.189 48559.189 48559.189 24.423904443708896 24.423904443708896 24.423904443708896 12.211952221854448 12.211952221854448 12.211952221854448
 318504 2048 53381.92 53381.92 53381.92 24.438843413650165 24.438843413650165 24.438843413650165 12.219421706825083 12.219421706825083 12.219421706825083
 350352 2048 59031.01 59031.01 59031.01 24.30996508445307 24.30996508445307 24.30996508445307 12.154982542226534 12.154982542226534 12.154982542226534
 385384 2048 65071.821 65071.821 65071.821 24.25831703710889 24.25831703710889 24.25831703710889 12.129158518554444 12.129158518554444 12.129158518554444
 423920 2048 71353.912 71353.912 71353.912 24.33470389121763 24.33470389121763 24.33470389121763 12.167351945608814 12.167351945608814 12.167351945608814
 466312 2048 78503.132 78503.132 78503.132 24.330417186412383 24.330417186412383 24.330417186412383 12.165208593206192 12.165208593206192 12.165208593206192
 512936 2048 86514.95 86514.95 86514.95 24.284656651827227 24.284656651827227 24.284656651827227 12.142328325913613 12.142328325913613 12.142328325913613
 564224 1024 49170.017 49170.017 49170.017 23.50071898490497 23.50071898490497 23.50071898490497 11.750359492452485 11.750359492452485 11.750359492452485
 620640 1024 52389.86 52389.86 52389.86 24.261769739411402 24.261769739411402 24.261769739411402 12.130884869705701 12.130884869705701 12.130884869705701
 682704 1024 57559.013 57559.013 57559.013 24.291205132374316 24.291205132374316 24.291205132374316 12.145602566187158 12.145602566187158 12.145602566187158
 750968 1024 63273.191 63273.191 63273.191 24.307015968263716 24.307015968263716 24.307015968263716 12.153507984131858 12.153507984131858 12.153507984131858
 826064 1024 69791.079 69791.079 69791.079 24.24062066729188 24.24062066729188 24.24062066729188 12.12031033364594 12.12031033364594 12.12031033364594
 908664 1024 76496.84 76496.84 76496.84 24.32706856910691 24.32706856910691 24.32706856910691 12.163534284553455 12.163534284553455 12.163534284553455
 999528 1024 84192.991 84192.991 84192.991 24.313583823147464 24.313583823147464 24.313583823147464 12.156791911573732 12.156791911573732 12.156791911573732
 1099480 512 46327.114 46327.114 46327.114 24.3025611308315 24.3025611308315 24.3025611308315 12.15128056541575 12.15128056541575 12.15128056541575
 1209424 512 51126.957 51126.957 51126.957 24.223037095675377 24.223037095675377 24.223037095675377 12.111518547837688 12.111518547837688 12.111518547837688
 1330360 512 56056.976 56056.976 56056.976 24.30185745303136 24.30185745303136 24.30185745303136 12.15092872651568 12.15092872651568 12.15092872651568
 1463392 512 62472.105 62472.105 62472.105 23.98692037029967 23.98692037029967 23.98692037029967 11.993460185149836 11.993460185149836 11.993460185149836
 1609728 512 70323.944 70323.944 70323.944 23.4395481573104 23.4395481573104 23.4395481573104 11.7197740786552 11.7197740786552 11.7197740786552
 1770696 512 74846.983 74846.983 74846.983 24.22532787994942 24.22532787994942 24.22532787994942 12.11266393997471 12.11266393997471 12.11266393997471
 1947760 512 83561.182 83561.182 83561.182 23.868813152978138 23.868813152978138 23.868813152978138 11.934406576489069 11.934406576489069 11.934406576489069
 2142536 256 45274.019 45274.019 45274.019 24.229755966661585 24.229755966661585 24.229755966661585 12.114877983330793 12.114877983330793 12.114877983330793
 2356784 256 50153.971 50153.971 50153.971 24.059379226422568 24.059379226422568 24.059379226422568 12.029689613211284 12.029689613211284 12.029689613211284
 2592456 256 54732.084 54732.084 54732.084 24.251542696601867 24.251542696601867 24.251542696601867 12.125771348300933 12.125771348300933 12.125771348300933
 2851696 256 64089.06 64089.06 64089.06 22.781865610136894 22.781865610136894 22.781865610136894 11.390932805068447 11.390932805068447 11.390932805068447
 3136864 256 67229.986 67229.986 67229.986 23.88925632083279 23.88925632083279 23.88925632083279 11.944628160416395 11.944628160416395 11.944628160416395
 3450544 256 73930.979 73930.979 73930.979 23.896322649805565 23.896322649805565 23.896322649805565 11.948161324902783 11.948161324902783 11.948161324902783
 3795592 256 80285.072 80285.072 80285.072 24.20553479730329 24.20553479730329 24.20553479730329 12.102767398651645 12.102767398651645 12.102767398651645
 4175144 256 88300.943 88300.943 88300.943 24.20895695304183 24.20895695304183 24.20895695304183 12.104478476520915 12.104478476520915 12.104478476520915
 4592656 128 48713.923 48713.923 48713.923 24.135193053534202 24.135193053534202 24.135193053534202 12.067596526767101 12.067596526767101 12.067596526767101
 5051920 128 53695.917 53695.917 53695.917 24.085472271569547 24.085472271569547 24.085472271569547 12.042736135784773 12.042736135784773 12.042736135784773
 5557112 128 58964.014 58964.014 58964.014 24.12693057158558 24.12693057158558 24.12693057158558 12.06346528579279 12.06346528579279 12.06346528579279
 6112816 128 65129.042 65129.042 65129.042 24.027390054347798 24.027390054347798 24.027390054347798 12.013695027173899 12.013695027173899 12.013695027173899
 6724096 128 73400.974 73400.974 73400.974 23.45157675973073 23.45157675973073 23.45157675973073 11.725788379865365 11.725788379865365 11.725788379865365
 7396504 128 78737.974 78737.974 78737.974 24.048180665659494 24.048180665659494 24.048180665659494 12.024090332829747 12.024090332829747 12.024090332829747
 8136152 128 86616.993 86616.993 86616.993 24.046723857061167 24.046723857061167 24.046723857061167 12.023361928530583 12.023361928530583 12.023361928530583
 8949760 64 48776.15 48776.15 48776.15 23.486258755559835 23.486258755559835 23.486258755559835 11.743129377779917 11.743129377779917 11.743129377779917
 9844736 64 53691.864 53691.864 53691.864 23.469593232971015 23.469593232971015 23.469593232971015 11.734796616485507 11.734796616485507 11.734796616485507
 10829208 64 58146.954 58146.954 58146.954 23.838542325020153 23.838542325020153 23.838542325020153 11.919271162510077 11.919271162510077 11.919271162510077
 11912128 64 64022.064 64022.064 64022.064 23.816045418342025 23.816045418342025 23.816045418342025 11.908022709171012 11.908022709171012 11.908022709171012
 13103336 64 70319.176 70319.176 70319.176 23.851630570870167 23.851630570870167 23.851630570870167 11.925815285435084 11.925815285435084 11.925815285435084
 14413664 64 77453.136 77453.136 77453.136 23.82019744171495 23.82019744171495 23.82019744171495 11.910098720857475 11.910098720857475 11.910098720857475
 15855024 64 85335.016 85335.016 85335.016 23.78206704736541 23.78206704736541 23.78206704736541 11.891033523682704 11.891033523682704 11.891033523682704
 17440520 32 47044.039 47044.039 47044.039 23.72656140345433 23.72656140345433 23.72656140345433 11.863280701727165 11.863280701727165 11.863280701727165
 19184568 32 51805.019 51805.019 51805.019 23.700644757991498 23.700644757991498 23.700644757991498 11.850322378995749 11.850322378995749 11.850322378995749
 21103024 32 57065.01 57065.01 57065.01 23.66762988388156 23.66762988388156 23.66762988388156 11.83381494194078 11.83381494194078 11.83381494194078
 23213320 32 62888.145 62888.145 62888.145 23.62372876477753 23.62372876477753 23.62372876477753 11.811864382388764 11.811864382388764 11.811864382388764
 25534648 32 69163.084 69163.084 69163.084 23.628464456558934 23.628464456558934 23.628464456558934 11.814232228279467 11.814232228279467 11.814232228279467
 28088112 32 78521.013 78521.013 78521.013 22.893733783083007 22.893733783083007 22.893733783083007 11.446866891541504 11.446866891541504 11.446866891541504
 30896920 32 102434.874 102434.874 102434.874 19.304000705853362 19.304000705853362 19.304000705853362 9.652000352926681 9.652000352926681 9.652000352926681
 33986608 16 62849.045 62849.045 62849.045 17.30450249482709 17.30450249482709 17.30450249482709 8.652251247413545 8.652251247413545 8.652251247413545
 37385264 16 72491.169 72491.169 72491.169 16.503092231827576 16.503092231827576 16.503092231827576 8.251546115913788 8.251546115913788 8.251546115913788
 41123784 16 83583.117 83583.117 83583.117 15.744340905592214 15.744340905592214 15.744340905592214 7.872170452796107 7.872170452796107 7.872170452796107
 45236160 16 95876.932 95876.932 95876.932 15.098075103195834 15.098075103195834 15.098075103195834 7.549037551597917 7.549037551597917 7.549037551597917
 49759776 16 104487.896 104487.896 104487.896 15.239208491670652 15.239208491670652 15.239208491670652 7.619604245835326 7.619604245835326 7.619604245835326
 54735752 16 113004.923 113004.923 113004.923 15.499714680571925 15.499714680571925 15.499714680571925 7.7498573402859625 7.7498573402859625 7.7498573402859625
 60209320 16 126842.022 126842.022 126842.022 15.189747132854757 15.189747132854757 15.189747132854757 7.5948735664273785 7.5948735664273785 7.5948735664273785
 66230248 16 139644.861 139644.861 139644.861 15.17684160249907 15.17684160249907 15.17684160249907 7.588420801249535 7.588420801249535 7.588420801249535
 72853272 8 75310.946 75310.946 75310.946 15.47786097388818 15.47786097388818 15.47786097388818 7.73893048694409 7.73893048694409 7.73893048694409
 80138592 8 85885.048 85885.048 85885.048 14.92946096973713 14.92946096973713 14.92946096973713 7.464730484868565 7.464730484868565 7.464730484868565
 88152448 8 93590.975 93590.975 93590.975 15.070247617358403 15.070247617358403 15.070247617358403 7.535123808679201 7.535123808679201 7.535123808679201
 96967688 8 103633.881 103633.881 103633.881 14.970808706855241 14.970808706855241 14.970808706855241 7.4854043534276204 7.4854043534276204 7.4854043534276204
 106664456 8 113998.89 113998.89 113998.89 14.970595731239138 14.970595731239138 14.970595731239138 7.485297865619569 7.485297865619569 7.485297865619569
 117330896 8 122637.033 122637.033 122637.033 15.307727935655457 15.307727935655457 15.307727935655457 7.6538639678277285 7.6538639678277285 7.6538639678277285
 129063984 8 138679.981 138679.981 138679.981 14.890568408716467 14.890568408716467 14.890568408716467 7.4452842043582335 7.4452842043582335 7.4452842043582335
 141970376 4 74021.101 74021.101 74021.101 15.343773500477926 15.343773500477926 15.343773500477926 7.671886750238963 7.671886750238963 7.671886750238963
 156167408 4 82417.965 82417.965 82417.965 15.158579370407898 15.158579370407898 15.158579370407898 7.579289685203949 7.579289685203949 7.579289685203949
 171784144 4 91997.862 91997.862 91997.862 14.938098800600388 14.938098800600388 14.938098800600388 7.469049400300194 7.469049400300194 7.469049400300194
 188962552 4 100876.093 100876.093 100876.093 14.985715356759506 14.985715356759506 14.985715356759506 7.492857678379753 7.492857678379753 7.492857678379753
 207858800 4 111593.008 111593.008 111593.008 14.901205996705457 14.901205996705457 14.901205996705457 7.450602998352728 7.450602998352728 7.450602998352728
 228644680 4 122379.065 122379.065 122379.065 14.946653171439083 14.946653171439083 14.946653171439083 7.4733265857195414 7.4733265857195414 7.4733265857195414
 251509144 4 133213.997 133213.997 133213.997 15.104067119913834 15.104067119913834 15.104067119913834 7.552033559956917 7.552033559956917 7.552033559956917
 276660056 2 73883.057 73883.057 73883.057 14.978267940375016 14.978267940375016 14.978267940375016 7.489133970187508 7.489133970187508 7.489133970187508
 304326056 2 81146.955 81146.955 81146.955 15.001231087475801 15.001231087475801 15.001231087475801 7.500615543737901 7.500615543737901 7.500615543737901
 334758656 2 89200.02 89200.02 89200.02 15.011595557938215 15.011595557938215 15.011595557938215 7.505797778969107 7.505797778969107 7.505797778969107
 368234520 2 98784.924 98784.924 98784.924 14.910555379887725 14.910555379887725 14.910555379887725 7.455277689943863 7.455277689943863 7.455277689943863
 405057968 2 105479.002 105479.002 105479.002 15.360705365794038 15.360705365794038 15.360705365794038 7.680352682897019 7.680352682897019 7.680352682897019
 445563760 2 115360.022 115360.022 115360.022 15.449503294997639 15.449503294997639 15.449503294997639 7.724751647498819 7.724751647498819 7.724751647498819
 490120136 2 131243.944 131243.944 131243.944 14.937683859912042 14.937683859912042 14.937683859912042 7.468841929956021 7.468841929956021 7.468841929956021
 539132144 1 72136.879 72136.879 72136.879 14.947476283247573 14.947476283247573 14.947476283247573 7.4737381416237865 7.4737381416237865 7.4737381416237865
 593045352 1 79344.988 79344.988 79344.988 14.948527107975618 14.948527107975618 14.948527107975618 7.474263553987809 7.474263553987809 7.474263553987809
 652349880 1 85968.018 85968.018 85968.018 15.176571361689415 15.176571361689415 15.176571361689415 7.588285680844708 7.588285680844708 7.588285680844708
 717584864 1 95635.891 95635.891 95635.891 15.006601736998508 15.006601736998508 15.006601736998508 7.503300868499254 7.503300868499254 7.503300868499254
 789343344 1 105421.782 105421.782 105421.782 14.97495733851283 14.97495733851283 14.97495733851283 7.487478669256415 7.487478669256415 7.487478669256415
 868277672 1 115932.941 115932.941 115932.941 14.978963951237981 14.978963951237981 14.978963951237981 7.4894819756189905 7.4894819756189905 7.4894819756189905
 955105432 1 127492.189 127492.189 127492.189 14.982963889654446 14.982963889654446 14.982963889654446 7.491481944827223 7.491481944827223 7.491481944827223
 1050615968 1 139582.872 139582.872 139582.872 15.053651682994458 15.053651682994458 15.053651682994458 7.526825841497229 7.526825841497229 7.526825841497229
 
META_DATA
 MPI startup(): shm:tmi fabric is unknown or has been removed from the product, please use ofi or shm:ofi instead
 FLOPS          8
 MPI_PROCS      1
 OPENMP_THREADS 1
 ERT_VERSION  1.1.0
 HOSTNAME  ('shas0420.rc.int.colorado.edu', [], ['10.225.6.135'])
 UNAME  uname_result(system='Linux', node='shas0420.rc.int.colorado.edu', release='3.10.0-957.27.2.el7.x86_64', version='#1 SMP Mon Jul 29 17:46:05 UTC 2019', machine='x86_64', processor='x86_64')
 TIMESTAMP_DATA  1664555223.8154752
 CONFIG  {'ERT_RESULTS': ['lab5_results'], 'ERT_DRIVER': ['driver1'], 'ERT_KERNEL': ['kernel1'], 'ERT_MPI': ['True'], 'ERT_MPI_CFLAGS': ['-I/usr/include/mpi'], 'ERT_MPI_LDFLAGS': ['-lmpi'], 'ERT_OPENMP': ['True'], 'ERT_OPENMP_CFLAGS': ['-qopenmp'], 'ERT_OPENMP_LDFLAGS': ['-qopenmp'], 'ERT_FLOPS': ['1,2,4,8,16'], 'ERT_ALIGN': ['32'], 'ERT_CC': ['mpicc'], 'ERT_CFLAGS': ['-O3', '-msse3', '-axSSE3', '-xSSE3', '-fno-alias', '-fno-fnalias', '-DERT_INTEL', '-std=c++11'], 'ERT_LD': ['mpicc'], 'ERT_LDFLAGS': [], 'ERT_LDLIBS': [], 'ERT_PRECISION': ['FP64'], 'ERT_RUN': ['export', 'OMP_NUM_THREADS=ERT_OPENMP_THREADS;', 'mpirun', '-np', 'ERT_MPI_PROCS', 'ERT_CODE'], 'ERT_PROCS_THREADS': ['1-24'], 'ERT_MPI_PROCS': ['1,2,4,8,12,24'], 'ERT_OPENMP_THREADS': ['1,2,4,8,12,24'], 'ERT_NUM_EXPERIMENTS': ['1'], 'ERT_MEMORY_MAX': ['1073741824'], 'ERT_WORKING_SET_MIN': ['1'], 'ERT_TRIALS_MIN': ['1'], 'ERT_GNUPLOT': ['gnuplot'], 'ERT_GPU': [False], 'ERT_HIP': [False], 'ERT_OCL': [False], 'ERT_SYCL': [False], 'ERT_WSS_MULT': [1.1]}
 