fp64
 192 4194304 24889.946 24889.946 24889.946 64.70937044218577 64.70937044218577 64.70937044218577 16.177342610546443 16.177342610546443 16.177342610546443
 384 2097152 13175.964 13175.964 13175.964 122.23870192723659 122.23870192723659 122.23870192723659 30.559675481809148 30.559675481809148 30.559675481809148
 576 1048576 7076.979 7076.979 7076.979 170.68858788474571 170.68858788474571 170.68858788474571 42.67214697118643 42.67214697118643 42.67214697118643
 768 1048576 6583.929 6583.929 6583.929 244.62790166783387 244.62790166783387 244.62790166783387 61.15697541695847 61.15697541695847 61.15697541695847
 960 1048576 6643.057 6643.057 6643.057 303.0631710671758 303.0631710671758 303.0631710671758 75.76579276679395 75.76579276679395 75.76579276679395
 1152 524288 3391.027 3391.027 3391.027 356.2223338239418 356.2223338239418 356.2223338239418 89.05558345598546 89.05558345598546 89.05558345598546
 1344 524288 3339.052 3339.052 3339.052 422.06175405474363 422.06175405474363 422.06175405474363 105.51543851368591 105.51543851368591 105.51543851368591
 1536 524288 3458.023 3458.023 3458.023 465.7611403972732 465.7611403972732 465.7611403972732 116.4402850993183 116.4402850993183 116.4402850993183
 1728 524288 3845.93 3845.93 3845.93 471.13164514174724 471.13164514174724 471.13164514174724 117.78291128543681 117.78291128543681 117.78291128543681
 1920 524288 3790.855 3790.855 3790.855 531.0849188375709 531.0849188375709 531.0849188375709 132.7712297093927 132.7712297093927 132.7712297093927
 2112 262144 2196.789 2196.789 2196.789 504.05216704927045 504.05216704927045 504.05216704927045 126.01304176231761 126.01304176231761 126.01304176231761
 2304 262144 2150.059 2150.059 2150.059 561.8262345358894 561.8262345358894 561.8262345358894 140.45655863397235 140.45655863397235 140.45655863397235
 2496 262144 2470.016 2470.016 2470.016 529.8033891278436 529.8033891278436 529.8033891278436 132.4508472819609 132.4508472819609 132.4508472819609
 2688 262144 2439.976 2439.976 2439.976 577.581969658718 577.581969658718 577.581969658718 144.3954924146795 144.3954924146795 144.3954924146795
 2880 262144 2748.013 2748.013 2748.013 549.4695403551584 549.4695403551584 549.4695403551584 137.3673850887896 137.3673850887896 137.3673850887896
 3072 262144 1863.956 1863.956 1863.956 864.0830234190078 864.0830234190078 864.0830234190078 216.02075585475194 216.02075585475194 216.02075585475194
 3264 262144 2201.08 2201.08 2201.08 777.4710741999382 777.4710741999382 777.4710741999382 194.36776854998456 194.36776854998456 194.36776854998456
 3456 262144 2272.844 2272.844 2272.844 797.2123594932165 797.2123594932165 797.2123594932165 199.30308987330412 199.30308987330412 199.30308987330412
 3648 262144 2556.086 2556.086 2556.086 748.2544108453316 748.2544108453316 748.2544108453316 187.0636027113329 187.0636027113329 187.0636027113329
 3840 262144 2558.947 2558.947 2558.947 786.7556147118325 786.7556147118325 786.7556147118325 196.68890367795814 196.68890367795814 196.68890367795814
 4224 131072 1420.975 1420.975 1420.975 779.2510466405109 779.2510466405109 779.2510466405109 194.81276166012773 194.81276166012773 194.81276166012773
 4608 131072 1531.124 1531.124 1531.124 788.9364623635969 788.9364623635969 788.9364623635969 197.23411559089922 197.23411559089922 197.23411559089922
 4992 131072 1646.996 1646.996 1646.996 794.5513213146843 794.5513213146843 794.5513213146843 198.63783032867107 198.63783032867107 198.63783032867107
 5376 131072 1786.947 1786.947 1786.947 788.6558157572665 788.6558157572665 788.6558157572665 197.16395393931663 197.16395393931663 197.16395393931663
 5760 131072 3803.968 3803.968 3803.968 396.9406262092636 396.9406262092636 396.9406262092636 99.2351565523159 99.2351565523159 99.2351565523159
 6336 131072 1911.879 1911.879 1911.879 868.7497399155491 868.7497399155491 868.7497399155491 217.18743497888727 217.18743497888727 217.18743497888727
 6912 131072 2085.924 2085.924 2085.924 868.6506929303273 868.6506929303273 868.6506929303273 217.16267323258182 217.16267323258182 217.16267323258182
 7488 131072 2426.863 2426.863 2426.863 808.8360455452162 808.8360455452162 808.8360455452162 202.20901138630404 202.20901138630404 202.20901138630404
 8064 131072 2452.85 2452.85 2452.85 861.8257194691888 861.8257194691888 861.8257194691888 215.4564298672972 215.4564298672972 215.4564298672972
 8832 65536 1366.854 1366.854 1366.854 846.9287166003098 846.9287166003098 846.9287166003098 211.73217915007746 211.73217915007746 211.73217915007746
 9600 65536 1328.945 1328.945 1328.945 946.8346696063418 946.8346696063418 946.8346696063418 236.70866740158544 236.70866740158544 236.70866740158544
 10560 65536 1579.046 1579.046 1579.046 876.5547805447087 876.5547805447087 876.5547805447087 219.13869513617718 219.13869513617718 219.13869513617718
 11520 65536 1664.877 1664.877 1664.877 906.9435399732233 906.9435399732233 906.9435399732233 226.73588499330583 226.73588499330583 226.73588499330583
 12672 65536 1706.839 1706.839 1706.839 973.1113385621022 973.1113385621022 973.1113385621022 243.27783464052555 243.27783464052555 243.27783464052555
 13824 65536 1962.9 1962.9 1962.9 923.0930398899587 923.0930398899587 923.0930398899587 230.77325997248968 230.77325997248968 230.77325997248968
 15168 65536 2213.001 2213.001 2213.001 898.3728864108059 898.3728864108059 898.3728864108059 224.59322160270148 224.59322160270148 224.59322160270148
 16512 32768 1145.84 1145.84 1145.84 944.3992459680235 944.3992459680235 944.3992459680235 236.09981149200587 236.09981149200587 236.09981149200587
 18048 32768 1247.168 1247.168 1247.168 948.3836403756352 948.3836403756352 948.3836403756352 237.0959100939088 237.0959100939088 237.0959100939088
 19776 32768 1345.158 1345.158 1345.158 963.4852827697564 963.4852827697564 963.4852827697564 240.8713206924391 240.8713206924391 240.8713206924391
 21696 32768 1413.107 1413.107 1413.107 1006.2005608917088 1006.2005608917088 1006.2005608917088 251.5501402229272 251.5501402229272 251.5501402229272
 23808 32768 1585.96 1585.96 1585.96 983.8086004691165 983.8086004691165 983.8086004691165 245.95215011727913 245.95215011727913 245.95215011727913
 26112 32768 1720.905 1720.905 1720.905 994.404706825769 994.404706825769 994.404706825769 248.60117670644226 248.60117670644226 248.60117670644226
 28608 32768 1892.09 1892.09 1892.09 990.8904375584672 990.8904375584672 990.8904375584672 247.7226093896168 247.7226093896168 247.7226093896168
 31296 32768 2032.995 2032.995 2032.995 1008.8636007466818 1008.8636007466818 1008.8636007466818 252.21590018667044 252.21590018667044 252.21590018667044
 34368 16384 1107.931 1107.931 1107.931 1016.4627797218419 1016.4627797218419 1016.4627797218419 254.11569493046048 254.11569493046048 254.11569493046048
 37632 16384 1205.206 1205.206 1205.206 1023.165646370828 1023.165646370828 1023.165646370828 255.791411592707 255.791411592707 255.791411592707
 41280 16384 1327.038 1327.038 1327.038 1019.3099519380755 1019.3099519380755 1019.3099519380755 254.82748798451888 254.82748798451888 254.82748798451888
 45312 16384 1450.062 1450.062 1450.062 1023.9449182172903 1023.9449182172903 1023.9449182172903 255.98622955432256 255.98622955432256 255.98622955432256
 49728 16384 1573.086 1573.086 1573.086 1035.85379566025 1035.85379566025 1035.85379566025 258.9634489150625 258.9634489150625 258.9634489150625
 54528 16384 1728.058 1728.058 1728.058 1033.9777391731063 1033.9777391731063 1033.9777391731063 258.4944347932766 258.4944347932766 258.4944347932766
 59904 16384 1889.944 1889.944 1889.944 1038.6203358406387 1038.6203358406387 1038.6203358406387 259.6550839601597 259.6550839601597 259.6550839601597
 65856 8192 1039.028 1039.028 1039.028 1038.4558491205241 1038.4558491205241 1038.4558491205241 259.61396228013103 259.61396228013103 259.61396228013103
 72384 8192 1153.946 1153.946 1153.946 1027.7252627072671 1027.7252627072671 1027.7252627072671 256.9313156768168 256.9313156768168 256.9313156768168
 79488 8192 1255.035 1255.035 1255.035 1037.6853171425498 1037.6853171425498 1037.6853171425498 259.42132928563746 259.42132928563746 259.42132928563746
 87360 8192 1381.159 1381.159 1381.159 1036.3080861797953 1036.3080861797953 1036.3080861797953 259.0770215449488 259.0770215449488 259.0770215449488
 96000 8192 1501.083 1501.083 1501.083 1047.8194743395268 1047.8194743395268 1047.8194743395268 261.9548685848817 261.9548685848817 261.9548685848817
 105600 8192 1643.896 1643.896 1643.896 1052.4694992870595 1052.4694992870595 1052.4694992870595 263.1173748217649 263.1173748217649 263.1173748217649
 116160 8192 1863.956 1863.956 1863.956 1021.035603844726 1021.035603844726 1021.035603844726 255.2589009611815 255.2589009611815 255.2589009611815
 127680 8192 2044.916 2044.916 2044.916 1022.9804647232454 1022.9804647232454 1022.9804647232454 255.74511618081135 255.74511618081135 255.74511618081135
 140352 4096 1085.043 1085.043 1085.043 1059.6479439063705 1059.6479439063705 1059.6479439063705 264.91198597659263 264.91198597659263 264.91198597659263
 154368 4096 1190.901 1190.901 1190.901 1061.8705131660818 1061.8705131660818 1061.8705131660818 265.46762829152044 265.46762829152044 265.46762829152044
 169728 4096 1308.918 1308.918 1308.918 1062.2604135629583 1062.2604135629583 1062.2604135629583 265.5651033907396 265.5651033907396 265.5651033907396
 186624 4096 1441.956 1441.956 1441.956 1060.2430365420305 1060.2430365420305 1060.2430365420305 265.0607591355076 265.0607591355076 265.0607591355076
 205248 4096 1584.053 1584.053 1584.053 1061.4490904029094 1061.4490904029094 1061.4490904029094 265.36227260072735 265.36227260072735 265.36227260072735
 225600 4096 1738.071 1738.071 1738.071 1063.3139842963838 1063.3139842963838 1063.3139842963838 265.82849607409594 265.82849607409594 265.82849607409594
 248064 4096 1936.913 1936.913 1936.913 1049.164463246413 1049.164463246413 1049.164463246413 262.2911158116033 262.2911158116033 262.2911158116033
 272832 2048 1049.995 1049.995 1049.995 1064.3097081414674 1064.3097081414674 1064.3097081414674 266.07742703536684 266.07742703536684 266.07742703536684
 300096 2048 1166.821 1166.821 1166.821 1053.4548281184518 1053.4548281184518 1053.4548281184518 263.36370702961295 263.36370702961295 263.36370702961295
 330048 2048 1274.824 1274.824 1274.824 1060.4417613725502 1060.4417613725502 1060.4417613725502 265.11044034313755 265.11044034313755 265.11044034313755
 362880 2048 1408.1 1408.1 1408.1 1055.5759392088632 1055.5759392088632 1055.5759392088632 263.8939848022158 263.8939848022158 263.8939848022158
 399168 2048 1550.913 1550.913 1550.913 1054.2126657007839 1054.2126657007839 1054.2126657007839 263.55316642519597 263.55316642519597 263.55316642519597
 438912 2048 1708.984 1708.984 1708.984 1051.9604349718898 1051.9604349718898 1051.9604349718898 262.99010874297244 262.99010874297244 262.99010874297244
 482688 2048 1871.824 1871.824 1871.824 1056.237150501329 1056.237150501329 1056.237150501329 264.0592876253323 264.0592876253323 264.0592876253323
 530880 1024 1028.061 1028.061 1028.061 1057.565883736471 1057.565883736471 1057.565883736471 264.39147093411776 264.39147093411776 264.39147093411776
 583872 1024 1127.005 1127.005 1127.005 1061.015573134103 1061.015573134103 1061.015573134103 265.25389328352577 265.25389328352577 265.25389328352577
 642240 1024 1237.154 1237.154 1237.154 1063.1720222381368 1063.1720222381368 1063.1720222381368 265.7930055595342 265.7930055595342 265.7930055595342
 706368 1024 1368.999 1368.999 1368.999 1056.7149165192961 1056.7149165192961 1056.7149165192961 264.17872912982403 264.17872912982403 264.17872912982403
 776832 1024 1497.984 1497.984 1497.984 1062.0620353755448 1062.0620353755448 1062.0620353755448 265.5155088438862 265.5155088438862 265.5155088438862
 854400 1024 1847.982 1847.982 1847.982 946.876755293071 946.876755293071 946.876755293071 236.71918882326776 236.71918882326776 236.71918882326776
 939840 1024 2084.97 2084.97 2084.97 923.175067267155 923.175067267155 923.175067267155 230.79376681678875 230.79376681678875 230.79376681678875
 1033728 1024 2305.984 2305.984 2305.984 918.0787655074797 918.0787655074797 918.0787655074797 229.51969137686993 229.51969137686993 229.51969137686993
 1137024 512 1258.135 1258.135 1258.135 925.4273794147686 925.4273794147686 925.4273794147686 231.35684485369214 231.35684485369214 231.35684485369214
 1250688 512 1394.033 1394.033 1394.033 918.7045873376026 918.7045873376026 918.7045873376026 229.67614683440064 229.67614683440064 229.67614683440064
 1375680 512 1523.018 1523.018 1523.018 924.9374071744392 924.9374071744392 924.9374071744392 231.2343517936098 231.2343517936098 231.2343517936098
 1513152 512 1672.029 1672.029 1672.029 926.699027349406 926.699027349406 926.699027349406 231.6747568373515 231.6747568373515 231.6747568373515
 1664448 512 1848.936 1848.936 1848.936 921.8246342761458 921.8246342761458 921.8246342761458 230.45615856903646 230.45615856903646 230.45615856903646
 1830720 512 2029.896 2029.896 2029.896 923.5238061457337 923.5238061457337 923.5238061457337 230.88095153643343 230.88095153643343 230.88095153643343
 2013696 512 2224.922 2224.922 2224.922 926.7851655024313 926.7851655024313 926.7851655024313 231.6962913756078 231.6962913756078 231.6962913756078
 2214912 256 1232.862 1232.862 1232.862 919.8393202158877 919.8393202158877 919.8393202158877 229.95983005397193 229.95983005397193 229.95983005397193
 2436288 256 1349.211 1349.211 1349.211 924.5251157898949 924.5251157898949 924.5251157898949 231.13127894747373 231.13127894747373 231.13127894747373
 2679744 256 1478.91 1478.91 1478.91 927.7298334584253 927.7298334584253 927.7298334584253 231.93245836460633 231.93245836460633 231.93245836460633
 2947584 256 1637.22 1637.22 1637.22 921.7838824348592 921.7838824348592 921.7838824348592 230.4459706087148 230.4459706087148 230.4459706087148
 3242304 256 1791.0 1791.0 1791.0 926.8898090452261 926.8898090452261 926.8898090452261 231.72245226130653 231.72245226130653 231.72245226130653
 3566400 256 2024.174 2024.174 2024.174 902.0947803894329 902.0947803894329 902.0947803894329 225.52369509735823 225.52369509735823 225.52369509735823
 3922944 256 2208.948 2208.948 2208.948 909.277777475975 909.277777475975 909.277777475975 227.31944436899374 227.31944436899374 227.31944436899374
 4315200 128 1276.016 1276.016 1276.016 865.7345989391982 865.7345989391982 865.7345989391982 216.43364973479956 216.43364973479956 216.43364973479956
 4746624 128 1433.134 1433.134 1433.134 847.8870391742851 847.8870391742851 847.8870391742851 211.97175979357127 211.97175979357127 211.97175979357127
 5221248 128 1628.876 1628.876 1628.876 820.5900805217832 820.5900805217832 820.5900805217832 205.1475201304458 205.1475201304458 205.1475201304458
 5743296 128 1787.901 1787.901 1787.901 822.3518953230631 822.3518953230631 822.3518953230631 205.58797383076578 205.58797383076578 205.58797383076578
 6317568 128 1953.125 1953.125 1953.125 828.056272896 828.056272896 828.056272896 207.014068224 207.014068224 207.014068224
 6949248 128 2465.963 2465.963 2465.963 721.4250530117442 721.4250530117442 721.4250530117442 180.35626325293606 180.35626325293606 180.35626325293606
 7644096 128 2723.932 2723.932 2723.932 718.4058104240489 718.4058104240489 718.4058104240489 179.60145260601223 179.60145260601223 179.60145260601223
 8408448 64 1567.125 1567.125 1567.125 686.7871701363963 686.7871701363963 686.7871701363963 171.69679253409907 171.69679253409907 171.69679253409907
 9249216 64 1724.005 1724.005 1724.005 686.7147415465732 686.7147415465732 686.7147415465732 171.6786853866433 171.6786853866433 171.6786853866433
 10174080 64 1894.951 1894.951 1894.951 687.2379496884089 687.2379496884089 687.2379496884089 171.80948742210222 171.80948742210222 171.80948742210222
 11191488 64 2084.97 2084.97 2084.97 687.0652642484065 687.0652642484065 687.0652642484065 171.76631606210162 171.76631606210162 171.76631606210162
 12310464 64 2292.156 2292.156 2292.156 687.4485820336836 687.4485820336836 687.4485820336836 171.8621455084209 171.8621455084209 171.8621455084209
 13541376 64 2539.873 2539.873 2539.873 682.4341721023059 682.4341721023059 682.4341721023059 170.60854302557647 170.60854302557647 170.60854302557647
 14895360 64 2763.987 2763.987 2763.987 689.8028391595185 689.8028391595185 689.8028391595185 172.45070978987962 172.45070978987962 172.45070978987962
 16384896 64 3040.075 3040.075 3040.075 689.8733379933061 689.8733379933061 689.8733379933061 172.46833449832653 172.46833449832653 172.46833449832653
 18023232 32 1677.99 1677.99 1677.99 687.4217653263726 687.4217653263726 687.4217653263726 171.85544133159314 171.85544133159314 171.85544133159314
 19825536 32 1837.015 1837.015 1837.015 690.7043785706704 690.7043785706704 690.7043785706704 172.6760946426676 172.6760946426676 172.6760946426676
 21807936 32 2022.982 2022.982 2022.982 689.9260121938801 689.9260121938801 689.9260121938801 172.48150304847002 172.48150304847002 172.48150304847002
 23988672 32 2222.061 2222.061 2222.061 690.9238801275033 690.9238801275033 690.9238801275033 172.7309700318758 172.7309700318758 172.7309700318758
 26387520 32 2443.075 2443.075 2443.075 691.260513901538 691.260513901538 691.260513901538 172.8151284753845 172.8151284753845 172.8151284753845
 29026176 32 2691.984 2691.984 2691.984 690.0766364138865 690.0766364138865 690.0766364138865 172.51915910347162 172.51915910347162 172.51915910347162
 31928640 32 2972.126 2972.126 2972.126 687.5324128250282 687.5324128250282 687.5324128250282 171.88310320625706 171.88310320625706 171.88310320625706
 35121408 16 1626.015 1626.015 1626.015 691.1898451121299 691.1898451121299 691.1898451121299 172.79746127803247 172.79746127803247 172.79746127803247
 38633472 16 1804.113 1804.113 1804.113 685.2514803673606 685.2514803673606 685.2514803673606 171.31287009184015 171.31287009184015 171.31287009184015
 42496704 16 1980.066 1980.066 1980.066 686.7925250976483 686.7925250976483 686.7925250976483 171.69813127441208 171.69813127441208 171.69813127441208
 46746240 16 2187.967 2187.967 2187.967 683.684753929104 683.684753929104 683.684753929104 170.921188482276 170.921188482276 170.921188482276
 51420864 16 2526.045 2526.045 2526.045 651.4007660196077 651.4007660196077 651.4007660196077 162.85019150490191 162.85019150490191 162.85019150490191
 56562816 16 3170.013 3170.013 3170.013 570.978766333135 570.978766333135 570.978766333135 142.74469158328375 142.74469158328375 142.74469158328375
 62218944 16 4370.928 4370.928 4370.928 455.5110969569849 455.5110969569849 455.5110969569849 113.87777423924622 113.87777423924622 113.87777423924622
 68440704 8 4014.015 4014.015 4014.015 272.8069685838244 272.8069685838244 272.8069685838244 68.2017421459561 68.2017421459561 68.2017421459561
 75284736 8 7971.048 7971.048 7971.048 151.11636211449238 151.11636211449238 151.11636211449238 37.779090528623094 37.779090528623094 37.779090528623094
 82813056 8 11088.848 11088.848 11088.848 119.4902208056238 119.4902208056238 119.4902208056238 29.87255520140595 29.87255520140595 29.87255520140595
 91094208 8 13271.093 13271.093 13271.093 109.82571880100605 109.82571880100605 109.82571880100605 27.456429700251512 27.456429700251512 27.456429700251512
 100203456 8 15233.994 15233.994 15233.994 105.24195401416068 105.24195401416068 105.24195401416068 26.31048850354017 26.31048850354017 26.31048850354017
 110223744 8 17256.021 17256.021 17256.021 102.20084363596915 102.20084363596915 102.20084363596915 25.550210908992288 25.550210908992288 25.550210908992288
 121246080 8 19222.975 19222.975 19222.975 100.91764047968643 100.91764047968643 100.91764047968643 25.229410119921607 25.229410119921607 25.229410119921607
 133370688 8 21071.911 21071.911 21071.911 101.26898352978047 101.26898352978047 101.26898352978047 25.317245882445118 25.317245882445118 25.317245882445118
 146707584 4 11558.056 11558.056 11558.056 101.54481618708198 101.54481618708198 101.54481618708198 25.386204046770494 25.386204046770494 25.386204046770494
 161378304 4 12793.064 12793.064 12793.064 100.91612392465167 100.91612392465167 100.91612392465167 25.229030981162918 25.229030981162918 25.229030981162918
 177516096 4 14003.992 14003.992 14003.992 101.4088531327353 101.4088531327353 101.4088531327353 25.352213283183826 25.352213283183826 25.352213283183826
 195267648 4 15265.942 15265.942 15265.942 102.32851559373145 102.32851559373145 102.32851559373145 25.582128898432863 25.582128898432863 25.582128898432863
 214794240 4 16832.829 16832.829 16832.829 102.08348935285922 102.08348935285922 102.08348935285922 25.520872338214804 25.520872338214804 25.520872338214804
 236273664 4 18551.111 18551.111 18551.111 101.89089548329476 101.89089548329476 101.89089548329476 25.47272387082369 25.47272387082369 25.47272387082369
 259900992 4 20439.148 20439.148 20439.148 101.7267420344527 101.7267420344527 101.7267420344527 25.431685508613175 25.431685508613175 25.431685508613175
 285891072 2 11316.061 11316.061 11316.061 101.05674474536679 101.05674474536679 101.05674474536679 25.264186186341696 25.264186186341696 25.264186186341696
 314480064 2 12377.977 12377.977 12377.977 101.62567404996794 101.62567404996794 101.62567404996794 25.406418512491985 25.406418512491985 25.406418512491985
 345927936 2 13571.024 13571.024 13571.024 101.9607469561619 101.9607469561619 101.9607469561619 25.490186739040475 25.490186739040475 25.490186739040475
 380520576 2 15028.0 15028.0 15028.0 101.28309182858663 101.28309182858663 101.28309182858663 25.32077295714666 25.32077295714666 25.32077295714666
 418572480 2 16371.965 16371.965 16371.965 102.26566694956898 102.26566694956898 102.26566694956898 25.566416737392245 25.566416737392245 25.566416737392245
 460429632 2 17918.11 17918.11 17918.11 102.78531206695348 102.78531206695348 102.78531206695348 25.69632801673837 25.69632801673837 25.69632801673837
 506472576 2 19691.944 19691.944 19691.944 102.87914204915471 102.87914204915471 102.87914204915471 25.719785512288677 25.719785512288677 25.719785512288677
 557119680 1 10897.875 10897.875 10897.875 102.24372733216339 102.24372733216339 102.24372733216339 25.560931833040847 25.560931833040847 25.560931833040847
 612831552 1 12011.051 12011.051 12011.051 102.0446174110825 102.0446174110825 102.0446174110825 25.511154352770625 25.511154352770625 25.511154352770625
 674114688 1 13237.953 13237.953 13237.953 101.8457593859111 101.8457593859111 101.8457593859111 25.461439846477774 25.461439846477774 25.461439846477774
 741526080 1 14532.089 14532.089 14532.089 102.05361114978032 102.05361114978032 102.05361114978032 25.51340278744508 25.51340278744508 25.51340278744508
 815678592 1 16006.947 16006.947 16006.947 101.91557353191712 101.91557353191712 101.91557353191712 25.47889338297928 25.47889338297928 25.47889338297928
 897246336 1 17565.012 17565.012 17565.012 102.16290612269438 102.16290612269438 102.16290612269438 25.540726530673595 25.540726530673595 25.540726530673595
 986970816 1 19377.947 19377.947 19377.947 101.86536437528703 101.86536437528703 101.86536437528703 25.466341093821757 25.466341093821757 25.466341093821757
 
META_DATA
 MPI startup(): shm:tmi fabric is unknown or has been removed from the product, please use ofi or shm:ofi instead
 FLOPS          4
 MPI_PROCS      2
 OPENMP_THREADS 12
 ERT_VERSION  1.1.0
 HOSTNAME  ('shas0420.rc.int.colorado.edu', [], ['10.225.6.135'])
 UNAME  uname_result(system='Linux', node='shas0420.rc.int.colorado.edu', release='3.10.0-957.27.2.el7.x86_64', version='#1 SMP Mon Jul 29 17:46:05 UTC 2019', machine='x86_64', processor='x86_64')
 TIMESTAMP_DATA  1664555154.811368
 CONFIG  {'ERT_RESULTS': ['lab5_results'], 'ERT_DRIVER': ['driver1'], 'ERT_KERNEL': ['kernel1'], 'ERT_MPI': ['True'], 'ERT_MPI_CFLAGS': ['-I/usr/include/mpi'], 'ERT_MPI_LDFLAGS': ['-lmpi'], 'ERT_OPENMP': ['True'], 'ERT_OPENMP_CFLAGS': ['-qopenmp'], 'ERT_OPENMP_LDFLAGS': ['-qopenmp'], 'ERT_FLOPS': ['1,2,4,8,16'], 'ERT_ALIGN': ['32'], 'ERT_CC': ['mpicc'], 'ERT_CFLAGS': ['-O3', '-msse3', '-axSSE3', '-xSSE3', '-fno-alias', '-fno-fnalias', '-DERT_INTEL', '-std=c++11'], 'ERT_LD': ['mpicc'], 'ERT_LDFLAGS': [], 'ERT_LDLIBS': [], 'ERT_PRECISION': ['FP64'], 'ERT_RUN': ['export', 'OMP_NUM_THREADS=ERT_OPENMP_THREADS;', 'mpirun', '-np', 'ERT_MPI_PROCS', 'ERT_CODE'], 'ERT_PROCS_THREADS': ['1-24'], 'ERT_MPI_PROCS': ['1,2,4,8,12,24'], 'ERT_OPENMP_THREADS': ['1,2,4,8,12,24'], 'ERT_NUM_EXPERIMENTS': ['1'], 'ERT_MEMORY_MAX': ['1073741824'], 'ERT_WORKING_SET_MIN': ['1'], 'ERT_TRIALS_MIN': ['1'], 'ERT_GNUPLOT': ['gnuplot'], 'ERT_GPU': [False], 'ERT_HIP': [False], 'ERT_OCL': [False], 'ERT_SYCL': [False], 'ERT_WSS_MULT': [1.1]}
 