fp64
 32 33554432 92679.977 92679.977 92679.977 23.17095577181682 23.17095577181682 23.17095577181682 1.4481847357385513 1.4481847357385513 1.4481847357385513
 64 16777216 51470.995 51470.995 51470.995 41.72220972219402 41.72220972219402 41.72220972219402 2.6076381076371264 2.6076381076371264 2.6076381076371264
 96 8388608 25809.05 25809.05 25809.05 62.40496012057786 62.40496012057786 62.40496012057786 3.9003100075361163 3.9003100075361163 3.9003100075361163
 128 8388608 35280.943 35280.943 35280.943 60.86809096911043 60.86809096911043 60.86809096911043 3.804255685569402 3.804255685569402 3.804255685569402
 160 4194304 14139.175 14139.175 14139.175 94.92613819406013 94.92613819406013 94.92613819406013 5.932883637128758 5.932883637128758 5.932883637128758
 192 4194304 21213.055 21213.055 21213.055 75.92554377481225 75.92554377481225 75.92554377481225 4.745346485925766 4.745346485925766 4.745346485925766
 224 4194304 16775.131 16775.131 16775.131 112.01392060664085 112.01392060664085 112.01392060664085 7.000870037915053 7.000870037915053 7.000870037915053
 256 4194304 23256.063 23256.063 23256.063 92.34080798628729 92.34080798628729 92.34080798628729 5.7713004991429555 5.7713004991429555 5.7713004991429555
 288 2097152 10944.128 10944.128 10944.128 110.37513011543723 110.37513011543723 110.37513011543723 6.898445632214827 6.898445632214827 6.898445632214827
 320 2097152 12825.012 12825.012 12825.012 104.65310129924245 104.65310129924245 104.65310129924245 6.540818831202653 6.540818831202653 6.540818831202653
 352 2097152 12184.858 12184.858 12184.858 121.16636960397896 121.16636960397896 121.16636960397896 7.572898100248685 7.572898100248685 7.572898100248685
 384 2097152 14469.862 14469.862 14469.862 111.30809236466803 111.30809236466803 111.30809236466803 6.956755772791752 6.956755772791752 6.956755772791752
 416 2097152 13501.883 13501.883 13501.883 129.2286760298545 129.2286760298545 129.2286760298545 8.076792251865907 8.076792251865907 8.076792251865907
 448 2097152 15492.916 15492.916 15492.916 121.28434647163904 121.28434647163904 121.28434647163904 7.58027165447744 7.58027165447744 7.58027165447744
 480 2097152 14889.956 14889.956 14889.956 135.20966213734948 135.20966213734948 135.20966213734948 8.450603883584343 8.450603883584343 8.450603883584343
 512 2097152 8796.93 8796.93 8796.93 244.11739640988392 244.11739640988392 244.11739640988392 15.257337275617745 15.257337275617745 15.257337275617745
 544 1048576 5126.953 5126.953 5126.953 222.52021580849288 222.52021580849288 222.52021580849288 13.907513488030805 13.907513488030805 13.907513488030805
 576 1048576 5226.135 5226.135 5226.135 231.13822203215187 231.13822203215187 231.13822203215187 14.446138877009492 14.446138877009492 14.446138877009492
 608 1048576 5926.132 5926.132 5926.132 215.16031300011545 215.16031300011545 215.16031300011545 13.447519562507216 13.447519562507216 13.447519562507216
 640 1048576 6247.044 6247.044 6247.044 214.84998024665745 214.84998024665745 214.84998024665745 13.42812376541609 13.42812376541609 13.42812376541609
 704 1048576 6877.899 6877.899 6877.899 214.65784943919644 214.65784943919644 214.65784943919644 13.416115589949777 13.416115589949777 13.416115589949777
 768 1048576 7580.042 7580.042 7580.042 212.4807139591047 212.4807139591047 212.4807139591047 13.280044622444043 13.280044622444043 13.280044622444043
 832 1048576 8100.033 8100.033 8100.033 215.41029079758073 215.41029079758073 215.41029079758073 13.463143174848796 13.463143174848796 13.463143174848796
 896 1048576 8816.004 8816.004 8816.004 213.14057842986458 213.14057842986458 213.14057842986458 13.321286151866536 13.321286151866536 13.321286151866536
 960 1048576 9452.105 9452.105 9452.105 212.9965674312759 212.9965674312759 212.9965674312759 13.312285464454744 13.312285464454744 13.312285464454744
 1056 524288 4358.053 4358.053 4358.053 254.08049328450113 254.08049328450113 254.08049328450113 15.88003083028132 15.88003083028132 15.88003083028132
 1152 524288 4799.843 4799.843 4799.843 251.6664715908416 251.6664715908416 251.6664715908416 15.7291544744276 15.7291544744276 15.7291544744276
 1248 524288 5422.831 5422.831 5422.831 241.31728390576802 241.31728390576802 241.31728390576802 15.082330244110501 15.082330244110501 15.082330244110501
 1344 524288 5771.875 5771.875 5771.875 244.16435629669735 244.16435629669735 244.16435629669735 15.260272268543584 15.260272268543584 15.260272268543584
 1472 524288 6464.958 6464.958 6464.958 238.7492497244375 238.7492497244375 238.7492497244375 14.921828107777344 14.921828107777344 14.921828107777344
 1600 524288 6476.164 6476.164 6476.164 259.0610120435492 259.0610120435492 259.0610120435492 16.191313252721827 16.191313252721827 16.191313252721827
 1760 524288 8462.906 8462.906 8462.906 218.06856415514952 218.06856415514952 218.06856415514952 13.629285259696845 13.629285259696845 13.629285259696845
 1920 524288 8059.025 8059.025 8059.025 249.8150731633169 249.8150731633169 249.8150731633169 15.613442072707306 15.613442072707306 15.613442072707306
 2112 262144 4203.081 4203.081 4203.081 263.4487072697385 263.4487072697385 263.4487072697385 16.465544204358658 16.465544204358658 16.465544204358658
 2304 262144 4648.924 4648.924 4648.924 259.83637331993384 259.83637331993384 259.83637331993384 16.239773332495865 16.239773332495865 16.239773332495865
 2528 262144 5360.126 5360.126 5360.126 247.27031864549457 247.27031864549457 247.27031864549457 15.45439491534341 15.45439491534341 15.45439491534341
 2752 262144 5470.991 5470.991 5470.991 263.7256350814688 263.7256350814688 263.7256350814688 16.4828521925918 16.4828521925918 16.4828521925918
 3008 262144 6212.95 6212.95 6212.95 253.83405692947792 253.83405692947792 253.83405692947792 15.86462855809237 15.86462855809237 15.86462855809237
 3296 262144 6591.082 6591.082 6591.082 262.18051118162384 262.18051118162384 262.18051118162384 16.38628194885149 16.38628194885149 16.38628194885149
 3616 262144 7010.937 7010.937 7010.937 270.4097052933153 270.4097052933153 270.4097052933153 16.900606580832207 16.900606580832207 16.900606580832207
 3968 262144 7922.173 7922.173 7922.173 262.60153420027564 262.60153420027564 262.60153420027564 16.412595887517227 16.412595887517227 16.412595887517227
 4352 131072 4269.123 4269.123 4269.123 267.2330331077367 267.2330331077367 267.2330331077367 16.702064569233542 16.702064569233542 16.702064569233542
 4768 131072 4673.004 4673.004 4673.004 267.4730413241675 267.4730413241675 267.4730413241675 16.71706508276047 16.71706508276047 16.71706508276047
 5216 131072 5080.938 5080.938 5080.938 269.1123379187071 269.1123379187071 269.1123379187071 16.819521119919195 16.819521119919195 16.819521119919195
 5728 131072 5589.008 5589.008 5589.008 268.66321035861824 268.66321035861824 268.66321035861824 16.79145064741364 16.79145064741364 16.79145064741364
 6272 131072 6031.99 6031.99 6031.99 272.5745845069372 272.5745845069372 272.5745845069372 17.035911531683574 17.035911531683574 17.035911531683574
 6880 131072 6642.103 6642.103 6642.103 271.5330852291812 271.5330852291812 271.5330852291812 16.970817826823826 16.970817826823826 16.970817826823826
 7552 131072 7308.96 7308.96 7308.96 270.8609005932445 270.8609005932445 270.8609005932445 16.92880628707778 16.92880628707778 16.92880628707778
 8288 65536 4034.042 4034.042 4034.042 269.28939659031806 269.28939659031806 269.28939659031806 16.83058728689488 16.83058728689488 16.83058728689488
 9088 65536 4398.108 4398.108 4398.108 270.8397192611004 270.8397192611004 270.8397192611004 16.927482453818776 16.927482453818776 16.927482453818776
 9984 65536 4832.983 4832.983 4832.983 270.7691808557986 270.7691808557986 270.7691808557986 16.923073803487412 16.923073803487412 16.923073803487412
 10976 65536 5261.183 5261.183 5261.183 273.44539659616476 273.44539659616476 273.44539659616476 17.090337287260297 17.090337287260297 17.090337287260297
 12064 65536 5786.896 5786.896 5786.896 273.2471100223678 273.2471100223678 273.2471100223678 17.077944376397987 17.077944376397987 17.077944376397987
 13248 65536 6358.862 6358.862 6358.862 273.0743104662438 273.0743104662438 273.0743104662438 17.067144404140237 17.067144404140237 17.067144404140237
 14560 65536 6943.941 6943.941 6943.941 274.83072220803723 274.83072220803723 274.83072220803723 17.176920138002327 17.176920138002327 17.176920138002327
 16000 65536 7628.918 7628.918 7628.918 274.895076864111 274.895076864111 274.895076864111 17.180942304006937 17.180942304006937 17.180942304006937
 17600 32768 4377.842 4377.842 4377.842 263.47081507281445 263.47081507281445 263.47081507281445 16.466925942050903 16.466925942050903 16.466925942050903
 19360 32768 4796.982 4796.982 4796.982 264.4948344605004 264.4948344605004 264.4948344605004 16.530927153781274 16.530927153781274 16.530927153781274
 21280 32768 5236.864 5236.864 5236.864 266.3055752450321 266.3055752450321 266.3055752450321 16.644098452814507 16.644098452814507 16.644098452814507
 23392 32768 5738.974 5738.974 5738.974 267.12407339709154 267.12407339709154 267.12407339709154 16.69525458731822 16.69525458731822 16.69525458731822
 25728 32768 6271.124 6271.124 6271.124 268.8688994189878 268.8688994189878 268.8688994189878 16.804306213686736 16.804306213686736 16.804306213686736
 28288 32768 7060.051 7060.051 7060.051 262.58767365844807 262.58767365844807 262.58767365844807 16.411729603653004 16.411729603653004 16.411729603653004
 31104 32768 7547.855 7547.855 7547.855 270.0676873098384 270.0676873098384 270.0676873098384 16.8792304568649 16.8792304568649 16.8792304568649
 34208 16384 4157.066 4157.066 4157.066 269.6439613900766 269.6439613900766 269.6439613900766 16.852747586879786 16.852747586879786 16.852747586879786
 37600 16384 4582.167 4582.167 4582.167 268.8851803087927 268.8851803087927 268.8851803087927 16.805323769299545 16.805323769299545 16.805323769299545
 41344 16384 5018.95 5018.95 5018.95 269.9290074617201 269.9290074617201 269.9290074617201 16.870562966357507 16.870562966357507 16.870562966357507
 45472 16384 5470.037 5470.037 5470.037 272.39788250061196 272.39788250061196 272.39788250061196 17.024867656288247 17.024867656288247 17.024867656288247
 50016 16384 6009.817 6009.817 6009.817 272.707852501998 272.707852501998 272.707852501998 17.044240781374874 17.044240781374874 17.044240781374874
 55008 16384 6585.836 6585.836 6585.836 273.6937488270282 273.6937488270282 273.6937488270282 17.10585930168926 17.10585930168926 17.10585930168926
 60480 16384 7234.097 7234.097 7234.097 273.9538383297874 273.9538383297874 273.9538383297874 17.122114895611713 17.122114895611713 17.122114895611713
 66528 8192 3954.172 3954.172 3954.172 275.6568889770096 275.6568889770096 275.6568889770096 17.2285555610631 17.2285555610631 17.2285555610631
 73152 8192 4380.941 4380.941 4380.941 273.5764686171304 273.5764686171304 273.5764686171304 17.09852928857065 17.09852928857065 17.09852928857065
 80448 8192 4784.107 4784.107 4784.107 275.5080586617314 275.5080586617314 275.5080586617314 17.219253666358213 17.219253666358213 17.219253666358213
 88480 8192 5353.928 5353.928 5353.928 270.7650009488361 270.7650009488361 270.7650009488361 16.922812559302255 16.922812559302255 16.922812559302255
 97312 8192 5799.055 5799.055 5799.055 274.93441741801036 274.93441741801036 274.93441741801036 17.183401088625647 17.183401088625647 17.183401088625647
 107040 8192 6416.798 6416.798 6416.798 273.3050596263121 273.3050596263121 273.3050596263121 17.081566226644505 17.081566226644505 17.081566226644505
 117728 8192 7042.885 7042.885 7042.885 273.8729301983491 273.8729301983491 273.8729301983491 17.117058137396818 17.117058137396818 17.117058137396818
 129472 8192 7759.094 7759.094 7759.094 273.3913583209586 273.3913583209586 273.3913583209586 17.086959895059913 17.086959895059913 17.086959895059913
 142400 4096 4603.148 4603.148 4603.148 253.42239702047377 253.42239702047377 253.42239702047377 15.83889981377961 15.83889981377961 15.83889981377961
 156640 4096 5210.876 5210.876 5210.876 246.253198118704 246.253198118704 246.253198118704 15.390824882419 15.390824882419 15.390824882419
 172288 4096 5720.139 5720.139 5720.139 246.73933553013308 246.73933553013308 246.73933553013308 15.421208470633317 15.421208470633317 15.421208470633317
 189504 4096 6245.852 6245.852 6245.852 248.55164163351935 248.55164163351935 248.55164163351935 15.53447760209496 15.53447760209496 15.53447760209496
 208448 4096 6919.861 6919.861 6919.861 246.7688319172885 246.7688319172885 246.7688319172885 15.423051994830532 15.423051994830532 15.423051994830532
 229280 4096 7586.956 7586.956 7586.956 247.56460430243698 247.56460430243698 247.56460430243698 15.472787768902311 15.472787768902311 15.472787768902311
 252192 4096 8378.029 8378.029 8378.029 246.59223117991115 246.59223117991115 246.59223117991115 15.412014448744447 15.412014448744447 15.412014448744447
 277408 2048 4772.902 4772.902 4772.902 238.06547211738265 238.06547211738265 238.06547211738265 14.879092007336416 14.879092007336416 14.879092007336416
 305120 2048 5090.952 5090.952 5090.952 245.48876516612214 245.48876516612214 245.48876516612214 15.343047822882633 15.343047822882633 15.343047822882633
 335616 2048 5539.179 5539.179 5539.179 248.17452839130132 248.17452839130132 248.17452839130132 15.510908024456333 15.510908024456333 15.510908024456333
 369152 2048 6122.828 6122.828 6122.828 246.95232203158406 246.95232203158406 246.95232203158406 15.434520126974004 15.434520126974004 15.434520126974004
 406048 2048 6770.849 6770.849 6770.849 245.63723219938888 245.63723219938888 245.63723219938888 15.352327012461805 15.352327012461805 15.352327012461805
 446624 2048 7410.049 7410.049 7410.049 246.87716693911202 246.87716693911202 246.87716693911202 15.429822933694501 15.429822933694501 15.429822933694501
 491264 2048 8157.015 8157.015 8157.015 246.6855024785415 246.6855024785415 246.6855024785415 15.417843904908844 15.417843904908844 15.417843904908844
 540384 1024 4495.859 4495.859 4495.859 246.16128575206648 246.16128575206648 246.16128575206648 15.385080359504155 15.385080359504155 15.385080359504155
 594400 1024 4939.079 4939.079 4939.079 246.46927089038263 246.46927089038263 246.46927089038263 15.404329430648914 15.404329430648914 15.404329430648914
 653824 1024 5441.904 5441.904 5441.904 246.05938509756876 246.05938509756876 246.05938509756876 15.378711568598048 15.378711568598048 15.378711568598048
 719200 1024 6268.024 6268.024 6268.024 234.9897830640087 234.9897830640087 234.9897830640087 14.686861441500543 14.686861441500543 14.686861441500543
 791104 1024 6950.855 6950.855 6950.855 233.09089198379195 233.09089198379195 233.09089198379195 14.568180748986997 14.568180748986997 14.568180748986997
 870208 1024 7872.105 7872.105 7872.105 226.39255751797015 226.39255751797015 226.39255751797015 14.149534844873134 14.149534844873134 14.149534844873134
 957216 1024 9235.859 9235.859 9235.859 212.25728630114426 212.25728630114426 212.25728630114426 13.266080393821516 13.266080393821516 13.266080393821516
 1052928 512 5348.921 5348.921 5348.921 201.57304099275348 201.57304099275348 201.57304099275348 12.598315062047092 12.598315062047092 12.598315062047092
 1158208 512 7282.972 7282.972 7282.972 162.84629296940864 162.84629296940864 162.84629296940864 10.17789331058804 10.17789331058804 10.17789331058804
 1274016 512 8073.092 8073.092 8073.092 161.59761142323163 161.59761142323163 161.59761142323163 10.099850713951977 10.099850713951977 10.099850713951977
 1401408 512 9482.861 9482.861 9482.861 151.3300460694299 151.3300460694299 151.3300460694299 9.458127879339369 9.458127879339369 9.458127879339369
 1541536 512 10548.83 10548.83 10548.83 149.6405633610552 149.6405633610552 149.6405633610552 9.35253521006595 9.35253521006595 9.35253521006595
 1695680 512 11533.976 11533.976 11533.976 150.54447139477313 150.54447139477313 150.54447139477313 9.40902946217332 9.40902946217332 9.40902946217332
 1865248 512 12712.955 12712.955 12712.955 150.2415411680447 150.2415411680447 150.2415411680447 9.390096323002794 9.390096323002794 9.390096323002794
 2051744 512 14132.023 14132.023 14132.023 148.6684430106008 148.6684430106008 148.6684430106008 9.29177768816255 9.29177768816255 9.29177768816255
 2256896 256 7839.203 7839.203 7839.203 147.404111361831 147.404111361831 147.404111361831 9.212756960114438 9.212756960114438 9.212756960114438
 2482560 256 8523.941 8523.941 8523.941 149.11772852486894 149.11772852486894 149.11772852486894 9.319858032804309 9.319858032804309 9.319858032804309
 2730816 256 9387.97 9387.97 9387.97 148.93292074857507 148.93292074857507 148.93292074857507 9.308307546785942 9.308307546785942 9.308307546785942
 3003872 256 10308.981 10308.981 10308.981 149.18860205484907 149.18860205484907 149.18860205484907 9.324287628428067 9.324287628428067 9.324287628428067
 3304256 256 11364.937 11364.937 11364.937 148.85952047072502 148.85952047072502 148.85952047072502 9.303720029420314 9.303720029420314 9.303720029420314
 3634656 256 12428.045 12428.045 12428.045 149.73745846591316 149.73745846591316 149.73745846591316 9.358591154119573 9.358591154119573 9.358591154119573
 3998112 256 13869.047 13869.047 13869.047 147.59726057601506 147.59726057601506 147.59726057601506 9.224828786000941 9.224828786000941 9.224828786000941
 4397920 128 7530.928 7530.928 7530.928 149.49917460371415 149.49917460371415 149.49917460371415 9.343698412732135 9.343698412732135 9.343698412732135
 4837696 128 8320.808 8320.808 8320.808 148.8377301819727 148.8377301819727 148.8377301819727 9.302358136373293 9.302358136373293 9.302358136373293
 5321440 128 9094.954 9094.954 9094.954 149.78510501537446 149.78510501537446 149.78510501537446 9.361569063460903 9.361569063460903 9.361569063460903
 5853568 128 10696.888 10696.888 10696.888 140.08872561814238 140.08872561814238 140.08872561814238 8.755545351133899 8.755545351133899 8.755545351133899
 6438912 128 11688.948 11688.948 11688.948 141.01880442962016 141.01880442962016 141.01880442962016 8.81367527685126 8.81367527685126 8.81367527685126
 7082784 128 12465.0 12465.0 12465.0 145.4627119133574 145.4627119133574 145.4627119133574 9.091419494584837 9.091419494584837 9.091419494584837
 7791040 128 13564.825 13564.825 13564.825 147.03516189851325 147.03516189851325 147.03516189851325 9.189697618657078 9.189697618657078 9.189697618657078
 8570144 64 7389.069 7389.069 7389.069 148.4596275931379 148.4596275931379 148.4596275931379 9.278726724571118 9.278726724571118 9.278726724571118
 9427136 64 8118.868 8118.868 8118.868 148.62581926445904 148.62581926445904 148.62581926445904 9.28911370402869 9.28911370402869 9.28911370402869
 10369824 64 8951.902 8951.902 8951.902 148.27435242253546 148.27435242253546 148.27435242253546 9.267147026408466 9.267147026408466 9.267147026408466
 11406784 64 9834.766 9834.766 9834.766 148.45989746985336 148.45989746985336 148.45989746985336 9.278743591865835 9.278743591865835 9.278743591865835
 12547456 64 10923.862 10923.862 10923.862 147.0244102314731 147.0244102314731 147.0244102314731 9.189025639467069 9.189025639467069 9.189025639467069
 13802176 64 11831.999 11831.999 11831.999 149.31361370128582 149.31361370128582 149.31361370128582 9.332100856330364 9.332100856330364 9.332100856330364
 15182368 64 13114.929 13114.929 13114.929 148.1779355420071 148.1779355420071 148.1779355420071 9.261120971375444 9.261120971375444 9.261120971375444
 16700576 64 14409.065 14409.065 14409.065 148.3561721735588 148.3561721735588 148.3561721735588 9.272260760847425 9.272260760847425 9.272260760847425
 18370624 32 7958.174 7958.174 7958.174 147.73740006187347 147.73740006187347 147.73740006187347 9.233587503867092 9.233587503867092 9.233587503867092
 20207680 32 8749.008 8749.008 8749.008 147.82150387792538 147.82150387792538 147.82150387792538 9.238843992370336 9.238843992370336 9.238843992370336
 22228448 32 9594.917 9594.917 9594.917 148.26815823419838 148.26815823419838 148.26815823419838 9.266759889637399 9.266759889637399 9.266759889637399
 24451264 32 11718.988 11718.988 11718.988 133.53379114305775 133.53379114305775 133.53379114305775 8.34586194644111 8.34586194644111 8.34586194644111
 26896384 32 11992.931 11992.931 11992.931 143.5319336032201 143.5319336032201 143.5319336032201 8.970745850201256 8.970745850201256 8.970745850201256
 29586016 32 13156.891 13156.891 13156.891 143.91736041592196 143.91736041592196 143.91736041592196 8.994835025995123 8.994835025995123 8.994835025995123
 32544608 32 14169.931 14169.931 14169.931 146.9911823847272 146.9911823847272 146.9911823847272 9.18694889904545 9.18694889904545 9.18694889904545
 35799040 16 7961.988 7961.988 7961.988 143.87980489294884 143.87980489294884 143.87980489294884 8.992487805809303 8.992487805809303 8.992487805809303
 39378944 16 8776.188 8776.188 8776.188 143.58468711016673 143.58468711016673 143.58468711016673 8.97404294438542 8.97404294438542 8.97404294438542
 43316832 16 9657.145 9657.145 9657.145 143.5350327658951 143.5350327658951 143.5350327658951 8.970939547868443 8.970939547868443 8.970939547868443
 47648512 16 10648.012 10648.012 10648.012 143.19596784827064 143.19596784827064 143.19596784827064 8.949747990516915 8.949747990516915 8.949747990516915
 52413344 16 11986.971 11986.971 11986.971 139.9208363814345 139.9208363814345 139.9208363814345 8.745052273839656 8.745052273839656 8.745052273839656
 57654656 16 15702.009 15702.009 15702.009 117.49763944218857 117.49763944218857 117.49763944218857 7.343602465136786 7.343602465136786 7.343602465136786
 63420096 16 21173.0 21173.0 21173.0 95.85052056864873 95.85052056864873 95.85052056864873 5.990657535540546 5.990657535540546 5.990657535540546
 69762080 8 14051.914 14051.914 14051.914 79.43354051270168 79.43354051270168 79.43354051270168 4.964596282043855 4.964596282043855 4.964596282043855
 76738272 8 16943.932 16943.932 16943.932 72.46324831804093 72.46324831804093 72.46324831804093 4.528953019877558 4.528953019877558 4.528953019877558
 84412096 8 19113.064 19113.064 19113.064 70.66337118946497 70.66337118946497 70.66337118946497 4.4164606993415605 4.4164606993415605 4.4164606993415605
 92853280 8 21395.922 21395.922 21395.922 69.43624490685656 69.43624490685656 69.43624490685656 4.339765306678535 4.339765306678535 4.339765306678535
 102138592 8 23711.92 23711.92 23711.92 68.91966032274064 68.91966032274064 68.91966032274064 4.30747877017129 4.30747877017129 4.30747877017129
 112352448 8 26122.093 26122.093 26122.093 68.81681219035549 68.81681219035549 68.81681219035549 4.301050761897218 4.301050761897218 4.301050761897218
 123587680 8 28854.132 28854.132 28854.132 68.53101247336083 68.53101247336083 68.53101247336083 4.283188279585052 4.283188279585052 4.283188279585052
 135946432 4 15978.813 15978.813 15978.813 68.06334463016746 68.06334463016746 68.06334463016746 4.2539590393854665 4.2539590393854665 4.2539590393854665
 149541056 4 17488.003 17488.003 17488.003 68.4085225740183 68.4085225740183 68.4085225740183 4.275532660876144 4.275532660876144 4.275532660876144
 164495136 4 19210.815 19210.815 19210.815 68.50105464031589 68.50105464031589 68.50105464031589 4.281315915019743 4.281315915019743 4.281315915019743
 180944640 4 21218.061 21218.061 21218.061 68.22287484233361 68.22287484233361 68.22287484233361 4.263929677645851 4.263929677645851 4.263929677645851
 199039104 4 23351.908 23351.908 23351.908 68.18769721086602 68.18769721086602 68.18769721086602 4.261731075679126 4.261731075679126 4.261731075679126
 218943008 4 25565.147 25565.147 25565.147 68.51296665730105 68.51296665730105 68.51296665730105 4.282060416081316 4.282060416081316 4.282060416081316
 240837280 4 28118.849 28118.849 28118.849 68.51981174620626 68.51981174620626 68.51981174620626 4.282488234137891 4.282488234137891 4.282488234137891
 264920992 4 30864.0 30864.0 30864.0 68.66796060134786 68.66796060134786 68.66796060134786 4.291747537584241 4.291747537584241 4.291747537584241
 291413088 2 16995.907 16995.907 16995.907 68.58429809012253 68.58429809012253 68.58429809012253 4.286518630632658 4.286518630632658 4.286518630632658
 320554368 2 18620.014 18620.014 18620.014 68.8623258822469 68.8623258822469 68.8623258822469 4.303895367640432 4.303895367640432 4.303895367640432
 352609792 2 20573.139 20573.139 20573.139 68.5573148560363 68.5573148560363 68.5573148560363 4.284832178502269 4.284832178502269 4.284832178502269
 387870752 2 22716.999 22716.999 22716.999 68.29612520562246 68.29612520562246 68.29612520562246 4.268507825351404 4.268507825351404 4.268507825351404
 426657824 2 24943.829 24943.829 24943.829 68.41897833728736 68.41897833728736 68.41897833728736 4.27618614608046 4.27618614608046 4.27618614608046
 469323584 2 27314.186 27314.186 27314.186 68.72964605278737 68.72964605278737 68.72964605278737 4.295602878299211 4.295602878299211 4.295602878299211
 516255936 2 30101.061 30101.061 30101.061 68.60302180046078 68.60302180046078 68.60302180046078 4.287688862528799 4.287688862528799 4.287688862528799
 567881504 1 16471.148 16471.148 16471.148 68.95469629682157 68.95469629682157 68.95469629682157 4.309668518551348 4.309668518551348 4.309668518551348
 624669632 1 18124.104 18124.104 18124.104 68.93247048240289 68.93247048240289 68.93247048240289 4.308279405150181 4.308279405150181 4.308279405150181
 687136576 1 19970.894 19970.894 19970.894 68.81380232652579 68.81380232652579 68.81380232652579 4.300862645407862 4.300862645407862 4.300862645407862
 755850208 1 21990.061 21990.061 21990.061 68.74471225887004 68.74471225887004 68.74471225887004 4.296544516179377 4.296544516179377 4.296544516179377
 831435200 1 24342.06 24342.06 24342.06 68.31264075431578 68.31264075431578 68.31264075431578 4.269540047144736 4.269540047144736 4.269540047144736
 914578720 1 26844.025 26844.025 26844.025 68.14020773710351 68.14020773710351 68.14020773710351 4.258762983568969 4.258762983568969 4.258762983568969
 1006036576 1 29562.95 29562.95 29562.95 68.06063508547015 68.06063508547015 68.06063508547015 4.253789692841885 4.253789692841885 4.253789692841885
 
META_DATA
 MPI startup(): shm:tmi fabric is unknown or has been removed from the product, please use ofi or shm:ofi instead
 FLOPS          1
 MPI_PROCS      1
 OPENMP_THREADS 4
 ERT_VERSION  1.1.0
 HOSTNAME  ('shas0420.rc.int.colorado.edu', [], ['10.225.6.135'])
 UNAME  uname_result(system='Linux', node='shas0420.rc.int.colorado.edu', release='3.10.0-957.27.2.el7.x86_64', version='#1 SMP Mon Jul 29 17:46:05 UTC 2019', machine='x86_64', processor='x86_64')
 TIMESTAMP_DATA  1664552183.5363264
 CONFIG  {'ERT_RESULTS': ['lab5_results'], 'ERT_DRIVER': ['driver1'], 'ERT_KERNEL': ['kernel1'], 'ERT_MPI': ['True'], 'ERT_MPI_CFLAGS': ['-I/usr/include/mpi'], 'ERT_MPI_LDFLAGS': ['-lmpi'], 'ERT_OPENMP': ['True'], 'ERT_OPENMP_CFLAGS': ['-qopenmp'], 'ERT_OPENMP_LDFLAGS': ['-qopenmp'], 'ERT_FLOPS': ['1,2,4,8,16'], 'ERT_ALIGN': ['32'], 'ERT_CC': ['mpicc'], 'ERT_CFLAGS': ['-O3', '-msse3', '-axSSE3', '-xSSE3', '-fno-alias', '-fno-fnalias', '-DERT_INTEL', '-std=c++11'], 'ERT_LD': ['mpicc'], 'ERT_LDFLAGS': [], 'ERT_LDLIBS': [], 'ERT_PRECISION': ['FP64'], 'ERT_RUN': ['export', 'OMP_NUM_THREADS=ERT_OPENMP_THREADS;', 'mpirun', '-np', 'ERT_MPI_PROCS', 'ERT_CODE'], 'ERT_PROCS_THREADS': ['1-24'], 'ERT_MPI_PROCS': ['1,2,4'], 'ERT_OPENMP_THREADS': ['1,2,4'], 'ERT_NUM_EXPERIMENTS': ['1'], 'ERT_MEMORY_MAX': ['1073741824'], 'ERT_WORKING_SET_MIN': ['1'], 'ERT_TRIALS_MIN': ['1'], 'ERT_GNUPLOT': ['gnuplot'], 'ERT_GPU': [False], 'ERT_HIP': [False], 'ERT_OCL': [False], 'ERT_SYCL': [False], 'ERT_WSS_MULT': [1.1]}
 