fp64
 32 33554432 99487.066 99487.066 99487.066 21.58555613651326 21.58555613651326 21.58555613651326 2.6981945170641577 2.6981945170641577 2.6981945170641577
 64 16777216 54934.025 54934.025 54934.025 39.09204992716263 39.09204992716263 39.09204992716263 4.886506240895328 4.886506240895328 4.886506240895328
 96 8388608 27004.004 27004.004 27004.004 59.64347864857374 59.64347864857374 59.64347864857374 7.455434831071718 7.455434831071718 7.455434831071718
 128 8388608 36156.893 36156.893 36156.893 59.393478527040486 59.393478527040486 59.393478527040486 7.424184815880061 7.424184815880061 7.424184815880061
 160 4194304 14399.052 14399.052 14399.052 93.21289207095023 93.21289207095023 93.21289207095023 11.651611508868779 11.651611508868779 11.651611508868779
 192 4194304 22673.845 22673.845 22673.845 71.0339484106026 71.0339484106026 71.0339484106026 8.879243551325326 8.879243551325326 8.879243551325326
 224 4194304 15570.879 15570.879 15570.879 120.67707879561583 120.67707879561583 120.67707879561583 15.084634849451978 15.084634849451978 15.084634849451978
 256 4194304 23343.086 23343.086 23343.086 91.99656155145897 91.99656155145897 91.99656155145897 11.499570193932371 11.499570193932371 11.499570193932371
 288 2097152 11965.99 11965.99 11965.99 100.94940343423319 100.94940343423319 100.94940343423319 12.618675429279149 12.618675429279149 12.618675429279149
 320 2097152 13112.068 13112.068 13112.068 102.36198286952143 102.36198286952143 102.36198286952143 12.795247858690178 12.795247858690178 12.795247858690178
 352 2097152 13569.117 13569.117 13569.117 108.80553303505305 108.80553303505305 108.80553303505305 13.60069162938163 13.60069162938163 13.60069162938163
 384 2097152 15178.919 15178.919 15178.919 106.10852696427197 106.10852696427197 106.10852696427197 13.263565870533997 13.263565870533997 13.263565870533997
 416 2097152 16438.961 16438.961 16438.961 106.13994789573381 106.13994789573381 106.13994789573381 13.267493486966726 13.267493486966726 13.267493486966726
 448 2097152 16956.091 16956.091 16956.091 110.81847767861119 110.81847767861119 110.81847767861119 13.852309709826399 13.852309709826399 13.852309709826399
 480 2097152 18018.961 18018.961 18018.961 111.73041109307023 111.73041109307023 111.73041109307023 13.966301386633779 13.966301386633779 13.966301386633779
 512 2097152 7972.002 7972.002 7972.002 269.37821239884283 269.37821239884283 269.37821239884283 33.672276549855354 33.672276549855354 33.672276549855354
 544 1048576 5192.041 5192.041 5192.041 219.73067778162766 219.73067778162766 219.73067778162766 27.466334722703458 27.466334722703458 27.466334722703458
 576 1048576 5222.082 5222.082 5222.082 231.31761469850528 231.31761469850528 231.31761469850528 28.91470183731316 28.91470183731316 28.91470183731316
 608 1048576 6179.81 6179.81 6179.81 206.32809358216517 206.32809358216517 206.32809358216517 25.791011697770646 25.791011697770646 25.791011697770646
 640 1048576 6608.963 6608.963 6608.963 203.0843991712467 203.0843991712467 203.0843991712467 25.385549896405838 25.385549896405838 25.385549896405838
 704 1048576 7665.157 7665.157 7665.157 192.61118956858937 192.61118956858937 192.61118956858937 24.07639869607367 24.07639869607367 24.07639869607367
 768 1048576 8185.863 8185.863 8185.863 196.75539842286636 196.75539842286636 196.75539842286636 24.594424802858295 24.594424802858295 24.594424802858295
 832 1048576 9224.892 9224.892 9224.892 189.14372807833414 189.14372807833414 189.14372807833414 23.642966009791767 23.642966009791767 23.642966009791767
 896 1048576 10107.04 10107.04 10107.04 185.9147873165635 185.9147873165635 185.9147873165635 23.239348414570436 23.239348414570436 23.239348414570436
 960 1048576 11145.115 11145.115 11145.115 180.64110778578774 180.64110778578774 180.64110778578774 22.580138473223467 22.580138473223467 22.580138473223467
 1056 524288 4230.022 4230.022 4230.022 261.77080308329363 261.77080308329363 261.77080308329363 32.721350385411704 32.721350385411704 32.721350385411704
 1152 524288 4843.95 4843.95 4843.95 249.3749010621497 249.3749010621497 249.3749010621497 31.17186263276871 31.17186263276871 31.17186263276871
 1248 524288 5465.984 5465.984 5465.984 239.4121256117837 239.4121256117837 239.4121256117837 29.92651570147296 29.92651570147296 29.92651570147296
 1344 524288 6186.008 6186.008 6186.008 227.81835135033774 227.81835135033774 227.81835135033774 28.477293918792217 28.477293918792217 28.477293918792217
 1472 524288 7034.063 7034.063 7034.063 219.43276197554673 219.43276197554673 219.43276197554673 27.42909524694334 27.42909524694334 27.42909524694334
 1600 524288 7448.196 7448.196 7448.196 225.25207446205766 225.25207446205766 225.25207446205766 28.156509307757208 28.156509307757208 28.156509307757208
 1760 524288 7239.103 7239.103 7239.103 254.9340380983666 254.9340380983666 254.9340380983666 31.866754762295827 31.866754762295827 31.866754762295827
 1920 524288 8035.898 8035.898 8035.898 250.5340311686385 250.5340311686385 250.5340311686385 31.316753896079813 31.316753896079813 31.316753896079813
 2112 262144 4233.837 4233.837 4233.837 261.53492824593854 261.53492824593854 261.53492824593854 32.69186603074232 32.69186603074232 32.69186603074232
 2304 262144 4704.952 4704.952 4704.952 256.74216272557084 256.74216272557084 256.74216272557084 32.092770340696354 32.092770340696354 32.092770340696354
 2528 262144 5275.011 5275.011 5275.011 251.26015168499174 251.26015168499174 251.26015168499174 31.407518960623968 31.407518960623968 31.407518960623968
 2752 262144 5555.868 5555.868 5555.868 259.69669833768546 259.69669833768546 259.69669833768546 32.46208729221068 32.46208729221068 32.46208729221068
 3008 262144 5991.936 5991.936 5991.936 263.19678714859435 263.19678714859435 263.19678714859435 32.899598393574294 32.899598393574294 32.899598393574294
 3296 262144 6579.161 6579.161 6579.161 262.6555647445016 262.6555647445016 262.6555647445016 32.8319455930627 32.8319455930627 32.8319455930627
 3616 262144 7574.081 7574.081 7574.081 250.30434821069383 250.30434821069383 250.30434821069383 31.28804352633673 31.28804352633673 31.28804352633673
 3968 262144 8388.996 8388.996 8388.996 247.98852973585875 247.98852973585875 247.98852973585875 30.998566216982343 30.998566216982343 30.998566216982343
 4352 131072 4535.913 4535.913 4535.913 251.51511680228435 251.51511680228435 251.51511680228435 31.439389600285544 31.439389600285544 31.439389600285544
 4768 131072 5004.168 5004.168 5004.168 249.77230820388124 249.77230820388124 249.77230820388124 31.221538525485155 31.221538525485155 31.221538525485155
 5216 131072 5402.088 5402.088 5402.088 253.11381525069567 253.11381525069567 253.11381525069567 31.639226906336958 31.639226906336958 31.639226906336958
 5728 131072 5937.815 5937.815 5937.815 252.88103991114576 252.88103991114576 252.88103991114576 31.61012998889322 31.61012998889322 31.61012998889322
 6272 131072 6377.935 6377.935 6377.935 257.78989092864697 257.78989092864697 257.78989092864697 32.22373636608087 32.22373636608087 32.22373636608087
 6880 131072 7098.913 7098.913 7098.913 254.06012441623108 254.06012441623108 254.06012441623108 31.757515552028885 31.757515552028885 31.757515552028885
 7552 131072 7795.095 7795.095 7795.095 253.96887247685885 253.96887247685885 253.96887247685885 31.746109059607356 31.746109059607356 31.746109059607356
 8288 65536 4229.069 4229.069 4229.069 256.87089427956835 256.87089427956835 256.87089427956835 32.10886178494604 32.10886178494604 32.10886178494604
 9088 65536 4666.09 4666.09 4666.09 255.28490363452053 255.28490363452053 255.28490363452053 31.910612954315067 31.910612954315067 31.910612954315067
 9984 65536 5100.965 5100.965 5100.965 256.5441731123425 256.5441731123425 256.5441731123425 32.06802163904281 32.06802163904281 32.06802163904281
 10976 65536 5648.851 5648.851 5648.851 254.67945109545286 254.67945109545286 254.67945109545286 31.834931386931608 31.834931386931608 31.834931386931608
 12064 65536 6159.067 6159.067 6159.067 256.73573740957846 256.73573740957846 256.73573740957846 32.09196717619731 32.09196717619731 32.09196717619731
 13248 65536 6358.862 6358.862 6358.862 273.0743104662438 273.0743104662438 273.0743104662438 34.13428880828047 34.13428880828047 34.13428880828047
 14560 65536 7039.07 7039.07 7039.07 271.1165423841502 271.1165423841502 271.1165423841502 33.889567798018774 33.889567798018774 33.889567798018774
 16000 65536 7699.966 7699.966 7699.966 272.3586052198153 272.3586052198153 272.3586052198153 34.04482565247691 34.04482565247691 34.04482565247691
 17600 32768 4529.953 4529.953 4529.953 254.6237455443798 254.6237455443798 254.6237455443798 31.827968193047475 31.827968193047475 31.827968193047475
 19360 32768 4863.977 4863.977 4863.977 260.851759784226 260.851759784226 260.851759784226 32.60646997302825 32.60646997302825 32.60646997302825
 21280 32768 5311.012 5311.012 5311.012 262.5876348989609 262.5876348989609 262.5876348989609 32.823454362370114 32.823454362370114 32.823454362370114
 23392 32768 6092.072 6092.072 6092.072 251.64149602959384 251.64149602959384 251.64149602959384 31.45518700369923 31.45518700369923 31.45518700369923
 25728 32768 6675.959 6675.959 6675.959 252.56449417978754 252.56449417978754 252.56449417978754 31.570561772473443 31.570561772473443 31.570561772473443
 28288 32768 7303.953 7303.953 7303.953 253.81904401630186 253.81904401630186 253.81904401630186 31.727380502037732 31.727380502037732 31.727380502037732
 31104 32768 8110.046 8110.046 8110.046 251.3465082688803 251.3465082688803 251.3465082688803 31.41831353361004 31.41831353361004 31.41831353361004
 34208 16384 4433.87 4433.87 4433.87 252.81024116629496 252.81024116629496 252.81024116629496 31.60128014578687 31.60128014578687 31.60128014578687
 37600 16384 4923.105 4923.105 4923.105 250.26417271214 250.26417271214 250.26417271214 31.2830215890175 31.2830215890175 31.2830215890175
 41344 16384 5351.067 5351.067 5351.067 253.1757109376504 253.1757109376504 253.1757109376504 31.6469638672063 31.6469638672063 31.6469638672063
 45472 16384 5927.086 5927.086 5927.086 251.39275792522668 251.39275792522668 251.39275792522668 31.424094740653334 31.424094740653334 31.424094740653334
 50016 16384 6430.149 6430.149 6430.149 254.88123027942274 254.88123027942274 254.88123027942274 31.860153784927842 31.860153784927842 31.860153784927842
 55008 16384 6943.941 6943.941 6943.941 259.5791271844044 259.5791271844044 259.5791271844044 32.44739089805055 32.44739089805055 32.44739089805055
 60480 16384 7327.08 7327.08 7327.08 270.47727607723675 270.47727607723675 270.47727607723675 33.809659509654594 33.809659509654594 33.809659509654594
 66528 8192 4004.002 4004.002 4004.002 272.226325561276 272.226325561276 272.226325561276 34.0282906951595 34.0282906951595 34.0282906951595
 73152 8192 4463.911 4463.911 4463.911 268.4915465384502 268.4915465384502 268.4915465384502 33.56144331730628 33.56144331730628 33.56144331730628
 80448 8192 4844.904 4844.904 4844.904 272.05080472182726 272.05080472182726 272.05080472182726 34.00635059022841 34.00635059022841 34.00635059022841
 88480 8192 5366.087 5366.087 5366.087 270.15147536743257 270.15147536743257 270.15147536743257 33.76893442092907 33.76893442092907 33.76893442092907
 97312 8192 5832.195 5832.195 5832.195 273.37217085505546 273.37217085505546 273.37217085505546 34.17152135688193 34.17152135688193 34.17152135688193
 107040 8192 6442.07 6442.07 6442.07 272.23289408528626 272.23289408528626 272.23289408528626 34.02911176066078 34.02911176066078 34.02911176066078
 117728 8192 7089.138 7089.138 7089.138 272.0860493899258 272.0860493899258 272.0860493899258 34.010756173740724 34.010756173740724 34.010756173740724
 129472 8192 7710.218 7710.218 7710.218 275.1244190501488 275.1244190501488 275.1244190501488 34.3905523812686 34.3905523812686 34.3905523812686
 142400 4096 4544.02 4544.02 4544.02 256.71999683099983 256.71999683099983 256.71999683099983 32.08999960387498 32.08999960387498 32.08999960387498
 156640 4096 5250.931 5250.931 5250.931 244.37473659432968 244.37473659432968 244.37473659432968 30.54684207429121 30.54684207429121 30.54684207429121
 172288 4096 5715.132 5715.132 5715.132 246.95550269005162 246.95550269005162 246.95550269005162 30.869437836256452 30.869437836256452 30.869437836256452
 189504 4096 6239.176 6239.176 6239.176 248.81759514397413 248.81759514397413 248.81759514397413 31.102199392996766 31.102199392996766 31.102199392996766
 208448 4096 6934.881 6934.881 6934.881 246.23436451180632 246.23436451180632 246.23436451180632 30.77929556397579 30.77929556397579 30.77929556397579
 229280 4096 7635.117 7635.117 7635.117 246.00300951511286 246.00300951511286 246.00300951511286 30.750376189389108 30.750376189389108 30.750376189389108
 252192 4096 8388.042 8388.042 8388.042 246.2978683225477 246.2978683225477 246.2978683225477 30.787233540318464 30.787233540318464 30.787233540318464
 277408 2048 4858.971 4858.971 4858.971 233.8485181327487 233.8485181327487 233.8485181327487 29.231064766593587 29.231064766593587 29.231064766593587
 305120 2048 5396.128 5396.128 5396.128 231.60523990535435 231.60523990535435 231.60523990535435 28.950654988169294 28.950654988169294 28.950654988169294
 335616 2048 5920.172 5920.172 5920.172 232.203242743623 232.203242743623 232.203242743623 29.025405342952876 29.025405342952876 29.025405342952876
 369152 2048 6567.001 6567.001 6567.001 230.2491794960896 230.2491794960896 230.2491794960896 28.7811474370112 28.7811474370112 28.7811474370112
 406048 2048 7151.842 7151.842 7151.842 232.55164305922867 232.55164305922867 232.55164305922867 29.068955382403583 29.068955382403583 29.068955382403583
 446624 2048 7970.095 7970.095 7970.095 229.52949795454134 229.52949795454134 229.52949795454134 28.691187244317668 28.691187244317668 28.691187244317668
 491264 2048 8723.974 8723.974 8723.974 230.6537529800066 230.6537529800066 230.6537529800066 28.831719122500825 28.831719122500825 28.831719122500825
 540384 1024 4744.053 4744.053 4744.053 233.2828979777418 233.2828979777418 233.2828979777418 29.160362247217726 29.160362247217726 29.160362247217726
 594400 1024 5281.925 5281.925 5281.925 230.47112558394906 230.47112558394906 230.47112558394906 28.808890697993633 28.808890697993633 28.808890697993633
 653824 1024 5794.048 5794.048 5794.048 231.10467017187295 231.10467017187295 231.10467017187295 28.88808377148412 28.88808377148412 28.88808377148412
 719200 1024 6450.891 6450.891 6450.891 228.32839680596064 228.32839680596064 228.32839680596064 28.54104960074508 28.54104960074508 28.54104960074508
 791104 1024 7162.809 7162.809 7162.809 226.19352156395627 226.19352156395627 226.19352156395627 28.274190195494533 28.274190195494533 28.274190195494533
 870208 1024 7865.906 7865.906 7865.906 226.57097402384417 226.57097402384417 226.57097402384417 28.32137175298052 28.32137175298052 28.32137175298052
 957216 1024 8808.136 8808.136 8808.136 222.56449809585135 222.56449809585135 222.56449809585135 27.82056226198142 27.82056226198142 27.82056226198142
 1052928 512 5190.849 5190.849 5190.849 207.7113535762647 207.7113535762647 207.7113535762647 25.96391919703309 25.96391919703309 25.96391919703309
 1158208 512 7488.012 7488.012 7488.012 158.38716497783392 158.38716497783392 158.38716497783392 19.79839562222924 19.79839562222924 19.79839562222924
 1274016 512 8268.833 8268.833 8268.833 157.77224960281578 157.77224960281578 157.77224960281578 19.721531200351972 19.721531200351972 19.721531200351972
 1401408 512 9526.014 9526.014 9526.014 150.644518473309 150.644518473309 150.644518473309 18.830564809163626 18.830564809163626 18.830564809163626
 1541536 512 10597.944 10597.944 10597.944 148.9470848307936 148.9470848307936 148.9470848307936 18.6183856038492 18.6183856038492 18.6183856038492
 1695680 512 11570.93 11570.93 11570.93 150.0636785461497 150.0636785461497 150.0636785461497 18.757959818268713 18.757959818268713 18.757959818268713
 1865248 512 12809.038 12809.038 12809.038 149.11455114740076 149.11455114740076 149.11455114740076 18.639318893425095 18.639318893425095 18.639318893425095
 2051744 512 14267.921 14267.921 14267.921 147.25241722322403 147.25241722322403 147.25241722322403 18.406552152903004 18.406552152903004 18.406552152903004
 2256896 256 8020.163 8020.163 8020.163 144.07821287422712 144.07821287422712 144.07821287422712 18.00977660927839 18.00977660927839 18.00977660927839
 2482560 256 8633.852 8633.852 8633.852 147.21942419212186 147.21942419212186 147.21942419212186 18.402428024015233 18.402428024015233 18.402428024015233
 2730816 256 9580.135 9580.135 9580.135 145.94552080946667 145.94552080946667 145.94552080946667 18.243190101183334 18.243190101183334 18.243190101183334
 3003872 256 10509.014 10509.014 10509.014 146.34888334909442 146.34888334909442 146.34888334909442 18.293610418636803 18.293610418636803 18.293610418636803
 3304256 256 11755.943 11755.943 11755.943 143.90841058007854 143.90841058007854 143.90841058007854 17.988551322509817 17.988551322509817 17.988551322509817
 3634656 256 12703.18 12703.18 12703.18 146.4943322853018 146.4943322853018 146.4943322853018 18.311791535662724 18.311791535662724 18.311791535662724
 3998112 256 13974.19 13974.19 13974.19 146.48672617160636 146.48672617160636 146.48672617160636 18.310840771450795 18.310840771450795 18.310840771450795
 4397920 128 7680.893 7680.893 7680.893 146.58028955747722 146.58028955747722 146.58028955747722 18.322536194684652 18.322536194684652 18.322536194684652
 4837696 128 8466.959 8466.959 8466.959 146.2685925371789 146.2685925371789 146.2685925371789 18.283574067147363 18.283574067147363 18.283574067147363
 5321440 128 9384.155 9384.155 9384.155 145.16902587393324 145.16902587393324 145.16902587393324 18.146128234241655 18.146128234241655 18.146128234241655
 5853568 128 10286.808 10286.808 10286.808 145.6733136265399 145.6733136265399 145.6733136265399 18.20916420331749 18.20916420331749 18.20916420331749
 6438912 128 11460.066 11460.066 11460.066 143.8352512105951 143.8352512105951 143.8352512105951 17.979406401324386 17.979406401324386 17.979406401324386
 7082784 128 12413.025 12413.025 12413.025 146.07178379162212 146.07178379162212 146.07178379162212 18.258972973952766 18.258972973952766 18.258972973952766
 7791040 128 13319.969 13319.969 13319.969 149.73805419517117 149.73805419517117 149.73805419517117 18.717256774396397 18.717256774396397 18.717256774396397
 8570144 64 7339.001 7339.001 7339.001 149.47244618170782 149.47244618170782 149.47244618170782 18.684055772713478 18.684055772713478 18.684055772713478
 9427136 64 8069.992 8069.992 8069.992 149.5259732599487 149.5259732599487 149.5259732599487 18.690746657493587 18.690746657493587 18.690746657493587
 10369824 64 8863.211 8863.211 8863.211 149.75808112883695 149.75808112883695 149.75808112883695 18.71976014110462 18.71976014110462 18.71976014110462
 11406784 64 9760.141 9760.141 9760.141 149.59500605575266 149.59500605575266 149.59500605575266 18.699375756969083 18.699375756969083 18.699375756969083
 12547456 64 10697.842 10697.842 10697.842 150.1306869179784 150.1306869179784 150.1306869179784 18.7663358647473 18.7663358647473 18.7663358647473
 13802176 64 12070.179 12070.179 12070.179 146.36721858060264 146.36721858060264 146.36721858060264 18.29590232257533 18.29590232257533 18.29590232257533
 15182368 64 13370.991 13370.991 13370.991 145.34024471334996 145.34024471334996 145.34024471334996 18.167530589168745 18.167530589168745 18.167530589168745
 16700576 64 14619.827 14619.827 14619.827 146.21744347590433 146.21744347590433 146.21744347590433 18.27718043448804 18.27718043448804 18.27718043448804
 18370624 32 8032.084 8032.084 8032.084 146.37794325856152 146.37794325856152 146.37794325856152 18.29724290732019 18.29724290732019 18.29724290732019
 20207680 32 8835.077 8835.077 8835.077 146.38146560578932 146.38146560578932 146.38146560578932 18.297683200723664 18.297683200723664 18.297683200723664
 22228448 32 9742.022 9742.022 9742.022 146.02930192520608 146.02930192520608 146.02930192520608 18.25366274065076 18.25366274065076 18.25366274065076
 24451264 32 10668.993 10668.993 10668.993 146.67559496945964 146.67559496945964 146.67559496945964 18.334449371182455 18.334449371182455 18.334449371182455
 26896384 32 11961.937 11961.937 11961.937 143.90383229739464 143.90383229739464 143.90383229739464 17.98797903717433 17.98797903717433 17.98797903717433
 29586016 32 12979.031 12979.031 12979.031 145.88955246350824 145.88955246350824 145.88955246350824 18.23619405793853 18.23619405793853 18.23619405793853
 32544608 32 14300.108 14300.108 14300.108 145.6530896130295 145.6530896130295 145.6530896130295 18.206636201628687 18.206636201628687 18.206636201628687
 35799040 16 7940.054 7940.054 7940.054 144.27726562061164 144.27726562061164 144.27726562061164 18.034658202576455 18.034658202576455 18.034658202576455
 39378944 16 8718.014 8718.014 8718.014 144.54280619416303 144.54280619416303 144.54280619416303 18.06785077427038 18.06785077427038 18.06785077427038
 43316832 16 9514.093 9514.093 9514.093 145.69319681865625 145.69319681865625 145.69319681865625 18.21164960233203 18.21164960233203 18.21164960233203
 47648512 16 10442.019 10442.019 10442.019 146.02083983949845 146.02083983949845 146.02083983949845 18.252604979937306 18.252604979937306 18.252604979937306
 52413344 16 11754.99 11754.99 11754.99 142.68212971682664 142.68212971682664 142.68212971682664 17.83526621460333 17.83526621460333 17.83526621460333
 57654656 16 14402.866 14402.866 14402.866 128.0959631228951 128.0959631228951 128.0959631228951 16.01199539036189 16.01199539036189 16.01199539036189
 63420096 16 20517.111 20517.111 20517.111 98.91466064593595 98.91466064593595 98.91466064593595 12.364332580741994 12.364332580741994 12.364332580741994
 69762080 8 14829.159 14829.159 14829.159 75.2701673776645 75.2701673776645 75.2701673776645 9.408770922208063 9.408770922208063 9.408770922208063
 76738272 8 16586.065 16586.065 16586.065 74.02674184624263 74.02674184624263 74.02674184624263 9.253342730780329 9.253342730780329 9.253342730780329
 84412096 8 18831.015 18831.015 18831.015 71.7217598732729 71.7217598732729 71.7217598732729 8.965219984159113 8.965219984159113 8.965219984159113
 92853280 8 21064.997 21064.997 21064.997 70.52706819754117 70.52706819754117 70.52706819754117 8.815883524692646 8.815883524692646 8.815883524692646
 102138592 8 23540.974 23540.974 23540.974 69.42012985528976 69.42012985528976 69.42012985528976 8.67751623191122 8.67751623191122 8.67751623191122
 112352448 8 26145.935 26145.935 26145.935 68.75405939776105 68.75405939776105 68.75405939776105 8.594257424720132 8.594257424720132 8.594257424720132
 123587680 8 28839.111 28839.111 28839.111 68.56670720536427 68.56670720536427 68.56670720536427 8.570838400670533 8.570838400670533 8.570838400670533
 135946432 4 15858.889 15858.889 15858.889 68.57803569972653 68.57803569972653 68.57803569972653 8.572254462465816 8.572254462465816 8.572254462465816
 149541056 4 17579.079 17579.079 17579.079 68.05410272062603 68.05410272062603 68.05410272062603 8.506762840078254 8.506762840078254 8.506762840078254
 164495136 4 19145.966 19145.966 19145.966 68.73307348399135 68.73307348399135 68.73307348399135 8.591634185498918 8.591634185498918 8.591634185498918
 180944640 4 21032.095 21032.095 21032.095 68.82610220237213 68.82610220237213 68.82610220237213 8.603262775296516 8.603262775296516 8.603262775296516
 199039104 4 23131.132 23131.132 23131.132 68.8385173713072 68.8385173713072 68.8385173713072 8.6048146714134 8.6048146714134 8.6048146714134
 218943008 4 25466.919 25466.919 25466.919 68.77722680156167 68.77722680156167 68.77722680156167 8.597153350195208 8.597153350195208 8.597153350195208
 240837280 4 28078.079 28078.079 28078.079 68.61930404854263 68.61930404854263 68.61930404854263 8.577413006067829 8.577413006067829 8.577413006067829
 264920992 4 30885.935 30885.935 30885.935 68.61919304045676 68.61919304045676 68.61919304045676 8.577399130057096 8.577399130057096 8.577399130057096
 291413088 2 16988.993 16988.993 16988.993 68.61220979960379 68.61220979960379 68.61220979960379 8.576526224950474 8.576526224950474 8.576526224950474
 320554368 2 18733.025 18733.025 18733.025 68.4468990993179 68.4468990993179 68.4468990993179 8.555862387414738 8.555862387414738 8.555862387414738
 352609792 2 20529.032 20529.032 20529.032 68.70461149848663 68.70461149848663 68.70461149848663 8.588076437310828 8.588076437310828 8.588076437310828
 387870752 2 22622.824 22622.824 22622.824 68.58043045377535 68.58043045377535 68.58043045377535 8.572553806721919 8.572553806721919 8.572553806721919
 426657824 2 24902.105 24902.105 24902.105 68.53361577264252 68.53361577264252 68.53361577264252 8.566701971580315 8.566701971580315 8.566701971580315
 469323584 2 27462.006 27462.006 27462.006 68.35969433551213 68.35969433551213 68.35969433551213 8.544961791939016 8.544961791939016 8.544961791939016
 516255936 2 30151.129 30151.129 30151.129 68.48910181771302 68.48910181771302 68.48910181771302 8.561137727214128 8.561137727214128 8.561137727214128
 567881504 1 16608.0 16608.0 16608.0 68.38650096339114 68.38650096339114 68.38650096339114 8.548312620423893 8.548312620423893 8.548312620423893
 624669632 1 18171.072 18171.072 18171.072 68.7542960591428 68.7542960591428 68.7542960591428 8.59428700739285 8.59428700739285 8.59428700739285
 687136576 1 19947.052 19947.052 19947.052 68.89605301074063 68.89605301074063 68.89605301074063 8.612006626342579 8.612006626342579 8.612006626342579
 755850208 1 22009.134 22009.134 22009.134 68.68513845206267 68.68513845206267 68.68513845206267 8.585642306507834 8.585642306507834 8.585642306507834
 831435200 1 24301.052 24301.052 24301.052 68.42791826460846 68.42791826460846 68.42791826460846 8.553489783076058 8.553489783076058 8.553489783076058
 914578720 1 26824.951 26824.951 26824.951 68.18865913305862 68.18865913305862 68.18865913305862 8.523582391632328 8.523582391632328 8.523582391632328
 1006036576 1 29710.054 29710.054 29710.054 67.72364506641422 67.72364506641422 67.72364506641422 8.465455633301778 8.465455633301778 8.465455633301778
 
META_DATA
 MPI startup(): shm:tmi fabric is unknown or has been removed from the product, please use ofi or shm:ofi instead
 FLOPS          2
 MPI_PROCS      1
 OPENMP_THREADS 4
 ERT_VERSION  1.1.0
 HOSTNAME  ('shas0420.rc.int.colorado.edu', [], ['10.225.6.135'])
 UNAME  uname_result(system='Linux', node='shas0420.rc.int.colorado.edu', release='3.10.0-957.27.2.el7.x86_64', version='#1 SMP Mon Jul 29 17:46:05 UTC 2019', machine='x86_64', processor='x86_64')
 TIMESTAMP_DATA  1664552503.5782492
 CONFIG  {'ERT_RESULTS': ['lab5_results'], 'ERT_DRIVER': ['driver1'], 'ERT_KERNEL': ['kernel1'], 'ERT_MPI': ['True'], 'ERT_MPI_CFLAGS': ['-I/usr/include/mpi'], 'ERT_MPI_LDFLAGS': ['-lmpi'], 'ERT_OPENMP': ['True'], 'ERT_OPENMP_CFLAGS': ['-qopenmp'], 'ERT_OPENMP_LDFLAGS': ['-qopenmp'], 'ERT_FLOPS': ['1,2,4,8,16'], 'ERT_ALIGN': ['32'], 'ERT_CC': ['mpicc'], 'ERT_CFLAGS': ['-O3', '-msse3', '-axSSE3', '-xSSE3', '-fno-alias', '-fno-fnalias', '-DERT_INTEL', '-std=c++11'], 'ERT_LD': ['mpicc'], 'ERT_LDFLAGS': [], 'ERT_LDLIBS': [], 'ERT_PRECISION': ['FP64'], 'ERT_RUN': ['export', 'OMP_NUM_THREADS=ERT_OPENMP_THREADS;', 'mpirun', '-np', 'ERT_MPI_PROCS', 'ERT_CODE'], 'ERT_PROCS_THREADS': ['1-24'], 'ERT_MPI_PROCS': ['1,2,4'], 'ERT_OPENMP_THREADS': ['1,2,4'], 'ERT_NUM_EXPERIMENTS': ['1'], 'ERT_MEMORY_MAX': ['1073741824'], 'ERT_WORKING_SET_MIN': ['1'], 'ERT_TRIALS_MIN': ['1'], 'ERT_GNUPLOT': ['gnuplot'], 'ERT_GPU': [False], 'ERT_HIP': [False], 'ERT_OCL': [False], 'ERT_SYCL': [False], 'ERT_WSS_MULT': [1.1]}
 