fp64
 192 4194304 95046.997 95046.997 95046.997 16.945435277665847 16.945435277665847 16.945435277665847 16.945435277665847 16.945435277665847 16.945435277665847
 384 2097152 48256.159 48256.159 48256.159 33.37631443066159 33.37631443066159 33.37631443066159 33.37631443066159 33.37631443066159 33.37631443066159
 576 1048576 25720.119 25720.119 25720.119 46.96555066483168 46.96555066483168 46.96555066483168 46.96555066483168 46.96555066483168 46.96555066483168
 768 1048576 24194.956 24194.956 24194.956 66.56812006601707 66.56812006601707 66.56812006601707 66.56812006601707 66.56812006601707 66.56812006601707
 960 1048576 24329.901 24329.901 24329.901 82.74862770711643 82.74862770711643 82.74862770711643 82.74862770711643 82.74862770711643 82.74862770711643
 1152 524288 12314.081 12314.081 12314.081 98.09579391267607 98.09579391267607 98.09579391267607 98.09579391267607 98.09579391267607 98.09579391267607
 1344 524288 12904.882 12904.882 12904.882 109.20565906763038 109.20565906763038 109.20565906763038 109.20565906763038 109.20565906763038 109.20565906763038
 1536 524288 12438.059 12438.059 12438.059 129.49068146404517 129.49068146404517 129.49068146404517 129.49068146404517 129.49068146404517 129.49068146404517
 1728 524288 12597.799 12597.799 12597.799 143.82983313196218 143.82983313196218 143.82983313196218 143.82983313196218 143.82983313196218 143.82983313196218
 1920 524288 12585.163 12585.163 12585.163 159.97138217439058 159.97138217439058 159.97138217439058 159.97138217439058 159.97138217439058 159.97138217439058
 2112 262144 7156.134 7156.134 7156.134 154.73386272532068 154.73386272532068 154.73386272532068 154.73386272532068 154.73386272532068 154.73386272532068
 2304 262144 7183.79 7183.79 7183.79 168.15073269123957 168.15073269123957 168.15073269123957 168.15073269123957 168.15073269123957 168.15073269123957
 2496 262144 8351.088 8351.088 8351.088 156.70088113069818 156.70088113069818 156.70088113069818 156.70088113069818 156.70088113069818 156.70088113069818
 2688 262144 8390.903 8390.903 8390.903 167.95405023750126 167.95405023750126 167.95405023750126 167.95405023750126 167.95405023750126 167.95405023750126
 2880 262144 9506.941 9506.941 9506.941 158.82600302242327 158.82600302242327 158.82600302242327 158.82600302242327 158.82600302242327 158.82600302242327
 3072 262144 6601.095 6601.095 6601.095 243.99175227746304 243.99175227746304 243.99175227746304 243.99175227746304 243.99175227746304 243.99175227746304
 3264 262144 8048.058 8048.058 8048.058 212.63216940036963 212.63216940036963 212.63216940036963 212.63216940036963 212.63216940036963 212.63216940036963
 3456 262144 8170.128 8170.128 8170.128 221.7761249272961 221.7761249272961 221.7761249272961 221.7761249272961 221.7761249272961 221.7761249272961
 3648 262144 9753.942 9753.942 9753.942 196.08509298086867 196.08509298086867 196.08509298086867 196.08509298086867 196.08509298086867 196.08509298086867
 3840 262144 9670.973 9670.973 9670.973 208.17614939055252 208.17614939055252 208.17614939055252 208.17614939055252 208.17614939055252 208.17614939055252
 4224 131072 5407.095 5407.095 5407.095 204.78579643967782 204.78579643967782 204.78579643967782 204.78579643967782 204.78579643967782 204.78579643967782
 4608 131072 5903.959 5903.959 5903.959 204.60161596650656 204.60161596650656 204.60161596650656 204.60161596650656 204.60161596650656 204.60161596650656
 4992 131072 6478.071 6478.071 6478.071 202.00810519057293 202.00810519057293 202.00810519057293 202.00810519057293 202.00810519057293 202.00810519057293
 5376 131072 7120.848 7120.848 7120.848 197.9098759024206 197.9098759024206 197.9098759024206 197.9098759024206 197.9098759024206 197.9098759024206
 5760 131072 7716.179 7716.179 7716.179 195.68616020960633 195.68616020960633 195.68616020960633 195.68616020960633 195.68616020960633 195.68616020960633
 6336 131072 7256.985 7256.985 7256.985 228.8752676214709 228.8752676214709 228.8752676214709 228.8752676214709 228.8752676214709 228.8752676214709
 6912 131072 8038.998 8038.998 8038.998 225.3936781673537 225.3936781673537 225.3936781673537 225.3936781673537 225.3936781673537 225.3936781673537
 7488 131072 9135.962 9135.962 9135.962 214.85797248281025 214.85797248281025 214.85797248281025 214.85797248281025 214.85797248281025 214.85797248281025
 8064 131072 9769.917 9769.917 9769.917 216.3712563781248 216.3712563781248 216.3712563781248 216.3712563781248 216.3712563781248 216.3712563781248
 8832 65536 5510.807 5510.807 5510.807 210.06504201653226 210.06504201653226 210.06504201653226 210.06504201653226 210.06504201653226 210.06504201653226
 9600 65536 5280.972 5280.972 5280.972 238.2688641409195 238.2688641409195 238.2688641409195 238.2688641409195 238.2688641409195 238.2688641409195
 10560 65536 6164.074 6164.074 6164.074 224.54635035205615 224.54635035205615 224.54635035205615 224.54635035205615 224.54635035205615 224.54635035205615
 11520 65536 6777.048 6777.048 6777.048 222.80341529232197 222.80341529232197 222.80341529232197 222.80341529232197 222.80341529232197 222.80341529232197
 12672 65536 6942.987 6942.987 6942.987 239.22619817666373 239.22619817666373 239.22619817666373 239.22619817666373 239.22619817666373 239.22619817666373
 13824 65536 7861.137 7861.137 7861.137 230.49328971114488 230.49328971114488 230.49328971114488 230.49328971114488 230.49328971114488 230.49328971114488
 15168 65536 9057.999 9057.999 9057.999 219.48557247577526 219.48557247577526 219.48557247577526 219.48557247577526 219.48557247577526 219.48557247577526
 16512 32768 4598.141 4598.141 4598.141 235.3408544888032 235.3408544888032 235.3408544888032 235.3408544888032 235.3408544888032 235.3408544888032
 18048 32768 5173.922 5173.922 5173.922 228.60679538655592 228.60679538655592 228.60679538655592 228.60679538655592 228.60679538655592 228.60679538655592
 19776 32768 5548.954 5548.954 5548.954 233.56472877590983 233.56472877590983 233.56472877590983 233.56472877590983 233.56472877590983 233.56472877590983
 21696 32768 5894.899 5894.899 5894.899 241.20329389867408 241.20329389867408 241.20329389867408 241.20329389867408 241.20329389867408 241.20329389867408
 23808 32768 6666.183 6666.183 6666.183 234.05914419091104 234.05914419091104 234.05914419091104 234.05914419091104 234.05914419091104 234.05914419091104
 26112 32768 7205.963 7205.963 7205.963 237.48054659731113 237.48054659731113 237.48054659731113 237.48054659731113 237.48054659731113 237.48054659731113
 28608 32768 8730.888 8730.888 8730.888 214.73805276164347 214.73805276164347 214.73805276164347 214.73805276164347 214.73805276164347 214.73805276164347
 31296 32768 8579.969 8579.969 8579.969 239.04686089192165 239.04686089192165 239.04686089192165 239.04686089192165 239.04686089192165 239.04686089192165
 34368 16384 4697.8 4697.8 4697.8 239.72298182127804 239.72298182127804 239.72298182127804 239.72298182127804 239.72298182127804 239.72298182127804
 37632 16384 5096.912 5096.912 5096.912 241.9357791541231 241.9357791541231 241.9357791541231 241.9357791541231 241.9357791541231 241.9357791541231
 41280 16384 5621.91 5621.91 5621.91 240.60560201070453 240.60560201070453 240.60560201070453 240.60560201070453 240.60560201070453 240.60560201070453
 45312 16384 6202.936 6202.936 6202.936 239.36787611543954 239.36787611543954 239.36787611543954 239.36787611543954 239.36787611543954 239.36787611543954
 49728 16384 6742.001 6742.001 6742.001 241.69191075468544 241.69191075468544 241.69191075468544 241.69191075468544 241.69191075468544 241.69191075468544
 54528 16384 7406.95 7406.95 7406.95 241.2293189504452 241.2293189504452 241.2293189504452 241.2293189504452 241.2293189504452 241.2293189504452
 59904 16384 8083.82 8083.82 8083.82 242.8226101026495 242.8226101026495 242.8226101026495 242.8226101026495 242.8226101026495 242.8226101026495
 65856 8192 4445.791 4445.791 4445.791 242.69802696528018 242.69802696528018 242.69802696528018 242.69802696528018 242.69802696528018 242.69802696528018
 72384 8192 4901.171 4901.171 4901.171 241.97063436472632 241.97063436472632 241.97063436472632 241.97063436472632 241.97063436472632 241.97063436472632
 79488 8192 5557.06 5557.06 5557.06 234.3561869045862 234.3561869045862 234.3561869045862 234.3561869045862 234.3561869045862 234.3561869045862
 87360 8192 5897.045 5897.045 5897.045 242.715841578282 242.715841578282 242.715841578282 242.715841578282 242.715841578282 242.715841578282
 96000 8192 6433.01 6433.01 6433.01 244.49892041206215 244.49892041206215 244.49892041206215 244.49892041206215 244.49892041206215 244.49892041206215
 105600 8192 7087.231 7087.231 7087.231 244.12219666608866 244.12219666608866 244.12219666608866 244.12219666608866 244.12219666608866 244.12219666608866
 116160 8192 7858.992 7858.992 7858.992 242.16406378833315 242.16406378833315 242.16406378833315 242.16406378833315 242.16406378833315 242.16406378833315
 127680 8192 8620.024 8620.024 8620.024 242.6801967140695 242.6801967140695 242.6801967140695 242.6801967140695 242.6801967140695 242.6801967140695
 140352 4096 4720.926 4720.926 4720.926 243.54619919905542 243.54619919905542 243.54619919905542 243.54619919905542 243.54619919905542 243.54619919905542
 154368 4096 5169.153 5169.153 5169.153 244.64020623881706 244.64020623881706 244.64020623881706 244.64020623881706 244.64020623881706 244.64020623881706
 169728 4096 5661.964 5661.964 5661.964 245.57057868965612 245.57057868965612 245.57057868965612 245.57057868965612 245.57057868965612 245.57057868965612
 186624 4096 6251.097 6251.097 6251.097 244.5688825497349 244.5688825497349 244.5688825497349 244.5688825497349 244.5688825497349 244.5688825497349
 205248 4096 7136.106 7136.106 7136.106 235.6175224975638 235.6175224975638 235.6175224975638 235.6175224975638 235.6175224975638 235.6175224975638
 225600 4096 7548.809 7548.809 7548.809 244.82209047811384 244.82209047811384 244.82209047811384 244.82209047811384 244.82209047811384 244.82209047811384
 248064 4096 8316.04 8316.04 8316.04 244.36393860539388 244.36393860539388 244.36393860539388 244.36393860539388 244.36393860539388 244.36393860539388
 272832 2048 4569.054 4569.054 4569.054 244.58451837076117 244.58451837076117 244.58451837076117 244.58451837076117 244.58451837076117 244.58451837076117
 300096 2048 5045.176 5045.176 5045.176 243.6373311852748 243.6373311852748 243.6373311852748 243.6373311852748 243.6373311852748 243.6373311852748
 330048 2048 5511.045 5511.045 5511.045 245.30313361621978 245.30313361621978 245.30313361621978 245.30313361621978 245.30313361621978 245.30313361621978
 362880 2048 6085.157 6085.157 6085.157 244.2593477867539 244.2593477867539 244.2593477867539 244.2593477867539 244.2593477867539 244.2593477867539
 399168 2048 6695.032 6695.032 6695.032 244.20975553216175 244.20975553216175 244.20975553216175 244.20975553216175 244.20975553216175 244.20975553216175
 438912 2048 7362.843 7362.843 7362.843 244.16975236331945 244.16975236331945 244.16975236331945 244.16975236331945 244.16975236331945 244.16975236331945
 482688 2048 8081.913 8081.913 8081.913 244.63144406528505 244.63144406528505 244.63144406528505 244.63144406528505 244.63144406528505 244.63144406528505
 530880 1024 4452.944 4452.944 4452.944 244.16256750590168 244.16256750590168 244.16256750590168 244.16256750590168 244.16256750590168 244.16256750590168
 583872 1024 4894.018 4894.018 4894.018 244.33295014444167 244.33295014444167 244.33295014444167 244.33295014444167 244.33295014444167 244.33295014444167
 642240 1024 5378.962 5378.962 5378.962 244.5281301485305 244.5281301485305 244.5281301485305 244.5281301485305 244.5281301485305 244.5281301485305
 706368 1024 5924.94 5924.94 5924.94 244.16140315344967 244.16140315344967 244.16140315344967 244.16140315344967 244.16140315344967 244.16140315344967
 776832 1024 6513.834 6513.834 6513.834 244.24201415019175 244.24201415019175 244.24201415019175 244.24201415019175 244.24201415019175 244.24201415019175
 854400 1024 7174.969 7174.969 7174.969 243.87717912091327 243.87717912091327 243.87717912091327 243.87717912091327 243.87717912091327 243.87717912091327
 939840 1024 7890.94 7890.94 7890.94 243.9243385452177 243.9243385452177 243.9243385452177 243.9243385452177 243.9243385452177 243.9243385452177
 1033728 1024 8644.104 8644.104 8644.104 244.91548736572352 244.91548736572352 244.91548736572352 244.91548736572352 244.91548736572352 244.91548736572352
 1137024 512 4756.927 4756.927 4756.927 244.7614974961777 244.7614974961777 244.7614974961777 244.7614974961777 244.7614974961777 244.7614974961777
 1250688 512 5241.156 5241.156 5241.156 244.3553506134906 244.3553506134906 244.3553506134906 244.3553506134906 244.3553506134906 244.3553506134906
 1375680 512 5758.047 5758.047 5758.047 244.6482843922601 244.6482843922601 244.6482843922601 244.6482843922601 244.6482843922601 244.6482843922601
 1513152 512 6331.205 6331.205 6331.205 244.73503037731362 244.73503037731362 244.73503037731362 244.73503037731362 244.73503037731362 244.73503037731362
 1664448 512 6964.922 6964.922 6964.922 244.71124759186108 244.71124759186108 244.71124759186108 244.71124759186108 244.71124759186108 244.71124759186108
 1830720 512 7660.151 7660.151 7660.151 244.72850208827478 244.72850208827478 244.72850208827478 244.72850208827478 244.72850208827478 244.72850208827478
 2013696 512 8413.076 8413.076 8413.076 245.09759617053268 245.09759617053268 245.09759617053268 245.09759617053268 245.09759617053268 245.09759617053268
 2214912 256 4630.804 4630.804 4630.804 244.88942827206677 244.88942827206677 244.88942827206677 244.88942827206677 244.88942827206677 244.88942827206677
 2436288 256 5100.965 5100.965 5100.965 244.53793664532105 244.53793664532105 244.53793664532105 244.53793664532105 244.53793664532105 244.53793664532105
 2679744 256 5594.969 5594.969 5594.969 245.22547452899204 245.22547452899204 245.22547452899204 245.22547452899204 245.22547452899204 245.22547452899204
 2947584 256 6162.167 6162.167 6162.167 244.90783972586266 244.90783972586266 244.90783972586266 244.90783972586266 244.90783972586266 244.90783972586266
 3242304 256 6772.041 6772.041 6772.041 245.1343174088875 245.1343174088875 245.1343174088875 245.1343174088875 245.1343174088875 245.1343174088875
 3566400 256 7455.111 7455.111 7455.111 244.93220825283487 244.93220825283487 244.93220825283487 244.93220825283487 244.93220825283487 244.93220825283487
 3922944 256 8195.877 8195.877 8195.877 245.0680174922098 245.0680174922098 245.0680174922098 245.0680174922098 245.0680174922098 245.0680174922098
 4315200 128 4523.039 4523.039 4523.039 244.23649674477716 244.23649674477716 244.23649674477716 244.23649674477716 244.23649674477716 244.23649674477716
 4746624 128 4961.967 4961.967 4961.967 244.88992853035904 244.88992853035904 244.88992853035904 244.88992853035904 244.88992853035904 244.88992853035904
 5221248 128 5453.825 5453.825 5453.825 245.08294417220944 245.08294417220944 245.08294417220944 245.08294417220944 245.08294417220944 245.08294417220944
 5743296 128 6025.076 6025.076 6025.076 244.0274240524103 244.0274240524103 244.0274240524103 244.0274240524103 244.0274240524103 244.0274240524103
 6317568 128 6611.109 6611.109 6611.109 244.63329949634772 244.63329949634772 244.63329949634772 244.63329949634772 244.63329949634772 244.63329949634772
 6949248 128 7277.012 7277.012 7277.012 244.469500393843 244.469500393843 244.469500393843 244.469500393843 244.469500393843 244.469500393843
 7644096 128 8018.97 8018.97 8018.97 244.0324101474379 244.0324101474379 244.0324101474379 244.0324101474379 244.0324101474379 244.0324101474379
 8408448 64 4397.869 4397.869 4397.869 244.7279225461241 244.7279225461241 244.7279225461241 244.7279225461241 244.7279225461241 244.7279225461241
 9249216 64 4838.943 4838.943 4838.943 244.6607963763987 244.6607963763987 244.6607963763987 244.6607963763987 244.6607963763987 244.6607963763987
 10174080 64 5323.172 5323.172 5323.172 244.6440280344126 244.6440280344126 244.6440280344126 244.6440280344126 244.6440280344126 244.6440280344126
 11191488 64 5861.998 5861.998 5861.998 244.3723904375266 244.3723904375266 244.3723904375266 244.3723904375266 244.3723904375266 244.3723904375266
 12310464 64 6478.071 6478.071 6478.071 243.24206881956064 243.24206881956064 243.24206881956064 243.24206881956064 243.24206881956064 243.24206881956064
 13541376 64 7097.006 7097.006 7097.006 244.22920425881 244.22920425881 244.22920425881 244.22920425881 244.22920425881 244.22920425881
 14895360 64 7801.056 7801.056 7801.056 244.40358843725772 244.40358843725772 244.40358843725772 244.40358843725772 244.40358843725772 244.40358843725772
 16384896 64 8564.949 8564.949 8564.949 244.86622021917466 244.86622021917466 244.86622021917466 244.86622021917466 244.86622021917466 244.86622021917466
 18023232 32 4714.012 4714.012 4714.012 244.69323540118268 244.69323540118268 244.69323540118268 244.69323540118268 244.69323540118268 244.69323540118268
 19825536 32 5195.141 5195.141 5195.141 244.2348155709345 244.2348155709345 244.2348155709345 244.2348155709345 244.2348155709345 244.2348155709345
 21807936 32 5702.972 5702.972 5702.972 244.7334309198783 244.7334309198783 244.7334309198783 244.7334309198783 244.7334309198783 244.7334309198783
 23988672 32 6280.899 6280.899 6280.899 244.43555102541848 244.43555102541848 244.43555102541848 244.43555102541848 244.43555102541848 244.43555102541848
 26387520 32 6907.94 6907.94 6907.94 244.47248818026796 244.47248818026796 244.47248818026796 244.47248818026796 244.47248818026796 244.47248818026796
 29026176 32 7600.069 7600.069 7600.069 244.42873663383847 244.42873663383847 244.42873663383847 244.42873663383847 244.42873663383847 244.42873663383847
 31928640 32 8349.18 8349.18 8349.18 244.7465451697053 244.7465451697053 244.7465451697053 244.7465451697053 244.7465451697053 244.7465451697053
 35121408 16 4600.048 4600.048 4600.048 244.32028883176872 244.32028883176872 244.32028883176872 244.32028883176872 244.32028883176872 244.32028883176872
 38633472 16 5573.988 5573.988 5573.988 221.7929252807864 221.7929252807864 221.7929252807864 221.7929252807864 221.7929252807864 221.7929252807864
 42496704 16 5759.954 5759.954 5759.954 236.09468547839103 236.09468547839103 236.09468547839103 236.09468547839103 236.09468547839103 236.09468547839103
 46746240 16 6158.113 6158.113 6158.113 242.9120219132062 242.9120219132062 242.9120219132062 242.9120219132062 242.9120219132062 242.9120219132062
 51420864 16 6846.905 6846.905 6846.905 240.3228390053608 240.3228390053608 240.3228390053608 240.3228390053608 240.3228390053608 240.3228390053608
 56562816 16 7772.923 7772.923 7772.923 232.86093429717496 232.86093429717496 232.86093429717496 232.86093429717496 232.86093429717496 232.86093429717496
 62218944 16 8793.831 8793.831 8793.831 226.40942360616208 226.40942360616208 226.40942360616208 226.40942360616208 226.40942360616208 226.40942360616208
 68440704 8 5825.043 5825.043 5825.043 187.99024556556924 187.99024556556924 187.99024556556924 187.99024556556924 187.99024556556924 187.99024556556924
 75284736 8 8224.01 8224.01 8224.01 146.46817987818594 146.46817987818594 146.46817987818594 146.46817987818594 146.46817987818594 146.46817987818594
 82813056 8 11173.964 11173.964 11173.964 118.5800219152308 118.5800219152308 118.5800219152308 118.5800219152308 118.5800219152308 118.5800219152308
 91094208 8 13401.031 13401.031 13401.031 108.76083549094095 108.76083549094095 108.76083549094095 108.76083549094095 108.76083549094095 108.76083549094095
 100203456 8 15621.901 15621.901 15621.901 102.62869390863506 102.62869390863506 102.62869390863506 102.62869390863506 102.62869390863506 102.62869390863506
 110223744 8 17818.213 17818.213 17818.213 98.97624997523602 98.97624997523602 98.97624997523602 98.97624997523602 98.97624997523602 98.97624997523602
 121246080 8 19863.129 19863.129 19863.129 97.66524095977024 97.66524095977024 97.66524095977024 97.66524095977024 97.66524095977024 97.66524095977024
 133370688 8 21841.049 21841.049 21841.049 97.70277096122993 97.70277096122993 97.70277096122993 97.70277096122993 97.70277096122993 97.70277096122993
 146707584 4 11830.091 11830.091 11830.091 99.20977547848109 99.20977547848109 99.20977547848109 99.20977547848109 99.20977547848109 99.20977547848109
 161378304 4 13154.03 13154.03 13154.03 98.14683652082289 98.14683652082289 98.14683652082289 98.14683652082289 98.14683652082289 98.14683652082289
 177516096 4 14451.027 14451.027 14451.027 98.27182303375395 98.27182303375395 98.27182303375395 98.27182303375395 98.27182303375395 98.27182303375395
 195267648 4 15702.963 15702.963 15702.963 99.48066387216221 99.48066387216221 99.48066387216221 99.48066387216221 99.48066387216221 99.48066387216221
 214794240 4 17390.013 17390.013 17390.013 98.81268748907779 98.81268748907779 98.81268748907779 98.81268748907779 98.81268748907779 98.81268748907779
 236273664 4 19209.862 19209.862 19209.862 98.39681888396699 98.39681888396699 98.39681888396699 98.39681888396699 98.39681888396699 98.39681888396699
 259900992 4 21053.076 21053.076 21053.076 98.76029213023313 98.76029213023313 98.76029213023313 98.76029213023313 98.76029213023313 98.76029213023313
 285891072 2 11602.879 11602.879 11602.879 98.55866703427658 98.55866703427658 98.55866703427658 98.55866703427658 98.55866703427658 98.55866703427658
 314480064 2 12871.027 12871.027 12871.027 97.73270275946123 97.73270275946123 97.73270275946123 97.73270275946123 97.73270275946123 97.73270275946123
 345927936 2 14032.125 14032.125 14032.125 98.61027777332372 98.61027777332372 98.61027777332372 98.61027777332372 98.61027777332372 98.61027777332372
 380520576 2 15532.97 15532.97 15532.97 97.99042320946992 97.99042320946992 97.99042320946992 97.99042320946992 97.99042320946992 97.99042320946992
 418572480 2 17200.947 17200.947 17200.947 97.33707801087928 97.33707801087928 97.33707801087928 97.33707801087928 97.33707801087928 97.33707801087928
 460429632 2 18844.843 18844.843 18844.843 97.73063792571793 97.73063792571793 97.73063792571793 97.73063792571793 97.73063792571793 97.73063792571793
 506472576 2 20503.998 20503.998 20503.998 98.80464795207256 98.80464795207256 98.80464795207256 98.80464795207256 98.80464795207256 98.80464795207256
 557119680 1 11295.08 11295.08 11295.08 98.64820435092092 98.64820435092092 98.64820435092092 98.64820435092092 98.64820435092092 98.64820435092092
 612831552 1 12562.99 12562.99 12562.99 97.56141682831873 97.56141682831873 97.56141682831873 97.56141682831873 97.56141682831873 97.56141682831873
 674114688 1 13591.051 13591.051 13591.051 99.19978786040903 99.19978786040903 99.19978786040903 99.19978786040903 99.19978786040903 99.19978786040903
 741526080 1 15036.106 15036.106 15036.106 98.63272844711257 98.63272844711257 98.63272844711257 98.63272844711257 98.63272844711257 98.63272844711257
 815678592 1 16438.007 16438.007 16438.007 99.24300336409395 99.24300336409395 99.24300336409395 99.24300336409395 99.24300336409395 99.24300336409395
 897246336 1 18290.997 18290.997 18290.997 98.10797475938573 98.10797475938573 98.10797475938573 98.10797475938573 98.10797475938573 98.10797475938573
 986970816 1 20066.023 20066.023 20066.023 98.3723397506322 98.3723397506322 98.3723397506322 98.3723397506322 98.3723397506322 98.3723397506322
 
META_DATA
 MPI startup(): shm:tmi fabric is unknown or has been removed from the product, please use ofi or shm:ofi instead
 FLOPS          16
 MPI_PROCS      2
 OPENMP_THREADS 12
 ERT_VERSION  1.1.0
 HOSTNAME  ('shas0420.rc.int.colorado.edu', [], ['10.225.6.135'])
 UNAME  uname_result(system='Linux', node='shas0420.rc.int.colorado.edu', release='3.10.0-957.27.2.el7.x86_64', version='#1 SMP Mon Jul 29 17:46:05 UTC 2019', machine='x86_64', processor='x86_64')
 TIMESTAMP_DATA  1664555745.4612608
 CONFIG  {'ERT_RESULTS': ['lab5_results'], 'ERT_DRIVER': ['driver1'], 'ERT_KERNEL': ['kernel1'], 'ERT_MPI': ['True'], 'ERT_MPI_CFLAGS': ['-I/usr/include/mpi'], 'ERT_MPI_LDFLAGS': ['-lmpi'], 'ERT_OPENMP': ['True'], 'ERT_OPENMP_CFLAGS': ['-qopenmp'], 'ERT_OPENMP_LDFLAGS': ['-qopenmp'], 'ERT_FLOPS': ['1,2,4,8,16'], 'ERT_ALIGN': ['32'], 'ERT_CC': ['mpicc'], 'ERT_CFLAGS': ['-O3', '-msse3', '-axSSE3', '-xSSE3', '-fno-alias', '-fno-fnalias', '-DERT_INTEL', '-std=c++11'], 'ERT_LD': ['mpicc'], 'ERT_LDFLAGS': [], 'ERT_LDLIBS': [], 'ERT_PRECISION': ['FP64'], 'ERT_RUN': ['export', 'OMP_NUM_THREADS=ERT_OPENMP_THREADS;', 'mpirun', '-np', 'ERT_MPI_PROCS', 'ERT_CODE'], 'ERT_PROCS_THREADS': ['1-24'], 'ERT_MPI_PROCS': ['1,2,4,8,12,24'], 'ERT_OPENMP_THREADS': ['1,2,4,8,12,24'], 'ERT_NUM_EXPERIMENTS': ['1'], 'ERT_MEMORY_MAX': ['1073741824'], 'ERT_WORKING_SET_MIN': ['1'], 'ERT_TRIALS_MIN': ['1'], 'ERT_GNUPLOT': ['gnuplot'], 'ERT_GPU': [False], 'ERT_HIP': [False], 'ERT_OCL': [False], 'ERT_SYCL': [False], 'ERT_WSS_MULT': [1.1]}
 