fp64
 192 4194304 13205.051 13205.051 13205.051 121.96944457086914 121.96944457086914 121.96944457086914 15.246180571358643 15.246180571358643 15.246180571358643
 384 2097152 7344.007 7344.007 7344.007 219.30980403477284 219.30980403477284 219.30980403477284 27.413725504346605 27.413725504346605 27.413725504346605
 576 1048576 3664.97 3664.97 3664.97 329.59602725261055 329.59602725261055 329.59602725261055 41.19950340657632 41.19950340657632 41.19950340657632
 768 1048576 5128.145 5128.145 5128.145 314.07316602787165 314.07316602787165 314.07316602787165 39.259145753483956 39.259145753483956 39.259145753483956
 960 1048576 3934.86 3934.86 3934.86 511.6486787331696 511.6486787331696 511.6486787331696 63.9560848416462 63.9560848416462 63.9560848416462
 1152 524288 3021.955 3021.955 3021.955 399.72784240665396 399.72784240665396 399.72784240665396 49.965980300831745 49.965980300831745 49.965980300831745
 1344 524288 2365.112 2365.112 2365.112 595.8644427832593 595.8644427832593 595.8644427832593 74.48305534790741 74.48305534790741 74.48305534790741
 1536 524288 3300.905 3300.905 3300.905 487.9306541690839 487.9306541690839 487.9306541690839 60.991331771135485 60.991331771135485 60.991331771135485
 1728 524288 3432.035 3432.035 3432.035 527.9489655554212 527.9489655554212 527.9489655554212 65.99362069442765 65.99362069442765 65.99362069442765
 1920 524288 3765.106 3765.106 3765.106 534.7169296163241 534.7169296163241 534.7169296163241 66.83961620204052 66.83961620204052 66.83961620204052
 2112 262144 2015.829 2015.829 2015.829 549.3006877071418 549.3006877071418 549.3006877071418 68.66258596339273 68.66258596339273 68.66258596339273
 2304 262144 2149.105 2149.105 2149.105 562.0756324144236 562.0756324144236 562.0756324144236 70.25945405180295 70.25945405180295 70.25945405180295
 2496 262144 2290.01 2290.01 2290.01 571.4485299190832 571.4485299190832 571.4485299190832 71.4310662398854 71.4310662398854 71.4310662398854
 2688 262144 2414.942 2414.942 2414.942 583.5693544606868 583.5693544606868 583.5693544606868 72.94616930758585 72.94616930758585 72.94616930758585
 2880 262144 2584.934 2584.934 2584.934 584.1346200715376 584.1346200715376 584.1346200715376 73.0168275089422 73.0168275089422 73.0168275089422
 3072 262144 1143.932 1143.932 1143.932 1407.9619557805884 1407.9619557805884 1407.9619557805884 175.99524447257355 175.99524447257355 175.99524447257355
 3264 262144 1465.082 1465.082 1465.082 1168.0411280733774 1168.0411280733774 1168.0411280733774 146.00514100917218 146.00514100917218 146.00514100917218
 3456 262144 1563.072 1563.072 1563.072 1159.216803832453 1159.216803832453 1159.216803832453 144.90210047905663 144.90210047905663 144.90210047905663
 3648 262144 1676.083 1676.083 1676.083 1141.1145056658888 1141.1145056658888 1141.1145056658888 142.6393132082361 142.6393132082361 142.6393132082361
 3840 262144 1836.777 1836.777 1836.777 1096.0861988145539 1096.0861988145539 1096.0861988145539 137.01077485181924 137.01077485181924 137.01077485181924
 4224 131072 1077.89 1077.89 1077.89 1027.2813144198385 1027.2813144198385 1027.2813144198385 128.4101643024798 128.4101643024798 128.4101643024798
 4608 131072 1186.132 1186.132 1186.132 1018.40229586589 1018.40229586589 1018.40229586589 127.30028698323625 127.30028698323625 127.30028698323625
 4992 131072 1327.991 1327.991 1327.991 985.4154493516899 985.4154493516899 985.4154493516899 123.17693116896123 123.17693116896123 123.17693116896123
 5376 131072 1464.128 1464.128 1464.128 962.5429907767627 962.5429907767627 962.5429907767627 120.31787384709534 120.31787384709534 120.31787384709534
 5760 131072 1574.993 1574.993 1574.993 958.7023180420484 958.7023180420484 958.7023180420484 119.83778975525605 119.83778975525605 119.83778975525605
 6336 131072 1221.895 1221.895 1221.895 1359.3184226140545 1359.3184226140545 1359.3184226140545 169.9148028267568 169.9148028267568 169.9148028267568
 6912 131072 1354.933 1354.933 1354.933 1337.2907206481796 1337.2907206481796 1337.2907206481796 167.16134008102244 167.16134008102244 167.16134008102244
 7488 131072 1563.072 1563.072 1563.072 1255.8182041518241 1255.8182041518241 1255.8182041518241 156.97727551897802 156.97727551897802 156.97727551897802
 8064 131072 1729.012 1729.012 1729.012 1222.6226399816774 1222.6226399816774 1222.6226399816774 152.82782999770967 152.82782999770967 152.82782999770967
 8832 65536 1007.08 1007.08 1007.08 1149.4895182110656 1149.4895182110656 1149.4895182110656 143.6861897763832 143.6861897763832 143.6861897763832
 9600 65536 910.997 910.997 910.997 1381.2243069955225 1381.2243069955225 1381.2243069955225 172.6530383744403 172.6530383744403 172.6530383744403
 10560 65536 1029.968 1029.968 1029.968 1343.8478865362808 1343.8478865362808 1343.8478865362808 167.9809858170351 167.9809858170351 167.9809858170351
 11520 65536 1152.039 1152.039 1152.039 1310.675628168838 1310.675628168838 1310.675628168838 163.83445352110476 163.83445352110476 163.83445352110476
 12672 65536 1192.093 1192.093 1192.093 1393.301012588783 1393.301012588783 1393.301012588783 174.16262657359786 174.16262657359786 174.16262657359786
 13824 65536 1324.892 1324.892 1324.892 1367.6128529721668 1367.6128529721668 1367.6128529721668 170.95160662152085 170.95160662152085 170.95160662152085
 15168 65536 1507.998 1507.998 1507.998 1318.3705124277353 1318.3705124277353 1318.3705124277353 164.79631405346692 164.79631405346692 164.79631405346692
 16512 32768 773.191 773.191 773.191 1399.5641853047953 1399.5641853047953 1399.5641853047953 174.9455231630994 174.9455231630994 174.9455231630994
 18048 32768 859.976 859.976 859.976 1375.3799268816804 1375.3799268816804 1375.3799268816804 171.92249086021005 171.92249086021005 171.92249086021005
 19776 32768 940.084 940.084 940.084 1378.6426915041634 1378.6426915041634 1378.6426915041634 172.33033643802042 172.33033643802042 172.33033643802042
 21696 32768 1019.001 1019.001 1019.001 1395.3558985712477 1395.3558985712477 1395.3558985712477 174.41948732140597 174.41948732140597 174.41948732140597
 23808 32768 1107.931 1107.931 1107.931 1408.2836277710435 1408.2836277710435 1408.2836277710435 176.03545347138044 176.03545347138044 176.03545347138044
 26112 32768 1246.929 1246.929 1246.929 1372.3925195420106 1372.3925195420106 1372.3925195420106 171.54906494275133 171.54906494275133 171.54906494275133
 28608 32768 1363.039 1363.039 1363.039 1375.4954098892256 1375.4954098892256 1375.4954098892256 171.9369262361532 171.9369262361532 171.9369262361532
 31296 32768 1466.99 1466.99 1466.99 1398.1108637414025 1398.1108637414025 1398.1108637414025 174.7638579676753 174.7638579676753 174.7638579676753
 34368 16384 796.08 796.08 796.08 1414.6450406994272 1414.6450406994272 1414.6450406994272 176.8306300874284 176.8306300874284 176.8306300874284
 37632 16384 852.108 852.108 852.108 1447.1468123758962 1447.1468123758962 1447.1468123758962 180.89335154698702 180.89335154698702 180.89335154698702
 41280 16384 939.846 939.846 939.846 1439.2390242656775 1439.2390242656775 1439.2390242656775 179.90487803320968 179.90487803320968 179.90487803320968
 45312 16384 1039.028 1039.028 1039.028 1429.012130568185 1429.012130568185 1429.012130568185 178.62651632102313 178.62651632102313 178.62651632102313
 49728 16384 1135.111 1135.111 1135.111 1435.5310661248106 1435.5310661248106 1435.5310661248106 179.44138326560133 179.44138326560133 179.44138326560133
 54528 16384 1243.83 1243.83 1243.83 1436.5094136658545 1436.5094136658545 1436.5094136658545 179.5636767082318 179.5636767082318 179.5636767082318
 59904 16384 1358.986 1358.986 1358.986 1444.410959347631 1444.410959347631 1444.410959347631 180.55136991845387 180.55136991845387 180.55136991845387
 65856 8192 753.88 753.88 753.88 1431.2419801559931 1431.2419801559931 1431.2419801559931 178.90524751949914 178.90524751949914 178.90524751949914
 72384 8192 844.955 844.955 844.955 1403.5533916007362 1403.5533916007362 1403.5533916007362 175.44417395009202 175.44417395009202 175.44417395009202
 79488 8192 895.023 895.023 895.023 1455.0814805876496 1455.0814805876496 1455.0814805876496 181.8851850734562 181.8851850734562 181.8851850734562
 87360 8192 996.113 996.113 996.113 1436.89143701568 1436.89143701568 1436.89143701568 179.61142962696 179.61142962696 179.61142962696
 96000 8192 1097.918 1097.918 1097.918 1432.5878617528817 1432.5878617528817 1432.5878617528817 179.07348271911022 179.07348271911022 179.07348271911022
 105600 8192 1250.982 1250.982 1250.982 1383.0338086399327 1383.0338086399327 1383.0338086399327 172.87922607999158 172.87922607999158 172.87922607999158
 116160 8192 1370.907 1370.907 1370.907 1388.2527698815456 1388.2527698815456 1388.2527698815456 173.5315962351932 173.5315962351932 173.5315962351932
 127680 8192 1511.097 1511.097 1511.097 1384.3645510513225 1384.3645510513225 1384.3645510513225 173.0455688814153 173.0455688814153 173.0455688814153
 140352 4096 828.981 828.981 828.981 1386.9601160943375 1386.9601160943375 1386.9601160943375 173.3700145117922 173.3700145117922 173.3700145117922
 154368 4096 896.931 896.931 896.931 1409.8995976279111 1409.8995976279111 1409.8995976279111 176.2374497034889 176.2374497034889 176.2374497034889
 169728 4096 973.94 973.94 973.94 1427.6154342156601 1427.6154342156601 1427.6154342156601 178.45192927695751 178.45192927695751 178.45192927695751
 186624 4096 1084.089 1084.089 1084.089 1410.2382811743319 1410.2382811743319 1410.2382811743319 176.27978514679148 176.27978514679148 176.27978514679148
 205248 4096 1186.132 1186.132 1186.132 1417.5417373445787 1417.5417373445787 1417.5417373445787 177.19271716807233 177.19271716807233 177.19271716807233
 225600 4096 1298.904 1298.904 1298.904 1422.8266292197113 1422.8266292197113 1422.8266292197113 177.85332865246392 177.85332865246392 177.85332865246392
 248064 4096 1440.048 1440.048 1440.048 1411.161494616846 1411.161494616846 1411.161494616846 176.39518682710576 176.39518682710576 176.39518682710576
 272832 2048 787.02 787.02 787.02 1419.9383395593504 1419.9383395593504 1419.9383395593504 177.4922924449188 177.4922924449188 177.4922924449188
 300096 2048 860.929 860.929 860.929 1427.7521328704227 1427.7521328704227 1427.7521328704227 178.46901660880283 178.46901660880283 178.46901660880283
 330048 2048 944.138 944.138 944.138 1431.8633589581182 1431.8633589581182 1431.8633589581182 178.98291986976477 178.98291986976477 178.98291986976477
 362880 2048 1029.968 1029.968 1029.968 1443.1093781554378 1443.1093781554378 1443.1093781554378 180.38867226942972 180.38867226942972 180.38867226942972
 399168 2048 1140.118 1140.118 1140.118 1434.0551837616808 1434.0551837616808 1434.0551837616808 179.2568979702101 179.2568979702101 179.2568979702101
 438912 2048 1254.082 1254.082 1254.082 1433.5454555603221 1433.5454555603221 1433.5454555603221 179.19318194504027 179.19318194504027 179.19318194504027
 482688 2048 1368.046 1368.046 1368.046 1445.1926674980225 1445.1926674980225 1445.1926674980225 180.6490834372528 180.6490834372528 180.6490834372528
 530880 1024 761.986 761.986 761.986 1426.8533017666991 1426.8533017666991 1426.8533017666991 178.3566627208374 178.3566627208374 178.3566627208374
 583872 1024 829.22 829.22 829.22 1442.0417452545767 1442.0417452545767 1442.0417452545767 180.25521815682208 180.25521815682208 180.25521815682208
 642240 1024 908.852 908.852 908.852 1447.2186010483556 1447.2186010483556 1447.2186010483556 180.90232513104445 180.90232513104445 180.90232513104445
 706368 1024 1007.08 1007.08 1007.08 1436.4714461611788 1436.4714461611788 1436.4714461611788 179.55893077014736 179.55893077014736 179.55893077014736
 776832 1024 1096.01 1096.01 1096.01 1451.585237360973 1451.585237360973 1451.585237360973 181.44815467012162 181.44815467012162 181.44815467012162
 854400 1024 1349.926 1349.926 1349.926 1296.2274969146456 1296.2274969146456 1296.2274969146456 162.0284371143307 162.0284371143307 162.0284371143307
 939840 1024 1513.004 1513.004 1513.004 1272.16604847046 1272.16604847046 1272.16604847046 159.0207560588075 159.0207560588075 159.0207560588075
 1033728 1024 1656.055 1656.055 1656.055 1278.3844401303097 1278.3844401303097 1278.3844401303097 159.7980550162887 159.7980550162887 159.7980550162887
 1137024 512 919.104 919.104 919.104 1266.7908919991644 1266.7908919991644 1266.7908919991644 158.34886149989555 158.34886149989555 158.34886149989555
 1250688 512 1013.041 1013.041 1013.041 1264.2178470565357 1264.2178470565357 1264.2178470565357 158.02723088206696 158.02723088206696 158.02723088206696
 1375680 512 1102.924 1102.924 1102.924 1277.2378876513706 1277.2378876513706 1277.2378876513706 159.65473595642132 159.65473595642132 159.65473595642132
 1513152 512 1228.094 1228.094 1228.094 1261.6848938273454 1261.6848938273454 1261.6848938273454 157.71061172841817 157.71061172841817 157.71061172841817
 1664448 512 1332.998 1332.998 1332.998 1278.6176363355385 1278.6176363355385 1278.6176363355385 159.8272045419423 159.8272045419423 159.8272045419423
 1830720 512 1469.135 1469.135 1469.135 1276.0279211917218 1276.0279211917218 1276.0279211917218 159.50349014896523 159.50349014896523 159.50349014896523
 2013696 512 1625.061 1625.061 1625.061 1268.8906471818598 1268.8906471818598 1268.8906471818598 158.61133089773247 158.61133089773247 158.61133089773247
 2214912 256 903.13 903.13 903.13 1255.6718789100128 1255.6718789100128 1255.6718789100128 156.9589848637516 156.9589848637516 156.9589848637516
 2436288 256 989.914 989.914 989.914 1260.0887107364883 1260.0887107364883 1260.0887107364883 157.51108884206104 157.51108884206104 157.51108884206104
 2679744 256 1075.029 1075.029 1075.029 1276.2715498837706 1276.2715498837706 1276.2715498837706 159.53394373547133 159.53394373547133 159.53394373547133
 2947584 256 1183.987 1183.987 1183.987 1274.644914175578 1274.644914175578 1274.644914175578 159.33061427194724 159.33061427194724 159.33061427194724
 3242304 256 1338.005 1338.005 1338.005 1240.6976416381103 1240.6976416381103 1240.6976416381103 155.0872052047638 155.0872052047638 155.0872052047638
 3566400 256 1478.91 1478.91 1478.91 1234.690954824837 1234.690954824837 1234.690954824837 154.33636935310463 154.33636935310463 154.33636935310463
 3922944 256 1704.216 1704.216 1704.216 1178.5755608444001 1178.5755608444001 1178.5755608444001 147.32194510555001 147.32194510555001 147.32194510555001
 4315200 128 963.926 963.926 963.926 1146.033201718804 1146.033201718804 1146.033201718804 143.2541502148505 143.2541502148505 143.2541502148505
 4746624 128 1055.956 1055.956 1055.956 1150.7446749675178 1150.7446749675178 1150.7446749675178 143.84308437093972 143.84308437093972 143.84308437093972
 5221248 128 1183.987 1183.987 1183.987 1128.9308818424527 1128.9308818424527 1128.9308818424527 141.11636023030658 141.11636023030658 141.11636023030658
 5743296 128 1363.039 1363.039 1363.039 1078.6806364307993 1078.6806364307993 1078.6806364307993 134.8350795538499 134.8350795538499 134.8350795538499
 6317568 128 1579.046 1579.046 1579.046 1024.2243785171554 1024.2243785171554 1024.2243785171554 128.02804731464443 128.02804731464443 128.02804731464443
 6949248 128 2078.056 2078.056 2078.056 856.0921784590982 856.0921784590982 856.0921784590982 107.01152230738728 107.01152230738728 107.01152230738728
 7644096 128 2309.084 2309.084 2309.084 847.4739663000568 847.4739663000568 847.4739663000568 105.9342457875071 105.9342457875071 105.9342457875071
 8408448 64 1363.039 1363.039 1363.039 789.6188913156558 789.6188913156558 789.6188913156558 98.70236141445697 98.70236141445697 98.70236141445697
 9249216 64 1505.852 1505.852 1505.852 786.1992068277625 786.1992068277625 786.1992068277625 98.27490085347031 98.27490085347031 98.27490085347031
 10174080 64 1657.963 1657.963 1657.963 785.4712318670562 785.4712318670562 785.4712318670562 98.18390398338202 98.18390398338202 98.18390398338202
 11191488 64 1821.995 1821.995 1821.995 786.2318304934976 786.2318304934976 786.2318304934976 98.2789788116872 98.2789788116872 98.2789788116872
 12310464 64 2007.008 2007.008 2007.008 785.1186402844432 785.1186402844432 785.1186402844432 98.1398300355554 98.1398300355554 98.1398300355554
 13541376 64 2238.035 2238.035 2238.035 774.4723062865417 774.4723062865417 774.4723062865417 96.8090382858177 96.8090382858177 96.8090382858177
 14895360 64 2420.902 2420.902 2420.902 787.5602068980901 787.5602068980901 787.5602068980901 98.44502586226126 98.44502586226126 98.44502586226126
 16384896 64 2660.99 2660.99 2660.99 788.1527882479829 788.1527882479829 788.1527882479829 98.51909853099787 98.51909853099787 98.51909853099787
 18023232 32 1471.043 1471.043 1471.043 784.1285727201721 784.1285727201721 784.1285727201721 98.01607159002151 98.01607159002151 98.01607159002151
 19825536 32 1620.054 1620.054 1620.054 783.2049450203511 783.2049450203511 783.2049450203511 97.9006181275439 97.9006181275439 97.9006181275439
 21807936 32 1775.98 1775.98 1775.98 785.88041757227 785.88041757227 785.88041757227 98.23505219653374 98.23505219653374 98.23505219653374
 23988672 32 1946.926 1946.926 1946.926 788.5636166962689 788.5636166962689 788.5636166962689 98.57045208703362 98.57045208703362 98.57045208703362
 26387520 32 2142.906 2142.906 2142.906 788.0892955640612 788.0892955640612 788.0892955640612 98.51116194550765 98.51116194550765 98.51116194550765
 29026176 32 2367.02 2367.02 2367.02 784.8160404221342 784.8160404221342 784.8160404221342 98.10200505276677 98.10200505276677 98.10200505276677
 31928640 32 2599.001 2599.001 2599.001 786.2378506202961 786.2378506202961 786.2378506202961 98.27973132753701 98.27973132753701 98.27973132753701
 35121408 16 1432.896 1432.896 1432.896 784.3451695028809 784.3451695028809 784.3451695028809 98.04314618786012 98.04314618786012 98.04314618786012
 38633472 16 1596.928 1596.928 1596.928 774.1558191728118 774.1558191728118 774.1558191728118 96.76947739660147 96.76947739660147 96.76947739660147
 42496704 16 1738.787 1738.787 1738.787 782.0937975726757 782.0937975726757 782.0937975726757 97.76172469658447 97.76172469658447 97.76172469658447
 46746240 16 2062.082 2062.082 2062.082 725.4220152253888 725.4220152253888 725.4220152253888 90.6777519031736 90.6777519031736 90.6777519031736
 51420864 16 2351.999 2351.999 2351.999 699.603889287368 699.603889287368 699.603889287368 87.450486160921 87.450486160921 87.450486160921
 56562816 16 2825.022 2825.022 2825.022 640.7065544976288 640.7065544976288 640.7065544976288 80.0883193122036 80.0883193122036 80.0883193122036
 62218944 16 4183.054 4183.054 4183.054 475.96952083334327 475.96952083334327 475.96952083334327 59.49619010416791 59.49619010416791 59.49619010416791
 68440704 8 4112.959 4112.959 4112.959 266.2441478264189 266.2441478264189 266.2441478264189 33.28051847830236 33.28051847830236 33.28051847830236
 75284736 8 8095.98 8095.98 8095.98 148.78443079157807 148.78443079157807 148.78443079157807 18.59805384894726 18.59805384894726 18.59805384894726
 82813056 8 12306.929 12306.929 12306.929 107.66364996499127 107.66364996499127 107.66364996499127 13.457956245623908 13.457956245623908 13.457956245623908
 91094208 8 14719.009 14719.009 14719.009 99.0221099803662 99.0221099803662 99.0221099803662 12.377763747545774 12.377763747545774 12.377763747545774
 100203456 8 16740.084 16740.084 16740.084 95.77343196127332 95.77343196127332 95.77343196127332 11.971678995159165 11.971678995159165 11.971678995159165
 110223744 8 19120.932 19120.932 19120.932 92.23294680405746 92.23294680405746 92.23294680405746 11.529118350507183 11.529118350507183 11.529118350507183
 121246080 8 20502.09 20502.09 20502.09 94.62144005806238 94.62144005806238 94.62144005806238 11.827680007257797 11.827680007257797 11.827680007257797
 133370688 8 22169.113 22169.113 22169.113 96.25694126779 96.25694126779 96.25694126779 12.03211765847375 12.03211765847375 12.03211765847375
 146707584 4 12099.981 12099.981 12099.981 96.99690206125118 96.99690206125118 96.99690206125118 12.124612757656397 12.124612757656397 12.124612757656397
 161378304 4 13210.058 13210.058 13210.058 97.73056499827631 97.73056499827631 97.73056499827631 12.216320624784538 12.216320624784538 12.216320624784538
 177516096 4 14555.931 14555.931 14555.931 97.56358202027751 97.56358202027751 97.56358202027751 12.195447752534688 12.195447752534688 12.195447752534688
 195267648 4 15874.863 15874.863 15874.863 98.40344348168547 98.40344348168547 98.40344348168547 12.300430435210684 12.300430435210684 12.300430435210684
 214794240 4 17415.047 17415.047 17415.047 98.6706449887847 98.6706449887847 98.6706449887847 12.333830623598088 12.333830623598088 12.333830623598088
 236273664 4 19121.885 19121.885 19121.885 98.84952827610877 98.84952827610877 98.84952827610877 12.356191034513596 12.356191034513596 12.356191034513596
 259900992 4 20998.001 20998.001 20998.001 99.01932741121405 99.01932741121405 99.01932741121405 12.377415926401756 12.377415926401756 12.377415926401756
 285891072 2 11536.121 11536.121 11536.121 99.12901294984684 99.12901294984684 99.12901294984684 12.391126618730855 12.391126618730855 12.391126618730855
 314480064 2 12612.104 12612.104 12612.104 99.73912806300996 99.73912806300996 99.73912806300996 12.467391007876245 12.467391007876245 12.467391007876245
 345927936 2 13900.995 13900.995 13900.995 99.54048210218045 99.54048210218045 99.54048210218045 12.442560262772556 12.442560262772556 12.442560262772556
 380520576 2 15208.006 15208.006 15208.006 100.08427824134209 100.08427824134209 100.08427824134209 12.510534780167761 12.510534780167761 12.510534780167761
 418572480 2 16694.069 16694.069 16694.069 100.29250028857555 100.29250028857555 100.29250028857555 12.536562536071944 12.536562536071944 12.536562536071944
 460429632 2 18453.836 18453.836 18453.836 99.8013924042676 99.8013924042676 99.8013924042676 12.47517405053345 12.47517405053345 12.47517405053345
 506472576 2 20065.069 20065.069 20065.069 100.9660272785506 100.9660272785506 100.9660272785506 12.620753409818825 12.620753409818825 12.620753409818825
 557119680 1 11051.178 11051.178 11051.178 100.82539255091177 100.82539255091177 100.82539255091177 12.603174068863972 12.603174068863972 12.603174068863972
 612831552 1 12106.895 12106.895 12106.895 101.23678317190327 101.23678317190327 101.23678317190327 12.654597896487909 12.654597896487909 12.654597896487909
 674114688 1 13326.168 13326.168 13326.168 101.17157280322445 101.17157280322445 101.17157280322445 12.646446600403056 12.646446600403056 12.646446600403056
 741526080 1 14632.94 14632.94 14632.94 101.35025223912623 101.35025223912623 101.35025223912623 12.66878152989078 12.66878152989078 12.66878152989078
 815678592 1 16097.069 16097.069 16097.069 101.34498299038168 101.34498299038168 101.34498299038168 12.66812287379771 12.66812287379771 12.66812287379771
 897246336 1 18337.965 18337.965 18337.965 97.85669631281333 97.85669631281333 97.85669631281333 12.232087039101666 12.232087039101666 12.232087039101666
 986970816 1 19507.885 19507.885 19507.885 101.186860184997 101.186860184997 101.186860184997 12.648357523124625 12.648357523124625 12.648357523124625
 
META_DATA
 MPI startup(): shm:tmi fabric is unknown or has been removed from the product, please use ofi or shm:ofi instead
 FLOPS          2
 MPI_PROCS      12
 OPENMP_THREADS 2
 ERT_VERSION  1.1.0
 HOSTNAME  ('shas0420.rc.int.colorado.edu', [], ['10.225.6.135'])
 UNAME  uname_result(system='Linux', node='shas0420.rc.int.colorado.edu', release='3.10.0-957.27.2.el7.x86_64', version='#1 SMP Mon Jul 29 17:46:05 UTC 2019', machine='x86_64', processor='x86_64')
 TIMESTAMP_DATA  1664554996.2052476
 CONFIG  {'ERT_RESULTS': ['lab5_results'], 'ERT_DRIVER': ['driver1'], 'ERT_KERNEL': ['kernel1'], 'ERT_MPI': ['True'], 'ERT_MPI_CFLAGS': ['-I/usr/include/mpi'], 'ERT_MPI_LDFLAGS': ['-lmpi'], 'ERT_OPENMP': ['True'], 'ERT_OPENMP_CFLAGS': ['-qopenmp'], 'ERT_OPENMP_LDFLAGS': ['-qopenmp'], 'ERT_FLOPS': ['1,2,4,8,16'], 'ERT_ALIGN': ['32'], 'ERT_CC': ['mpicc'], 'ERT_CFLAGS': ['-O3', '-msse3', '-axSSE3', '-xSSE3', '-fno-alias', '-fno-fnalias', '-DERT_INTEL', '-std=c++11'], 'ERT_LD': ['mpicc'], 'ERT_LDFLAGS': [], 'ERT_LDLIBS': [], 'ERT_PRECISION': ['FP64'], 'ERT_RUN': ['export', 'OMP_NUM_THREADS=ERT_OPENMP_THREADS;', 'mpirun', '-np', 'ERT_MPI_PROCS', 'ERT_CODE'], 'ERT_PROCS_THREADS': ['1-24'], 'ERT_MPI_PROCS': ['1,2,4,8,12,24'], 'ERT_OPENMP_THREADS': ['1,2,4,8,12,24'], 'ERT_NUM_EXPERIMENTS': ['1'], 'ERT_MEMORY_MAX': ['1073741824'], 'ERT_WORKING_SET_MIN': ['1'], 'ERT_TRIALS_MIN': ['1'], 'ERT_GNUPLOT': ['gnuplot'], 'ERT_GPU': [False], 'ERT_HIP': [False], 'ERT_OCL': [False], 'ERT_SYCL': [False], 'ERT_WSS_MULT': [1.1]}
 