fp64
 64 16777216 147530.794 147530.794 147530.794 14.556172238861537 14.556172238861537 14.556172238861537 0.909760764928846 0.909760764928846 0.909760764928846
 128 8388608 81366.062 81366.062 81366.062 26.392866942485185 26.392866942485185 26.392866942485185 1.649554183905324 1.649554183905324 1.649554183905324
 192 4194304 38384.914 38384.914 38384.914 41.959524411074625 41.959524411074625 41.959524411074625 2.622470275692164 2.622470275692164 2.622470275692164
 256 4194304 52425.146 52425.146 52425.146 40.96285488646994 40.96285488646994 40.96285488646994 2.5601784304043713 2.5601784304043713 2.5601784304043713
 320 2097152 21216.154 21216.154 21216.154 63.2620445722632 63.2620445722632 63.2620445722632 3.95387778576645 3.95387778576645 3.95387778576645
 384 2097152 31203.985 31203.985 31203.985 51.615610506158106 51.615610506158106 51.615610506158106 3.2259756566348816 3.2259756566348816 3.2259756566348816
 448 2097152 25048.971 25048.971 25048.971 75.01498532614373 75.01498532614373 75.01498532614373 4.688436582883983 4.688436582883983 4.688436582883983
 512 2097152 34886.122 34886.122 34886.122 61.55696090267642 61.55696090267642 61.55696090267642 3.8473100564172764 3.8473100564172764 3.8473100564172764
 576 1048576 26999.95 26999.95 26999.95 44.73932551726947 44.73932551726947 44.73932551726947 2.796207844829342 2.796207844829342 2.796207844829342
 640 1048576 19248.962 19248.962 19248.962 69.72725490340727 69.72725490340727 69.72725490340727 4.357953431462954 4.357953431462954 4.357953431462954
 704 1048576 19598.007 19598.007 19598.007 75.33393614973195 75.33393614973195 75.33393614973195 4.708371009358247 4.708371009358247 4.708371009358247
 768 1048576 21207.809 21207.809 21207.809 75.94432484751253 75.94432484751253 75.94432484751253 4.746520302969533 4.746520302969533 4.746520302969533
 832 1048576 20295.858 20295.858 20295.858 85.96978082917214 85.96978082917214 85.96978082917214 5.373111301823259 5.373111301823259 5.373111301823259
 896 1048576 23240.089 23240.089 23240.089 80.85374337421858 80.85374337421858 80.85374337421858 5.053358960888661 5.053358960888661 5.053358960888661
 960 1048576 22262.096 22262.096 22262.096 90.43469761337835 90.43469761337835 90.43469761337835 5.652168600836147 5.652168600836147 5.652168600836147
 1024 1048576 15024.9 15024.9 15024.9 142.92831552955428 142.92831552955428 142.92831552955428 8.933019720597143 8.933019720597143 8.933019720597143
 1088 524288 11420.965 11420.965 11420.965 99.8909188496769 99.8909188496769 99.8909188496769 6.243182428104806 6.243182428104806 6.243182428104806
 1152 524288 10576.963 10576.963 10576.963 114.20665383815751 114.20665383815751 114.20665383815751 7.137915864884844 7.137915864884844 7.137915864884844
 1216 524288 12873.173 12873.173 12873.173 99.0484953476505 99.0484953476505 99.0484953476505 6.190530959228156 6.190530959228156 6.190530959228156
 1280 524288 42357.922 42357.922 42357.922 31.68657046018452 31.68657046018452 31.68657046018452 1.9804106537615325 1.9804106537615325 1.9804106537615325
 1408 524288 13864.994 13864.994 13864.994 106.48363843504006 106.48363843504006 106.48363843504006 6.655227402190004 6.655227402190004 6.655227402190004
 1536 524288 11525.869 11525.869 11525.869 139.7389416797987 139.7389416797987 139.7389416797987 8.733683854987419 8.733683854987419 8.733683854987419
 1664 524288 12046.099 12046.099 12046.099 144.84610030184876 144.84610030184876 144.84610030184876 9.052881268865548 9.052881268865548 9.052881268865548
 1792 524288 13231.993 13231.993 13231.993 142.0079493693807 142.0079493693807 142.0079493693807 8.875496835586294 8.875496835586294 8.875496835586294
 1920 524288 16398.907 16398.907 16398.907 122.76829913115549 122.76829913115549 122.76829913115549 7.673018695697218 7.673018695697218 7.673018695697218
 2112 262144 11860.132 11860.132 11860.132 93.36289478059773 93.36289478059773 93.36289478059773 5.835180923787358 5.835180923787358 5.835180923787358
 2304 262144 9794.95 9794.95 9794.95 123.32472876329128 123.32472876329128 123.32472876329128 7.707795547705705 7.707795547705705 7.707795547705705
 2496 262144 8179.903 8179.903 8179.903 159.98024035248338 159.98024035248338 159.98024035248338 9.998765022030211 9.998765022030211 9.998765022030211
 2688 262144 9724.14 9724.14 9724.14 144.9265584411578 144.9265584411578 144.9265584411578 9.057909902572362 9.057909902572362 9.057909902572362
 2944 262144 11666.059 11666.059 11666.059 132.30722320193993 132.30722320193993 132.30722320193993 8.269201450121246 8.269201450121246 8.269201450121246
 3200 262144 27000.904 27000.904 27000.904 62.13575663985176 62.13575663985176 62.13575663985176 3.883484789990735 3.883484789990735 3.883484789990735
 3520 262144 10951.996 10951.996 10951.996 168.50752684716105 168.50752684716105 168.50752684716105 10.531720427947565 10.531720427947565 10.531720427947565
 3840 262144 12117.147 12117.147 12117.147 166.15016059473405 166.15016059473405 166.15016059473405 10.384385037170878 10.384385037170878 10.384385037170878
 4224 131072 9778.976 9778.976 9778.976 113.232331892419 113.232331892419 113.232331892419 7.077020743276187 7.077020743276187 7.077020743276187
 4608 131072 7071.018 7071.018 7071.018 170.8324815465043 170.8324815465043 170.8324815465043 10.67703009665652 10.67703009665652 10.67703009665652
 5056 131072 13923.883 13923.883 13923.883 95.18896876683036 95.18896876683036 95.18896876683036 5.949310547926897 5.949310547926897 5.949310547926897
 5504 131072 13259.888 13259.888 13259.888 108.81242556498215 108.81242556498215 108.81242556498215 6.800776597811384 6.800776597811384 6.800776597811384
 6016 131072 27000.904 27000.904 27000.904 58.40761124146066 58.40761124146066 58.40761124146066 3.650475702591291 3.650475702591291 3.650475702591291
 6592 131072 11771.917 11771.917 11771.917 146.79454909510488 146.79454909510488 146.79454909510488 9.174659318444055 9.174659318444055 9.174659318444055
 7232 131072 10622.978 10622.978 10622.978 178.464589496467 178.464589496467 178.464589496467 11.154036843529187 11.154036843529187 11.154036843529187
 7936 131072 14260.054 14260.054 14260.054 145.88828233048767 145.88828233048767 145.88828233048767 9.11801764565548 9.11801764565548 9.11801764565548
 8704 65536 26075.125 26075.125 26075.125 43.752453267242245 43.752453267242245 43.752453267242245 2.7345283292026403 2.7345283292026403 2.7345283292026403
 9536 65536 7355.928 7355.928 7355.928 169.9177305705004 169.9177305705004 169.9177305705004 10.619858160656275 10.619858160656275 10.619858160656275
 10432 65536 38000.107 38000.107 38000.107 35.98261194369794 35.98261194369794 35.98261194369794 2.2489132464811212 2.2489132464811212 2.2489132464811212
 11456 65536 8893.967 8893.967 8893.967 168.82914362061382 168.82914362061382 168.82914362061382 10.551821476288364 10.551821476288364 10.551821476288364
 12544 65536 11130.095 11130.095 11130.095 147.7226535802255 147.7226535802255 147.7226535802255 9.232665848764094 9.232665848764094 9.232665848764094
 13760 65536 13082.981 13082.981 13082.981 137.85472286476607 137.85472286476607 137.85472286476607 8.61592017904788 8.61592017904788 8.61592017904788
 15104 65536 11015.177 11015.177 11015.177 179.72579904980194 179.72579904980194 179.72579904980194 11.232862440612621 11.232862440612621 11.232862440612621
 16576 32768 11752.129 11752.129 11752.129 92.43642032860598 92.43642032860598 92.43642032860598 5.7772762705378735 5.7772762705378735 5.7772762705378735
 18176 32768 11962.175 11962.175 11962.175 99.57907621314688 99.57907621314688 99.57907621314688 6.22369226332168 6.22369226332168 6.22369226332168
 19968 32768 12495.995 12495.995 12495.995 104.7233812113401 104.7233812113401 104.7233812113401 6.545211325708756 6.545211325708756 6.545211325708756
 21952 32768 7878.065 7878.065 7878.065 182.61416629591147 182.61416629591147 182.61416629591147 11.413385393494467 11.413385393494467 11.413385393494467
 24128 32768 10945.082 10945.082 10945.082 144.47151770996325 144.47151770996325 144.47151770996325 9.029469856872703 9.029469856872703 9.029469856872703
 26496 32768 13463.02 13463.02 13463.02 128.97862856922146 128.97862856922146 128.97862856922146 8.061164285576341 8.061164285576341 8.061164285576341
 29120 32768 10476.112 10476.112 10476.112 182.16761332830347 182.16761332830347 182.16761332830347 11.385475833018967 11.385475833018967 11.385475833018967
 32000 32768 13788.939 13788.939 13788.939 152.089439223714 152.089439223714 152.089439223714 9.505589951482126 9.505589951482126 9.505589951482126
 35200 16384 6511.927 6511.927 6511.927 177.12630992331458 177.12630992331458 177.12630992331458 11.070394370207161 11.070394370207161 11.070394370207161
 38720 16384 7188.082 7188.082 7188.082 176.5111972846164 176.5111972846164 176.5111972846164 11.031949830288525 11.031949830288525 11.031949830288525
 42560 16384 7926.941 7926.941 7926.941 175.93244102611587 175.93244102611587 175.93244102611587 10.995777564132242 10.995777564132242 10.995777564132242
 46784 16384 10397.911 10397.911 10397.911 147.43520232092774 147.43520232092774 147.43520232092774 9.214700145057984 9.214700145057984 9.214700145057984
 51456 16384 9511.948 9511.948 9511.948 177.26234500020394 177.26234500020394 177.26234500020394 11.078896562512746 11.078896562512746 11.078896562512746
 56576 16384 10409.117 10409.117 10409.117 178.10178980599412 178.10178980599412 178.10178980599412 11.131361862874632 11.131361862874632 11.131361862874632
 62208 16384 19484.043 19484.043 19484.043 104.62057305047006 104.62057305047006 104.62057305047006 6.5387858156543786 6.5387858156543786 6.5387858156543786
 68416 8192 15443.087 15443.087 15443.087 72.58443496433065 72.58443496433065 72.58443496433065 4.536527185270666 4.536527185270666 4.536527185270666
 75200 8192 6803.989 6803.989 6803.989 181.08153907950174 181.08153907950174 181.08153907950174 11.317596192468859 11.317596192468859 11.317596192468859
 82688 8192 7599.831 7599.831 7599.831 178.26188398136748 178.26188398136748 178.26188398136748 11.141367748835467 11.141367748835467 11.141367748835467
 90944 8192 8279.085 8279.085 8279.085 179.97477933853804 179.97477933853804 179.97477933853804 11.248423708658628 11.248423708658628 11.248423708658628
 100032 8192 9001.97 9001.97 9001.97 182.0628471323499 182.0628471323499 182.0628471323499 11.378927945771869 11.378927945771869 11.378927945771869
 110016 8192 10885.0 10885.0 10885.0 165.59505227377124 165.59505227377124 165.59505227377124 10.349690767110703 10.349690767110703 10.349690767110703
 120960 8192 10771.99 10771.99 10771.99 183.97795022089696 183.97795022089696 183.97795022089696 11.49862188880606 11.49862188880606 11.49862188880606
 133056 4096 9494.066 9494.066 9494.066 114.80800238801794 114.80800238801794 114.80800238801794 7.175500149251121 7.175500149251121 7.175500149251121
 146304 4096 12763.977 12763.977 12763.977 93.89881915330933 93.89881915330933 93.89881915330933 5.868676197081833 5.868676197081833 5.868676197081833
 160896 4096 9190.083 9190.083 9190.083 143.4219943388977 143.4219943388977 143.4219943388977 8.963874646181106 8.963874646181106 8.963874646181106
 176960 4096 27001.858 27001.858 27001.858 53.68728033456068 53.68728033456068 53.68728033456068 3.3554550209100427 3.3554550209100427 3.3554550209100427
 194624 4096 8716.106 8716.106 8716.106 182.92111270789962 182.92111270789962 182.92111270789962 11.432569544243727 11.432569544243727 11.432569544243727
 214080 4096 12965.918 12965.918 12965.918 135.25794008569235 135.25794008569235 135.25794008569235 8.453621255355772 8.453621255355772 8.453621255355772
 235456 4096 10445.118 10445.118 10445.118 184.66575025768017 184.66575025768017 184.66575025768017 11.54160939110501 11.54160939110501 11.54160939110501
 258944 4096 11530.876 11530.876 11530.876 183.96427539416777 183.96427539416777 183.96427539416777 11.497767212135486 11.497767212135486 11.497767212135486
 284800 2048 6879.091 6879.091 6879.091 169.5777538049722 169.5777538049722 169.5777538049722 10.598609612810762 10.598609612810762 10.598609612810762
 313280 2048 12922.049 12922.049 12922.049 99.3027406102546 99.3027406102546 99.3027406102546 6.206421288140913 6.206421288140913 6.206421288140913
 344576 2048 12537.003 12537.003 12537.003 112.57740753511823 112.57740753511823 112.57740753511823 7.036087970944889 7.036087970944889 7.036087970944889
 379008 2048 13118.982 13118.982 13118.982 118.33363046004638 118.33363046004638 118.33363046004638 7.395851903752899 7.395851903752899 7.395851903752899
 416896 2048 10370.97 10370.97 10370.97 164.65248824362618 164.65248824362618 164.65248824362618 10.290780515226636 10.290780515226636 10.290780515226636
 458560 2048 51408.052 51408.052 51408.052 36.53633403576545 36.53633403576545 36.53633403576545 2.2835208772353406 2.2835208772353406 2.2835208772353406
 504384 2048 18726.11 18726.11 18726.11 110.32493475687154 110.32493475687154 110.32493475687154 6.895308422304471 6.895308422304471 6.895308422304471
 554816 1024 11542.082 11542.082 11542.082 98.4452517318799 98.4452517318799 98.4452517318799 6.152828233242494 6.152828233242494 6.152828233242494
 610240 1024 8541.107 8541.107 8541.107 146.3243019903626 146.3243019903626 146.3243019903626 9.145268874397663 9.145268874397663 9.145268874397663
 671232 1024 10361.91 10361.91 10361.91 132.66696352313426 132.66696352313426 132.66696352313426 8.291685220195891 8.291685220195891 8.291685220195891
 738304 1024 9220.123 9220.123 9220.123 163.99418879769823 163.99418879769823 163.99418879769823 10.24963679985614 10.24963679985614 10.24963679985614
 812096 1024 10209.799 10209.799 10209.799 162.8996425884584 162.8996425884584 162.8996425884584 10.18122766177865 10.18122766177865 10.18122766177865
 893248 1024 11168.957 11168.957 11168.957 163.79075539461743 163.79075539461743 163.79075539461743 10.23692221216359 10.23692221216359 10.23692221216359
 982528 1024 13695.955 13695.955 13695.955 146.92055749307005 146.92055749307005 146.92055749307005 9.182534843316878 9.182534843316878 9.182534843316878
 1080768 512 15724.897 15724.897 15724.897 70.37924839825659 70.37924839825659 70.37924839825659 4.398703024891037 4.398703024891037 4.398703024891037
 1188800 512 27669.907 27669.907 27669.907 43.99477020287781 43.99477020287781 43.99477020287781 2.749673137679863 2.749673137679863 2.749673137679863
 1307648 512 8286.953 8286.953 8286.953 161.58309960247152 161.58309960247152 161.58309960247152 10.09894372515447 10.09894372515447 10.09894372515447
 1438400 512 14342.07 14342.07 14342.07 102.69937324249568 102.69937324249568 102.69937324249568 6.41871082765598 6.41871082765598 6.41871082765598
 1582208 512 12131.929 12131.929 12131.929 133.54685738764215 133.54685738764215 133.54685738764215 8.346678586727634 8.346678586727634 8.346678586727634
 1740416 512 15480.995 15480.995 15480.995 115.12089397354627 115.12089397354627 115.12089397354627 7.195055873346642 7.195055873346642 7.195055873346642
 1914432 512 16474.962 16474.962 16474.962 118.99137418344273 118.99137418344273 118.99137418344273 7.436960886465171 7.436960886465171 7.436960886465171
 2105856 256 12331.963 12331.963 12331.963 87.43119582827163 87.43119582827163 87.43119582827163 5.464449739266977 5.464449739266977 5.464449739266977
 2316416 256 13599.157 13599.157 13599.157 87.21165525186599 87.21165525186599 87.21165525186599 5.4507284532416245 5.4507284532416245 5.4507284532416245
 2548032 256 16354.084 16354.084 16354.084 79.77165728144725 79.77165728144725 79.77165728144725 4.985728580090453 4.985728580090453 4.985728580090453
 2802816 256 13600.826 13600.826 13600.826 105.51137055940573 105.51137055940573 105.51137055940573 6.594460659962858 6.594460659962858 6.594460659962858
 3083072 256 16478.062 16478.062 16478.062 95.79602649874724 95.79602649874724 95.79602649874724 5.987251656171702 5.987251656171702 5.987251656171702
 3391360 256 17310.143 17310.143 17310.143 100.30976173911446 100.30976173911446 100.30976173911446 6.269360108694654 6.269360108694654 6.269360108694654
 3730496 256 18545.866 18545.866 18545.866 102.98866345739799 102.98866345739799 102.98866345739799 6.436791466087374 6.436791466087374 6.436791466087374
 4103488 256 21620.035 21620.035 21620.035 97.17772686306937 97.17772686306937 97.17772686306937 6.073607928941835 6.073607928941835 6.073607928941835
 4513792 128 15190.125 15190.125 15190.125 76.07118124439397 76.07118124439397 76.07118124439397 4.754448827774623 4.754448827774623 4.754448827774623
 4965120 128 14089.108 14089.108 14089.108 90.21655025995967 90.21655025995967 90.21655025995967 5.63853439124748 5.63853439124748 5.63853439124748
 5461632 128 15043.974 15043.974 15043.974 92.93939167935281 92.93939167935281 92.93939167935281 5.808711979959551 5.808711979959551 5.808711979959551
 6007744 128 32023.907 32023.907 32023.907 48.026072021755496 48.026072021755496 48.026072021755496 3.0016295013597185 3.0016295013597185 3.0016295013597185
 6608512 128 41244.984 41244.984 41244.984 41.01781375403128 41.01781375403128 41.01781375403128 2.563613359626955 2.563613359626955 2.563613359626955
 7269312 128 19814.014 19814.014 19814.014 93.92058933641614 93.92058933641614 93.92058933641614 5.870036833526009 5.870036833526009 5.870036833526009
 7996224 128 22054.911 22054.911 22054.911 92.81530739344176 92.81530739344176 92.81530739344176 5.80095671209011 5.80095671209011 5.80095671209011
 8795840 64 15100.002 15100.002 15100.002 74.56075303831085 74.56075303831085 74.56075303831085 4.660047064894428 4.660047064894428 4.660047064894428
 9675392 64 14254.093 14254.093 14254.093 86.88382880622429 86.88382880622429 86.88382880622429 5.430239300389018 5.430239300389018 5.430239300389018
 10642880 64 16680.002 16680.002 16680.002 81.67197102254545 81.67197102254545 81.67197102254545 5.104498188909091 5.104498188909091 5.104498188909091
 11707136 64 16845.942 16845.942 16845.942 88.95396932982436 88.95396932982436 88.95396932982436 5.5596230831140225 5.5596230831140225 5.5596230831140225
 12877824 64 17197.132 17197.132 17197.132 95.85095189128047 95.85095189128047 95.85095189128047 5.99068449320503 5.99068449320503 5.99068449320503
 14165568 64 17792.94 17792.94 17792.94 101.9051772219768 101.9051772219768 101.9051772219768 6.36907357637355 6.36907357637355 6.36907357637355
 15582080 64 20292.044 20292.044 20292.044 98.29006087311853 98.29006087311853 98.29006087311853 6.143128804569908 6.143128804569908 6.143128804569908
 17140288 32 13983.965 13983.965 13983.965 78.44545034258881 78.44545034258881 78.44545034258881 4.902840646411801 4.902840646411801 4.902840646411801
 18854272 32 50045.013 50045.013 50045.013 24.11176130576687 24.11176130576687 24.11176130576687 1.5069850816104293 1.5069850816104293 1.5069850816104293
 20739648 32 12972.116 12972.116 12972.116 102.32235604430302 102.32235604430302 102.32235604430302 6.395147252768939 6.395147252768939 6.395147252768939
 22813568 32 14555.931 14555.931 14555.931 100.30745213068128 100.30745213068128 100.30745213068128 6.26921575816758 6.26921575816758 6.26921575816758
 25094912 32 15845.06 15845.06 15845.06 101.36120456470344 101.36120456470344 101.36120456470344 6.335075285293965 6.335075285293965 6.335075285293965
 27604352 32 17242.908 17242.908 17242.908 102.45827026392533 102.45827026392533 102.45827026392533 6.403641891495333 6.403641891495333 6.403641891495333
 30364736 32 19362.926 19362.926 19362.926 100.3641238932587 100.3641238932587 100.3641238932587 6.272757743328668 6.272757743328668 6.272757743328668
 33401152 32 21450.996 21450.996 21450.996 99.65382157546439 99.65382157546439 99.65382157546439 6.2283638484665245 6.2283638484665245 6.2283638484665245
 36741248 16 14543.056 14543.056 14543.056 80.84407678826237 80.84407678826237 80.84407678826237 5.052754799266398 5.052754799266398 5.052754799266398
 40415360 16 18129.11 18129.11 18129.11 71.3378384267071 71.3378384267071 71.3378384267071 4.458614901669193 4.458614901669193 4.458614901669193
 44456896 16 14105.797 14105.797 14105.797 100.85361869308059 100.85361869308059 100.85361869308059 6.303351168317537 6.303351168317537 6.303351168317537
 48902528 16 18841.982 18841.982 18841.982 83.05288137946422 83.05288137946422 83.05288137946422 5.190805086216514 5.190805086216514 5.190805086216514
 53792768 16 17266.035 17266.035 17266.035 99.69680798168196 99.69680798168196 99.69680798168196 6.231050498855122 6.231050498855122 6.231050498855122
 59172032 16 19172.192 19172.192 19172.192 98.7630952162382 98.7630952162382 98.7630952162382 6.172693451014887 6.172693451014887 6.172693451014887
 65089216 16 21998.882 21998.882 21998.882 94.68003473994725 94.68003473994725 94.68003473994725 5.917502171246703 5.917502171246703 5.917502171246703
 71598080 8 16978.025 16978.025 16978.025 67.47364784773258 67.47364784773258 67.47364784773258 4.217102990483286 4.217102990483286 4.217102990483286
 78757888 8 14034.986 14034.986 14034.986 89.78464303420039 89.78464303420039 89.78464303420039 5.611540189637524 5.611540189637524 5.611540189637524
 86633664 8 14931.917 14931.917 14931.917 92.83058725815313 92.83058725815313 92.83058725815313 5.801911703634571 5.801911703634571 5.801911703634571
 95297024 8 39956.093 39956.093 39956.093 38.16069764378614 38.16069764378614 38.16069764378614 2.385043602736634 2.385043602736634 2.385043602736634
 104826688 8 24106.026 24106.026 24106.026 69.57708450160968 69.57708450160968 69.57708450160968 4.348567781350605 4.348567781350605 4.348567781350605
 115309312 8 25960.207 25960.207 25960.207 71.06834672003964 71.06834672003964 71.06834672003964 4.441771670002478 4.441771670002478 4.441771670002478
 126840192 8 27410.984 27410.984 27410.984 74.03758551681325 74.03758551681325 74.03758551681325 4.627349094800828 4.627349094800828 4.627349094800828
 139524160 4 20894.051 20894.051 20894.051 53.42158301422735 53.42158301422735 53.42158301422735 3.3388489383892095 3.3388489383892095 3.3388489383892095
 153476544 4 23156.881 23156.881 23156.881 53.02149076121261 53.02149076121261 53.02149076121261 3.313843172575788 3.313843172575788 3.313843172575788
 168824192 4 25097.847 25097.847 25097.847 53.813123332850026 53.813123332850026 53.813123332850026 3.3633202083031266 3.3633202083031266 3.3633202083031266
 185706560 4 26998.997 26998.997 26998.997 55.02621004772881 55.02621004772881 55.02621004772881 3.4391381279830506 3.4391381279830506 3.4391381279830506
 204277184 4 28861.046 28861.046 28861.046 56.62363976690242 56.62363976690242 56.62363976690242 3.5389774854314013 3.5389774854314013 3.5389774854314013
 224704896 4 32175.064 32175.064 32175.064 55.87057007874173 55.87057007874173 55.87057007874173 3.491910629921358 3.491910629921358 3.491910629921358
 247175360 4 38792.133 38792.133 38792.133 50.974327191546806 50.974327191546806 50.974327191546806 3.1858954494716754 3.1858954494716754 3.1858954494716754
 271892864 2 23035.049 23035.049 23035.049 47.21376785436836 47.21376785436836 47.21376785436836 2.9508604908980227 2.9508604908980227 2.9508604908980227
 299082112 2 25986.195 25986.195 25986.195 46.03707653236651 46.03707653236651 46.03707653236651 2.877317283272907 2.877317283272907 2.877317283272907
 328990272 2 28215.17 28215.17 28215.17 46.64019702876148 46.64019702876148 46.64019702876148 2.9150123142975923 2.9150123142975923 2.9150123142975923
 361889280 2 31226.873 31226.873 31226.873 46.35613434620879 46.35613434620879 46.35613434620879 2.8972583966380494 2.8972583966380494 2.8972583966380494
 398078208 2 34324.884 34324.884 34324.884 46.38945996146702 46.38945996146702 46.38945996146702 2.8993412475916887 2.8993412475916887 2.8993412475916887
 437886016 2 37667.036 37667.036 37667.036 46.50071388680543 46.50071388680543 46.50071388680543 2.9062946179253393 2.9062946179253393 2.9062946179253393
 481674560 2 41593.075 41593.075 41593.075 46.32257268788133 46.32257268788133 46.32257268788133 2.8951607929925833 2.8951607929925833 2.8951607929925833
 529841984 2 45853.138 45853.138 45853.138 46.22078288295122 46.22078288295122 46.22078288295122 2.888798930184451 2.888798930184451 2.888798930184451
 582826176 1 25126.934 25126.934 25126.934 46.39055254413451 46.39055254413451 46.39055254413451 2.8994095340084067 2.8994095340084067 2.8994095340084067
 641108736 1 31358.957 31358.957 31358.957 40.88839663895709 40.88839663895709 40.88839663895709 2.555524789934818 2.555524789934818 2.555524789934818
 705219584 1 30461.073 30461.073 30461.073 46.303003443115735 46.303003443115735 46.303003443115735 2.8939377151947334 2.8939377151947334 2.8939377151947334
 775741504 1 62543.154 62543.154 62543.154 24.80660006369362 24.80660006369362 24.80660006369362 1.5504125039808512 1.5504125039808512 1.5504125039808512
 853315648 1 41960.001 41960.001 41960.001 40.672813520666985 40.672813520666985 40.672813520666985 2.5420508450416865 2.5420508450416865 2.5420508450416865
 938647168 1 40632.01 40632.01 40632.01 46.20234972377689 46.20234972377689 46.20234972377689 2.8876468577360557 2.8876468577360557 2.8876468577360557
 1032511872 1 44609.07 44609.07 44609.07 46.291566804687925 46.291566804687925 46.291566804687925 2.8932229252929953 2.8932229252929953 2.8932229252929953
 
META_DATA
 MPI startup(): shm:tmi fabric is unknown or has been removed from the product, please use ofi or shm:ofi instead
 FLOPS          1
 MPI_PROCS      2
 OPENMP_THREADS 4
 ERT_VERSION  1.1.0
 HOSTNAME  ('shas0420.rc.int.colorado.edu', [], ['10.225.6.135'])
 UNAME  uname_result(system='Linux', node='shas0420.rc.int.colorado.edu', release='3.10.0-957.27.2.el7.x86_64', version='#1 SMP Mon Jul 29 17:46:05 UTC 2019', machine='x86_64', processor='x86_64')
 TIMESTAMP_DATA  1664552221.732794
 CONFIG  {'ERT_RESULTS': ['lab5_results'], 'ERT_DRIVER': ['driver1'], 'ERT_KERNEL': ['kernel1'], 'ERT_MPI': ['True'], 'ERT_MPI_CFLAGS': ['-I/usr/include/mpi'], 'ERT_MPI_LDFLAGS': ['-lmpi'], 'ERT_OPENMP': ['True'], 'ERT_OPENMP_CFLAGS': ['-qopenmp'], 'ERT_OPENMP_LDFLAGS': ['-qopenmp'], 'ERT_FLOPS': ['1,2,4,8,16'], 'ERT_ALIGN': ['32'], 'ERT_CC': ['mpicc'], 'ERT_CFLAGS': ['-O3', '-msse3', '-axSSE3', '-xSSE3', '-fno-alias', '-fno-fnalias', '-DERT_INTEL', '-std=c++11'], 'ERT_LD': ['mpicc'], 'ERT_LDFLAGS': [], 'ERT_LDLIBS': [], 'ERT_PRECISION': ['FP64'], 'ERT_RUN': ['export', 'OMP_NUM_THREADS=ERT_OPENMP_THREADS;', 'mpirun', '-np', 'ERT_MPI_PROCS', 'ERT_CODE'], 'ERT_PROCS_THREADS': ['1-24'], 'ERT_MPI_PROCS': ['1,2,4'], 'ERT_OPENMP_THREADS': ['1,2,4'], 'ERT_NUM_EXPERIMENTS': ['1'], 'ERT_MEMORY_MAX': ['1073741824'], 'ERT_WORKING_SET_MIN': ['1'], 'ERT_TRIALS_MIN': ['1'], 'ERT_GNUPLOT': ['gnuplot'], 'ERT_GPU': [False], 'ERT_HIP': [False], 'ERT_OCL': [False], 'ERT_SYCL': [False], 'ERT_WSS_MULT': [1.1]}
 