fp64
 96 8388608 26259.899 26259.899 26259.899 61.33354648469897 61.33354648469897 61.33354648469897 7.666693310587371 7.666693310587371 7.666693310587371
 192 4194304 14578.104 14578.104 14578.104 110.48163300248098 110.48163300248098 110.48163300248098 13.810204125310122 13.810204125310122 13.810204125310122
 288 2097152 7292.032 7292.032 7292.032 165.65472449928907 165.65472449928907 165.65472449928907 20.706840562411134 20.706840562411134 20.706840562411134
 384 2097152 9935.141 9935.141 9935.141 162.11272049385107 162.11272049385107 162.11272049385107 20.264090061731384 20.264090061731384 20.264090061731384
 480 2097152 7862.806 7862.806 7862.806 256.0492933438775 256.0492933438775 256.0492933438775 32.006161667984685 32.006161667984685 32.006161667984685
 576 1048576 6017.923 6017.923 6017.923 200.72698703522792 200.72698703522792 200.72698703522792 25.09087337940349 25.09087337940349 25.09087337940349
 672 1048576 4374.981 4374.981 4374.981 322.12394613828036 322.12394613828036 322.12394613828036 40.265493267285045 40.265493267285045 40.265493267285045
 768 1048576 6562.948 6562.948 6562.948 245.4099493093652 245.4099493093652 245.4099493093652 30.67624366367065 30.67624366367065 30.67624366367065
 864 1048576 6844.997 6844.997 6844.997 264.7100251468335 264.7100251468335 264.7100251468335 33.08875314335419 33.08875314335419 33.08875314335419
 960 1048576 7406.95 7406.95 7406.95 271.8076833244453 271.8076833244453 271.8076833244453 33.97596041555566 33.97596041555566 33.97596041555566
 1056 524288 3980.16 3980.16 3980.16 278.20395561987453 278.20395561987453 278.20395561987453 34.77549445248432 34.77549445248432 34.77549445248432
 1152 524288 4327.059 4327.059 4327.059 279.1641047649223 279.1641047649223 279.1641047649223 34.895513095615286 34.895513095615286 34.895513095615286
 1248 524288 4551.888 4551.888 4551.888 287.49012453733485 287.49012453733485 287.49012453733485 35.936265567166856 35.936265567166856 35.936265567166856
 1344 524288 4827.023 4827.023 4827.023 291.9576194271293 291.9576194271293 291.9576194271293 36.494702428391165 36.494702428391165 36.494702428391165
 1440 524288 5100.012 5100.012 5100.012 296.0678210168917 296.0678210168917 296.0678210168917 37.00847762711146 37.00847762711146 37.00847762711146
 1536 524288 2274.99 2274.99 2274.99 707.9647541307875 707.9647541307875 707.9647541307875 88.49559426634843 88.49559426634843 88.49559426634843
 1632 524288 2923.012 2923.012 2923.012 585.4495404055816 585.4495404055816 585.4495404055816 73.1811925506977 73.1811925506977 73.1811925506977
 1728 524288 3105.164 3105.164 3105.164 583.5245185117436 583.5245185117436 583.5245185117436 72.94056481396795 72.94056481396795 72.94056481396795
 1824 524288 3376.961 3376.961 3376.961 566.3679929972541 566.3679929972541 566.3679929972541 70.79599912465676 70.79599912465676 70.79599912465676
 1920 524288 3641.844 3641.844 3641.844 552.8149805428238 552.8149805428238 552.8149805428238 69.10187256785298 69.10187256785298 69.10187256785298
 2112 262144 2094.03 2094.03 2094.03 528.7871978911476 528.7871978911476 528.7871978911476 66.09839973639345 66.09839973639345 66.09839973639345
 2304 262144 2347.946 2347.946 2347.946 514.4750143316754 514.4750143316754 514.4750143316754 64.30937679145943 64.30937679145943 64.30937679145943
 2496 262144 2616.882 2616.882 2616.882 500.0694903323879 500.0694903323879 500.0694903323879 62.508686291548486 62.508686291548486 62.508686291548486
 2688 262144 2914.906 2914.906 2914.906 483.4756743442155 483.4756743442155 483.4756743442155 60.43445929302694 60.43445929302694 60.43445929302694
 2880 262144 3191.948 3191.948 3191.948 473.0495108316301 473.0495108316301 473.0495108316301 59.13118885395376 59.13118885395376 59.13118885395376
 3168 262144 2393.007 2393.007 2393.007 694.0825430096945 694.0825430096945 694.0825430096945 86.76031787621181 86.76031787621181 86.76031787621181
 3456 262144 2692.938 2692.938 2692.938 672.8485126653491 672.8485126653491 672.8485126653491 84.10606408316863 84.10606408316863 84.10606408316863
 3744 262144 3077.03 3077.03 3077.03 637.9314702814077 637.9314702814077 637.9314702814077 79.74143378517596 79.74143378517596 79.74143378517596
 4032 262144 3458.977 3458.977 3458.977 611.1428945610219 611.1428945610219 611.1428945610219 76.39286182012773 76.39286182012773 76.39286182012773
 4416 131072 1979.828 1979.828 1979.828 584.7113506829886 584.7113506829886 584.7113506829886 73.08891883537358 73.08891883537358 73.08891883537358
 4800 131072 1801.014 1801.014 1801.014 698.6570898393906 698.6570898393906 698.6570898393906 87.33213622992382 87.33213622992382 87.33213622992382
 5280 131072 2047.062 2047.062 2047.062 676.1496818367006 676.1496818367006 676.1496818367006 84.51871022958757 84.51871022958757 84.51871022958757
 5760 131072 2281.904 2281.904 2281.904 661.7059438083285 661.7059438083285 661.7059438083285 82.71324297604106 82.71324297604106 82.71324297604106
 6336 131072 2372.98 2372.98 2372.98 699.940321452351 699.940321452351 699.940321452351 87.49254018154387 87.49254018154387 87.49254018154387
 6912 131072 2650.976 2650.976 2650.976 683.4989558562581 683.4989558562581 683.4989558562581 85.43736948203227 85.43736948203227 85.43736948203227
 7584 131072 2990.961 2990.961 2990.961 664.7027814806011 664.7027814806011 664.7027814806011 83.08784768507513 83.08784768507513 83.08784768507513
 8256 65536 1556.873 1556.873 1556.873 695.0666059466636 695.0666059466636 695.0666059466636 86.88332574333295 86.88332574333295 86.88332574333295
 9024 65536 1703.024 1703.024 1703.024 694.5255780306092 694.5255780306092 694.5255780306092 86.81569725382614 86.81569725382614 86.81569725382614
 9888 65536 1858.95 1858.95 1858.95 697.1892390865811 697.1892390865811 697.1892390865811 87.14865488582264 87.14865488582264 87.14865488582264
 10848 65536 2003.908 2003.908 2003.908 709.548071069131 709.548071069131 709.548071069131 88.69350888364137 88.69350888364137 88.69350888364137
 11904 65536 2202.988 2202.988 2202.988 708.2567349436312 708.2567349436312 708.2567349436312 88.5320918679539 88.5320918679539 88.5320918679539
 13056 65536 2412.081 2412.081 2412.081 709.4604335426546 709.4604335426546 709.4604335426546 88.68255419283183 88.68255419283183 88.68255419283183
 14304 65536 2655.983 2655.983 2655.983 705.8983013068984 705.8983013068984 705.8983013068984 88.2372876633623 88.2372876633623 88.2372876633623
 15648 65536 2866.03 2866.03 2866.03 715.6291650820123 715.6291650820123 715.6291650820123 89.45364563525153 89.45364563525153 89.45364563525153
 17184 32768 1574.039 1574.039 1574.039 715.4655151492435 715.4655151492435 715.4655151492435 89.43318939365544 89.43318939365544 89.43318939365544
 18816 32768 1699.924 1699.924 1699.924 725.4002978956706 725.4002978956706 725.4002978956706 90.67503723695883 90.67503723695883 90.67503723695883
 20640 32768 1880.884 1880.884 1880.884 719.163457182899 719.163457182899 719.163457182899 89.89543214786238 89.89543214786238 89.89543214786238
 22656 32768 2061.129 2061.129 2061.129 720.3739387491031 720.3739387491031 720.3739387491031 90.04674234363789 90.04674234363789 90.04674234363789
 24864 32768 2251.863 2251.863 2251.863 723.6173355128622 723.6173355128622 723.6173355128622 90.45216693910777 90.45216693910777 90.45216693910777
 27264 32768 2477.884 2477.884 2477.884 721.0884383611177 721.0884383611177 721.0884383611177 90.13605479513971 90.13605479513971 90.13605479513971
 29952 32768 2706.051 2706.051 2706.051 725.3870204220098 725.3870204220098 725.3870204220098 90.67337755275122 90.67337755275122 90.67337755275122
 32928 16384 1494.169 1494.169 1494.169 722.1302971752191 722.1302971752191 722.1302971752191 90.26628714690239 90.26628714690239 90.26628714690239
 36192 16384 1631.021 1631.021 1631.021 727.1147679888855 727.1147679888855 727.1147679888855 90.8893459986107 90.8893459986107 90.8893459986107
 39744 16384 1796.961 1796.961 1796.961 724.7410444634023 724.7410444634023 724.7410444634023 90.59263055792529 90.59263055792529 90.59263055792529
 43680 16384 1966.953 1966.953 1966.953 727.6768890766582 727.6768890766582 727.6768890766582 90.95961113458227 90.95961113458227 90.95961113458227
 48000 16384 2163.887 2163.887 2163.887 726.8697487438114 726.8697487438114 726.8697487438114 90.85871859297643 90.85871859297643 90.85871859297643
 52800 16384 2481.937 2481.937 2481.937 697.0968239725667 697.0968239725667 697.0968239725667 87.13710299657083 87.13710299657083 87.13710299657083
 58080 16384 2743.006 2743.006 2743.006 693.8247455528716 693.8247455528716 693.8247455528716 86.72809319410895 86.72809319410895 86.72809319410895
 63840 16384 2982.855 2982.855 2982.855 701.3110325510291 701.3110325510291 701.3110325510291 87.66387906887864 87.66387906887864 87.66387906887864
 70176 8192 1630.068 1630.068 1630.068 705.3470063825558 705.3470063825558 705.3470063825558 88.16837579781948 88.16837579781948 88.16837579781948
 77184 8192 2364.874 2364.874 2364.874 534.7357432150719 534.7357432150719 534.7357432150719 66.84196790188399 66.84196790188399 66.84196790188399
 84864 8192 1951.933 1951.933 1951.933 712.3255644532882 712.3255644532882 712.3255644532882 89.04069555666102 89.04069555666102 89.04069555666102
 93312 8192 2154.112 2154.112 2154.112 709.7234535623031 709.7234535623031 709.7234535623031 88.71543169528789 88.71543169528789 88.71543169528789
 102624 8192 2362.013 2362.013 2362.013 711.8468933066837 711.8468933066837 711.8468933066837 88.98086166333546 88.98086166333546 88.98086166333546
 112800 8192 2577.066 2577.066 2577.066 717.1392583659092 717.1392583659092 717.1392583659092 89.64240729573865 89.64240729573865 89.64240729573865
 124032 8192 2852.917 2852.917 2852.917 712.3026320078712 712.3026320078712 712.3026320078712 89.0378290009839 89.0378290009839 89.0378290009839
 136416 4096 1563.072 1563.072 1563.072 714.9509888220119 714.9509888220119 714.9509888220119 89.36887360275149 89.36887360275149 89.36887360275149
 150048 4096 1709.938 1709.938 1709.938 718.8525057633669 718.8525057633669 718.8525057633669 89.85656322042087 89.85656322042087 89.85656322042087
 165024 4096 1880.884 1880.884 1880.884 718.7453388938393 718.7453388938393 718.7453388938393 89.84316736172991 89.84316736172991 89.84316736172991
 181440 4096 2053.976 2053.976 2053.976 723.6484165345651 723.6484165345651 723.6484165345651 90.45605206682063 90.45605206682063 90.45605206682063
 199584 4096 2271.891 2271.891 2271.891 719.6613429077362 719.6613429077362 719.6613429077362 89.95766786346702 89.95766786346702 89.95766786346702
 219456 4096 2480.03 2480.03 2480.03 724.9039535812067 724.9039535812067 724.9039535812067 90.61299419765083 90.61299419765083 90.61299419765083
 241344 4096 2727.985 2727.985 2727.985 724.7437386935778 724.7437386935778 724.7437386935778 90.59296733669723 90.59296733669723 90.59296733669723
 265440 2048 1507.044 1507.044 1507.044 721.4402764617356 721.4402764617356 721.4402764617356 90.18003455771695 90.18003455771695 90.18003455771695
 291936 2048 1650.095 1650.095 1650.095 724.6672803687061 724.6672803687061 724.6672803687061 90.58341004608826 90.58341004608826 90.58341004608826
 321120 2048 1801.968 1801.968 1801.968 729.9283450094563 729.9283450094563 729.9283450094563 91.24104312618203 91.24104312618203 91.24104312618203
 353184 2048 1994.133 1994.133 1994.133 725.448936455091 725.448936455091 725.448936455091 90.68111705688638 90.68111705688638 90.68111705688638
 388416 2048 2192.974 2192.974 2192.974 725.4768802548501 725.4768802548501 725.4768802548501 90.68461003185627 90.68461003185627 90.68461003185627
 427200 2048 2584.934 2584.934 2584.934 676.9268383641515 676.9268383641515 676.9268383641515 84.61585479551894 84.61585479551894 84.61585479551894
 469920 2048 2945.9 2945.9 2945.9 653.3800604229607 653.3800604229607 653.3800604229607 81.67250755287009 81.67250755287009 81.67250755287009
 516864 2048 3241.062 3241.062 3241.062 653.2040868085832 653.2040868085832 653.2040868085832 81.6505108510729 81.6505108510729 81.6505108510729
 568512 1024 1777.887 1777.887 1777.887 654.8855894665971 654.8855894665971 654.8855894665971 81.86069868332464 81.86069868332464 81.86069868332464
 625344 1024 1960.993 1960.993 1960.993 653.0897927733552 653.0897927733552 653.0897927733552 81.6362240966694 81.6362240966694 81.6362240966694
 687840 1024 2161.98 2161.98 2161.98 651.5769433574778 651.5769433574778 651.5769433574778 81.44711791968473 81.44711791968473 81.44711791968473
 756576 1024 2371.788 2371.788 2371.788 653.2909551781188 653.2909551781188 653.2909551781188 81.66136939726485 81.66136939726485 81.66136939726485
 832224 1024 2607.107 2607.107 2607.107 653.7494441156424 653.7494441156424 653.7494441156424 81.7186805144553 81.7186805144553 81.7186805144553
 915360 1024 2878.904 2878.904 2878.904 651.1704732078597 651.1704732078597 651.1704732078597 81.39630915098246 81.39630915098246 81.39630915098246
 1006848 1024 3152.847 3152.847 3152.847 654.0199077214974 654.0199077214974 654.0199077214974 81.75248846518717 81.75248846518717 81.75248846518717
 1107456 512 1743.078 1743.078 1743.078 650.5933434992583 650.5933434992583 650.5933434992583 81.32416793740728 81.32416793740728 81.32416793740728
 1218144 512 1912.117 1912.117 1912.117 652.3551937459894 652.3551937459894 652.3551937459894 81.54439921824867 81.54439921824867 81.54439921824867
 1339872 512 2110.958 2110.958 2110.958 649.95557846248 649.95557846248 649.95557846248 81.24444730781 81.24444730781 81.24444730781
 1473792 512 2326.012 2326.012 2326.012 648.8199579365885 648.8199579365885 648.8199579365885 81.10249474207356 81.10249474207356 81.10249474207356
 1621152 512 2565.145 2565.145 2565.145 647.1601597570508 647.1601597570508 647.1601597570508 80.89501996963135 80.89501996963135 80.89501996963135
 1783200 512 2853.155 2853.155 2853.155 639.9921490420254 639.9921490420254 639.9921490420254 79.99901863025318 79.99901863025318 79.99901863025318
 1961472 512 3539.801 3539.801 3539.801 567.4181480823357 567.4181480823357 567.4181480823357 70.92726851029197 70.92726851029197 70.92726851029197
 2157600 256 1921.892 1921.892 1921.892 574.7935888176859 574.7935888176859 574.7935888176859 71.84919860221073 71.84919860221073 71.84919860221073
 2373312 256 2095.938 2095.938 2095.938 579.757485192787 579.757485192787 579.757485192787 72.46968564909838 72.46968564909838 72.46968564909838
 2610624 256 2521.038 2521.038 2521.038 530.1941057611983 530.1941057611983 530.1941057611983 66.27426322014979 66.27426322014979 66.27426322014979
 2871648 256 2861.977 2861.977 2861.977 513.7301159303516 513.7301159303516 513.7301159303516 64.21626449129396 64.21626449129396 64.21626449129396
 3158784 256 3141.165 3141.165 3141.165 514.8718414982976 514.8718414982976 514.8718414982976 64.3589801872872 64.3589801872872 64.3589801872872
 3474624 256 3917.933 3917.933 3917.933 454.06786895028574 454.06786895028574 454.06786895028574 56.75848361878572 56.75848361878572 56.75848361878572
 3822048 256 4368.067 4368.067 4368.067 447.9987545978576 447.9987545978576 447.9987545978576 55.9998443247322 55.9998443247322 55.9998443247322
 4204224 128 2557.993 2557.993 2557.993 420.75226320009483 420.75226320009483 420.75226320009483 52.594032900011854 52.594032900011854 52.594032900011854
 4624608 128 2820.015 2820.015 2820.015 419.82033712586633 419.82033712586633 419.82033712586633 52.47754214073329 52.47754214073329 52.47754214073329
 5087040 128 3103.018 3103.018 3103.018 419.6824639753943 419.6824639753943 419.6824639753943 52.460307996924286 52.460307996924286 52.460307996924286
 5595744 128 3411.055 3411.055 3411.055 419.9611158424593 419.9611158424593 419.9611158424593 52.495139480307415 52.495139480307415 52.495139480307415
 6155232 128 3769.875 3769.875 3769.875 417.9818673032926 417.9818673032926 417.9818673032926 52.24773341291157 52.24773341291157 52.24773341291157
 6770688 128 4256.964 4256.964 4256.964 407.16720366909374 407.16720366909374 407.16720366909374 50.89590045863672 50.89590045863672 50.89590045863672
 7447680 128 4575.968 4575.968 4575.968 416.65634025412766 416.65634025412766 416.65634025412766 52.08204253176596 52.08204253176596 52.08204253176596
 8192448 128 5036.831 5036.831 5036.831 416.3861539130457 416.3861539130457 416.3861539130457 52.04826923913071 52.04826923913071 52.04826923913071
 9011616 64 2769.947 2769.947 2769.947 416.42921254449993 416.42921254449993 416.42921254449993 52.05365156806249 52.05365156806249 52.05365156806249
 9912768 64 3049.85 3049.85 3049.85 416.0317077889077 416.0317077889077 416.0317077889077 52.00396347361346 52.00396347361346 52.00396347361346
 10903968 64 3356.934 3356.934 3356.934 415.76864603236163 415.76864603236163 415.76864603236163 51.971080754045204 51.971080754045204 51.971080754045204
 11994336 64 3686.19 3686.19 3686.19 416.49372604233633 416.49372604233633 416.49372604233633 52.06171575529204 52.06171575529204 52.06171575529204
 13193760 64 4054.07 4054.07 4054.07 416.56934389391404 416.56934389391404 416.56934389391404 52.071167986739255 52.071167986739255 52.071167986739255
 14513088 64 4462.004 4462.004 4462.004 416.3320481111178 416.3320481111178 416.3320481111178 52.04150601388972 52.04150601388972 52.04150601388972
 15964320 64 4902.124 4902.124 4902.124 416.8464445207833 416.8464445207833 416.8464445207833 52.10580556509791 52.10580556509791 52.10580556509791
 17560704 32 2701.998 2701.998 2701.998 415.94592446034375 415.94592446034375 415.94592446034375 51.99324055754297 51.99324055754297 51.99324055754297
 19316736 32 3054.142 3054.142 3054.142 404.78507679079763 404.78507679079763 404.78507679079763 50.598134598849704 50.598134598849704 50.598134598849704
 21248352 32 3259.897 3259.897 3259.897 417.1587409050041 417.1587409050041 417.1587409050041 52.14484261312551 52.14484261312551 52.14484261312551
 23373120 32 3592.968 3592.968 3592.968 416.3353750993608 416.3353750993608 416.3353750993608 52.0419218874201 52.0419218874201 52.0419218874201
 25710432 32 3950.834 3950.834 3950.834 416.4861515315501 416.4861515315501 416.4861515315501 52.06076894144376 52.06076894144376 52.06076894144376
 28281408 32 4341.125 4341.125 4341.125 416.94494215209187 416.94494215209187 416.94494215209187 52.118117769011484 52.118117769011484 52.118117769011484
 31109472 32 4783.154 4783.154 4783.154 416.2538375306335 416.2538375306335 416.2538375306335 52.03172969132919 52.03172969132919 52.03172969132919
 34220352 16 2640.009 2640.009 2640.009 414.79073139523393 414.79073139523393 414.79073139523393 51.84884142440424 51.84884142440424 51.84884142440424
 37642368 16 2893.925 2893.925 2893.925 416.2360033518491 416.2360033518491 416.2360033518491 52.02950041898114 52.02950041898114 52.02950041898114
 41406528 16 3191.948 3191.948 3191.948 415.1098000343364 415.1098000343364 415.1098000343364 51.88872500429205 51.88872500429205 51.88872500429205
 45547104 16 3540.039 3540.039 3540.039 411.72069799231025 411.72069799231025 411.72069799231025 51.46508724903878 51.46508724903878 51.46508724903878
 50101728 16 3948.927 3948.927 3948.927 405.9977041864789 405.9977041864789 405.9977041864789 50.749713023309866 50.749713023309866 50.749713023309866
 55111872 16 4861.116 4861.116 4861.116 362.7932153851091 362.7932153851091 362.7932153851091 45.349151923138635 45.349151923138635 45.349151923138635
 60623040 16 6355.047 6355.047 6355.047 305.2593127950116 305.2593127950116 305.2593127950116 38.15741409937645 38.15741409937645 38.15741409937645
 66685344 16 9057.999 9057.999 9057.999 235.58525541899482 235.58525541899482 235.58525541899482 29.448156927374352 29.448156927374352 29.448156927374352
 73353792 8 8192.062 8192.062 8192.062 143.26804069598106 143.26804069598106 143.26804069598106 17.908505086997632 17.908505086997632 17.908505086997632
 80689152 8 10653.019 10653.019 10653.019 121.18878526359524 121.18878526359524 121.18878526359524 15.148598157949404 15.148598157949404 15.148598157949404
 88758048 8 12612.104 12612.104 12612.104 112.600464442729 112.600464442729 112.600464442729 14.075058055341126 14.075058055341126 14.075058055341126
 97633824 8 14225.96 14225.96 14225.96 109.80919277152474 109.80919277152474 109.80919277152474 13.726149096440592 13.726149096440592 13.726149096440592
 107397120 8 16077.042 16077.042 16077.042 106.88246755839786 106.88246755839786 106.88246755839786 13.360308444799733 13.360308444799733 13.360308444799733
 118136832 8 17996.073 17996.073 17996.073 105.03343212710905 105.03343212710905 105.03343212710905 13.129179015888631 13.129179015888631 13.129179015888631
 129950496 8 20071.03 20071.03 20071.03 103.59248807858889 103.59248807858889 103.59248807858889 12.94906100982361 12.94906100982361 12.94906100982361
 142945536 4 11062.145 11062.145 11062.145 103.37636037133848 103.37636037133848 103.37636037133848 12.92204504641731 12.92204504641731 12.92204504641731
 157240032 4 12162.924 12162.924 12162.924 103.4225204399863 103.4225204399863 103.4225204399863 12.927815054998288 12.927815054998288 12.927815054998288
 172963968 4 13417.959 13417.959 13417.959 103.1238613860722 103.1238613860722 103.1238613860722 12.890482673259026 12.890482673259026 12.890482673259026
 190260288 4 14829.159 14829.159 14829.159 102.64117499852824 102.64117499852824 102.64117499852824 12.83014687481603 12.83014687481603 12.83014687481603
 209286240 4 16262.054 16262.054 16262.054 102.9568540357817 102.9568540357817 102.9568540357817 12.869606754472713 12.869606754472713 12.869606754472713
 230214816 4 17888.069 17888.069 17888.069 102.95792843822326 102.95792843822326 102.95792843822326 12.869741054777908 12.869741054777908 12.869741054777908
 253236288 4 19640.923 19640.923 19640.923 103.14639001435931 103.14639001435931 103.14639001435931 12.893298751794914 12.893298751794914 12.893298751794914
 278559840 2 10825.157 10825.157 10825.157 102.93054964468415 102.93054964468415 102.93054964468415 12.866318705585519 12.866318705585519 12.866318705585519
 306415776 2 12016.058 12016.058 12016.058 102.00209619494179 102.00209619494179 102.00209619494179 12.750262024367723 12.750262024367723 12.750262024367723
 337057344 2 13196.945 13196.945 13196.945 102.16223345630371 102.16223345630371 102.16223345630371 12.770279182037964 12.770279182037964 12.770279182037964
 370763040 2 14481.068 14481.068 14481.068 102.41317560279394 102.41317560279394 102.41317560279394 12.801646950349243 12.801646950349243 12.801646950349243
 407839296 2 15929.937 15929.937 15929.937 102.4082633848458 102.4082633848458 102.4082633848458 12.801032923105724 12.801032923105724 12.801032923105724
 448623168 2 17555.952 17555.952 17555.952 102.21562875086467 102.21562875086467 102.21562875086467 12.776953593858083 12.776953593858083 12.776953593858083
 493485408 2 19339.085 19339.085 19339.085 102.07006339751855 102.07006339751855 102.07006339751855 12.758757924689819 12.758757924689819 12.758757924689819
 542833920 1 10617.018 10617.018 10617.018 102.25732310145843 102.25732310145843 102.25732310145843 12.782165387682303 12.782165387682303 12.782165387682303
 597117312 1 11687.04 11687.04 11687.04 102.18452439625429 102.18452439625429 102.18452439625429 12.773065549531786 12.773065549531786 12.773065549531786
 656829024 1 12866.02 12866.02 12866.02 102.10290734819314 102.10290734819314 102.10290734819314 12.762863418524143 12.762863418524143 12.762863418524143
 722511840 1 14163.971 14163.971 14163.971 102.02108434138987 102.02108434138987 102.02108434138987 12.752635542673733 12.752635542673733 12.752635542673733
 794762976 1 15505.075 15505.075 15505.075 102.5164955345266 102.5164955345266 102.5164955345266 12.814561941815825 12.814561941815825 12.814561941815825
 874239264 1 17043.114 17043.114 17043.114 102.59149401922676 102.59149401922676 102.59149401922676 12.823936752403345 12.823936752403345 12.823936752403345
 961663104 1 18777.132 18777.132 18777.132 102.42917864133882 102.42917864133882 102.42917864133882 12.803647330167353 12.803647330167353 12.803647330167353
 1057829376 1 20512.104 20512.104 20512.104 103.14196690890412 103.14196690890412 103.14196690890412 12.892745863613015 12.892745863613015 12.892745863613015
 
META_DATA
 MPI startup(): shm:tmi fabric is unknown or has been removed from the product, please use ofi or shm:ofi instead
 FLOPS          2
 MPI_PROCS      12
 OPENMP_THREADS 1
 ERT_VERSION  1.1.0
 HOSTNAME  ('shas0420.rc.int.colorado.edu', [], ['10.225.6.135'])
 UNAME  uname_result(system='Linux', node='shas0420.rc.int.colorado.edu', release='3.10.0-957.27.2.el7.x86_64', version='#1 SMP Mon Jul 29 17:46:05 UTC 2019', machine='x86_64', processor='x86_64')
 TIMESTAMP_DATA  1664554990.4162824
 CONFIG  {'ERT_RESULTS': ['lab5_results'], 'ERT_DRIVER': ['driver1'], 'ERT_KERNEL': ['kernel1'], 'ERT_MPI': ['True'], 'ERT_MPI_CFLAGS': ['-I/usr/include/mpi'], 'ERT_MPI_LDFLAGS': ['-lmpi'], 'ERT_OPENMP': ['True'], 'ERT_OPENMP_CFLAGS': ['-qopenmp'], 'ERT_OPENMP_LDFLAGS': ['-qopenmp'], 'ERT_FLOPS': ['1,2,4,8,16'], 'ERT_ALIGN': ['32'], 'ERT_CC': ['mpicc'], 'ERT_CFLAGS': ['-O3', '-msse3', '-axSSE3', '-xSSE3', '-fno-alias', '-fno-fnalias', '-DERT_INTEL', '-std=c++11'], 'ERT_LD': ['mpicc'], 'ERT_LDFLAGS': [], 'ERT_LDLIBS': [], 'ERT_PRECISION': ['FP64'], 'ERT_RUN': ['export', 'OMP_NUM_THREADS=ERT_OPENMP_THREADS;', 'mpirun', '-np', 'ERT_MPI_PROCS', 'ERT_CODE'], 'ERT_PROCS_THREADS': ['1-24'], 'ERT_MPI_PROCS': ['1,2,4,8,12,24'], 'ERT_OPENMP_THREADS': ['1,2,4,8,12,24'], 'ERT_NUM_EXPERIMENTS': ['1'], 'ERT_MEMORY_MAX': ['1073741824'], 'ERT_WORKING_SET_MIN': ['1'], 'ERT_TRIALS_MIN': ['1'], 'ERT_GNUPLOT': ['gnuplot'], 'ERT_GPU': [False], 'ERT_HIP': [False], 'ERT_OCL': [False], 'ERT_SYCL': [False], 'ERT_WSS_MULT': [1.1]}
 