fp64
 16 67108864 184524.059 184524.059 184524.059 11.637960164316567 11.637960164316567 11.637960164316567 0.7273725102697854 0.7273725102697854 0.7273725102697854
 32 33554432 102452.993 102452.993 102452.993 20.960672647211 20.960672647211 20.960672647211 1.3100420404506874 1.3100420404506874 1.3100420404506874
 48 16777216 51219.94 51219.94 51219.94 31.445033633385744 31.445033633385744 31.445033633385744 1.965314602086609 1.965314602086609 1.965314602086609
 64 16777216 71443.081 71443.081 71443.081 30.058665135116442 30.058665135116442 30.058665135116442 1.8786665709447776 1.8786665709447776 1.8786665709447776
 80 8388608 28199.196 28199.196 28199.196 47.596296007872 47.596296007872 47.596296007872 2.974768500492 2.974768500492 2.974768500492
 96 8388608 41371.107 41371.107 41371.107 38.93085906548258 38.93085906548258 38.93085906548258 2.433178691592661 2.433178691592661 2.433178691592661
 112 8388608 33242.941 33242.941 33242.941 56.5247278211636 56.5247278211636 56.5247278211636 3.532795488822725 3.532795488822725 3.532795488822725
 128 8388608 46023.846 46023.846 46023.846 46.66023886834664 46.66023886834664 46.66023886834664 2.916264929271665 2.916264929271665 2.916264929271665
 144 4194304 21740.198 21740.198 21740.198 55.56341078402322 55.56341078402322 55.56341078402322 3.472713174001451 3.472713174001451 3.472713174001451
 160 4194304 25585.89 25585.89 25585.89 52.45771321615156 52.45771321615156 52.45771321615156 3.2786070760094725 3.2786070760094725 3.2786070760094725
 176 4194304 24296.999 24296.999 24296.999 60.76450050477427 60.76450050477427 60.76450050477427 3.797781281548392 3.797781281548392 3.797781281548392
 192 4194304 28121.948 28121.948 28121.948 57.272445564581794 57.272445564581794 57.272445564581794 3.579527847786362 3.579527847786362 3.579527847786362
 208 4194304 26844.025 26844.025 26844.025 64.99883918302118 64.99883918302118 64.99883918302118 4.0624274489388235 4.0624274489388235 4.0624274489388235
 224 4194304 30679.941 30679.941 30679.941 61.24679939899493 61.24679939899493 61.24679939899493 3.827924962437183 3.827924962437183 3.827924962437183
 240 4194304 29417.992 29417.992 29417.992 68.43655134585664 68.43655134585664 68.43655134585664 4.27728445911604 4.27728445911604 4.27728445911604
 256 4194304 16525.984 16525.984 16525.984 129.94588691360224 129.94588691360224 129.94588691360224 8.12161793210014 8.12161793210014 8.12161793210014
 272 2097152 10228.872 10228.872 10228.872 111.53240435504522 111.53240435504522 111.53240435504522 6.970775272190326 6.970775272190326 6.970775272190326
 288 2097152 10362.148 10362.148 10362.148 116.57424232890709 116.57424232890709 116.57424232890709 7.285890145556693 7.285890145556693 7.285890145556693
 304 2097152 11551.857 11551.857 11551.857 110.37778739816464 110.37778739816464 110.37778739816464 6.89861171238529 6.89861171238529 6.89861171238529
 320 2097152 12501.001 12501.001 12501.001 107.36558456398812 107.36558456398812 107.36558456398812 6.710349035249258 6.710349035249258 6.710349035249258
 352 2097152 13951.063 13951.063 13951.063 105.82670352789604 105.82670352789604 105.82670352789604 6.614168970493503 6.614168970493503 6.614168970493503
 384 2097152 14906.883 14906.883 14906.883 108.04490355227179 108.04490355227179 108.04490355227179 6.752806472016987 6.752806472016987 6.752806472016987
 416 2097152 16241.074 16241.074 16241.074 107.43319462739964 107.43319462739964 107.43319462739964 6.714574664212478 6.714574664212478 6.714574664212478
 448 2097152 17371.893 17371.893 17371.893 108.16600079219921 108.16600079219921 108.16600079219921 6.760375049512451 6.760375049512451 6.760375049512451
 480 2097152 18560.171 18560.171 18560.171 108.4723799150342 108.4723799150342 108.4723799150342 6.779523744689637 6.779523744689637 6.779523744689637
 528 1048576 8625.031 8625.031 8625.031 128.38171317877 128.38171317877 128.38171317877 8.023857073673126 8.023857073673126 8.023857073673126
 576 1048576 9575.844 9575.844 9575.844 126.14653622176805 126.14653622176805 126.14653622176805 7.884158513860503 7.884158513860503 7.884158513860503
 624 1048576 10802.031 10802.031 10802.031 121.14600004388063 121.14600004388063 121.14600004388063 7.57162500274254 7.57162500274254 7.57162500274254
 672 1048576 11483.908 11483.908 11483.908 122.71834152624699 122.71834152624699 122.71834152624699 7.669896345390437 7.669896345390437 7.669896345390437
 736 1048576 12826.92 12826.92 12826.92 120.33316431380254 120.33316431380254 120.33316431380254 7.520822769612659 7.520822769612659 7.520822769612659
 800 1048576 12845.039 12845.039 12845.039 130.61241775910528 130.61241775910528 130.61241775910528 8.16327610994408 8.16327610994408 8.16327610994408
 880 1048576 14490.128 14490.128 14490.128 127.36214338479273 127.36214338479273 127.36214338479273 7.960133961549546 7.960133961549546 7.960133961549546
 960 1048576 16066.79 16066.79 16066.79 125.30604557599867 125.30604557599867 125.30604557599867 7.831627848499917 7.831627848499917 7.831627848499917
 1056 524288 8321.047 8321.047 8321.047 133.0717463799928 133.0717463799928 133.0717463799928 8.31698414874955 8.31698414874955 8.31698414874955
 1152 524288 9269.953 9269.953 9269.953 130.3091344691823 130.3091344691823 130.3091344691823 8.144320904323894 8.144320904323894 8.144320904323894
 1264 524288 10765.076 10765.076 10765.076 123.12036292172952 123.12036292172952 123.12036292172952 7.695022682608095 7.695022682608095 7.695022682608095
 1376 524288 10866.88 10866.88 10866.88 132.7741335139433 132.7741335139433 132.7741335139433 8.298383344621456 8.298383344621456 8.298383344621456
 1504 524288 12156.01 12156.01 12156.01 129.73486398908852 129.73486398908852 129.73486398908852 8.108428999318033 8.108428999318033 8.108428999318033
 1648 524288 13105.154 13105.154 13105.154 131.86058309578047 131.86058309578047 131.86058309578047 8.24128644348628 8.24128644348628 8.24128644348628
 1808 524288 13952.017 13952.017 13952.017 135.88181608436975 135.88181608436975 135.88181608436975 8.492613505273109 8.492613505273109 8.492613505273109
 1984 524288 15698.91 15698.91 15698.91 132.51714826061172 132.51714826061172 132.51714826061172 8.282321766288232 8.282321766288232 8.282321766288232
 2176 262144 8466.959 8466.959 8466.959 134.74149195714776 134.74149195714776 134.74149195714776 8.421343247321735 8.421343247321735 8.421343247321735
 2384 262144 9272.099 9272.099 9272.099 134.80255031789457 134.80255031789457 134.80255031789457 8.42515939486841 8.42515939486841 8.42515939486841
 2608 262144 10122.061 10122.061 10122.061 135.08544396244994 135.08544396244994 135.08544396244994 8.442840247653121 8.442840247653121 8.442840247653121
 2864 262144 11035.919 11035.919 11035.919 136.06124075394175 136.06124075394175 136.06124075394175 8.50382754712136 8.50382754712136 8.50382754712136
 3136 262144 11981.964 11981.964 11981.964 137.22017258606354 137.22017258606354 137.22017258606354 8.576260786628971 8.576260786628971 8.576260786628971
 3440 262144 13211.966 13211.966 13211.966 136.50888293233572 136.50888293233572 136.50888293233572 8.531805183270983 8.531805183270983 8.531805183270983
 3776 262144 14642.954 14642.954 14642.954 135.198914645228 135.198914645228 135.198914645228 8.44993216532675 8.44993216532675 8.44993216532675
 4144 131072 7904.053 7904.053 7904.053 137.43894885320228 137.43894885320228 137.43894885320228 8.589934303325142 8.589934303325142 8.589934303325142
 4544 131072 8720.875 8720.875 8720.875 136.58977292989522 136.58977292989522 136.58977292989522 8.536860808118451 8.536860808118451 8.536860808118451
 4992 131072 9512.901 9512.901 9512.901 137.56296296997098 137.56296296997098 137.56296296997098 8.597685185623186 8.597685185623186 8.597685185623186
 5488 131072 10445.118 10445.118 10445.118 137.7338458024122 137.7338458024122 137.7338458024122 8.608365362650762 8.608365362650762 8.608365362650762
 6032 131072 11475.801 11475.801 11475.801 137.79017325239434 137.79017325239434 137.79017325239434 8.611885828274646 8.611885828274646 8.611885828274646
 6624 131072 12636.9 12636.9 12636.9 137.4104294565914 137.4104294565914 137.4104294565914 8.588151841036963 8.588151841036963 8.588151841036963
 7280 131072 13808.012 13808.012 13808.012 138.2102159239143 138.2102159239143 138.2102159239143 8.638138495244643 8.638138495244643 8.638138495244643
 8000 131072 15177.011 15177.011 15177.011 138.17951373956308 138.17951373956308 138.17951373956308 8.636219608722692 8.636219608722692 8.636219608722692
 8800 65536 8790.016 8790.016 8790.016 131.22087604846226 131.22087604846226 131.22087604846226 8.201304753028891 8.201304753028891 8.201304753028891
 9680 65536 9522.2 9522.2 9522.2 133.2440990527399 133.2440990527399 133.2440990527399 8.327756190796244 8.327756190796244 8.327756190796244
 10640 65536 10401.011 10401.011 10401.011 134.0837039783921 134.0837039783921 134.0837039783921 8.380231498649506 8.380231498649506 8.380231498649506
 11696 65536 11403.084 11403.084 11403.084 134.43890372113367 134.43890372113367 134.43890372113367 8.402431482570854 8.402431482570854 8.402431482570854
 12864 65536 12465.954 12465.954 12465.954 135.2572140086511 135.2572140086511 135.2572140086511 8.453575875540693 8.453575875540693 8.453575875540693
 14144 65536 13684.988 13684.988 13684.988 135.46832251515312 135.46832251515312 135.46832251515312 8.46677015719707 8.46677015719707 8.46677015719707
 15552 65536 15048.027 15048.027 15048.027 135.4617282385259 135.4617282385259 135.4617282385259 8.466358014907868 8.466358014907868 8.466358014907868
 17104 32768 8247.137 8247.137 8247.137 135.91719696180627 135.91719696180627 135.91719696180627 8.494824810112892 8.494824810112892 8.494824810112892
 18800 32768 9016.991 9016.991 9016.991 136.63946209993998 136.63946209993998 136.63946209993998 8.539966381246249 8.539966381246249 8.539966381246249
 20672 32768 9991.884 9991.884 9991.884 135.58606084698343 135.58606084698343 135.58606084698343 8.474128802936464 8.474128802936464 8.474128802936464
 22736 32768 10876.894 10876.894 10876.894 136.99007234969838 136.99007234969838 136.99007234969838 8.561879521856149 8.561879521856149 8.561879521856149
 25008 32768 11937.857 11937.857 11937.857 137.28798125157638 137.28798125157638 137.28798125157638 8.580498828223524 8.580498828223524 8.580498828223524
 27504 32768 13098.955 13098.955 13098.955 137.60656052333945 137.60656052333945 137.60656052333945 8.600410032708716 8.600410032708716 8.600410032708716
 30240 32768 14355.898 14355.898 14355.898 138.04839237503637 138.04839237503637 138.04839237503637 8.628024523439773 8.628024523439773 8.628024523439773
 33264 16384 7909.06 7909.06 7909.06 137.8159670049285 137.8159670049285 137.8159670049285 8.613497937808031 8.613497937808031 8.613497937808031
 36576 16384 8687.973 8687.973 8687.973 137.95189833117576 137.95189833117576 137.95189833117576 8.621993645698485 8.621993645698485 8.621993645698485
 40224 16384 9534.121 9534.121 9534.121 138.24662304999066 138.24662304999066 138.24662304999066 8.640413940624416 8.640413940624416 8.640413940624416
 44240 16384 10488.033 10488.033 10488.033 138.22003801856843 138.22003801856843 138.22003801856843 8.638752376160527 8.638752376160527 8.638752376160527
 48656 16384 11516.094 11516.094 11516.094 138.4462308140243 138.4462308140243 138.4462308140243 8.652889425876518 8.652889425876518 8.652889425876518
 53520 16384 12651.205 12651.205 12651.205 138.62263397043998 138.62263397043998 138.62263397043998 8.663914623152499 8.663914623152499 8.663914623152499
 58864 16384 13916.969 13916.969 13916.969 138.59738798009826 138.59738798009826 138.59738798009826 8.662336748756141 8.662336748756141 8.662336748756141
 64736 16384 15299.082 15299.082 15299.082 138.65336809097434 138.65336809097434 138.65336809097434 8.665835505685896 8.665835505685896 8.665835505685896
 71200 8192 8993.864 8993.864 8993.864 129.7040737996483 129.7040737996483 129.7040737996483 8.10650461247802 8.10650461247802 8.10650461247802
 78320 8192 10306.12 10306.12 10306.12 124.50804764547667 124.50804764547667 124.50804764547667 7.781752977842292 7.781752977842292 7.781752977842292
 86144 8192 11435.032 11435.032 11435.032 123.4262655320947 123.4262655320947 123.4262655320947 7.714141595755919 7.714141595755919 7.714141595755919
 94752 8192 12452.841 12452.841 12452.841 124.66366253291116 124.66366253291116 124.66366253291116 7.791478908306948 7.791478908306948 7.791478908306948
 104224 8192 13687.849 13687.849 13687.849 124.75342298121494 124.75342298121494 124.75342298121494 7.797088936325934 7.797088936325934 7.797088936325934
 114640 8192 15073.061 15073.061 15073.061 124.61050612082045 124.61050612082045 124.61050612082045 7.788156632551278 7.788156632551278 7.788156632551278
 126096 8192 16567.945 16567.945 16567.945 124.69602379776127 124.69602379776127 124.69602379776127 7.793501487360079 7.793501487360079 7.793501487360079
 138704 4096 9122.849 9122.849 9122.849 124.5513510088789 124.5513510088789 124.5513510088789 7.784459438054931 7.784459438054931 7.784459438054931
 152560 4096 10025.978 10025.978 10025.978 124.65332758559813 124.65332758559813 124.65332758559813 7.790832974099883 7.790832974099883 7.790832974099883
 167808 4096 11029.005 11029.005 11029.005 124.64253448067166 124.64253448067166 124.64253448067166 7.7901584050419785 7.7901584050419785 7.7901584050419785
 184576 4096 12137.89 12137.89 12137.89 124.57244150342439 124.57244150342439 124.57244150342439 7.785777593964024 7.785777593964024 7.785777593964024
 203024 4096 13379.097 13379.097 13379.097 124.3112751181937 124.3112751181937 124.3112751181937 7.769454694887107 7.769454694887107 7.769454694887107
 223312 4096 14707.088 14707.088 14707.088 124.38709172067237 124.38709172067237 124.38709172067237 7.774193232542023 7.774193232542023 7.774193232542023
 245632 4096 16187.906 16187.906 16187.906 124.30374527749296 124.30374527749296 124.30374527749296 7.76898407984331 7.76898407984331 7.76898407984331
 270192 2048 9266.138 9266.138 9266.138 119.43556549665027 119.43556549665027 119.43556549665027 7.464722843540642 7.464722843540642 7.464722843540642
 297200 2048 10401.011 10401.011 10401.011 117.03969931384556 117.03969931384556 117.03969931384556 7.3149812071153475 7.3149812071153475 7.3149812071153475
 326912 2048 11411.905 11411.905 11411.905 117.33637390076416 117.33637390076416 117.33637390076416 7.33352336879776 7.33352336879776 7.33352336879776
 359600 2048 12596.846 12596.846 12596.846 116.92780875466764 116.92780875466764 116.92780875466764 7.307988047166727 7.307988047166727 7.307988047166727
 395552 2048 13694.048 13694.048 13694.048 118.31278757019108 118.31278757019108 118.31278757019108 7.394549223136942 7.394549223136942 7.394549223136942
 435104 2048 15299.082 15299.082 15299.082 116.48973343629376 116.48973343629376 116.48973343629376 7.28060833976836 7.28060833976836 7.28060833976836
 478608 2048 17878.056 17878.056 17878.056 109.65277030120053 109.65277030120053 109.65277030120053 6.853298143825033 6.853298143825033 6.853298143825033
 526464 1024 10356.903 10356.903 10356.903 104.1043130364357 104.1043130364357 104.1043130364357 6.506519564777231 6.506519564777231 6.506519564777231
 579104 1024 14147.043 14147.043 14147.043 83.83412646727659 83.83412646727659 83.83412646727659 5.239632904204787 5.239632904204787 5.239632904204787
 637008 1024 15711.069 15711.069 15711.069 83.0365129196492 83.0365129196492 83.0365129196492 5.189782057478075 5.189782057478075 5.189782057478075
 700704 1024 18423.08 18423.08 18423.08 77.89369595094848 77.89369595094848 77.89369595094848 4.86835599693428 4.86835599693428 4.86835599693428
 770768 1024 20338.058 20338.058 20338.058 77.61472919390827 77.61472919390827 77.61472919390827 4.850920574619267 4.850920574619267 4.850920574619267
 847840 1024 22334.099 22334.099 22334.099 77.74552803764324 77.74552803764324 77.74552803764324 4.8590955023527025 4.8590955023527025 4.8590955023527025
 932624 1024 24624.109 24624.109 24624.109 77.56682493567584 77.56682493567584 77.56682493567584 4.84792655847974 4.84792655847974 4.84792655847974
 1025872 1024 27112.961 27112.961 27112.961 77.49009250594209 77.49009250594209 77.49009250594209 4.84313078162138 4.84313078162138 4.84313078162138
 1128448 512 15376.091 15376.091 15376.091 75.15113899885218 75.15113899885218 75.15113899885218 4.696946187428261 4.696946187428261 4.696946187428261
 1241280 512 16365.051 16365.051 16365.051 77.66982944324464 77.66982944324464 77.66982944324464 4.85436434020279 4.85436434020279 4.85436434020279
 1365408 512 18033.981 18033.981 18033.981 77.53017994196622 77.53017994196622 77.53017994196622 4.845636246372889 4.845636246372889 4.845636246372889
 1501936 512 19829.988 19829.988 19829.988 77.55841627337344 77.55841627337344 77.55841627337344 4.84740101708584 4.84740101708584 4.84740101708584
 1652128 512 21826.982 21826.982 21826.982 77.50861168071702 77.50861168071702 77.50861168071702 4.844288230044814 4.844288230044814 4.844288230044814
 1817328 512 24012.804 24012.804 24012.804 77.49798282616224 77.49798282616224 77.49798282616224 4.84362392663514 4.84362392663514 4.84362392663514
 1999056 512 26426.792 26426.792 26426.792 77.46053111554365 77.46053111554365 77.46053111554365 4.841283194721478 4.841283194721478 4.841283194721478
 2198960 256 14518.976 14518.976 14518.976 77.54455410629508 77.54455410629508 77.54455410629508 4.846534631643443 4.846534631643443 4.846534631643443
 2418848 256 16096.83 16096.83 16096.83 76.93751974767703 76.93751974767703 76.93751974767703 4.808594984229814 4.808594984229814 4.808594984229814
 2660720 256 17596.006 17596.006 17596.006 77.42033277324411 77.42033277324411 77.42033277324411 4.838770798327757 4.838770798327757 4.838770798327757
 2926784 256 19386.053 19386.053 19386.053 77.29853044351009 77.29853044351009 77.29853044351009 4.8311581527193805 4.8311581527193805 4.8311581527193805
 3219456 256 22068.024 22068.024 22068.024 74.69456585691586 74.69456585691586 74.69456585691586 4.668410366057241 4.668410366057241 4.668410366057241
 3541392 256 23451.09 23451.09 23451.09 77.31805660205985 77.31805660205985 77.31805660205985 4.832378537628741 4.832378537628741 4.832378537628741
 3895520 256 25794.983 25794.983 25794.983 77.3214791418936 77.3214791418936 77.3214791418936 4.83259244636835 4.83259244636835 4.83259244636835
 4285072 128 14180.899 14180.899 14180.899 77.35605704546659 77.35605704546659 77.35605704546659 4.834753565341662 4.834753565341662 4.834753565341662
 4713568 128 15655.994 15655.994 15655.994 77.0742124709552 77.0742124709552 77.0742124709552 4.8171382794347 4.8171382794347 4.8171382794347
 5184912 128 17166.853 17166.853 17166.853 77.31979017936484 77.31979017936484 77.31979017936484 4.832486886210303 4.832486886210303 4.832486886210303
 5703392 128 18868.208 18868.208 18868.208 77.38246006192004 77.38246006192004 77.38246006192004 4.836403753870003 4.836403753870003 4.836403753870003
 6273728 128 20723.82 20723.82 20723.82 77.49895376431566 77.49895376431566 77.49895376431566 4.843684610269729 4.843684610269729 4.843684610269729
 6901088 128 22915.125 22915.125 22915.125 77.09661317579545 77.09661317579545 77.09661317579545 4.818538323487216 4.818538323487216 4.818538323487216
 7591184 128 25547.028 25547.028 25547.028 76.06924390578818 76.06924390578818 76.06924390578818 4.7543277441117615 4.7543277441117615 4.7543277441117615
 8350288 128 27941.942 27941.942 27941.942 76.50412158181419 76.50412158181419 76.50412158181419 4.781507598863387 4.781507598863387 4.781507598863387
 9185312 64 15525.103 15525.103 15525.103 75.73025029205925 75.73025029205925 75.73025029205925 4.733140643253703 4.733140643253703 4.733140643253703
 10103840 64 17273.903 17273.903 17273.903 74.86967594989969 74.86967594989969 74.86967594989969 4.67935474686873 4.67935474686873 4.67935474686873
 11114224 64 18417.12 18417.12 18417.12 77.24446992798006 77.24446992798006 77.24446992798006 4.827779370498754 4.827779370498754 4.827779370498754
 12225632 64 20414.114 20414.114 20414.114 76.65681185085965 76.65681185085965 76.65681185085965 4.791050740678728 4.791050740678728 4.791050740678728
 13448192 64 22971.869 22971.869 22971.869 74.93376250752605 74.93376250752605 74.93376250752605 4.683360156720378 4.683360156720378 4.683360156720378
 14793008 64 25253.057 25253.057 25253.057 74.98122005585303 74.98122005585303 74.98122005585303 4.686326253490814 4.686326253490814 4.686326253490814
 16272304 64 27529.001 27529.001 27529.001 75.66038854806246 75.66038854806246 75.66038854806246 4.728774284253904 4.728774284253904 4.728774284253904
 17899520 32 15347.958 15347.958 15347.958 74.6398498093362 74.6398498093362 74.6398498093362 4.664990613083512 4.664990613083512 4.664990613083512
 19689472 32 16801.834 16801.834 16801.834 74.99932495464483 74.99932495464483 74.99932495464483 4.687457809665302 4.687457809665302 4.687457809665302
 21658416 32 18493.891 18493.891 18493.891 74.95116219728992 74.95116219728992 74.95116219728992 4.68444763733062 4.68444763733062 4.68444763733062
 23824256 32 20021.915 20021.915 20021.915 76.15417326464525 76.15417326464525 76.15417326464525 4.759635829040328 4.759635829040328 4.759635829040328
 26206672 32 23009.062 23009.062 23009.062 72.89419307923113 72.89419307923113 72.89419307923113 4.555887067451946 4.555887067451946 4.555887067451946
 28827328 32 24240.971 24240.971 24240.971 76.10870835165802 76.10870835165802 76.10870835165802 4.7567942719786265 4.7567942719786265 4.7567942719786265
 31710048 32 26793.957 26793.957 26793.957 75.74256657947163 75.74256657947163 75.74256657947163 4.733910411216977 4.733910411216977 4.733910411216977
 34881040 16 14864.922 14864.922 14864.922 75.08907749398215 75.08907749398215 75.08907749398215 4.693067343373884 4.693067343373884 4.693067343373884
 38369136 16 15917.063 15917.063 15917.063 77.13812227796045 77.13812227796045 77.13812227796045 4.821132642372528 4.821132642372528 4.821132642372528
 42206048 16 17788.887 17788.887 17788.887 75.92344231541861 75.92344231541861 75.92344231541861 4.745215144713663 4.745215144713663 4.745215144713663
 46426640 16 20186.186 20186.186 20186.186 73.59748295195536 73.59748295195536 73.59748295195536 4.59984268449721 4.59984268449721 4.59984268449721
 51069296 16 23005.962 23005.962 23005.962 71.03452018220321 71.03452018220321 71.03452018220321 4.439657511387701 4.439657511387701 4.439657511387701
 56176224 16 31968.117 31968.117 31968.117 56.23225065148504 56.23225065148504 56.23225065148504 3.514515665717815 3.514515665717815 3.514515665717815
 61793840 16 42263.985 42263.985 42263.985 46.78694827286163 46.78694827286163 46.78694827286163 2.924184267053852 2.924184267053852 2.924184267053852
 67973216 8 25372.982 25372.982 25372.982 42.8633676561943 42.8633676561943 42.8633676561943 2.6789604785121437 2.6789604785121437 2.6789604785121437
 74770528 8 31172.991 31172.991 31172.991 38.37708251992887 38.37708251992887 38.37708251992887 2.3985676574955543 2.3985676574955543 2.3985676574955543
 82247568 8 36537.17 36537.17 36537.17 36.01705025320789 36.01705025320789 36.01705025320789 2.251065640825493 2.251065640825493 2.251065640825493
 90472320 8 41186.094 41186.094 41186.094 35.14674443272042 35.14674443272042 35.14674443272042 2.196671527045026 2.196671527045026 2.196671527045026
 99519552 8 46073.914 46073.914 46073.914 34.55996449531074 34.55996449531074 34.55996449531074 2.159997780956921 2.159997780956921 2.159997780956921
 109471504 8 51198.959 51198.959 51198.959 34.210540569779944 34.210540569779944 34.210540569779944 2.1381587856112465 2.1381587856112465 2.1381587856112465
 120418640 8 56744.814 56744.814 56744.814 33.953732582505246 33.953732582505246 33.953732582505246 2.122108286406578 2.122108286406578 2.122108286406578
 132460496 8 62291.861 62291.861 62291.861 34.02319182597547 34.02319182597547 34.02319182597547 2.126449489123467 2.126449489123467 2.126449489123467
 145706544 4 34245.014 34245.014 34245.014 34.03860053904489 34.03860053904489 34.03860053904489 2.127412533690306 2.127412533690306 2.127412533690306
 160277184 4 37666.082 37666.082 37666.082 34.041700222497255 34.041700222497255 34.041700222497255 2.1276062639060784 2.1276062639060784 2.1276062639060784
 176304896 4 41435.003 41435.003 41435.003 34.039798862811715 34.039798862811715 34.039798862811715 2.127487428925732 2.127487428925732 2.127487428925732
 193935376 4 45698.166 45698.166 45698.166 33.95066244015132 33.95066244015132 33.95066244015132 2.1219164025094575 2.1219164025094575 2.1219164025094575
 213328912 4 50308.943 50308.943 50308.943 33.92302032662463 33.92302032662463 33.92302032662463 2.1201887704140394 2.1201887704140394 2.1201887704140394
 234661792 4 55202.007 55202.007 55202.007 34.00771888601804 34.00771888601804 34.00771888601804 2.1254824303761275 2.1254824303761275 2.1254824303761275
 258127968 4 60821.056 60821.056 60821.056 33.95244804693953 33.95244804693953 33.95244804693953 2.1220280029337206 2.1220280029337206 2.1220280029337206
 283940752 2 33370.972 33370.972 33370.972 34.03445988927143 34.03445988927143 34.03445988927143 2.1271537430794645 2.1271537430794645 2.1271537430794645
 312334816 2 36823.034 36823.034 36823.034 33.928200050001315 33.928200050001315 33.928200050001315 2.120512503125082 2.120512503125082 2.120512503125082
 343568288 2 40441.99 40441.99 40441.99 33.981343450211035 33.981343450211035 33.981343450211035 2.1238339656381897 2.1238339656381897 2.1238339656381897
 377925104 2 44342.041 44342.041 44342.041 34.0918095312753 34.0918095312753 34.0918095312753 2.1307380957047064 2.1307380957047064 2.1307380957047064
 415717600 2 48794.031 48794.031 48794.031 34.0793815538626 34.0793815538626 34.0793815538626 2.1299613471164127 2.1299613471164127 2.1299613471164127
 457289360 2 53719.997 53719.997 53719.997 34.049842556767075 34.049842556767075 34.049842556767075 2.128115159797942 2.128115159797942 2.128115159797942
 503018288 2 59226.036 59226.036 59226.036 33.97278102488575 33.97278102488575 33.97278102488575 2.1232988140553593 2.1232988140553593 2.1232988140553593
 553320112 1 32343.149 32343.149 32343.149 34.21559922937621 34.21559922937621 34.21559922937621 2.138474951836013 2.138474951836013 2.138474951836013
 608652112 1 35502.911 35502.911 35502.911 34.28744826022858 34.28744826022858 34.28744826022858 2.142965516264286 2.142965516264286 2.142965516264286
 669517312 1 39109.945 39109.945 39109.945 34.23770153601597 34.23770153601597 34.23770153601597 2.139856346000998 2.139856346000998 2.139856346000998
 736469040 1 43072.939 43072.939 43072.939 34.19636816517211 34.19636816517211 34.19636816517211 2.137273010323257 2.137273010323257 2.137273010323257
 810115936 1 47326.803 47326.803 47326.803 34.2349740378618 34.2349740378618 34.2349740378618 2.1396858773663623 2.1396858773663623 2.1396858773663623
 891127520 1 52139.044 52139.044 52139.044 34.182733384984964 34.182733384984964 34.182733384984964 2.1364208365615602 2.1364208365615602 2.1364208365615602
 980240272 1 57431.936 57431.936 57431.936 34.135721003728655 34.135721003728655 34.135721003728655 2.133482562733041 2.133482562733041 2.133482562733041
 
META_DATA
 MPI startup(): shm:tmi fabric is unknown or has been removed from the product, please use ofi or shm:ofi instead
 FLOPS          1
 MPI_PROCS      1
 OPENMP_THREADS 2
 ERT_VERSION  1.1.0
 HOSTNAME  ('shas0816.rc.int.colorado.edu', [], ['10.225.7.65'])
 UNAME  uname_result(system='Linux', node='shas0816.rc.int.colorado.edu', release='3.10.0-957.27.2.el7.x86_64', version='#1 SMP Mon Jul 29 17:46:05 UTC 2019', machine='x86_64', processor='x86_64')
 TIMESTAMP_DATA  1664512815.9332802
 CONFIG  {'ERT_RESULTS': ['lab5_results'], 'ERT_DRIVER': ['driver1'], 'ERT_KERNEL': ['kernel1'], 'ERT_MPI': ['True'], 'ERT_MPI_CFLAGS': ['-I/usr/include/mpi'], 'ERT_MPI_LDFLAGS': ['-lmpi'], 'ERT_OPENMP': ['True'], 'ERT_OPENMP_CFLAGS': ['-qopenmp'], 'ERT_OPENMP_LDFLAGS': ['-qopenmp'], 'ERT_FLOPS': ['1,2,4,8,16'], 'ERT_ALIGN': ['32'], 'ERT_CC': ['mpicc'], 'ERT_CFLAGS': ['-O3', '-msse3', '-axSSE3', '-xSSE3', '-fno-alias', '-fno-fnalias', '-DERT_INTEL', '-std=c++11'], 'ERT_LD': ['mpicc'], 'ERT_LDFLAGS': [], 'ERT_LDLIBS': [], 'ERT_PRECISION': ['FP64'], 'ERT_RUN': ['export', 'OMP_NUM_THREADS=ERT_OPENMP_THREADS;', 'mpirun', '-np', 'ERT_MPI_PROCS', 'ERT_CODE'], 'ERT_PROCS_THREADS': ['1-24'], 'ERT_MPI_PROCS': ['1'], 'ERT_OPENMP_THREADS': ['2'], 'ERT_NUM_EXPERIMENTS': ['1'], 'ERT_MEMORY_MAX': ['1073741824'], 'ERT_WORKING_SET_MIN': ['1'], 'ERT_TRIALS_MIN': ['1'], 'ERT_GNUPLOT': ['gnuplot'], 'ERT_GPU': [False], 'ERT_HIP': [False], 'ERT_OCL': [False], 'ERT_SYCL': [False], 'ERT_WSS_MULT': [1.1]}
 