fp64
 16 67108864 966742.039 966742.039 966742.039 2.2213616056475227 2.2213616056475227 2.2213616056475227 0.5553404014118807 0.5553404014118807 0.5553404014118807
 32 33554432 508654.118 508654.118 508654.118 4.221893762393564 4.221893762393564 4.221893762393564 1.055473440598391 1.055473440598391 1.055473440598391
 48 16777216 258626.938 258626.938 258626.938 6.227552119880103 6.227552119880103 6.227552119880103 1.5568880299700258 1.5568880299700258 1.5568880299700258
 64 16777216 254177.094 254177.094 254177.094 8.448769376519822 8.448769376519822 8.448769376519822 2.1121923441299555 2.1121923441299555 2.1121923441299555
 80 8388608 127849.102 127849.102 127849.102 10.49813615429227 10.49813615429227 10.49813615429227 2.6245340385730676 2.6245340385730676 2.6245340385730676
 96 8388608 127263.069 127263.069 127263.069 12.655774755832738 12.655774755832738 12.655774755832738 3.1639436889581845 3.1639436889581845 3.1639436889581845
 112 8388608 127397.06 127397.06 127397.06 14.749541253149797 14.749541253149797 14.749541253149797 3.6873853132874492 3.6873853132874492 3.6873853132874492
 128 8388608 127877.951 127877.951 127877.951 16.793228474547583 16.793228474547583 16.793228474547583 4.198307118636896 4.198307118636896 4.198307118636896
 144 4194304 74167.013 74167.013 74167.013 16.28701902825721 16.28701902825721 16.28701902825721 4.071754757064302 4.071754757064302 4.071754757064302
 160 4194304 71906.09 71906.09 71906.09 18.66569688325426 18.66569688325426 18.66569688325426 4.666424220813565 4.666424220813565 4.666424220813565
 176 4194304 84787.13 84787.13 84787.13 17.412961235980035 17.412961235980035 17.412961235980035 4.353240308995009 4.353240308995009 4.353240308995009
 192 4194304 82729.101 82729.101 82729.101 19.468514906260133 19.468514906260133 19.468514906260133 4.867128726565033 4.867128726565033 4.867128726565033
 208 4194304 95369.101 95369.101 95369.101 18.2955532316489 18.2955532316489 18.2955532316489 4.573888307912225 4.573888307912225 4.573888307912225
 224 4194304 93616.009 93616.009 93616.009 20.071868178016434 20.071868178016434 20.071868178016434 5.0179670445041085 5.0179670445041085 5.0179670445041085
 240 4194304 105941.057 105941.057 105941.057 19.00364199688889 19.00364199688889 19.00364199688889 4.750910499222223 4.750910499222223 4.750910499222223
 256 4194304 71014.881 71014.881 71014.881 30.23991053368097 30.23991053368097 30.23991053368097 7.559977633420242 7.559977633420242 7.559977633420242
 272 2097152 42428.97 42428.97 42428.97 26.888484165418106 26.888484165418106 26.888484165418106 6.7221210413545265 6.7221210413545265 6.7221210413545265
 288 2097152 41948.08 41948.08 41948.08 28.79653972243783 28.79653972243783 28.79653972243783 7.199134930609458 7.199134930609458 7.199134930609458
 304 2097152 48554.897 48554.897 48554.897 26.26034642808531 26.26034642808531 26.26034642808531 6.565086607021327 6.565086607021327 6.565086607021327
 320 2097152 46782.017 46782.017 46782.017 28.690025913162316 28.690025913162316 28.690025913162316 7.172506478290579 7.172506478290579 7.172506478290579
 352 2097152 52156.925 52156.925 52156.925 28.306787794717575 28.306787794717575 28.306787794717575 7.076696948679394 7.076696948679394 7.076696948679394
 384 2097152 57862.043 57862.043 57862.043 27.835393506586005 27.835393506586005 27.835393506586005 6.958848376646501 6.958848376646501 6.958848376646501
 416 2097152 62685.013 62685.013 62685.013 27.83489035888052 27.83489035888052 27.83489035888052 6.95872258972013 6.95872258972013 6.95872258972013
 448 2097152 67348.003 67348.003 67348.003 27.900577720173825 27.900577720173825 27.900577720173825 6.975144430043456 6.975144430043456 6.975144430043456
 480 2097152 72731.018 72731.018 72731.018 27.68098089868617 27.68098089868617 27.68098089868617 6.920245224671542 6.920245224671542 6.920245224671542
 528 1048576 35319.09 35319.09 35319.09 31.35121137039488 31.35121137039488 31.35121137039488 7.83780284259872 7.83780284259872 7.83780284259872
 576 1048576 38788.08 38788.08 38788.08 31.142545648044447 31.142545648044447 31.142545648044447 7.785636412011112 7.785636412011112 7.785636412011112
 624 1048576 45706.034 45706.034 45706.034 28.63129292731896 28.63129292731896 28.63129292731896 7.15782323182974 7.15782323182974 7.15782323182974
 672 1048576 47267.914 47267.914 47267.914 29.814858002830423 29.814858002830423 29.814858002830423 7.453714500707606 7.453714500707606 7.453714500707606
 736 1048576 51236.868 51236.868 51236.868 30.124867741720667 30.124867741720667 30.124867741720667 7.531216935430167 7.531216935430167 7.531216935430167
 800 1048576 49434.9 49434.9 49434.9 33.93799926772381 33.93799926772381 33.93799926772381 8.484499816930953 8.484499816930953 8.484499816930953
 880 1048576 59788.942 59788.942 59788.942 30.866807444092252 30.866807444092252 30.866807444092252 7.716701861023063 7.716701861023063 7.716701861023063
 960 1048576 68197.012 68197.012 68197.012 29.521321549982275 29.521321549982275 29.521321549982275 7.380330387495569 7.380330387495569 7.380330387495569
 1056 524288 31972.17 31972.17 31972.17 34.6331279985062 34.6331279985062 34.6331279985062 8.65828199962655 8.65828199962655 8.65828199962655
 1152 524288 37125.111 37125.111 37125.111 32.53753374636375 32.53753374636375 32.53753374636375 8.134383436590937 8.134383436590937 8.134383436590937
 1264 524288 41489.124 41489.124 41489.124 31.945723028521886 31.945723028521886 31.945723028521886 7.986430757130472 7.986430757130472 7.986430757130472
 1376 524288 43584.108 43584.108 43584.108 33.104740287446056 33.104740287446056 33.104740287446056 8.276185071861514 8.276185071861514 8.276185071861514
 1504 524288 47739.029 47739.029 47739.029 33.03498912807799 33.03498912807799 33.03498912807799 8.258747282019497 8.258747282019497 8.258747282019497
 1648 524288 51648.14 51648.14 51648.14 33.45818935589936 33.45818935589936 33.45818935589936 8.36454733897484 8.36454733897484 8.36454733897484
 1808 524288 53564.072 53564.072 53564.072 35.39360129304583 35.39360129304583 35.39360129304583 8.848400323261458 8.848400323261458 8.848400323261458
 1984 524288 60827.971 60827.971 60827.971 34.20095639882514 34.20095639882514 34.20095639882514 8.550239099706285 8.550239099706285 8.550239099706285
 2176 262144 32981.873 32981.873 32981.873 34.59023348977179 34.59023348977179 34.59023348977179 8.647558372442948 8.647558372442948 8.647558372442948
 2384 262144 36271.095 36271.095 36271.095 34.46001814943828 34.46001814943828 34.46001814943828 8.61500453735957 8.61500453735957 8.61500453735957
 2608 262144 43209.076 43209.076 43209.076 31.644812400061504 31.644812400061504 31.644812400061504 7.911203100015376 7.911203100015376 7.911203100015376
 2864 262144 42282.104 42282.104 42282.104 35.51291657576927 35.51291657576927 35.51291657576927 8.878229143942317 8.878229143942317 8.878229143942317
 3136 262144 45769.93 45769.93 45769.93 35.92243134302368 35.92243134302368 35.92243134302368 8.98060783575592 8.98060783575592 8.98060783575592
 3440 262144 50946.951 50946.951 50946.951 35.400562439938746 35.400562439938746 35.400562439938746 8.850140609984686 8.850140609984686 8.850140609984686
 3776 262144 55839.062 55839.062 55839.062 35.45388151398389 35.45388151398389 35.45388151398389 8.863470378495972 8.863470378495972 8.863470378495972
 4144 131072 30088.902 30088.902 30088.902 36.103834430382335 36.103834430382335 36.103834430382335 9.025958607595584 9.025958607595584 9.025958607595584
 4544 131072 33178.806 33178.806 33178.806 35.90190484853494 35.90190484853494 35.90190484853494 8.975476212133735 8.975476212133735 8.975476212133735
 4992 131072 36252.975 36252.975 36252.975 36.096978192824174 36.096978192824174 36.096978192824174 9.024244548206044 9.024244548206044 9.024244548206044
 5488 131072 39880.037 39880.037 39880.037 36.074346470641444 36.074346470641444 36.074346470641444 9.018586617660361 9.018586617660361 9.018586617660361
 6032 131072 43735.981 43735.981 43735.981 36.1545018962762 36.1545018962762 36.1545018962762 9.03862547406905 9.03862547406905 9.03862547406905
 6624 131072 47966.957 47966.957 47966.957 36.20079247470294 36.20079247470294 36.20079247470294 9.050198118675736 9.050198118675736 9.050198118675736
 7280 131072 52623.034 52623.034 52623.034 36.265645952683 36.265645952683 36.265645952683 9.06641148817075 9.06641148817075 9.06641148817075
 8000 131072 57270.05 57270.05 57270.05 36.61865145918329 36.61865145918329 36.61865145918329 9.154662864795823 9.154662864795823 9.154662864795823
 8800 65536 31597.853 31597.853 31597.853 36.50354345277826 36.50354345277826 36.50354345277826 9.125885863194565 9.125885863194565 9.125885863194565
 9680 65536 35918.951 35918.951 35918.951 35.32333001595732 35.32333001595732 35.32333001595732 8.83083250398933 8.83083250398933 8.83083250398933
 10640 65536 39036.036 39036.036 39036.036 35.72611932215658 35.72611932215658 35.72611932215658 8.931529830539144 8.931529830539144 8.931529830539144
 11696 65536 41824.102 41824.102 41824.102 36.65393968291298 36.65393968291298 36.65393968291298 9.163484920728244 9.163484920728244 9.163484920728244
 12864 65536 45651.913 45651.913 45651.913 36.93405373833951 36.93405373833951 36.93405373833951 9.233513434584877 9.233513434584877 9.233513434584877
 14144 65536 50202.131 50202.131 50202.131 36.92836003316273 36.92836003316273 36.92836003316273 9.232090008290683 9.232090008290683 9.232090008290683
 15552 65536 55385.113 55385.113 55385.113 36.80468692011154 36.80468692011154 36.80468692011154 9.201171730027886 9.201171730027886 9.201171730027886
 17104 32768 30481.1 30481.1 30481.1 36.77451745507873 36.77451745507873 36.77451745507873 9.193629363769682 9.193629363769682 9.193629363769682
 18800 32768 33466.101 33466.101 33466.101 36.81566609746381 36.81566609746381 36.81566609746381 9.203916524365953 9.203916524365953 9.203916524365953
 20672 32768 37117.958 37117.958 37117.958 36.49878024001213 36.49878024001213 36.49878024001213 9.124695060003033 9.124695060003033 9.124695060003033
 22736 32768 40376.902 40376.902 40376.902 36.902942578407824 36.902942578407824 36.902942578407824 9.225735644601956 9.225735644601956 9.225735644601956
 25008 32768 44797.182 44797.182 44797.182 36.5854327176205 36.5854327176205 36.5854327176205 9.146358179405125 9.146358179405125 9.146358179405125
 27504 32768 49131.87 49131.87 49131.87 36.68702502062307 36.68702502062307 36.68702502062307 9.171756255155767 9.171756255155767 9.171756255155767
 30240 32768 53911.924 53911.924 53911.924 36.760117112496296 36.760117112496296 36.760117112496296 9.190029278124074 9.190029278124074 9.190029278124074
 33264 16384 29780.865 29780.865 29780.865 36.60050680193473 36.60050680193473 36.60050680193473 9.150126700483682 9.150126700483682 9.150126700483682
 36576 16384 32553.911 32553.911 32553.911 36.81654004644788 36.81654004644788 36.81654004644788 9.20413501161197 9.20413501161197 9.20413501161197
 40224 16384 35848.141 35848.141 35848.141 36.76787680566197 36.76787680566197 36.76787680566197 9.191969201415493 9.191969201415493 9.191969201415493
 44240 16384 39541.96 39541.96 39541.96 36.66121557960202 36.66121557960202 36.66121557960202 9.165303894900505 9.165303894900505 9.165303894900505
 48656 16384 43389.082 43389.082 43389.082 36.74564509108536 36.74564509108536 36.74564509108536 9.18641127277134 9.18641127277134 9.18641127277134
 53520 16384 47702.074 47702.074 47702.074 36.76450965213798 36.76450965213798 36.76450965213798 9.191127413034495 9.191127413034495 9.191127413034495
 58864 16384 52785.873 52785.873 52785.873 36.541131980520625 36.541131980520625 36.541131980520625 9.135282995130156 9.135282995130156 9.135282995130156
 64736 16384 57716.131 57716.131 57716.131 36.753490077150175 36.753490077150175 36.753490077150175 9.188372519287544 9.188372519287544 9.188372519287544
 71200 8192 34892.082 34892.082 34892.082 33.43282295392977 33.43282295392977 33.43282295392977 8.358205738482443 8.358205738482443 8.358205738482443
 78320 8192 38921.118 38921.118 38921.118 32.96911666309276 32.96911666309276 32.96911666309276 8.24227916577319 8.24227916577319 8.24227916577319
 86144 8192 42814.97 42814.97 42814.97 32.96471528533127 32.96471528533127 32.96471528533127 8.241178821332818 8.241178821332818 8.241178821332818
 94752 8192 47561.884 47561.884 47561.884 32.63993428014753 32.63993428014753 32.63993428014753 8.159983570036882 8.159983570036882 8.159983570036882
 104224 8192 51855.087 51855.087 51855.087 32.930347142219624 32.930347142219624 32.930347142219624 8.232586785554906 8.232586785554906 8.232586785554906
 114640 8192 56992.769 56992.769 56992.769 32.956141506302316 32.956141506302316 32.956141506302316 8.239035376575579 8.239035376575579 8.239035376575579
 126096 8192 62904.835 62904.835 62904.835 32.84257663182807 32.84257663182807 32.84257663182807 8.210644157957017 8.210644157957017 8.210644157957017
 138704 4096 34463.167 34463.167 34463.167 32.97036421522142 32.97036421522142 32.97036421522142 8.242591053805356 8.242591053805356 8.242591053805356
 152560 4096 37944.078 37944.078 37944.078 32.937195627734056 32.937195627734056 32.937195627734056 8.234298906933514 8.234298906933514 8.234298906933514
 167808 4096 41837.931 41837.931 41837.931 32.857340292472884 32.857340292472884 32.857340292472884 8.214335073118221 8.214335073118221 8.214335073118221
 184576 4096 45999.05 45999.05 45999.05 32.87125694987179 32.87125694987179 32.87125694987179 8.217814237467948 8.217814237467948 8.217814237467948
 203024 4096 50457.001 50457.001 50457.001 32.962177201138054 32.962177201138054 32.962177201138054 8.240544300284514 8.240544300284514 8.240544300284514
 223312 4096 55603.981 55603.981 55603.981 32.90001670923527 32.90001670923527 32.90001670923527 8.225004177308817 8.225004177308817 8.225004177308817
 245632 4096 61307.907 61307.907 61307.907 32.82149795131646 32.82149795131646 32.82149795131646 8.205374487829115 8.205374487829115 8.205374487829115
 270192 2048 33765.078 33765.078 33765.078 32.776658534596 32.776658534596 32.776658534596 8.194164633649 8.194164633649 8.194164633649
 297200 2048 37821.054 37821.054 37821.054 32.18660167429496 32.18660167429496 32.18660167429496 8.04665041857374 8.04665041857374 8.04665041857374
 326912 2048 42783.976 42783.976 42783.976 31.297501475786166 31.297501475786166 31.297501475786166 7.824375368946542 7.824375368946542 7.824375368946542
 359600 2048 47585.011 47585.011 47585.011 30.953478186649996 30.953478186649996 30.953478186649996 7.738369546662499 7.738369546662499 7.738369546662499
 395552 2048 52460.194 52460.194 52460.194 30.88400687195324 30.88400687195324 30.88400687195324 7.72100171798831 7.72100171798831 7.72100171798831
 435104 2048 58133.841 58133.841 58133.841 30.656601272914344 30.656601272914344 30.656601272914344 7.664150318228586 7.664150318228586 7.664150318228586
 478608 2048 64589.024 64589.024 64589.024 30.35157131341697 30.35157131341697 30.35157131341697 7.587892828354242 7.587892828354242 7.587892828354242
 526464 1024 36377.907 36377.907 36377.907 29.638820947010505 29.638820947010505 29.638820947010505 7.409705236752626 7.409705236752626 7.409705236752626
 579104 1024 45287.132 45287.132 45287.132 26.18856482234291 26.18856482234291 26.18856482234291 6.547141205585728 6.547141205585728 6.547141205585728
 637008 1024 50262.928 50262.928 50262.928 25.955359862839668 25.955359862839668 25.955359862839668 6.488839965709917 6.488839965709917 6.488839965709917
 700704 1024 56872.129 56872.129 56872.129 25.232777763603682 25.232777763603682 25.232777763603682 6.3081944409009205 6.3081944409009205 6.3081944409009205
 770768 1024 62353.134 62353.134 62353.134 25.316014813305134 25.316014813305134 25.316014813305134 6.329003703326284 6.329003703326284 6.329003703326284
 847840 1024 68643.808 68643.808 68643.808 25.2954544712904 25.2954544712904 25.2954544712904 6.3238636178226 6.3238636178226 6.3238636178226
 932624 1024 75562.954 75562.954 75562.954 25.277121272945468 25.277121272945468 25.277121272945468 6.319280318236367 6.319280318236367 6.319280318236367
 1025872 1024 82985.878 82985.878 82985.878 25.317390219092456 25.317390219092456 25.317390219092456 6.329347554773114 6.329347554773114 6.329347554773114
 1128448 512 46938.896 46938.896 46938.896 24.61776587161317 24.61776587161317 24.61776587161317 6.154441467903292 6.154441467903292 6.154441467903292
 1241280 512 50282.001 50282.001 50282.001 25.278841229886616 25.278841229886616 25.278841229886616 6.319710307471654 6.319710307471654 6.319710307471654
 1365408 512 55312.872 55312.872 55312.872 25.277620587121202 25.277620587121202 25.277620587121202 6.3194051467803005 6.3194051467803005 6.3194051467803005
 1501936 512 60847.044 60847.044 60847.044 25.276206745556937 25.276206745556937 25.276206745556937 6.319051686389234 6.319051686389234 6.319051686389234
 1652128 512 66972.017 66972.017 66972.017 25.2609843302166 25.2609843302166 25.2609843302166 6.31524608255415 6.31524608255415 6.31524608255415
 1817328 512 73635.101 73635.101 73635.101 25.272510619629628 25.272510619629628 25.272510619629628 6.318127654907407 6.318127654907407 6.318127654907407
 1999056 512 81137.18 81137.18 81137.18 25.229288767492292 25.229288767492292 25.229288767492292 6.307322191873073 6.307322191873073 6.307322191873073
 2198960 256 44628.143 44628.143 44628.143 25.22774743282507 25.22774743282507 25.22774743282507 6.306936858206267 6.306936858206267 6.306936858206267
 2418848 256 49125.91 49125.91 49125.91 25.20971471062826 25.20971471062826 25.20971471062826 6.302428677657065 6.302428677657065 6.302428677657065
 2660720 256 54052.114 54052.114 54052.114 25.20324440964511 25.20324440964511 25.20324440964511 6.300811102411277 6.300811102411277 6.300811102411277
 2926784 256 59455.156 59455.156 59455.156 25.20409513348178 25.20409513348178 25.20409513348178 6.301023783370445 6.301023783370445 6.301023783370445
 3219456 256 68531.036 68531.036 68531.036 24.05277328654422 24.05277328654422 24.05277328654422 6.013193321636055 6.013193321636055 6.013193321636055
 3541392 256 72070.837 72070.837 72070.837 25.15847989943561 25.15847989943561 25.15847989943561 6.289619974858902 6.289619974858902 6.289619974858902
 3895520 256 79785.109 79785.109 79785.109 24.998477347445878 24.998477347445878 24.998477347445878 6.249619336861469 6.249619336861469 6.249619336861469
 4285072 128 43633.938 43633.938 43633.938 25.14048656346351 25.14048656346351 25.14048656346351 6.285121640865878 6.285121640865878 6.285121640865878
 4713568 128 47987.938 47987.938 47987.938 25.1453481497788 25.1453481497788 25.1453481497788 6.2863370374447 6.2863370374447 6.2863370374447
 5184912 128 52988.052 52988.052 52988.052 25.049750309749072 25.049750309749072 25.049750309749072 6.262437577437268 6.262437577437268 6.262437577437268
 5703392 128 58261.871 58261.871 58261.871 25.06044393939906 25.06044393939906 25.06044393939906 6.265110984849765 6.265110984849765 6.265110984849765
 6273728 128 63977.957 63977.957 63977.957 25.10355821458944 25.10355821458944 25.10355821458944 6.27588955364736 6.27588955364736 6.27588955364736
 6901088 128 70840.836 70840.836 70840.836 24.93870241734584 24.93870241734584 24.93870241734584 6.23467560433646 6.23467560433646 6.23467560433646
 7591184 128 78042.03 78042.03 78042.03 24.90123724357247 24.90123724357247 24.90123724357247 6.225309310893118 6.225309310893118 6.225309310893118
 8350288 128 85300.922 85300.922 85300.922 25.060382442290603 25.060382442290603 25.060382442290603 6.265095610572651 6.265095610572651 6.265095610572651
 9185312 64 47508.001 47508.001 47508.001 24.74783007603288 24.74783007603288 24.74783007603288 6.18695751900822 6.18695751900822 6.18695751900822
 10103840 64 56851.149 56851.149 56851.149 22.748731428453628 22.748731428453628 22.748731428453628 5.687182857113407 5.687182857113407 5.687182857113407
 11114224 64 57748.795 57748.795 57748.795 24.634638211931524 24.634638211931524 24.634638211931524 6.158659552982881 6.158659552982881 6.158659552982881
 12225632 64 63956.022 63956.022 63956.022 24.468077392305606 24.468077392305606 24.468077392305606 6.1170193480764015 6.1170193480764015 6.1170193480764015
 13448192 64 71983.099 71983.099 71983.099 23.91351025328876 23.91351025328876 23.91351025328876 5.97837756332219 5.97837756332219 5.97837756332219
 14793008 64 77183.962 77183.962 77183.962 24.53236365347506 24.53236365347506 24.53236365347506 6.133090913368765 6.133090913368765 6.133090913368765
 16272304 64 85289.955 85289.955 85289.955 24.42087010129153 24.42087010129153 24.42087010129153 6.105217525322883 6.105217525322883 6.105217525322883
 17899520 32 47883.034 47883.034 47883.034 23.924325263098407 23.924325263098407 23.924325263098407 5.981081315774602 5.981081315774602 5.981081315774602
 19689472 32 52688.122 52688.122 52688.122 23.916703806599898 23.916703806599898 23.916703806599898 5.9791759516499745 5.9791759516499745 5.9791759516499745
 21658416 32 57067.871 57067.871 57067.871 24.289299735747985 24.289299735747985 24.289299735747985 6.072324933936996 6.072324933936996 6.072324933936996
 23824256 32 63024.998 63024.998 63024.998 24.192819236582917 24.192819236582917 24.192819236582917 6.048204809145729 6.048204809145729 6.048204809145729
 26206672 32 69236.994 69236.994 69236.994 24.22443423814731 24.22443423814731 24.22443423814731 6.056108559536828 6.056108559536828 6.056108559536828
 28827328 32 76192.141 76192.141 76192.141 24.214426419648714 24.214426419648714 24.214426419648714 6.053606604912178 6.053606604912178 6.053606604912178
 31710048 32 83955.05 83955.05 83955.05 24.17297198917754 24.17297198917754 24.17297198917754 6.043242997294385 6.043242997294385 6.043242997294385
 34881040 16 46219.11 46219.11 46219.11 24.15003837157401 24.15003837157401 24.15003837157401 6.037509592893502 6.037509592893502 6.037509592893502
 38369136 16 51142.931 51142.931 51142.931 24.007469419380755 24.007469419380755 24.007469419380755 6.001867354845189 6.001867354845189 6.001867354845189
 42206048 16 56298.018 56298.018 56298.018 23.990072545715556 23.990072545715556 23.990072545715556 5.997518136428889 5.997518136428889 5.997518136428889
 46426640 16 62949.181 62949.181 62949.181 23.600823019444846 23.600823019444846 23.600823019444846 5.9002057548612115 5.9002057548612115 5.9002057548612115
 51069296 16 71406.126 71406.126 71406.126 22.88623628734599 22.88623628734599 22.88623628734599 5.721559071836498 5.721559071836498 5.721559071836498
 56176224 16 82427.025 82427.025 82427.025 21.8088565976996 21.8088565976996 21.8088565976996 5.4522141494249 5.4522141494249 5.4522141494249
 61793840 16 97010.136 97010.136 97010.136 20.383466733826662 20.383466733826662 20.383466733826662 5.0958666834566655 5.0958666834566655 5.0958666834566655
 67973216 8 56939.125 56939.125 56939.125 19.100600088252147 19.100600088252147 19.100600088252147 4.775150022063037 4.775150022063037 4.775150022063037
 74770528 8 66331.863 66331.863 66331.863 18.03550200301174 18.03550200301174 18.03550200301174 4.508875500752935 4.508875500752935 4.508875500752935
 82247568 8 76156.139 76156.139 76156.139 17.279776854233642 17.279776854233642 17.279776854233642 4.3199442135584105 4.3199442135584105 4.3199442135584105
 90472320 8 85703.85 85703.85 85703.85 16.890222784624026 16.890222784624026 16.890222784624026 4.2225556961560065 4.2225556961560065 4.2225556961560065
 99519552 8 95705.032 95705.032 95705.032 16.63771275892787 16.63771275892787 16.63771275892787 4.159428189731967 4.159428189731967 4.159428189731967
 109471504 8 106692.076 106692.076 106692.076 16.416814909478376 16.416814909478376 16.416814909478376 4.104203727369594 4.104203727369594 4.104203727369594
 120418640 8 118150.949 118150.949 118150.949 16.307090686169605 16.307090686169605 16.307090686169605 4.076772671542401 4.076772671542401 4.076772671542401
 132460496 8 130431.175 130431.175 130431.175 16.248936927847197 16.248936927847197 16.248936927847197 4.062234231961799 4.062234231961799 4.062234231961799
 145706544 4 71748.018 71748.018 71748.018 16.24647459947953 16.24647459947953 16.24647459947953 4.0616186498698825 4.0616186498698825 4.0616186498698825
 160277184 4 79127.073 79127.073 79127.073 16.20453560818558 16.20453560818558 16.20453560818558 4.051133902046395 4.051133902046395 4.051133902046395
 176304896 4 87104.082 87104.082 87104.082 16.19257255934343 16.19257255934343 16.19257255934343 4.048143139835857 4.048143139835857 4.048143139835857
 193935376 4 95988.035 95988.035 95988.035 16.16329585244661 16.16329585244661 16.16329585244661 4.040823963111652 4.040823963111652 4.040823963111652
 213328912 4 105565.071 105565.071 105565.071 16.166628600098228 16.166628600098228 16.166628600098228 4.041657150024557 4.041657150024557 4.041657150024557
 234661792 4 116014.957 116014.957 116014.957 16.181485426917842 16.181485426917842 16.181485426917842 4.0453713567294605 4.0453713567294605 4.0453713567294605
 258127968 4 127827.883 127827.883 127827.883 16.154720672327805 16.154720672327805 16.154720672327805 4.038680168081951 4.038680168081951 4.038680168081951
 283940752 2 70261.955 70261.955 70261.955 16.16469407946306 16.16469407946306 16.16469407946306 4.041173519865765 4.041173519865765 4.041173519865765
 312334816 2 77325.821 77325.821 77325.821 16.156818613021905 16.156818613021905 16.156818613021905 4.039204653255476 4.039204653255476 4.039204653255476
 343568288 2 85159.063 85159.063 85159.063 16.1377204443877 16.1377204443877 16.1377204443877 4.034430111096925 4.034430111096925 4.034430111096925
 377925104 2 93632.936 93632.936 93632.936 16.144964374501726 16.144964374501726 16.144964374501726 4.036241093625431 4.036241093625431 4.036241093625431
 415717600 2 103055.0 103055.0 103055.0 16.135756634806658 16.135756634806658 16.135756634806658 4.033939158701664 4.033939158701664 4.033939158701664
 457289360 2 113445.997 113445.997 113445.997 16.123596145926594 16.123596145926594 16.123596145926594 4.030899036481649 4.030899036481649 4.030899036481649
 503018288 2 124686.003 124686.003 124686.003 16.137121277357814 16.137121277357814 16.137121277357814 4.034280319339453 4.034280319339453 4.034280319339453
 553320112 1 68626.881 68626.881 68626.881 16.12546290716607 16.12546290716607 16.12546290716607 4.031365726791518 4.031365726791518 4.031365726791518
 608652112 1 75472.116 75472.116 75472.116 16.12919166066578 16.12919166066578 16.12919166066578 4.032297915166445 4.032297915166445 4.032297915166445
 669517312 1 83118.916 83118.916 83118.916 16.10986630287623 16.10986630287623 16.10986630287623 4.027466575719058 4.027466575719058 4.027466575719058
 736469040 1 91387.987 91387.987 91387.987 16.117414644443368 16.117414644443368 16.117414644443368 4.029353661110842 4.029353661110842 4.029353661110842
 810115936 1 100499.868 100499.868 100499.868 16.121731343965546 16.121731343965546 16.121731343965546 4.030432835991387 4.030432835991387 4.030432835991387
 891127520 1 110608.101 110608.101 110608.101 16.11324147044166 16.11324147044166 16.11324147044166 4.028310367610415 4.028310367610415 4.028310367610415
 980240272 1 121617.794 121617.794 121617.794 16.120014017027803 16.120014017027803 16.120014017027803 4.030003504256951 4.030003504256951 4.030003504256951
 
META_DATA
 MPI startup(): shm:tmi fabric is unknown or has been removed from the product, please use ofi or shm:ofi instead
 FLOPS          4
 MPI_PROCS      2
 OPENMP_THREADS 1
 ERT_VERSION  1.1.0
 HOSTNAME  ('shas0543.rc.int.colorado.edu', [], ['10.225.6.221'])
 UNAME  uname_result(system='Linux', node='shas0543.rc.int.colorado.edu', release='3.10.0-957.27.2.el7.x86_64', version='#1 SMP Mon Jul 29 17:46:05 UTC 2019', machine='x86_64', processor='x86_64')
 TIMESTAMP_DATA  1664516539.5217636
 CONFIG  {'ERT_RESULTS': ['lab5_results'], 'ERT_DRIVER': ['driver1'], 'ERT_KERNEL': ['kernel1'], 'ERT_MPI': ['True'], 'ERT_MPI_CFLAGS': ['-I/usr/include/mpi'], 'ERT_MPI_LDFLAGS': ['-lmpi'], 'ERT_OPENMP': ['True'], 'ERT_OPENMP_CFLAGS': ['-qopenmp'], 'ERT_OPENMP_LDFLAGS': ['-qopenmp'], 'ERT_FLOPS': ['1,2,4,8,16'], 'ERT_ALIGN': ['32'], 'ERT_CC': ['mpicc'], 'ERT_CFLAGS': ['-O3', '-msse3', '-axSSE3', '-xSSE3', '-fno-alias', '-fno-fnalias', '-DERT_INTEL', '-std=c++11'], 'ERT_LD': ['mpicc'], 'ERT_LDFLAGS': [], 'ERT_LDLIBS': [], 'ERT_PRECISION': ['FP64'], 'ERT_RUN': ['export', 'OMP_NUM_THREADS=ERT_OPENMP_THREADS;', 'mpirun', '-np', 'ERT_MPI_PROCS', 'ERT_CODE'], 'ERT_PROCS_THREADS': ['1-24'], 'ERT_MPI_PROCS': ['2'], 'ERT_OPENMP_THREADS': ['1'], 'ERT_NUM_EXPERIMENTS': ['1'], 'ERT_MEMORY_MAX': ['1073741824'], 'ERT_WORKING_SET_MIN': ['1'], 'ERT_TRIALS_MIN': ['1'], 'ERT_GNUPLOT': ['gnuplot'], 'ERT_GPU': [False], 'ERT_HIP': [False], 'ERT_OCL': [False], 'ERT_SYCL': [False], 'ERT_WSS_MULT': [1.1]}
 