fp64
 64 16777216 138212.919 138212.919 138212.919 15.537503031825848 15.537503031825848 15.537503031825848 0.9710939394891155 0.9710939394891155 0.9710939394891155
 128 8388608 76771.975 76771.975 76771.975 27.972233982517707 27.972233982517707 27.972233982517707 1.7482646239073567 1.7482646239073567 1.7482646239073567
 192 4194304 38306.952 38306.952 38306.952 42.04492009701007 42.04492009701007 42.04492009701007 2.6278075060631294 2.6278075060631294 2.6278075060631294
 256 4194304 35056.829 35056.829 35056.829 61.257213195180896 61.257213195180896 61.257213195180896 3.828575824698806 3.828575824698806 3.828575824698806
 320 2097152 14070.988 14070.988 14070.988 95.38614346057292 95.38614346057292 95.38614346057292 5.961633966285808 5.961633966285808 5.961633966285808
 384 2097152 20826.817 20826.817 20826.817 77.33360004075516 77.33360004075516 77.33360004075516 4.833350002547197 4.833350002547197 4.833350002547197
 448 2097152 16673.088 16673.088 16673.088 112.69947066794106 112.69947066794106 112.69947066794106 7.043716916746316 7.043716916746316 7.043716916746316
 512 2097152 23144.96 23144.96 23144.96 92.78407255834533 92.78407255834533 92.78407255834533 5.799004534896583 5.799004534896583 5.799004534896583
 576 1048576 10869.98 10869.98 10869.98 111.12803813806465 111.12803813806465 111.12803813806465 6.945502383629041 6.945502383629041 6.945502383629041
 640 1048576 12982.845 12982.845 12982.845 103.38082908638285 103.38082908638285 103.38082908638285 6.461301817898928 6.461301817898928 6.461301817898928
 704 1048576 12241.125 12241.125 12241.125 120.60942176474792 120.60942176474792 120.60942176474792 7.538088860296745 7.538088860296745 7.538088860296745
 768 1048576 14069.796 14069.796 14069.796 114.47306954557124 114.47306954557124 114.47306954557124 7.154566846598202 7.154566846598202 7.154566846598202
 832 1048576 13468.027 13468.027 13468.027 129.55353178308894 129.55353178308894 129.55353178308894 8.097095736443059 8.097095736443059 8.097095736443059
 896 1048576 15475.035 15475.035 15475.035 121.42448737595747 121.42448737595747 121.42448737595747 7.589030460997342 7.589030460997342 7.589030460997342
 960 1048576 25866.032 25866.032 25866.032 77.83435511098106 77.83435511098106 77.83435511098106 4.8646471944363165 4.8646471944363165 4.8646471944363165
 1024 1048576 8265.972 8265.972 8265.972 259.79807916116823 259.79807916116823 259.79807916116823 16.237379947573015 16.237379947573015 16.237379947573015
 1088 524288 5120.039 5120.039 5120.039 222.8207027329284 222.8207027329284 222.8207027329284 13.926293920808025 13.926293920808025 13.926293920808025
 1152 524288 5229.95 5229.95 5229.95 230.96961768276944 230.96961768276944 230.96961768276944 14.43560110517309 14.43560110517309 14.43560110517309
 1216 524288 5797.148 5797.148 5797.148 219.9475355812893 219.9475355812893 219.9475355812893 13.74672097383058 13.74672097383058 13.74672097383058
 1280 524288 6268.024 6268.024 6268.024 214.13084570193092 214.13084570193092 214.13084570193092 13.383177856370683 13.383177856370683 13.383177856370683
 1408 524288 6798.029 6798.029 6798.029 217.1798631632786 217.1798631632786 217.1798631632786 13.573741447704913 13.573741447704913 13.573741447704913
 1536 524288 7514.0 7514.0 7514.0 214.34824807026882 214.34824807026882 214.34824807026882 13.396765504391801 13.396765504391801 13.396765504391801
 1664 524288 8155.107 8155.107 8155.107 213.95555741941828 213.95555741941828 213.95555741941828 13.372222338713643 13.372222338713643 13.372222338713643
 1792 524288 8829.832 8829.832 8829.832 212.80678862293186 212.80678862293186 212.80678862293186 13.300424288933241 13.300424288933241 13.300424288933241
 1920 524288 9436.131 9436.131 9436.131 213.3571397005828 213.3571397005828 213.3571397005828 13.334821231286424 13.334821231286424 13.334821231286424
 2112 262144 4333.973 4333.973 4333.973 255.49219065277978 255.49219065277978 255.49219065277978 15.968261915798736 15.968261915798736 15.968261915798736
 2304 262144 4817.009 4817.009 4817.009 250.76962737665636 250.76962737665636 250.76962737665636 15.673101711041022 15.673101711041022 15.673101711041022
 2496 262144 5542.04 5542.04 5542.04 236.12656133842412 236.12656133842412 236.12656133842412 14.757910083651508 14.757910083651508 14.757910083651508
 2688 262144 5757.809 5757.809 5757.809 244.76083593603053 244.76083593603053 244.76083593603053 15.297552246001908 15.297552246001908 15.297552246001908
 2944 262144 6640.911 6640.911 6640.911 232.4235141835209 232.4235141835209 232.4235141835209 14.526469636470056 14.526469636470056 14.526469636470056
 3200 262144 6592.035 6592.035 6592.035 254.507386565757 254.507386565757 254.507386565757 15.906711660359813 15.906711660359813 15.906711660359813
 3520 262144 7282.019 7282.019 7282.019 253.43160461405006 253.43160461405006 253.43160461405006 15.839475288378129 15.839475288378129 15.839475288378129
 3840 262144 8062.124 8062.124 8062.124 249.71904674252093 249.71904674252093 249.71904674252093 15.607440421407558 15.607440421407558 15.607440421407558
 4224 131072 4166.842 4166.842 4166.842 265.7399191042041 265.7399191042041 265.7399191042041 16.608744944012756 16.608744944012756 16.608744944012756
 4608 131072 4639.864 4639.864 4639.864 260.3437411096532 260.3437411096532 260.3437411096532 16.271483819353325 16.271483819353325 16.271483819353325
 5056 131072 5403.042 5403.042 5403.042 245.30626709916376 245.30626709916376 245.30626709916376 15.331641693697735 15.331641693697735 15.331641693697735
 5504 131072 5435.944 5435.944 5435.944 265.4259455211459 265.4259455211459 265.4259455211459 16.589121595071617 16.589121595071617 16.589121595071617
 6016 131072 6164.074 6164.074 6164.074 255.84675070416094 255.84675070416094 255.84675070416094 15.990421919010059 15.990421919010059 15.990421919010059
 6592 131072 6749.153 6749.153 6749.153 256.04001687322835 256.04001687322835 256.04001687322835 16.002501054576772 16.002501054576772 16.002501054576772
 7232 131072 7003.784 7003.784 7003.784 270.6858760921239 270.6858760921239 270.6858760921239 16.917867255757745 16.917867255757745 16.917867255757745
 7936 131072 7892.132 7892.132 7892.132 263.6011136154337 263.6011136154337 263.6011136154337 16.475069600964606 16.475069600964606 16.475069600964606
 8704 65536 4278.898 4278.898 4278.898 266.62254814206835 266.62254814206835 266.62254814206835 16.663909258879272 16.663909258879272 16.663909258879272
 9536 65536 4642.963 4642.963 4642.963 269.2036512029064 269.2036512029064 269.2036512029064 16.82522820018165 16.82522820018165 16.82522820018165
 10432 65536 5052.805 5052.805 5052.805 270.61070118478744 270.61070118478744 270.61070118478744 16.913168824049215 16.913168824049215 16.913168824049215
 11456 65536 5599.976 5599.976 5599.976 268.1370120157658 268.1370120157658 268.1370120157658 16.75856325098536 16.75856325098536 16.75856325098536
 12544 65536 6032.944 6032.944 6032.944 272.53148181053893 272.53148181053893 272.53148181053893 17.033217613158683 17.033217613158683 17.033217613158683
 13760 65536 6614.208 6614.208 6614.208 272.67825868191625 272.67825868191625 272.67825868191625 17.042391167619765 17.042391167619765 17.042391167619765
 15104 65536 7276.058 7276.058 7276.058 272.08572114186006 272.08572114186006 272.08572114186006 17.005357571366254 17.005357571366254 17.005357571366254
 16576 32768 3994.942 3994.942 3994.942 271.9250332044871 271.9250332044871 271.9250332044871 16.995314575280442 16.995314575280442 16.995314575280442
 18176 32768 4365.921 4365.921 4365.921 272.8364384055506 272.8364384055506 272.8364384055506 17.052277400346913 17.052277400346913 17.052277400346913
 19968 32768 4760.981 4760.981 4760.981 274.86411897043905 274.86411897043905 274.86411897043905 17.17900743565244 17.17900743565244 17.17900743565244
 21952 32768 5383.968 5383.968 5383.968 267.2092909913283 267.2092909913283 267.2092909913283 16.70058068695802 16.70058068695802 16.70058068695802
 24128 32768 5777.836 5777.836 5777.836 273.6755781922505 273.6755781922505 273.6755781922505 17.104723637015656 17.104723637015656 17.104723637015656
 26496 32768 6324.053 6324.053 6324.053 274.5773724540259 274.5773724540259 274.5773724540259 17.16108577837662 17.16108577837662 17.16108577837662
 29120 32768 6973.982 6973.982 6973.982 273.64686630966355 273.64686630966355 273.64686630966355 17.102929144353972 17.102929144353972 17.102929144353972
 32000 32768 7900.0 7900.0 7900.0 265.4622784810126 265.4622784810126 265.4622784810126 16.59139240506329 16.59139240506329 16.59139240506329
 35200 16384 4381.895 4381.895 4381.895 263.22711977352265 263.22711977352265 263.22711977352265 16.451694985845165 16.451694985845165 16.451694985845165
 38720 16384 4806.042 4806.042 4806.042 263.9962280812361 263.9962280812361 263.9962280812361 16.499764255077256 16.499764255077256 16.499764255077256
 42560 16384 5225.182 5225.182 5225.182 266.90095770826736 266.90095770826736 266.90095770826736 16.68130985676671 16.68130985676671 16.68130985676671
 46784 16384 15317.202 15317.202 15317.202 100.08473558029725 100.08473558029725 100.08473558029725 6.255295973768578 6.255295973768578 6.255295973768578
 51456 16384 6273.985 6273.985 6273.985 268.74629250787183 268.74629250787183 268.74629250787183 16.79664328174199 16.79664328174199 16.79664328174199
 56576 16384 6880.045 6880.045 6880.045 269.45788406907224 269.45788406907224 269.45788406907224 16.841117754317015 16.841117754317015 16.841117754317015
 62208 16384 7550.955 7550.955 7550.955 269.95681261509304 269.95681261509304 269.95681261509304 16.872300788443315 16.872300788443315 16.872300788443315
 68416 8192 4122.972 4122.972 4122.972 271.87372215964604 271.87372215964604 271.87372215964604 16.992107634977877 16.992107634977877 16.992107634977877
 75200 8192 4546.165 4546.165 4546.165 271.01453642795633 271.01453642795633 271.01453642795633 16.93840852674727 16.93840852674727 16.93840852674727
 82688 8192 5021.811 5021.811 5021.811 269.7752249138807 269.7752249138807 269.7752249138807 16.860951557117545 16.860951557117545 16.860951557117545
 90944 8192 5442.858 5442.858 5442.858 273.75810575987833 273.75810575987833 273.75810575987833 17.109881609992396 17.109881609992396 17.109881609992396
 100032 8192 6013.87 6013.87 6013.87 272.5240632072193 272.5240632072193 272.5240632072193 17.032753950451205 17.032753950451205 17.032753950451205
 110016 8192 6588.936 6588.936 6588.936 273.56497983892996 273.56497983892996 273.56497983892996 17.097811239933122 17.097811239933122 17.097811239933122
 120960 8192 7218.838 7218.838 7218.838 274.5329151312164 274.5329151312164 274.5329151312164 17.158307195701024 17.158307195701024 17.158307195701024
 133056 4096 3996.849 3996.849 3996.849 272.71351807386264 272.71351807386264 272.71351807386264 17.044594879616415 17.044594879616415 17.044594879616415
 146304 4096 4667.044 4667.044 4667.044 256.80545715874973 256.80545715874973 256.80545715874973 16.05034107242186 16.05034107242186 16.05034107242186
 160896 4096 5079.031 5079.031 5079.031 259.5101372683096 259.5101372683096 259.5101372683096 16.21938357926935 16.21938357926935 16.21938357926935
 176960 4096 5584.955 5584.955 5584.955 259.564547968605 259.564547968605 259.564547968605 16.22278424803781 16.22278424803781 16.22278424803781
 194624 4096 6132.841 6132.841 6132.841 259.9708370068619 259.9708370068619 259.9708370068619 16.24817731292887 16.24817731292887 16.24817731292887
 214080 4096 6583.929 6583.929 6583.929 266.36729527308086 266.36729527308086 266.36729527308086 16.647955954567554 16.647955954567554 16.647955954567554
 235456 4096 7043.839 7043.839 7043.839 273.8358375312099 273.8358375312099 273.8358375312099 17.11473984570062 17.11473984570062 17.11473984570062
 258944 4096 7694.96 7694.96 7694.96 275.66995124081217 275.66995124081217 275.66995124081217 17.22937195255076 17.22937195255076 17.22937195255076
 284800 2048 4582.167 4582.167 4582.167 254.5827771008782 254.5827771008782 254.5827771008782 15.911423568804887 15.911423568804887 15.911423568804887
 313280 2048 5131.006 5131.006 5131.006 250.08641190441014 250.08641190441014 250.08641190441014 15.630400744025634 15.630400744025634 15.630400744025634
 344576 2048 5728.96 5728.96 5728.96 246.35942579455954 246.35942579455954 246.35942579455954 15.397464112159971 15.397464112159971 15.397464112159971
 379008 2048 6328.106 6328.106 6328.106 245.32091719070445 245.32091719070445 245.32091719070445 15.332557324419028 15.332557324419028 15.332557324419028
 416896 2048 6958.961 6958.961 6958.961 245.3823230220718 245.3823230220718 245.3823230220718 15.336395188879488 15.336395188879488 15.336395188879488
 458560 2048 7716.894 7716.894 7716.894 243.3960813767819 243.3960813767819 243.3960813767819 15.212255086048868 15.212255086048868 15.212255086048868
 504384 2048 8403.063 8403.063 8403.063 245.85759549821293 245.85759549821293 245.85759549821293 15.366099718638308 15.366099718638308 15.366099718638308
 554816 1024 4611.969 4611.969 4611.969 246.37268116936607 246.37268116936607 246.37268116936607 15.39829257308538 15.39829257308538 15.39829257308538
 610240 1024 5089.998 5089.998 5089.998 245.53477624156238 245.53477624156238 245.53477624156238 15.345923515097649 15.345923515097649 15.345923515097649
 671232 1024 5614.996 5614.996 5614.996 244.8235289927188 244.8235289927188 244.8235289927188 15.301470562044925 15.301470562044925 15.301470562044925
 738304 1024 6098.032 6098.032 6098.032 247.95648694529643 247.95648694529643 247.95648694529643 15.497280434081027 15.497280434081027 15.497280434081027
 812096 1024 6700.993 6700.993 6700.993 248.1979324556823 248.1979324556823 248.1979324556823 15.512370778480143 15.512370778480143 15.512370778480143
 893248 1024 7498.026 7498.026 7498.026 243.980469526246 243.980469526246 243.980469526246 15.248779345390375 15.248779345390375 15.248779345390375
 982528 1024 8300.066 8300.066 8300.066 242.43389679070023 242.43389679070023 242.43389679070023 15.152118549418764 15.152118549418764 15.152118549418764
 1080768 512 4719.973 4719.973 4719.973 234.47304296020337 234.47304296020337 234.47304296020337 14.65456518501271 14.65456518501271 14.65456518501271
 1188800 512 5127.907 5127.907 5127.907 237.3933848644291 237.3933848644291 237.3933848644291 14.837086554026818 14.837086554026818 14.837086554026818
 1307648 512 5795.956 5795.956 5795.956 231.02859165942596 231.02859165942596 231.02859165942596 14.439286978714122 14.439286978714122 14.439286978714122
 1438400 512 6960.869 6960.869 6960.869 211.60024703812127 211.60024703812127 211.60024703812127 13.22501543988258 13.22501543988258 13.22501543988258
 1582208 512 7622.957 7622.957 7622.957 212.53969975168428 212.53969975168428 212.53969975168428 13.283731234480268 13.283731234480268 13.283731234480268
 1740416 512 8522.034 8522.034 8522.034 209.12683333579756 209.12683333579756 209.12683333579756 13.070427083487347 13.070427083487347 13.070427083487347
 1914432 512 10195.017 10195.017 10195.017 192.28789593975173 192.28789593975173 192.28789593975173 12.017993496234483 12.017993496234483 12.017993496234483
 2105856 256 5580.902 5580.902 5580.902 193.194267163265 193.194267163265 193.194267163265 12.074641697704063 12.074641697704063 12.074641697704063
 2316416 256 7185.936 7185.936 7185.936 165.04530404946553 165.04530404946553 165.04530404946553 10.315331503091596 10.315331503091596 10.315331503091596
 2548032 256 7969.141 7969.141 7969.141 163.7055215863291 163.7055215863291 163.7055215863291 10.231595099145569 10.231595099145569 10.231595099145569
 2802816 256 9482.861 9482.861 9482.861 151.3300460694299 151.3300460694299 151.3300460694299 9.458127879339369 9.458127879339369 9.458127879339369
 3083072 256 10514.021 10514.021 10514.021 150.1359816572556 150.1359816572556 150.1359816572556 9.383498853578475 9.383498853578475 9.383498853578475
 3391360 256 11480.093 11480.093 11480.093 151.2510673911788 151.2510673911788 151.2510673911788 9.453191711948675 9.453191711948675 9.453191711948675
 3730496 256 12621.88 12621.88 12621.88 151.32563073012895 151.32563073012895 151.32563073012895 9.45785192063306 9.45785192063306 9.45785192063306
 4103488 256 13971.09 13971.09 13971.09 150.38095495770193 150.38095495770193 150.38095495770193 9.39880968485637 9.39880968485637 9.39880968485637
 4513792 128 7786.989 7786.989 7786.989 148.39249830711205 148.39249830711205 148.39249830711205 9.274531144194503 9.274531144194503 9.274531144194503
 4965120 128 8358.955 8358.955 8358.955 152.0609597730817 152.0609597730817 152.0609597730817 9.503809985817606 9.503809985817606 9.503809985817606
 5461632 128 9198.904 9198.904 9198.904 151.9939540623535 151.9939540623535 151.9939540623535 9.499622128897094 9.499622128897094 9.499622128897094
 6007744 128 10373.116 10373.116 10373.116 148.26619735092135 148.26619735092135 148.26619735092135 9.266637334432584 9.266637334432584 9.266637334432584
 6608512 128 11449.099 11449.099 11449.099 147.7652583840877 147.7652583840877 147.7652583840877 9.235328649005481 9.235328649005481 9.235328649005481
 7269312 128 12592.077 12592.077 12592.077 147.78688789784243 147.78688789784243 147.78688789784243 9.236680493615152 9.236680493615152 9.236680493615152
 7996224 128 13891.935 13891.935 13891.935 147.354083070501 147.354083070501 147.354083070501 9.209630191906312 9.209630191906312 9.209630191906312
 8795840 64 7815.838 7815.838 7815.838 144.04949539639892 144.04949539639892 144.04949539639892 9.003093462274933 9.003093462274933 9.003093462274933
 9675392 64 8518.219 8518.219 8518.219 145.3883935127754 145.3883935127754 145.3883935127754 9.086774594548462 9.086774594548462 9.086774594548462
 10642880 64 9373.188 9373.188 9373.188 145.3388793652704 145.3388793652704 145.3388793652704 9.0836799603294 9.0836799603294 9.0836799603294
 11707136 64 10318.995 10318.995 10318.995 145.21892955660894 145.21892955660894 145.21892955660894 9.076183097288059 9.076183097288059 9.076183097288059
 12877824 64 11665.106 11665.106 11665.106 141.30702901456704 141.30702901456704 141.30702901456704 8.83168931341044 8.83168931341044 8.83168931341044
 14165568 64 12515.068 12515.068 12515.068 144.88077124311272 144.88077124311272 144.88077124311272 9.055048202694545 9.055048202694545 9.055048202694545
 15582080 64 13484.955 13484.955 13484.955 147.90603602310873 147.90603602310873 147.90603602310873 9.244127251444295 9.244127251444295 9.244127251444295
 17140288 32 7451.057 7451.057 7451.057 147.22453901506861 147.22453901506861 147.22453901506861 9.201533688441788 9.201533688441788 9.201533688441788
 18854272 32 8170.843 8170.843 8170.843 147.68040555913262 147.68040555913262 147.68040555913262 9.230025347445789 9.230025347445789 9.230025347445789
 20739648 32 8983.85 8983.85 8983.85 147.74706523372495 147.74706523372495 147.74706523372495 9.23419157710781 9.23419157710781 9.23419157710781
 22813568 32 14457.941 14457.941 14457.941 100.98729494054513 100.98729494054513 100.98729494054513 6.31170593378407 6.31170593378407 6.31170593378407
 25094912 32 10703.087 10703.087 10703.087 150.05711604511856 150.05711604511856 150.05711604511856 9.37856975281991 9.37856975281991 9.37856975281991
 27604352 32 11754.036 11754.036 11754.036 150.3039915821255 150.3039915821255 150.3039915821255 9.393999473882843 9.393999473882843 9.393999473882843
 30364736 32 14201.164 14201.164 14201.164 136.84393082144533 136.84393082144533 136.84393082144533 8.552745676340333 8.552745676340333 8.552745676340333
 33401152 32 14368.057 14368.057 14368.057 148.7795968515437 148.7795968515437 148.7795968515437 9.29872480322148 9.29872480322148 9.29872480322148
 36741248 16 7968.903 7968.903 7968.903 147.53849256290357 147.53849256290357 147.53849256290357 9.221155785181473 9.221155785181473 9.221155785181473
 40415360 16 8698.94 8698.94 8698.94 148.67231179890882 148.67231179890882 148.67231179890882 9.292019487431801 9.292019487431801 9.292019487431801
 44456896 16 9522.915 9522.915 9522.915 149.38920194079228 149.38920194079228 149.38920194079228 9.336825121299517 9.336825121299517 9.336825121299517
 48902528 16 10493.994 10493.994 10493.994 149.1215733494797 149.1215733494797 149.1215733494797 9.32009833434248 9.32009833434248 9.32009833434248
 53792768 16 12027.025 12027.025 12027.025 143.12505178961547 143.12505178961547 143.12505178961547 8.945315736850967 8.945315736850967 8.945315736850967
 59172032 16 13193.13 13193.13 13193.13 143.52204700476688 143.52204700476688 143.52204700476688 8.97012793779793 8.97012793779793 8.97012793779793
 65089216 16 15155.077 15155.077 15155.077 137.4361154351113 137.4361154351113 137.4361154351113 8.589757214694457 8.589757214694457 8.589757214694457
 71598080 8 8651.972 8651.972 8651.972 132.40556950484816 132.40556950484816 132.40556950484816 8.27534809405301 8.27534809405301 8.27534809405301
 78757888 8 9883.881 9883.881 9883.881 127.49305743361339 127.49305743361339 127.49305743361339 7.968316089600837 7.968316089600837 7.968316089600837
 86633664 8 11097.908 11097.908 11097.908 124.90089339360175 124.90089339360175 124.90089339360175 7.806305837100109 7.806305837100109 7.806305837100109
 95297024 8 12009.144 12009.144 12009.144 126.96595061230009 126.96595061230009 126.96595061230009 7.935371913268756 7.935371913268756 7.935371913268756
 104826688 8 14336.824 14336.824 14336.824 116.98734726742828 116.98734726742828 116.98734726742828 7.311709204214267 7.311709204214267 7.311709204214267
 115309312 8 17606.02 17606.02 17606.02 104.79080405452225 104.79080405452225 104.79080405452225 6.549425253407641 6.549425253407641 6.549425253407641
 126840192 8 22548.914 22548.914 22548.914 90.00180993195504 90.00180993195504 90.00180993195504 5.62511312074719 5.62511312074719 5.62511312074719
 139524160 4 14957.905 14957.905 14957.905 74.62230038230621 74.62230038230621 74.62230038230621 4.663893773894138 4.663893773894138 4.663893773894138
 153476544 4 17183.065 17183.065 17183.065 71.45479296039444 71.45479296039444 71.45479296039444 4.465924560024653 4.465924560024653 4.465924560024653
 168824192 4 19315.004 19315.004 19315.004 69.92457966873836 69.92457966873836 69.92457966873836 4.3702862292961475 4.3702862292961475 4.3702862292961475
 185706560 4 21474.838 21474.838 21474.838 69.18107973620104 69.18107973620104 69.18107973620104 4.323817483512565 4.323817483512565 4.323817483512565
 204277184 4 23675.919 23675.919 23675.919 69.0244578045735 69.0244578045735 69.0244578045735 4.314028612785844 4.314028612785844 4.314028612785844
 224704896 4 26329.994 26329.994 26329.994 68.27343629474431 68.27343629474431 68.27343629474431 4.26708976842152 4.26708976842152 4.26708976842152
 247175360 4 28931.856 28931.856 28931.856 68.34690729830814 68.34690729830814 68.34690729830814 4.271681706144259 4.271681706144259 4.271681706144259
 271892864 2 15929.937 15929.937 15929.937 68.2721755898972 68.2721755898972 68.2721755898972 4.267010974368575 4.267010974368575 4.267010974368575
 299082112 2 17517.09 17517.09 17517.09 68.29493072194069 68.29493072194069 68.29493072194069 4.268433170121293 4.268433170121293 4.268433170121293
 328990272 2 19261.122 19261.122 19261.122 68.32214073510359 68.32214073510359 68.32214073510359 4.270133795943974 4.270133795943974 4.270133795943974
 361889280 2 21214.962 21214.962 21214.962 68.23284057732462 68.23284057732462 68.23284057732462 4.264552536082789 4.264552536082789 4.264552536082789
 398078208 2 23366.928 23366.928 23366.928 68.14386692165954 68.14386692165954 68.14386692165954 4.258991682603721 4.258991682603721 4.258991682603721
 437886016 2 25603.056 25603.056 25603.056 68.41152337439718 68.41152337439718 68.41152337439718 4.275720210899824 4.275720210899824 4.275720210899824
 481674560 2 28192.043 28192.043 28192.043 68.34191619245189 68.34191619245189 68.34191619245189 4.271369762028243 4.271369762028243 4.271369762028243
 529841984 2 31077.862 31077.862 31077.862 68.19542270958021 68.19542270958021 68.19542270958021 4.262213919348763 4.262213919348763 4.262213919348763
 582826176 1 16932.011 16932.011 16932.011 68.84311331949878 68.84311331949878 68.84311331949878 4.302694582468674 4.302694582468674 4.302694582468674
 641108736 1 18579.96 18579.96 18579.96 69.01077677239348 69.01077677239348 69.01077677239348 4.313173548274593 4.313173548274593 4.313173548274593
 705219584 1 20545.006 20545.006 20545.006 68.65119280081981 68.65119280081981 68.65119280081981 4.290699550051238 4.290699550051238 4.290699550051238
 775741504 1 22743.94 22743.94 22743.94 68.21522603383583 68.21522603383583 68.21522603383583 4.26345162711474 4.26345162711474 4.26345162711474
 853315648 1 24790.049 24790.049 24790.049 68.84340147935973 68.84340147935973 68.84340147935973 4.302712592459983 4.302712592459983 4.302712592459983
 938647168 1 27266.979 27266.979 27266.979 68.84863688052864 68.84863688052864 68.84863688052864 4.30303980503304 4.30303980503304 4.30303980503304
 1032511872 1 30000.925 30000.925 30000.925 68.83200247992353 68.83200247992353 68.83200247992353 4.302000154995221 4.302000154995221 4.302000154995221
 
META_DATA
 MPI startup(): shm:tmi fabric is unknown or has been removed from the product, please use ofi or shm:ofi instead
 FLOPS          1
 MPI_PROCS      1
 OPENMP_THREADS 8
 ERT_VERSION  1.1.0
 HOSTNAME  ('shas0642.rc.int.colorado.edu', [], ['10.225.7.27'])
 UNAME  uname_result(system='Linux', node='shas0642.rc.int.colorado.edu', release='3.10.0-957.27.2.el7.x86_64', version='#1 SMP Mon Jul 29 17:46:05 UTC 2019', machine='x86_64', processor='x86_64')
 TIMESTAMP_DATA  1664550974.8574746
 CONFIG  {'ERT_RESULTS': ['lab5_results'], 'ERT_DRIVER': ['driver1'], 'ERT_KERNEL': ['kernel1'], 'ERT_MPI': ['True'], 'ERT_MPI_CFLAGS': ['-I/usr/include/mpi'], 'ERT_MPI_LDFLAGS': ['-lmpi'], 'ERT_OPENMP': ['True'], 'ERT_OPENMP_CFLAGS': ['-qopenmp'], 'ERT_OPENMP_LDFLAGS': ['-qopenmp'], 'ERT_FLOPS': ['1,2,4,8,16'], 'ERT_ALIGN': ['32'], 'ERT_CC': ['mpicc'], 'ERT_CFLAGS': ['-O3', '-msse3', '-axSSE3', '-xSSE3', '-fno-alias', '-fno-fnalias', '-DERT_INTEL', '-std=c++11'], 'ERT_LD': ['mpicc'], 'ERT_LDFLAGS': [], 'ERT_LDLIBS': [], 'ERT_PRECISION': ['FP64'], 'ERT_RUN': ['export', 'OMP_NUM_THREADS=ERT_OPENMP_THREADS;', 'mpirun', '-np', 'ERT_MPI_PROCS', 'ERT_CODE'], 'ERT_PROCS_THREADS': ['1-24'], 'ERT_MPI_PROCS': ['1,2,4,8,12,24'], 'ERT_OPENMP_THREADS': ['1,2,4,8,12,24'], 'ERT_NUM_EXPERIMENTS': ['1'], 'ERT_MEMORY_MAX': ['1073741824'], 'ERT_WORKING_SET_MIN': ['1'], 'ERT_TRIALS_MIN': ['1'], 'ERT_GNUPLOT': ['gnuplot'], 'ERT_GPU': [False], 'ERT_HIP': [False], 'ERT_OCL': [False], 'ERT_SYCL': [False], 'ERT_WSS_MULT': [1.1]}
 