fp64
 16 67108864 685047.865 685047.865 685047.865 3.1347935782560246 3.1347935782560246 3.1347935782560246 1.5673967891280123 1.5673967891280123 1.5673967891280123
 32 33554432 349148.989 349148.989 349148.989 6.150622558440231 6.150622558440231 6.150622558440231 3.0753112792201156 3.0753112792201156 3.0753112792201156
 48 16777216 174022.913 174022.913 174022.913 9.255176276700988 9.255176276700988 9.255176276700988 4.627588138350494 4.627588138350494 4.627588138350494
 64 16777216 174119.949 174119.949 174119.949 12.33335789685994 12.33335789685994 12.33335789685994 6.16667894842997 6.16667894842997 6.16667894842997
 80 8388608 87221.146 87221.146 87221.146 15.388209643565105 15.388209643565105 15.388209643565105 7.6941048217825525 7.6941048217825525 7.6941048217825525
 96 8388608 87031.126 87031.126 87031.126 18.5061691147142 18.5061691147142 18.5061691147142 9.2530845573571 9.2530845573571 9.2530845573571
 112 8388608 88771.105 88771.105 88771.105 21.16734034120675 21.16734034120675 21.16734034120675 10.583670170603375 10.583670170603375 10.583670170603375
 128 8388608 87852.001 87852.001 87852.001 24.444333920180146 24.444333920180146 24.444333920180146 12.222166960090073 12.222166960090073 12.222166960090073
 144 4194304 47415.972 47415.972 47415.972 25.47579435891349 25.47579435891349 25.47579435891349 12.737897179456745 12.737897179456745 12.737897179456745
 160 4194304 47405.005 47405.005 47405.005 28.312986782724735 28.312986782724735 28.312986782724735 14.156493391362368 14.156493391362368 14.156493391362368
 176 4194304 48811.913 48811.913 48811.913 30.246612297288983 30.246612297288983 30.246612297288983 15.123306148644492 15.123306148644492 15.123306148644492
 192 4194304 48085.928 48085.928 48085.928 33.49447131393617 33.49447131393617 33.49447131393617 16.747235656968083 16.747235656968083 16.747235656968083
 208 4194304 49282.074 49282.074 49282.074 35.40497228261944 35.40497228261944 35.40497228261944 17.70248614130972 17.70248614130972 17.70248614130972
 224 4194304 49497.843 49497.843 49497.843 37.96222376801349 37.96222376801349 37.96222376801349 18.981111884006744 18.981111884006744 18.981111884006744
 240 4194304 56254.864 56254.864 56254.864 35.78829947931258 35.78829947931258 35.78829947931258 17.89414973965629 17.89414973965629 17.89414973965629
 256 4194304 47317.028 47317.028 47317.028 45.38500702115104 45.38500702115104 45.38500702115104 22.69250351057552 22.69250351057552 22.69250351057552
 272 2097152 25866.985 25866.985 25866.985 44.10450959012038 44.10450959012038 44.10450959012038 22.05225479506019 22.05225479506019 22.05225479506019
 288 2097152 26216.03 26216.03 26216.03 46.077134943772954 46.077134943772954 46.077134943772954 23.038567471886477 23.038567471886477 23.038567471886477
 304 2097152 30496.12 30496.12 30496.12 41.810840723344484 41.810840723344484 41.810840723344484 20.905420361672242 20.905420361672242 20.905420361672242
 320 2097152 30928.135 30928.135 30928.135 43.39664451154265 43.39664451154265 43.39664451154265 21.698322255771323 21.698322255771323 21.698322255771323
 352 2097152 33823.013 33823.013 33823.013 43.650605816814725 43.650605816814725 43.650605816814725 21.825302908407362 21.825302908407362 21.825302908407362
 384 2097152 37652.016 37652.016 37652.016 42.77626823488017 42.77626823488017 42.77626823488017 21.388134117440085 21.388134117440085 21.388134117440085
 416 2097152 40743.113 40743.113 40743.113 42.82516321224645 42.82516321224645 42.82516321224645 21.412581606123226 21.412581606123226 21.412581606123226
 448 2097152 43815.851 43815.851 43815.851 42.8851237420905 42.8851237420905 42.8851237420905 21.44256187104525 21.44256187104525 21.44256187104525
 480 2097152 46756.983 46756.983 46756.983 43.05808011607592 43.05808011607592 43.05808011607592 21.52904005803796 21.52904005803796 21.52904005803796
 528 1048576 23350.954 23350.954 23350.954 47.41974379290884 47.41974379290884 47.41974379290884 23.70987189645442 23.70987189645442 23.70987189645442
 576 1048576 25985.956 25985.956 25985.956 46.485091870393376 46.485091870393376 46.485091870393376 23.242545935196688 23.242545935196688 23.242545935196688
 624 1048576 29701.948 29701.948 29701.948 44.05848559158477 44.05848559158477 44.05848559158477 22.029242795792385 22.029242795792385 22.029242795792385
 672 1048576 31159.878 31159.878 31159.878 45.2275886317655 45.2275886317655 45.2275886317655 22.61379431588275 22.61379431588275 22.61379431588275
 736 1048576 34155.846 34155.846 34155.846 45.19003487719204 45.19003487719204 45.19003487719204 22.59501743859602 22.59501743859602 22.59501743859602
 800 1048576 33881.903 33881.903 33881.903 49.51674644721107 49.51674644721107 49.51674644721107 24.758373223605535 24.758373223605535 24.758373223605535
 880 1048576 39823.055 39823.055 39823.055 46.34234515659333 46.34234515659333 46.34234515659333 23.171172578296666 23.171172578296666 23.171172578296666
 960 1048576 42526.96 42526.96 42526.96 47.340931964099944 47.340931964099944 47.340931964099944 23.670465982049972 23.670465982049972 23.670465982049972
 1056 524288 22217.035 22217.035 22217.035 49.83996541392674 49.83996541392674 49.83996541392674 24.91998270696337 24.91998270696337 24.91998270696337
 1152 524288 24997.95 24997.95 24997.95 48.32234451225 48.32234451225 48.32234451225 24.161172256125 24.161172256125 24.161172256125
 1264 524288 28372.049 28372.049 28372.049 46.71499277334535 46.71499277334535 46.71499277334535 23.357496386672675 23.357496386672675 23.357496386672675
 1376 524288 29222.012 29222.012 29222.012 49.37512776327654 49.37512776327654 49.37512776327654 24.68756388163827 24.68756388163827 24.68756388163827
 1504 524288 32528.162 32528.162 32528.162 48.482859375823324 48.482859375823324 48.482859375823324 24.241429687911662 24.241429687911662 24.241429687911662
 1648 524288 35451.889 35451.889 35451.889 48.743615551769324 48.743615551769324 48.743615551769324 24.371807775884662 24.371807775884662 24.371807775884662
 1808 524288 37399.054 37399.054 37399.054 50.69180113486294 50.69180113486294 50.69180113486294 25.34590056743147 25.34590056743147 25.34590056743147
 1984 524288 41822.91 41822.91 41822.91 49.742468517853005 49.742468517853005 49.742468517853005 24.871234258926503 24.871234258926503 24.871234258926503
 2176 262144 22775.888 22775.888 22775.888 50.0902835489883 50.0902835489883 50.0902835489883 25.04514177449415 25.04514177449415 25.04514177449415
 2384 262144 24896.145 24896.145 24896.145 50.204663894751576 50.204663894751576 50.204663894751576 25.102331947375788 25.102331947375788 25.102331947375788
 2608 262144 27058.125 27058.125 27058.125 50.53354968239669 50.53354968239669 50.53354968239669 25.266774841198345 25.266774841198345 25.266774841198345
 2864 262144 29583.931 29583.931 29583.931 50.75596045704677 50.75596045704677 50.75596045704677 25.377980228523384 25.377980228523384 25.377980228523384
 3136 262144 32073.021 32073.021 32073.021 51.263246078378465 51.263246078378465 51.263246078378465 25.631623039189233 25.631623039189233 25.631623039189233
 3440 262144 35753.012 35753.012 35753.012 50.44472113286567 50.44472113286567 50.44472113286567 25.222360566432837 25.222360566432837 25.222360566432837
 3776 262144 39012.909 39012.909 39012.909 50.74503641858647 50.74503641858647 50.74503641858647 25.372518209293236 25.372518209293236 25.372518209293236
 4144 131072 21192.074 21192.074 21192.074 51.260897635597146 51.260897635597146 51.260897635597146 25.630448817798573 25.630448817798573 25.630448817798573
 4544 131072 23284.912 23284.912 23284.912 51.15683220104074 51.15683220104074 51.15683220104074 25.57841610052037 25.57841610052037 25.57841610052037
 4992 131072 25505.066 25505.066 25505.066 51.3083497999966 51.3083497999966 51.3083497999966 25.6541748999983 25.6541748999983 25.6541748999983
 5488 131072 29672.861 29672.861 29672.861 48.48357130106193 48.48357130106193 48.48357130106193 24.241785650530964 24.241785650530964 24.241785650530964
 6032 131072 30877.829 30877.829 30877.829 51.20996712560329 51.20996712560329 51.20996712560329 25.604983562801646 25.604983562801646 25.604983562801646
 6624 131072 33710.957 33710.957 33710.957 51.50971703354491 51.50971703354491 51.50971703354491 25.754858516772455 25.754858516772455 25.754858516772455
 7280 131072 37093.878 37093.878 37093.878 51.44806698291293 51.44806698291293 51.44806698291293 25.724033491456463 25.724033491456463 25.724033491456463
 8000 131072 40383.101 40383.101 40383.101 51.93142547423487 51.93142547423487 51.93142547423487 25.965712737117435 25.965712737117435 25.965712737117435
 8800 65536 22268.057 22268.057 22268.057 51.79767592655255 51.79767592655255 51.79767592655255 25.898837963276275 25.898837963276275 25.898837963276275
 9680 65536 24836.063 24836.063 24836.063 51.08607431057008 51.08607431057008 51.08607431057008 25.54303715528504 25.54303715528504 25.54303715528504
 10640 65536 27221.918 27221.918 27221.918 51.23099996113426 51.23099996113426 51.23099996113426 25.61549998056713 25.61549998056713 25.61549998056713
 11696 65536 29582.977 29582.977 29582.977 51.820954733528 51.820954733528 51.820954733528 25.910477366764 25.910477366764 25.910477366764
 12864 65536 32393.932 32393.932 32393.932 52.0501866831109 52.0501866831109 52.0501866831109 26.02509334155545 26.02509334155545 26.02509334155545
 14144 65536 35592.079 35592.079 35592.079 52.08693675915925 52.08693675915925 52.08693675915925 26.043468379579625 26.043468379579625 26.043468379579625
 15552 65536 39180.04 39180.04 39180.04 52.027301248288666 52.027301248288666 52.027301248288666 26.013650624144333 26.013650624144333 26.013650624144333
 17104 32768 21733.046 21733.046 21733.046 51.5771118323681 51.5771118323681 51.5771118323681 25.78855591618405 25.78855591618405 25.78855591618405
 18800 32768 23697.853 23697.853 23697.853 51.99107277777443 51.99107277777443 51.99107277777443 25.995536388887214 25.995536388887214 25.995536388887214
 20672 32768 26277.065 26277.065 26277.065 51.556754607107 51.556754607107 51.556754607107 25.7783773035535 25.7783773035535 25.7783773035535
 22736 32768 28627.872 28627.872 28627.872 52.04810528704334 52.04810528704334 52.04810528704334 26.02405264352167 26.02405264352167 26.02405264352167
 25008 32768 31599.998 31599.998 31599.998 51.86469594080354 51.86469594080354 51.86469594080354 25.93234797040177 25.93234797040177 25.93234797040177
 27504 32768 34735.918 34735.918 34735.918 51.891593710003576 51.891593710003576 51.891593710003576 25.945796855001788 25.945796855001788 25.945796855001788
 30240 32768 38105.011 38105.011 38105.011 52.00913444166175 52.00913444166175 52.00913444166175 26.004567220830875 26.004567220830875 26.004567220830875
 33264 16384 20993.948 20993.948 20993.948 51.91947469813681 51.91947469813681 51.91947469813681 25.959737349068405 25.959737349068405 25.959737349068405
 36576 16384 23112.059 23112.059 23112.059 51.85701403756367 51.85701403756367 51.85701403756367 25.928507018781836 25.928507018781836 25.928507018781836
 40224 16384 25313.139 25313.139 25313.139 52.0701929539438 52.0701929539438 52.0701929539438 26.0350964769719 26.0350964769719 26.0350964769719
 44240 16384 27942.896 27942.896 27942.896 51.879244012503214 51.879244012503214 51.879244012503214 25.939622006251607 25.939622006251607 25.939622006251607
 48656 16384 30750.99 30750.99 30750.99 51.847430212815915 51.847430212815915 51.847430212815915 25.923715106407958 25.923715106407958 25.923715106407958
 53520 16384 33766.985 33766.985 33766.985 51.936628632967974 51.936628632967974 51.936628632967974 25.968314316483987 25.968314316483987 25.968314316483987
 58864 16384 37171.125 37171.125 37171.125 51.8912341770662 51.8912341770662 51.8912341770662 25.9456170885331 25.9456170885331 25.9456170885331
 64736 16384 40807.009 40807.009 40807.009 51.982963220852575 51.982963220852575 51.982963220852575 25.991481610426288 25.991481610426288 25.991481610426288
 71200 8192 22515.059 22515.059 22515.059 51.811580862390805 51.811580862390805 51.811580862390805 25.905790431195403 25.905790431195403 25.905790431195403
 78320 8192 24709.94 24709.94 24709.94 51.93031144551544 51.93031144551544 51.93031144551544 25.96515572275772 25.96515572275772 25.96515572275772
 86144 8192 27194.977 27194.977 27194.977 51.89867584738167 51.89867584738167 51.89867584738167 25.949337923690834 25.949337923690834 25.949337923690834
 94752 8192 30012.131 30012.131 30012.131 51.7263092047679 51.7263092047679 51.7263092047679 25.86315460238395 25.86315460238395 25.86315460238395
 104224 8192 32920.837 32920.837 32920.837 51.87006685158096 51.87006685158096 51.87006685158096 25.93503342579048 25.93503342579048 25.93503342579048
 114640 8192 36144.972 36144.972 36144.972 51.96467602741537 51.96467602741537 51.96467602741537 25.982338013707686 25.982338013707686 25.982338013707686
 126096 8192 39734.125 39734.125 39734.125 51.994522693025196 51.994522693025196 51.994522693025196 25.997261346512598 25.997261346512598 25.997261346512598
 138704 4096 21860.838 21860.838 21860.838 51.977109386200105 51.977109386200105 51.977109386200105 25.988554693100053 25.988554693100053 25.988554693100053
 152560 4096 24030.924 24030.924 24030.924 52.006802568224174 52.006802568224174 52.006802568224174 26.003401284112087 26.003401284112087 26.003401284112087
 167808 4096 26451.826 26451.826 26451.826 51.96930964236647 51.96930964236647 51.96930964236647 25.984654821183234 25.984654821183234 25.984654821183234
 184576 4096 29169.083 29169.083 29169.083 51.837302941611156 51.837302941611156 51.837302941611156 25.918651470805578 25.918651470805578 25.918651470805578
 203024 4096 32117.128 32117.128 32117.128 51.78459941997304 51.78459941997304 51.78459941997304 25.89229970998652 25.89229970998652 25.89229970998652
 223312 4096 35198.927 35198.927 35198.927 51.972376998878396 51.972376998878396 51.972376998878396 25.986188499439198 25.986188499439198 25.986188499439198
 245632 4096 38656.95 38656.95 38656.95 52.05318433037269 52.05318433037269 52.05318433037269 26.026592165186344 26.026592165186344 26.026592165186344
 270192 2048 21265.984 21265.984 21265.984 52.04115793560269 52.04115793560269 52.04115793560269 26.020578967801345 26.020578967801345 26.020578967801345
 297200 2048 23397.923 23397.923 23397.923 52.0273188350949 52.0273188350949 52.0273188350949 26.01365941754745 26.01365941754745 26.01365941754745
 326912 2048 25859.833 25859.833 25859.833 51.78036346947794 51.78036346947794 51.78036346947794 25.89018173473897 25.89018173473897 25.89018173473897
 359600 2048 28468.847 28468.847 28468.847 51.73801383666855 51.73801383666855 51.73801383666855 25.869006918334275 25.869006918334275 25.869006918334275
 395552 2048 31516.075 31516.075 31516.075 51.40808276411324 51.40808276411324 51.40808276411324 25.70404138205662 25.70404138205662 25.70404138205662
 435104 2048 35017.014 35017.014 35017.014 50.89485882491294 50.89485882491294 50.89485882491294 25.44742941245647 25.44742941245647 25.44742941245647
 478608 2048 38737.059 38737.059 38737.059 50.607310379448265 50.607310379448265 50.607310379448265 25.303655189724132 25.303655189724132 25.303655189724132
 526464 1024 21811.008 21811.008 21811.008 49.43367459220591 49.43367459220591 49.43367459220591 24.716837296102955 24.716837296102955 24.716837296102955
 579104 1024 24226.189 24226.189 24226.189 48.955491596305144 48.955491596305144 48.955491596305144 24.477745798152572 24.477745798152572 24.477745798152572
 637008 1024 26741.982 26741.982 26741.982 48.78443131103745 48.78443131103745 48.78443131103745 24.392215655518726 24.392215655518726 24.392215655518726
 700704 1024 29608.011 29608.011 29608.011 48.46802414387106 48.46802414387106 48.46802414387106 24.23401207193553 24.23401207193553 24.23401207193553
 770768 1024 32522.202 32522.202 32522.202 48.537084420052494 48.537084420052494 48.537084420052494 24.268542210026247 24.268542210026247 24.268542210026247
 847840 1024 36223.888 36223.888 36223.888 47.934565168708566 47.934565168708566 47.934565168708566 23.967282584354283 23.967282584354283 23.967282584354283
 932624 1024 39377.928 39377.928 39377.928 48.50468394375651 48.50468394375651 48.50468394375651 24.252341971878256 24.252341971878256 24.252341971878256
 1025872 1024 43232.918 43232.918 43232.918 48.59690146290843 48.59690146290843 48.59690146290843 24.298450731454214 24.298450731454214 24.298450731454214
 1128448 512 24412.87 24412.87 24412.87 47.33285156558815 47.33285156558815 47.33285156558815 23.666425782794075 23.666425782794075 23.666425782794075
 1241280 512 26804.209 26804.209 26804.209 47.42056443448863 47.42056443448863 47.42056443448863 23.710282217244316 23.710282217244316 23.710282217244316
 1365408 512 28867.006 28867.006 28867.006 48.43515091242923 48.43515091242923 48.43515091242923 24.217575456214615 24.217575456214615 24.217575456214615
 1501936 512 31767.13 31767.13 31767.13 48.414271733077555 48.414271733077555 48.414271733077555 24.207135866538778 24.207135866538778 24.207135866538778
 1652128 512 34962.893 34962.893 34962.893 48.38784570830567 48.38784570830567 48.38784570830567 24.193922854152834 24.193922854152834 24.193922854152834
 1817328 512 38379.908 38379.908 38379.908 48.487450048082444 48.487450048082444 48.487450048082444 24.243725024041222 24.243725024041222 24.243725024041222
 1999056 512 42205.095 42205.095 42205.095 48.50204327226369 48.50204327226369 48.50204327226369 24.251021636131846 24.251021636131846 24.251021636131846
 2198960 256 23374.081 23374.081 23374.081 48.167349124870405 48.167349124870405 48.167349124870405 24.083674562435203 24.083674562435203 24.083674562435203
 2418848 256 25589.943 25589.943 25589.943 48.39597243338916 48.39597243338916 48.39597243338916 24.19798621669458 24.19798621669458 24.19798621669458
 2660720 256 28083.086 28083.086 28083.086 48.50922152928635 48.50922152928635 48.50922152928635 24.254610764643175 24.254610764643175 24.254610764643175
 2926784 256 31708.002 31708.002 31708.002 47.25978659897902 47.25978659897902 47.25978659897902 23.62989329948951 23.62989329948951 23.62989329948951
 3219456 256 35135.984 35135.984 35135.984 46.91376999716303 46.91376999716303 46.91376999716303 23.456884998581515 23.456884998581515 23.456884998581515
 3541392 256 37399.054 37399.054 37399.054 48.4823146596168 48.4823146596168 48.4823146596168 24.2411573298084 24.2411573298084 24.2411573298084
 3895520 256 41493.893 41493.893 41493.893 48.06746477126164 48.06746477126164 48.06746477126164 24.03373238563082 24.03373238563082 24.03373238563082
 4285072 128 22643.089 22643.089 22643.089 48.44650091690228 48.44650091690228 48.44650091690228 24.22325045845114 24.22325045845114 24.22325045845114
 4713568 128 24929.047 24929.047 24929.047 48.40431357043051 48.40431357043051 48.40431357043051 24.202156785215255 24.202156785215255 24.202156785215255
 5184912 128 27472.973 27472.973 27472.973 48.31430045812661 48.31430045812661 48.31430045812661 24.157150229063305 24.157150229063305 24.157150229063305
 5703392 128 30385.017 30385.017 30385.017 48.05224732966251 48.05224732966251 48.05224732966251 24.026123664831253 24.026123664831253 24.026123664831253
 6273728 128 33231.02 33231.02 33231.02 48.330576912776074 48.330576912776074 48.330576912776074 24.165288456388037 24.165288456388037 24.165288456388037
 6901088 128 36703.825 36703.825 36703.825 48.13336288520338 48.13336288520338 48.13336288520338 24.06668144260169 24.06668144260169 24.06668144260169
 7591184 128 40185.928 40185.928 40185.928 48.35879624330188 48.35879624330188 48.35879624330188 24.17939812165094 24.17939812165094 24.17939812165094
 8350288 128 44265.985 44265.985 44265.985 48.2915658151513 48.2915658151513 48.2915658151513 24.14578290757565 24.14578290757565 24.14578290757565
 9185312 64 24348.974 24348.974 24348.974 48.28622084856635 48.28622084856635 48.28622084856635 24.143110424283176 24.143110424283176 24.143110424283176
 10103840 64 26833.057 26833.057 26833.057 48.197695849563466 48.197695849563466 48.197695849563466 24.098847924781733 24.098847924781733 24.098847924781733
 11114224 64 29562.95 29562.95 29562.95 48.12174265423444 48.12174265423444 48.12174265423444 24.06087132711722 24.06087132711722 24.06087132711722
 12225632 64 33159.018 33159.018 33159.018 47.19322194644003 47.19322194644003 47.19322194644003 23.596610973220017 23.596610973220017 23.596610973220017
 13448192 64 36771.059 36771.059 36771.059 46.813135732642344 46.813135732642344 46.813135732642344 23.406567866321172 23.406567866321172 23.406567866321172
 14793008 64 39420.128 39420.128 39420.128 48.033964374747846 48.033964374747846 48.033964374747846 24.016982187373923 24.016982187373923 24.016982187373923
 16272304 64 43359.995 43359.995 43359.995 48.0363273104621 48.0363273104621 48.0363273104621 24.01816365523105 24.01816365523105 24.01816365523105
 17899520 32 24456.978 24456.978 24456.978 46.84018115402483 46.84018115402483 46.84018115402483 23.420090577012417 23.420090577012417 23.420090577012417
 19689472 32 26901.96 26901.96 26901.96 46.84142746476465 46.84142746476465 46.84142746476465 23.420713732382325 23.420713732382325 23.420713732382325
 21658416 32 29050.827 29050.827 29050.827 47.714256946970906 47.714256946970906 47.714256946970906 23.857128473485453 23.857128473485453 23.857128473485453
 23824256 32 32317.162 32317.162 32317.162 47.18088748015682 47.18088748015682 47.18088748015682 23.59044374007841 23.59044374007841 23.59044374007841
 26206672 32 35161.972 35161.972 35161.972 47.70002683581001 47.70002683581001 47.70002683581001 23.850013417905004 23.850013417905004 23.850013417905004
 28827328 32 38829.088 38829.088 38829.088 47.51461048995021 47.51461048995021 47.51461048995021 23.757305244975104 23.757305244975104 23.757305244975104
 31710048 32 42869.091 42869.091 42869.091 47.34047362935687 47.34047362935687 47.34047362935687 23.670236814678436 23.670236814678436 23.670236814678436
 34881040 16 23550.034 23550.034 23550.034 47.396673822211895 47.396673822211895 47.396673822211895 23.698336911105947 23.698336911105947 23.698336911105947
 38369136 16 26000.977 26000.977 26000.977 47.221777550897414 47.221777550897414 47.221777550897414 23.610888775448707 23.610888775448707 23.610888775448707
 42206048 16 28563.976 28563.976 28563.976 47.283107085652226 47.283107085652226 47.283107085652226 23.641553542826113 23.641553542826113 23.641553542826113
 46426640 16 31484.127 31484.127 31484.127 47.18734872337416 47.18734872337416 47.18734872337416 23.59367436168708 23.59367436168708 23.59367436168708
 51069296 16 34741.163 34741.163 34741.163 47.0398032443531 47.0398032443531 47.0398032443531 23.51990162217655 23.51990162217655 23.51990162217655
 56176224 16 41060.925 41060.925 41060.925 43.77980203806903 43.77980203806903 43.77980203806903 21.889901019034514 21.889901019034514 21.889901019034514
 61793840 16 52589.893 52589.893 52589.893 37.600435505734914 37.600435505734914 37.600435505734914 18.800217752867457 18.800217752867457 18.800217752867457
 67973216 8 31264.067 31264.067 31264.067 34.78662760030549 34.78662760030549 34.78662760030549 17.393313800152747 17.393313800152747 17.393313800152747
 74770528 8 36237.001 36237.001 36237.001 33.01400267643562 33.01400267643562 33.01400267643562 16.50700133821781 16.50700133821781 16.50700133821781
 82247568 8 40433.168 40433.168 40433.168 32.54657384254432 32.54657384254432 32.54657384254432 16.27328692127216 16.27328692127216 16.27328692127216
 90472320 8 46776.056 46776.056 46776.056 30.94654068312215 30.94654068312215 30.94654068312215 15.473270341561076 15.473270341561076 15.473270341561076
 99519552 8 51623.106 51623.106 51623.106 30.84496372612682 30.84496372612682 30.84496372612682 15.42248186306341 15.42248186306341 15.42248186306341
 109471504 8 56859.016 56859.016 56859.016 30.805036513470437 30.805036513470437 30.805036513470437 15.402518256735219 15.402518256735219 15.402518256735219
 120418640 8 64043.999 64043.999 64043.999 30.083977735369082 30.083977735369082 30.083977735369082 15.041988867684541 15.041988867684541 15.041988867684541
 132460496 8 69988.012 69988.012 69988.012 30.281870786671295 30.281870786671295 30.281870786671295 15.140935393335647 15.140935393335647 15.140935393335647
 145706544 4 37544.012 37544.012 37544.012 31.047623573101347 31.047623573101347 31.047623573101347 15.523811786550674 15.523811786550674 15.523811786550674
 160277184 4 42467.117 42467.117 42467.117 30.193183869769168 30.193183869769168 30.193183869769168 15.096591934884584 15.096591934884584 15.096591934884584
 176304896 4 47032.118 47032.118 47032.118 29.988850767894395 29.988850767894395 29.988850767894395 14.994425383947197 14.994425383947197 14.994425383947197
 193935376 4 51354.885 51354.885 51354.885 30.211011240702806 30.211011240702806 30.211011240702806 15.105505620351403 15.105505620351403 15.105505620351403
 213328912 4 56900.978 56900.978 56900.978 29.99300461935821 29.99300461935821 29.99300461935821 14.996502309679105 14.996502309679105 14.996502309679105
 234661792 4 62784.91 62784.91 62784.91 29.900406578587116 29.900406578587116 29.900406578587116 14.950203289293558 14.950203289293558 14.950203289293558
 258127968 4 66447.973 66447.973 66447.973 31.077302297844362 31.077302297844362 31.077302297844362 15.538651148922181 15.538651148922181 15.538651148922181
 283940752 2 37896.156 37896.156 37896.156 29.970401430688646 29.970401430688646 29.970401430688646 14.985200715344323 14.985200715344323 14.985200715344323
 312334816 2 41484.118 41484.118 41484.118 30.116085968128814 30.116085968128814 30.116085968128814 15.058042984064407 15.058042984064407 15.058042984064407
 343568288 2 44698.954 44698.954 44698.954 30.74508526530621 30.74508526530621 30.74508526530621 15.372542632653104 15.372542632653104 15.372542632653104
 377925104 2 50134.897 50134.897 50134.897 30.15265825718162 30.15265825718162 30.15265825718162 15.07632912859081 15.07632912859081 15.07632912859081
 415717600 2 55518.15 55518.15 55518.15 29.951833769677123 29.951833769677123 29.951833769677123 14.975916884838561 14.975916884838561 14.975916884838561
 457289360 2 60985.804 60985.804 60985.804 29.993167590280517 29.993167590280517 29.993167590280517 14.996583795140259 14.996583795140259 14.996583795140259
 503018288 2 66479.921 66479.921 66479.921 30.265877602351548 30.265877602351548 30.265877602351548 15.132938801175774 15.132938801175774 15.132938801175774
 553320112 1 36952.972 36952.972 36952.972 29.947259018841567 29.947259018841567 29.947259018841567 14.973629509420784 14.973629509420784 14.973629509420784
 608652112 1 40043.831 40043.831 40043.831 30.39929481272659 30.39929481272659 30.39929481272659 15.199647406363296 15.199647406363296 15.199647406363296
 669517312 1 43579.102 43579.102 43579.102 30.726530895473704 30.726530895473704 30.726530895473704 15.363265447736852 15.363265447736852 15.363265447736852
 736469040 1 48887.014 48887.014 48887.014 30.129434372899112 30.129434372899112 30.129434372899112 15.064717186449556 15.064717186449556 15.064717186449556
 810115936 1 53835.154 53835.154 53835.154 30.09616861131297 30.09616861131297 30.09616861131297 15.048084305656484 15.048084305656484 15.048084305656484
 891127520 1 59823.036 59823.036 59823.036 29.792119544049886 29.792119544049886 29.792119544049886 14.896059772024943 14.896059772024943 14.896059772024943
 980240272 1 65609.932 65609.932 65609.932 29.88085011275427 29.88085011275427 29.88085011275427 14.940425056377135 14.940425056377135 14.940425056377135
 
META_DATA
 MPI startup(): shm:tmi fabric is unknown or has been removed from the product, please use ofi or shm:ofi instead
 FLOPS          8
 MPI_PROCS      2
 OPENMP_THREADS 1
 ERT_VERSION  1.1.0
 HOSTNAME  ('shas0420.rc.int.colorado.edu', [], ['10.225.6.135'])
 UNAME  uname_result(system='Linux', node='shas0420.rc.int.colorado.edu', release='3.10.0-957.27.2.el7.x86_64', version='#1 SMP Mon Jul 29 17:46:05 UTC 2019', machine='x86_64', processor='x86_64')
 TIMESTAMP_DATA  1664555339.1774197
 CONFIG  {'ERT_RESULTS': ['lab5_results'], 'ERT_DRIVER': ['driver1'], 'ERT_KERNEL': ['kernel1'], 'ERT_MPI': ['True'], 'ERT_MPI_CFLAGS': ['-I/usr/include/mpi'], 'ERT_MPI_LDFLAGS': ['-lmpi'], 'ERT_OPENMP': ['True'], 'ERT_OPENMP_CFLAGS': ['-qopenmp'], 'ERT_OPENMP_LDFLAGS': ['-qopenmp'], 'ERT_FLOPS': ['1,2,4,8,16'], 'ERT_ALIGN': ['32'], 'ERT_CC': ['mpicc'], 'ERT_CFLAGS': ['-O3', '-msse3', '-axSSE3', '-xSSE3', '-fno-alias', '-fno-fnalias', '-DERT_INTEL', '-std=c++11'], 'ERT_LD': ['mpicc'], 'ERT_LDFLAGS': [], 'ERT_LDLIBS': [], 'ERT_PRECISION': ['FP64'], 'ERT_RUN': ['export', 'OMP_NUM_THREADS=ERT_OPENMP_THREADS;', 'mpirun', '-np', 'ERT_MPI_PROCS', 'ERT_CODE'], 'ERT_PROCS_THREADS': ['1-24'], 'ERT_MPI_PROCS': ['1,2,4,8,12,24'], 'ERT_OPENMP_THREADS': ['1,2,4,8,12,24'], 'ERT_NUM_EXPERIMENTS': ['1'], 'ERT_MEMORY_MAX': ['1073741824'], 'ERT_WORKING_SET_MIN': ['1'], 'ERT_TRIALS_MIN': ['1'], 'ERT_GNUPLOT': ['gnuplot'], 'ERT_GPU': [False], 'ERT_HIP': [False], 'ERT_OCL': [False], 'ERT_SYCL': [False], 'ERT_WSS_MULT': [1.1]}
 