fp64
 192 4194304 48408.031 48408.031 48408.031 33.271601895974655 33.271601895974655 33.271601895974655 16.635800947987327 16.635800947987327 16.635800947987327
 384 2097152 24883.032 24883.032 24883.032 64.72735058975128 64.72735058975128 64.72735058975128 32.36367529487564 32.36367529487564 32.36367529487564
 576 1048576 12596.13 12596.13 12596.13 95.89926048714963 95.89926048714963 95.89926048714963 47.949630243574816 47.949630243574816 47.949630243574816
 768 1048576 12441.158 12441.158 12441.158 129.45842629761637 129.45842629761637 129.45842629761637 64.72921314880818 64.72921314880818 64.72921314880818
 960 1048576 12555.838 12555.838 12555.838 160.34500604420032 160.34500604420032 160.34500604420032 80.17250302210016 80.17250302210016 80.17250302210016
 1152 524288 6280.184 6280.184 6280.184 192.34461155915176 192.34461155915176 192.34461155915176 96.17230577957588 96.17230577957588 96.17230577957588
 1344 524288 6429.911 6429.911 6429.911 219.1766175301649 219.1766175301649 219.1766175301649 109.58830876508245 109.58830876508245 109.58830876508245
 1536 524288 6288.052 6288.052 6288.052 256.1385840956786 256.1385840956786 256.1385840956786 128.0692920478393 128.0692920478393 128.0692920478393
 1728 524288 6777.048 6777.048 6777.048 267.3640983507864 267.3640983507864 267.3640983507864 133.6820491753932 133.6820491753932 133.6820491753932
 1920 524288 6766.081 6766.081 6766.081 297.5527369536368 297.5527369536368 297.5527369536368 148.7763684768184 148.7763684768184 148.7763684768184
 2112 262144 3479.958 3479.958 3479.958 318.1924195636844 318.1924195636844 318.1924195636844 159.0962097818422 159.0962097818422 159.0962097818422
 2304 262144 3453.97 3453.97 3453.97 349.73075967654614 349.73075967654614 349.73075967654614 174.86537983827307 174.86537983827307 174.86537983827307
 2496 262144 3526.926 3526.926 3526.926 371.0377955193843 371.0377955193843 371.0377955193843 185.51889775969215 185.51889775969215 185.51889775969215
 2688 262144 3526.926 3526.926 3526.926 399.57916440549076 399.57916440549076 399.57916440549076 199.78958220274538 199.78958220274538 199.78958220274538
 2880 262144 4122.972 4122.972 4122.972 366.228400289888 366.228400289888 366.228400289888 183.114200144944 183.114200144944 183.114200144944
 3072 262144 3389.835 3389.835 3389.835 475.130127572581 475.130127572581 475.130127572581 237.5650637862905 237.5650637862905 237.5650637862905
 3264 262144 3926.992 3926.992 3926.992 435.7727319026879 435.7727319026879 435.7727319026879 217.88636595134395 217.88636595134395 217.88636595134395
 3456 262144 3955.126 3955.126 3955.126 458.1242994534182 458.1242994534182 458.1242994534182 229.0621497267091 229.0621497267091 229.0621497267091
 3648 262144 4516.125 4516.125 4516.125 423.50524487254006 423.50524487254006 423.50524487254006 211.75262243627003 211.75262243627003 211.75262243627003
 3840 262144 4517.794 4517.794 4517.794 445.6303054101183 445.6303054101183 445.6303054101183 222.81515270505915 222.81515270505915 222.81515270505915
 4224 131072 2513.17 2513.17 2513.17 440.59743511183086 440.59743511183086 440.59743511183086 220.29871755591543 220.29871755591543 220.29871755591543
 4608 131072 2732.038 2732.038 2732.038 442.14595551013565 442.14595551013565 442.14595551013565 221.07297775506783 221.07297775506783 221.07297775506783
 4992 131072 2924.919 2924.919 2924.919 447.40481633850374 447.40481633850374 447.40481633850374 223.70240816925187 223.70240816925187 223.70240816925187
 5376 131072 3189.802 3189.802 3189.802 441.8099129663847 441.8099129663847 441.8099129663847 220.90495648319234 220.90495648319234 220.90495648319234
 5760 131072 3379.822 3379.822 3379.822 446.75413083884297 446.75413083884297 446.75413083884297 223.37706541942148 223.37706541942148 223.37706541942148
 6336 131072 3468.99 3468.99 3468.99 478.79768578174054 478.79768578174054 478.79768578174054 239.39884289087027 239.39884289087027 239.39884289087027
 6912 131072 3782.034 3782.034 3782.034 479.091231860951 479.091231860951 479.091231860951 239.5456159304755 239.5456159304755 239.5456159304755
 7488 131072 4269.123 4269.123 4269.123 459.79801284713517 459.79801284713517 459.79801284713517 229.89900642356758 229.89900642356758 229.89900642356758
 8064 131072 4496.813 4496.813 4496.813 470.09497971118657 470.09497971118657 470.09497971118657 235.04748985559328 235.04748985559328 235.04748985559328
 8832 65536 2474.07 2474.07 2474.07 467.90426463277106 467.90426463277106 467.90426463277106 233.95213231638553 233.95213231638553 233.95213231638553
 9600 65536 2474.07 2474.07 2474.07 508.59159199214247 508.59159199214247 508.59159199214247 254.29579599607123 254.29579599607123 254.29579599607123
 10560 65536 2862.93 2862.93 2862.93 483.46285798115923 483.46285798115923 483.46285798115923 241.73142899057962 241.73142899057962 241.73142899057962
 11520 65536 3082.991 3082.991 3082.991 489.76770934459427 489.76770934459427 489.76770934459427 244.88385467229713 244.88385467229713 244.88385467229713
 12672 65536 3213.882 3213.882 3213.882 516.8031632773076 516.8031632773076 516.8031632773076 258.4015816386538 258.4015816386538 258.4015816386538
 13824 65536 3591.061 3591.061 3591.061 504.5693537369596 504.5693537369596 504.5693537369596 252.2846768684798 252.2846768684798 252.2846768684798
 15168 65536 4041.91 4041.91 4041.91 491.87144097716174 491.87144097716174 491.87144097716174 245.93572048858087 245.93572048858087 245.93572048858087
 16512 32768 2111.912 2111.912 2111.912 512.393713374421 512.393713374421 512.393713374421 256.1968566872105 256.1968566872105 256.1968566872105
 18048 32768 2334.118 2334.118 2334.118 506.7411878919575 506.7411878919575 506.7411878919575 253.37059394597875 253.37059394597875 253.37059394597875
 19776 32768 2552.032 2552.032 2552.032 507.84627152010626 507.84627152010626 507.84627152010626 253.92313576005313 253.92313576005313 253.92313576005313
 21696 32768 2695.084 2695.084 2695.084 527.5787530184588 527.5787530184588 527.5787530184588 263.7893765092294 263.7893765092294 263.7893765092294
 23808 32768 3015.041 3015.041 3015.041 517.4991278725563 517.4991278725563 517.4991278725563 258.74956393627815 258.74956393627815 258.74956393627815
 26112 32768 3269.911 3269.911 3269.911 523.3402474868582 523.3402474868582 523.3402474868582 261.6701237434291 261.6701237434291 261.6701237434291
 28608 32768 3587.008 3587.008 3587.008 522.679037236605 522.679037236605 522.679037236605 261.3395186183025 261.3395186183025 261.3395186183025
 31296 32768 3926.992 3926.992 3926.992 522.2864360304274 522.2864360304274 522.2864360304274 261.1432180152137 261.1432180152137 261.1432180152137
 34368 16384 2137.899 2137.899 2137.899 526.7651203354321 526.7651203354321 526.7651203354321 263.38256016771606 263.38256016771606 263.38256016771606
 37632 16384 2300.024 2300.024 2300.024 536.1358733647997 536.1358733647997 536.1358733647997 268.0679366823999 268.0679366823999 268.0679366823999
 41280 16384 2552.986 2552.986 2552.986 529.8356669405943 529.8356669405943 529.8356669405943 264.9178334702971 264.9178334702971 264.9178334702971
 45312 16384 2794.027 2794.027 2794.027 531.4134816879007 531.4134816879007 531.4134816879007 265.70674084395034 265.70674084395034 265.70674084395034
 49728 16384 3045.082 3045.082 3045.082 535.1209274495728 535.1209274495728 535.1209274495728 267.5604637247864 267.5604637247864 267.5604637247864
 54528 16384 3659.964 3659.964 3659.964 488.19428387820204 488.19428387820204 488.19428387820204 244.09714193910102 244.09714193910102 244.09714193910102
 59904 16384 3655.195 3655.195 3655.195 537.0258692080723 537.0258692080723 537.0258692080723 268.51293460403616 268.51293460403616 268.51293460403616
 65856 8192 2011.061 2011.061 2011.061 536.5250999348106 536.5250999348106 536.5250999348106 268.2625499674053 268.2625499674053 268.2625499674053
 72384 8192 2211.094 2211.094 2211.094 536.3586785545979 536.3586785545979 536.3586785545979 268.17933927729894 268.17933927729894 268.17933927729894
 79488 8192 2418.041 2418.041 2418.041 538.5894581605522 538.5894581605522 538.5894581605522 269.2947290802761 269.2947290802761 269.2947290802761
 87360 8192 2657.89 2657.89 2657.89 538.512218338607 538.512218338607 538.512218338607 269.2561091693035 269.2561091693035 269.2561091693035
 96000 8192 2893.209 2893.209 2893.209 543.6399513481398 543.6399513481398 543.6399513481398 271.8199756740699 271.8199756740699 271.8199756740699
 105600 8192 3196.001 3196.001 3196.001 541.3485164741813 541.3485164741813 541.3485164741813 270.67425823709067 270.67425823709067 270.67425823709067
 116160 8192 3569.126 3569.126 3569.126 533.2301073147879 533.2301073147879 533.2301073147879 266.61505365739396 266.61505365739396 266.61505365739396
 127680 8192 3903.866 3903.866 3903.866 535.8557696396341 535.8557696396341 535.8557696396341 267.92788481981705 267.92788481981705 267.92788481981705
 140352 4096 2117.872 2117.872 2117.872 542.8862480829814 542.8862480829814 542.8862480829814 271.4431240414907 271.4431240414907 271.4431240414907
 154368 4096 2321.959 2321.959 2321.959 544.6188567498393 544.6188567498393 544.6188567498393 272.30942837491966 272.30942837491966 272.30942837491966
 169728 4096 2550.84 2550.84 2550.84 545.0799642470716 545.0799642470716 545.0799642470716 272.5399821235358 272.5399821235358 272.5399821235358
 186624 4096 2805.948 2805.948 2805.948 544.8510834840846 544.8510834840846 544.8510834840846 272.4255417420423 272.4255417420423 272.4255417420423
 205248 4096 3110.17 3110.17 3110.17 540.6108399219335 540.6108399219335 540.6108399219335 270.30541996096673 270.30541996096673 270.30541996096673
 225600 4096 3398.895 3398.895 3398.895 543.7400096207739 543.7400096207739 543.7400096207739 271.87000481038694 271.87000481038694 271.87000481038694
 248064 4096 3748.894 3748.894 3748.894 542.0639495275141 542.0639495275141 542.0639495275141 271.03197476375703 271.03197476375703 271.03197476375703
 272832 2048 2060.89 2060.89 2060.89 542.2511012232579 542.2511012232579 542.2511012232579 271.12555061162897 271.12555061162897 271.12555061162897
 300096 2048 2258.062 2258.062 2258.062 544.3576022270425 544.3576022270425 544.3576022270425 272.1788011135213 272.1788011135213 272.1788011135213
 330048 2048 2500.057 2500.057 2500.057 540.7383143664324 540.7383143664324 540.7383143664324 270.3691571832162 270.3691571832162 270.3691571832162
 362880 2048 2996.922 2996.922 2996.922 495.9610160024185 495.9610160024185 495.9610160024185 247.98050800120924 247.98050800120924 247.98050800120924
 399168 2048 3000.975 3000.975 3000.975 544.8203093994451 544.8203093994451 544.8203093994451 272.41015469972257 272.41015469972257 272.41015469972257
 438912 2048 3316.879 3316.879 3316.879 542.0105924876971 542.0105924876971 542.0105924876971 271.00529624384853 271.00529624384853 271.00529624384853
 482688 2048 3636.122 3636.122 3636.122 543.7358944501863 543.7358944501863 543.7358944501863 271.86794722509313 271.86794722509313 271.86794722509313
 530880 1024 2005.1 2005.1 2005.1 542.2384120492743 542.2384120492743 542.2384120492743 271.11920602463715 271.11920602463715 271.11920602463715
 583872 1024 2202.034 2202.034 2202.034 543.0296970891458 543.0296970891458 543.0296970891458 271.5148485445729 271.5148485445729 271.5148485445729
 642240 1024 2424.955 2424.955 2424.955 542.4049188541643 542.4049188541643 542.4049188541643 271.20245942708215 271.20245942708215 271.20245942708215
 706368 1024 2661.943 2661.943 2661.943 543.4532835601663 543.4532835601663 543.4532835601663 271.7266417800831 271.7266417800831 271.7266417800831
 776832 1024 2918.959 2918.959 2918.959 545.0408642259107 545.0408642259107 545.0408642259107 272.52043211295535 272.52043211295535 272.52043211295535
 854400 1024 3234.148 3234.148 3234.148 541.0424012753899 541.0424012753899 541.0424012753899 270.52120063769496 270.52120063769496 270.52120063769496
 939840 1024 3534.079 3534.079 3534.079 544.6376043093546 544.6376043093546 544.6376043093546 272.3188021546773 272.3188021546773 272.3188021546773
 1033728 1024 3901.005 3901.005 3901.005 542.6998796463988 542.6998796463988 542.6998796463988 271.3499398231994 271.3499398231994 271.3499398231994
 1137024 512 2146.006 2146.006 2146.006 542.5486117000605 542.5486117000605 542.5486117000605 271.27430585003026 271.27430585003026 271.27430585003026
 1250688 512 2365.828 2365.828 2365.828 541.3345822266032 541.3345822266032 541.3345822266032 270.6672911133016 270.6672911133016 270.6672911133016
 1375680 512 2594.948 2594.948 2594.948 542.861097794638 542.861097794638 542.861097794638 271.430548897319 271.430548897319 271.430548897319
 1513152 512 2854.109 2854.109 2854.109 542.8901447001499 542.8901447001499 542.8901447001499 271.44507235007495 271.44507235007495 271.44507235007495
 1664448 512 3130.913 3130.913 3130.913 544.3762736300881 544.3762736300881 544.3762736300881 272.18813681504406 272.18813681504406 272.18813681504406
 1830720 512 3440.142 3440.142 3440.142 544.9360171760352 544.9360171760352 544.9360171760352 272.4680085880176 272.4680085880176 272.4680085880176
 2013696 512 3780.127 3780.127 3780.127 545.4908536141776 545.4908536141776 545.4908536141776 272.7454268070888 272.7454268070888 272.7454268070888
 2214912 256 2088.07 2088.07 2088.07 543.1019764663062 543.1019764663062 543.1019764663062 271.5509882331531 271.5509882331531 271.5509882331531
 2436288 256 2291.918 2291.918 2291.918 544.2513458160371 544.2513458160371 544.2513458160371 272.12567290801854 272.12567290801854 272.12567290801854
 2679744 256 2529.144 2529.144 2529.144 542.4874692781432 542.4874692781432 542.4874692781432 271.2437346390716 271.2437346390716 271.2437346390716
 2947584 256 2775.908 2775.908 2775.908 543.66463441872 543.66463441872 543.66463441872 271.83231720936 271.83231720936 271.83231720936
 3242304 256 3051.996 3051.996 3051.996 543.9258924323623 543.9258924323623 543.9258924323623 271.96294621618114 271.96294621618114 271.96294621618114
 3566400 256 3352.88 3352.88 3352.88 544.6054735033762 544.6054735033762 544.6054735033762 272.3027367516881 272.3027367516881 272.3027367516881
 3922944 256 3695.965 3695.965 3695.965 543.4432761132749 543.4432761132749 543.4432761132749 271.72163805663746 271.72163805663746 271.72163805663746
 4315200 128 2030.849 2030.849 2030.849 543.9553605413303 543.9553605413303 543.9553605413303 271.97768027066513 271.97768027066513 271.97768027066513
 4746624 128 2241.85 2241.85 2241.85 542.023660815844 542.023660815844 542.023660815844 271.011830407922 271.011830407922 271.011830407922
 5221248 128 2454.042 2454.042 2454.042 544.6685460151049 544.6685460151049 544.6685460151049 272.33427300755244 272.33427300755244 272.33427300755244
 5743296 128 2695.799 2695.799 2695.799 545.3981457816402 545.3981457816402 545.3981457816402 272.6990728908201 272.6990728908201 272.6990728908201
 6317568 128 2987.862 2987.862 2987.862 541.2891920711197 541.2891920711197 541.2891920711197 270.64459603555986 270.64459603555986 270.64459603555986
 6949248 128 3479.004 3479.004 3479.004 511.35540171842285 511.35540171842285 511.35540171842285 255.67770085921143 255.67770085921143 255.67770085921143
 7644096 128 3829.002 3829.002 3829.002 511.0701368137181 511.0701368137181 511.0701368137181 255.53506840685904 255.53506840685904 255.53506840685904
 8408448 64 2171.04 2171.04 2171.04 495.7445942958214 495.7445942958214 495.7445942958214 247.8722971479107 247.8722971479107 247.8722971479107
 9249216 64 2320.051 2320.051 2320.051 510.2903548240965 510.2903548240965 510.2903548240965 255.14517741204824 255.14517741204824 255.14517741204824
 10174080 64 2583.027 2583.027 2583.027 504.16903888344956 504.16903888344956 504.16903888344956 252.08451944172478 252.08451944172478 252.08451944172478
 11191488 64 2810.955 2810.955 2810.955 509.6170034739083 509.6170034739083 509.6170034739083 254.80850173695416 254.80850173695416 254.80850173695416
 12310464 64 3093.004 3093.004 3093.004 509.4527494953127 509.4527494953127 509.4527494953127 254.72637474765634 254.72637474765634 254.72637474765634
 13541376 64 3508.806 3508.806 3508.806 493.9845998895351 493.9845998895351 493.9845998895351 246.99229994476755 246.99229994476755 246.99229994476755
 14895360 64 3814.936 3814.936 3814.936 499.7740669830372 499.7740669830372 499.7740669830372 249.8870334915186 249.8870334915186 249.8870334915186
 16384896 64 4267.931 4267.931 4267.931 491.40126398482073 491.40126398482073 491.40126398482073 245.70063199241037 245.70063199241037 245.70063199241037
 18023232 32 2254.963 2254.963 2254.963 511.5324943247406 511.5324943247406 511.5324943247406 255.7662471623703 255.7662471623703 255.7662471623703
 19825536 32 2496.004 2496.004 2496.004 508.3462622656054 508.3462622656054 508.3462622656054 254.1731311328027 254.1731311328027 254.1731311328027
 21807936 32 2836.943 2836.943 2836.943 491.9760122075064 491.9760122075064 491.9760122075064 245.9880061037532 245.9880061037532 245.9880061037532
 23988672 32 3010.988 3010.988 3010.988 509.8907760509175 509.8907760509175 509.8907760509175 254.94538802545875 254.94538802545875 254.94538802545875
 26387520 32 3319.979 3319.979 3319.979 508.6783018808252 508.6783018808252 508.6783018808252 254.3391509404126 254.3391509404126 254.3391509404126
 29026176 32 3768.206 3768.206 3768.206 492.9866530651456 492.9866530651456 492.9866530651456 246.4933265325728 246.4933265325728 246.4933265325728
 31928640 32 3997.087 3997.087 3997.087 511.23054364340834 511.23054364340834 511.23054364340834 255.61527182170417 255.61527182170417 255.61527182170417
 35121408 16 2228.975 2228.975 2228.975 504.2160885608857 504.2160885608857 504.2160885608857 252.10804428044284 252.10804428044284 252.10804428044284
 38633472 16 2499.819 2499.819 2499.819 494.54424660345416 494.54424660345416 494.54424660345416 247.27212330172708 247.27212330172708 247.27212330172708
 42496704 16 2676.01 2676.01 2676.01 508.17991263111867 508.17991263111867 508.17991263111867 254.08995631555933 254.08995631555933 254.08995631555933
 46746240 16 3038.168 3038.168 3038.168 492.36239733944933 492.36239733944933 492.36239733944933 246.18119866972467 246.18119866972467 246.18119866972467
 51420864 16 3424.883 3424.883 3424.883 480.44492264407285 480.44492264407285 480.44492264407285 240.22246132203642 240.22246132203642 240.22246132203642
 56562816 16 4017.115 4017.115 4017.115 450.5746317942105 450.5746317942105 450.5746317942105 225.28731589710526 225.28731589710526 225.28731589710526
 62218944 16 5725.145 5725.145 5725.145 347.7652021040515 347.7652021040515 347.7652021040515 173.88260105202576 173.88260105202576 173.88260105202576
 68440704 8 4882.812 4882.812 4882.812 224.26652183209183 224.26652183209183 224.26652183209183 112.13326091604591 112.13326091604591 112.13326091604591
 75284736 8 8046.15 8046.15 8046.15 149.70585634123154 149.70585634123154 149.70585634123154 74.85292817061577 74.85292817061577 74.85292817061577
 82813056 8 10914.087 10914.087 10914.087 121.4035490096423 121.4035490096423 121.4035490096423 60.70177450482115 60.70177450482115 60.70177450482115
 91094208 8 13216.972 13216.972 13216.972 110.27543434305527 110.27543434305527 110.27543434305527 55.13771717152763 55.13771717152763 55.13771717152763
 100203456 8 15314.102 15314.102 15314.102 104.69143381701387 104.69143381701387 104.69143381701387 52.34571690850694 52.34571690850694 52.34571690850694
 110223744 8 16930.103 16930.103 16930.103 104.16829147465909 104.16829147465909 104.16829147465909 52.08414573732954 52.08414573732954 52.08414573732954
 121246080 8 18866.777 18866.777 18866.777 102.82292942774488 102.82292942774488 102.82292942774488 51.41146471387244 51.41146471387244 51.41146471387244
 133370688 8 20886.898 20886.898 20886.898 102.16600894972531 102.16600894972531 102.16600894972531 51.083004474862655 51.083004474862655 51.083004474862655
 146707584 4 11484.146 11484.146 11484.146 102.19834126107418 102.19834126107418 102.19834126107418 51.09917063053709 51.09917063053709 51.09917063053709
 161378304 4 12587.07 12587.07 12587.07 102.56766920339682 102.56766920339682 102.56766920339682 51.28383460169841 51.28383460169841 51.28383460169841
 177516096 4 13900.995 13900.995 13900.995 102.16022435804055 102.16022435804055 102.16022435804055 51.080112179020276 51.080112179020276 51.080112179020276
 195267648 4 15375.137 15375.137 15375.137 101.60177330452404 101.60177330452404 101.60177330452404 50.80088665226202 50.80088665226202 50.80088665226202
 214794240 4 16911.983 16911.983 16911.983 101.60570289125765 101.60570289125765 101.60570289125765 50.802851445628825 50.802851445628825 50.802851445628825
 236273664 4 18639.088 18639.088 18639.088 101.40996769799038 101.40996769799038 101.40996769799038 50.70498384899519 50.70498384899519 50.70498384899519
 259900992 4 20524.979 20524.979 20524.979 101.3013429148941 101.3013429148941 101.3013429148941 50.65067145744705 50.65067145744705 50.65067145744705
 285891072 2 11296.988 11296.988 11296.988 101.22736148785854 101.22736148785854 101.22736148785854 50.61368074392927 50.61368074392927 50.61368074392927
 314480064 2 12487.888 12487.888 12487.888 100.73122500778354 100.73122500778354 100.73122500778354 50.36561250389177 50.36561250389177 50.36561250389177
 345927936 2 13700.008 13700.008 13700.008 101.00079824770906 101.00079824770906 101.00079824770906 50.50039912385453 50.50039912385453 50.50039912385453
 380520576 2 15086.889 15086.889 15086.889 100.88775121232747 100.88775121232747 100.88775121232747 50.443875606163736 50.443875606163736 50.443875606163736
 418572480 2 16469.955 16469.955 16469.955 101.65722492866556 101.65722492866556 101.65722492866556 50.82861246433278 50.82861246433278 50.82861246433278
 460429632 2 18193.007 18193.007 18193.007 101.23222224891134 101.23222224891134 101.23222224891134 50.61611112445567 50.61611112445567 50.61611112445567
 506472576 2 19979.954 19979.954 19979.954 101.39614455568815 101.39614455568815 101.39614455568815 50.698072277844076 50.698072277844076 50.698072277844076
 557119680 1 11003.017 11003.017 11003.017 101.2667125752873 101.2667125752873 101.2667125752873 50.63335628764365 50.63335628764365 50.63335628764365
 612831552 1 12121.201 12121.201 12121.201 101.11729885512169 101.11729885512169 101.11729885512169 50.558649427560844 50.558649427560844 50.558649427560844
 674114688 1 13368.845 13368.845 13368.845 100.84860554520604 100.84860554520604 100.84860554520604 50.42430277260302 50.42430277260302 50.42430277260302
 741526080 1 14623.165 14623.165 14623.165 101.41800082266731 101.41800082266731 101.41800082266731 50.709000411333655 50.709000411333655 50.709000411333655
 815678592 1 16157.15 16157.15 16157.15 100.9681276710311 100.9681276710311 100.9681276710311 50.48406383551555 50.48406383551555 50.48406383551555
 897246336 1 17750.978 17750.978 17750.978 101.09260864387304 101.09260864387304 101.09260864387304 50.54630432193652 50.54630432193652 50.54630432193652
 986970816 1 23092.031 23092.031 23092.031 85.48150797129972 85.48150797129972 85.48150797129972 42.74075398564986 42.74075398564986 42.74075398564986
 
META_DATA
 MPI startup(): shm:tmi fabric is unknown or has been removed from the product, please use ofi or shm:ofi instead
 FLOPS          8
 MPI_PROCS      2
 OPENMP_THREADS 12
 ERT_VERSION  1.1.0
 HOSTNAME  ('shas0420.rc.int.colorado.edu', [], ['10.225.6.135'])
 UNAME  uname_result(system='Linux', node='shas0420.rc.int.colorado.edu', release='3.10.0-957.27.2.el7.x86_64', version='#1 SMP Mon Jul 29 17:46:05 UTC 2019', machine='x86_64', processor='x86_64')
 TIMESTAMP_DATA  1664555392.8969314
 CONFIG  {'ERT_RESULTS': ['lab5_results'], 'ERT_DRIVER': ['driver1'], 'ERT_KERNEL': ['kernel1'], 'ERT_MPI': ['True'], 'ERT_MPI_CFLAGS': ['-I/usr/include/mpi'], 'ERT_MPI_LDFLAGS': ['-lmpi'], 'ERT_OPENMP': ['True'], 'ERT_OPENMP_CFLAGS': ['-qopenmp'], 'ERT_OPENMP_LDFLAGS': ['-qopenmp'], 'ERT_FLOPS': ['1,2,4,8,16'], 'ERT_ALIGN': ['32'], 'ERT_CC': ['mpicc'], 'ERT_CFLAGS': ['-O3', '-msse3', '-axSSE3', '-xSSE3', '-fno-alias', '-fno-fnalias', '-DERT_INTEL', '-std=c++11'], 'ERT_LD': ['mpicc'], 'ERT_LDFLAGS': [], 'ERT_LDLIBS': [], 'ERT_PRECISION': ['FP64'], 'ERT_RUN': ['export', 'OMP_NUM_THREADS=ERT_OPENMP_THREADS;', 'mpirun', '-np', 'ERT_MPI_PROCS', 'ERT_CODE'], 'ERT_PROCS_THREADS': ['1-24'], 'ERT_MPI_PROCS': ['1,2,4,8,12,24'], 'ERT_OPENMP_THREADS': ['1,2,4,8,12,24'], 'ERT_NUM_EXPERIMENTS': ['1'], 'ERT_MEMORY_MAX': ['1073741824'], 'ERT_WORKING_SET_MIN': ['1'], 'ERT_TRIALS_MIN': ['1'], 'ERT_GNUPLOT': ['gnuplot'], 'ERT_GPU': [False], 'ERT_HIP': [False], 'ERT_OCL': [False], 'ERT_SYCL': [False], 'ERT_WSS_MULT': [1.1]}
 