fp64
 64 16777216 369293.928 369293.928 369293.928 5.815106843565541 5.815106843565541 5.815106843565541 5.815106843565541 5.815106843565541 5.815106843565541
 128 8388608 187918.901 187918.901 187918.901 11.42771502266289 11.42771502266289 11.42771502266289 11.42771502266289 11.42771502266289 11.42771502266289
 192 4194304 96124.887 96124.887 96124.887 16.755418770999437 16.755418770999437 16.755418770999437 16.755418770999437 16.755418770999437 16.755418770999437
 256 4194304 93707.085 93707.085 93707.085 22.91698272334477 22.91698272334477 22.91698272334477 22.91698272334477 22.91698272334477 22.91698272334477
 320 2097152 47152.042 47152.042 47152.042 28.464881330059896 28.464881330059896 28.464881330059896 28.464881330059896 28.464881330059896 28.464881330059896
 384 2097152 47285.08 47285.08 47285.08 34.06175343258381 34.06175343258381 34.06175343258381 34.06175343258381 34.06175343258381 34.06175343258381
 448 2097152 48166.99 48166.99 48166.99 39.011119274839466 39.011119274839466 39.011119274839466 39.011119274839466 39.011119274839466 39.011119274839466
 512 2097152 48259.02 48259.02 48259.02 44.49911432101191 44.49911432101191 44.49911432101191 44.49911432101191 44.49911432101191 44.49911432101191
 576 1048576 24371.862 24371.862 24371.862 49.56369570777973 49.56369570777973 49.56369570777973 49.56369570777973 49.56369570777973 49.56369570777973
 640 1048576 25076.151 25076.151 25076.151 53.524054788153094 53.524054788153094 53.524054788153094 53.524054788153094 53.524054788153094 53.524054788153094
 704 1048576 28476.0 28476.0 28476.0 51.84699424076415 51.84699424076415 51.84699424076415 51.84699424076415 51.84699424076415 51.84699424076415
 768 1048576 28544.903 28544.903 28544.903 56.42382936105966 56.42382936105966 56.42382936105966 56.42382936105966 56.42382936105966 56.42382936105966
 832 1048576 33209.085 33209.085 33209.085 52.540756964547505 52.540756964547505 52.540756964547505 52.540756964547505 52.540756964547505 52.540756964547505
 896 1048576 33383.846 33383.846 33383.846 56.28615085272081 56.28615085272081 56.28615085272081 56.28615085272081 56.28615085272081 56.28615085272081
 960 1048576 37837.029 37837.029 37837.029 53.20887958724243 53.20887958724243 53.20887958724243 53.20887958724243 53.20887958724243 53.20887958724243
 1024 1048576 25717.974 25717.974 25717.974 83.50127611140755 83.50127611140755 83.50127611140755 83.50127611140755 83.50127611140755 83.50127611140755
 1088 524288 15846.968 15846.968 15846.968 71.9917329296052 71.9917329296052 71.9917329296052 71.9917329296052 71.9917329296052 71.9917329296052
 1152 524288 16037.941 16037.941 16037.941 75.3188674281817 75.3188674281817 75.3188674281817 75.3188674281817 75.3188674281817 75.3188674281817
 1216 524288 19088.03 19088.03 19088.03 66.79937196242882 66.79937196242882 66.79937196242882 66.79937196242882 66.79937196242882 66.79937196242882
 1280 524288 18585.92 18585.92 18585.92 72.21473459479004 72.21473459479004 72.21473459479004 72.21473459479004 72.21473459479004 72.21473459479004
 1408 524288 21293.163 21293.163 21293.163 69.33657568863771 69.33657568863771 69.33657568863771 69.33657568863771 69.33657568863771 69.33657568863771
 1536 524288 23533.821 23533.821 23533.821 68.43821647151987 68.43821647151987 68.43821647151987 68.43821647151987 68.43821647151987 68.43821647151987
 1664 524288 25464.058 25464.058 25464.058 68.5213041849025 68.5213041849025 68.5213041849025 68.5213041849025 68.5213041849025 68.5213041849025
 1792 524288 28082.132 28082.132 28082.132 66.91259025489944 66.91259025489944 66.91259025489944 66.91259025489944 66.91259025489944 66.91259025489944
 1920 524288 29848.099 29848.099 29848.099 67.45039005666659 67.45039005666659 67.45039005666659 67.45039005666659 67.45039005666659 67.45039005666659
 2112 262144 13947.964 13947.964 13947.964 79.38766231401227 79.38766231401227 79.38766231401227 79.38766231401227 79.38766231401227 79.38766231401227
 2304 262144 15617.132 15617.132 15617.132 77.34836024950036 77.34836024950036 77.34836024950036 77.34836024950036 77.34836024950036 77.34836024950036
 2496 262144 17730.951 17730.951 17730.951 73.8044365471429 73.8044365471429 73.8044365471429 73.8044365471429 73.8044365471429 73.8044365471429
 2688 262144 18690.825 18690.825 18690.825 75.39988973199416 75.39988973199416 75.39988973199416 75.39988973199416 75.39988973199416 75.39988973199416
 2944 262144 21180.868 21180.868 21180.868 72.87255045449507 72.87255045449507 72.87255045449507 72.87255045449507 72.87255045449507 72.87255045449507
 3200 262144 20501.137 20501.137 20501.137 81.83553917033967 81.83553917033967 81.83553917033967 81.83553917033967 81.83553917033967 81.83553917033967
 3520 262144 23950.1 23950.1 23950.1 77.0557851532979 77.0557851532979 77.0557851532979 77.0557851532979 77.0557851532979 77.0557851532979
 3840 262144 26205.778 26205.778 26205.778 76.82526807637613 76.82526807637613 76.82526807637613 76.82526807637613 76.82526807637613 76.82526807637613
 4224 131072 13519.049 13519.049 13519.049 81.90637196447766 81.90637196447766 81.90637196447766 81.90637196447766 81.90637196447766 81.90637196447766
 4608 131072 15225.887 15225.887 15225.887 79.33590680135744 79.33590680135744 79.33590680135744 79.33590680135744 79.33590680135744 79.33590680135744
 5056 131072 17652.988 17652.988 17652.988 75.08077748650824 75.08077748650824 75.08077748650824 75.08077748650824 75.08077748650824 75.08077748650824
 5504 131072 17819.881 17819.881 17819.881 80.96802531958546 80.96802531958546 80.96802531958546 80.96802531958546 80.96802531958546 80.96802531958546
 6016 131072 20102.978 20102.978 20102.978 78.44898919951063 78.44898919951063 78.44898919951063 78.44898919951063 78.44898919951063 78.44898919951063
 6592 131072 21631.956 21631.956 21631.956 79.88428082971323 79.88428082971323 79.88428082971323 79.88428082971323 79.88428082971323 79.88428082971323
 7232 131072 23204.088 23204.088 23204.088 81.70221591988447 81.70221591988447 81.70221591988447 81.70221591988447 81.70221591988447 81.70221591988447
 7936 131072 26314.02 26314.02 26314.02 79.05955775666355 79.05955775666355 79.05955775666355 79.05955775666355 79.05955775666355 79.05955775666355
 8704 65536 14056.206 14056.206 14056.206 81.16348664781948 81.16348664781948 81.16348664781948 81.16348664781948 81.16348664781948 81.16348664781948
 9536 65536 15346.05 15346.05 15346.05 81.44783784752428 81.44783784752428 81.44783784752428 81.44783784752428 81.44783784752428 81.44783784752428
 10432 65536 16839.981 16839.981 16839.981 81.19623792924706 81.19623792924706 81.19623792924706 81.19623792924706 81.19623792924706 81.19623792924706
 11456 65536 18206.835 18206.835 18206.835 82.4723699643568 82.4723699643568 82.4723699643568 82.4723699643568 82.4723699643568 82.4723699643568
 12544 65536 19931.078 19931.078 19931.078 82.49263627386335 82.49263627386335 82.49263627386335 82.49263627386335 82.49263627386335 82.49263627386335
 13760 65536 21924.973 21924.973 21924.973 82.26011133514281 82.26011133514281 82.26011133514281 82.26011133514281 82.26011133514281 82.26011133514281
 15104 65536 24091.005 24091.005 24091.005 82.17637612046487 82.17637612046487 82.17637612046487 82.17637612046487 82.17637612046487 82.17637612046487
 16576 32768 13118.029 13118.029 13118.029 82.81158213631026 82.81158213631026 82.81158213631026 82.81158213631026 82.81158213631026 82.81158213631026
 18176 32768 14460.087 14460.087 14460.087 82.37725927928373 82.37725927928373 82.37725927928373 82.37725927928373 82.37725927928373 82.37725927928373
 19968 32768 15745.878 15745.878 15745.878 83.10891574290109 83.10891574290109 83.10891574290109 83.10891574290109 83.10891574290109 83.10891574290109
 21952 32768 17261.982 17261.982 17261.982 83.34189387985691 83.34189387985691 83.34189387985691 83.34189387985691 83.34189387985691 83.34189387985691
 24128 32768 18940.926 18940.926 18940.926 83.4833844976745 83.4833844976745 83.4833844976745 83.4833844976745 83.4833844976745 83.4833844976745
 26496 32768 20896.912 20896.912 20896.912 83.0956198695769 83.0956198695769 83.0956198695769 83.0956198695769 83.0956198695769 83.0956198695769
 29120 32768 22911.787 22911.787 22911.787 83.29373522894569 83.29373522894569 83.29373522894569 83.29373522894569 83.29373522894569 83.29373522894569
 32000 32768 24878.025 24878.025 24878.025 84.29736685287517 84.29736685287517 84.29736685287517 84.29736685287517 84.29736685287517 84.29736685287517
 35200 16384 13803.005 13803.005 13803.005 83.56394857496612 83.56394857496612 83.56394857496612 83.56394857496612 83.56394857496612 83.56394857496612
 38720 16384 15320.063 15320.063 15320.063 82.81799885548774 82.81799885548774 82.81799885548774 82.81799885548774 82.81799885548774 82.81799885548774
 42560 16384 16870.022 16870.022 16870.022 82.66770962124411 82.66770962124411 82.66770962124411 82.66770962124411 82.66770962124411 82.66770962124411
 46784 16384 18310.07 18310.07 18310.07 83.72540967893623 83.72540967893623 83.72540967893623 83.72540967893623 83.72540967893623 83.72540967893623
 51456 16384 20070.791 20070.791 20070.791 84.00815931968003 84.00815931968003 84.00815931968003 84.00815931968003 84.00815931968003 84.00815931968003
 56576 16384 22059.917 22059.917 22059.917 84.03850150478807 84.03850150478807 84.03850150478807 84.03850150478807 84.03850150478807 84.03850150478807
 62208 16384 24884.939 24884.939 24884.939 81.91427529719884 81.91427529719884 81.91427529719884 81.91427529719884 81.91427529719884 81.91427529719884
 68416 8192 13702.869 13702.869 13702.869 81.80241261884646 81.80241261884646 81.80241261884646 81.80241261884646 81.80241261884646 81.80241261884646
 75200 8192 14663.935 14663.935 14663.935 84.02088525351483 84.02088525351483 84.02088525351483 84.02088525351483 84.02088525351483 84.02088525351483
 82688 8192 16171.932 16171.932 16171.932 83.77231563921985 83.77231563921985 83.77231563921985 83.77231563921985 83.77231563921985 83.77231563921985
 90944 8192 17843.962 17843.962 17843.962 83.50311976678724 83.50311976678724 83.50311976678724 83.50311976678724 83.50311976678724 83.50311976678724
 100032 8192 19691.944 19691.944 19691.944 83.22816112010068 83.22816112010068 83.22816112010068 83.22816112010068 83.22816112010068 83.22816112010068
 110016 8192 21496.058 21496.058 21496.058 83.85268331523854 83.85268331523854 83.85268331523854 83.85268331523854 83.85268331523854 83.85268331523854
 120960 8192 23741.007 23741.007 23741.007 83.47618279207785 83.47618279207785 83.47618279207785 83.47618279207785 83.47618279207785 83.47618279207785
 133056 4096 13099.909 13099.909 13099.909 83.20628425739446 83.20628425739446 83.20628425739446 83.20628425739446 83.20628425739446 83.20628425739446
 146304 4096 14402.866 14402.866 14402.866 83.21415807103946 83.21415807103946 83.21415807103946 83.21415807103946 83.21415807103946 83.21415807103946
 160896 4096 15723.944 15723.944 15723.944 83.82502710515885 83.82502710515885 83.82502710515885 83.82502710515885 83.82502710515885 83.82502710515885
 176960 4096 17357.111 17357.111 17357.111 83.51944744721631 83.51944744721631 83.51944744721631 83.51944744721631 83.51944744721631 83.51944744721631
 194624 4096 19000.053 19000.053 19000.053 83.91344003093045 83.91344003093045 83.91344003093045 83.91344003093045 83.91344003093045 83.91344003093045
 214080 4096 20877.838 20877.838 20877.838 84.00023795567338 84.00023795567338 84.00023795567338 84.00023795567338 84.00023795567338 84.00023795567338
 235456 4096 23016.93 23016.93 23016.93 83.80159960516019 83.80159960516019 83.80159960516019 83.80159960516019 83.80159960516019 83.80159960516019
 258944 4096 25502.205 25502.205 25502.205 83.17983672392249 83.17983672392249 83.17983672392249 83.17983672392249 83.17983672392249 83.17983672392249
 284800 2048 13870.955 13870.955 13870.955 84.09953027747548 84.09953027747548 84.09953027747548 84.09953027747548 84.09953027747548 84.09953027747548
 313280 2048 15341.043 15341.043 15341.043 83.64456575736082 83.64456575736082 83.64456575736082 83.64456575736082 83.64456575736082 83.64456575736082
 344576 2048 16794.92 16794.92 16794.92 84.03632145910788 84.03632145910788 84.03632145910788 84.03632145910788 84.03632145910788 84.03632145910788
 379008 2048 18574.953 18574.953 18574.953 83.57581136275284 83.57581136275284 83.57581136275284 83.57581136275284 83.57581136275284 83.57581136275284
 416896 2048 20606.995 20606.995 20606.995 82.86535790395446 82.86535790395446 82.86535790395446 82.86535790395446 82.86535790395446 82.86535790395446
 458560 2048 22898.912 22898.912 22898.912 82.02406123050737 82.02406123050737 82.02406123050737 82.02406123050737 82.02406123050737 82.02406123050737
 504384 2048 25172.949 25172.949 25172.949 82.07051402678327 82.07051402678327 82.07051402678327 82.07051402678327 82.07051402678327 82.07051402678327
 554816 1024 13845.921 13845.921 13845.921 82.06483107913152 82.06483107913152 82.06483107913152 82.06483107913152 82.06483107913152 82.06483107913152
 610240 1024 15233.994 15233.994 15233.994 82.03833610542317 82.03833610542317 82.03833610542317 82.03833610542317 82.03833610542317 82.03833610542317
 671232 1024 16743.898 16743.898 16743.898 82.10054409074876 82.10054409074876 82.10054409074876 82.10054409074876 82.10054409074876 82.10054409074876
 738304 1024 18426.895 18426.895 18426.895 82.05650447348833 82.05650447348833 82.05650447348833 82.05650447348833 82.05650447348833 82.05650447348833
 812096 1024 20251.036 20251.036 20251.036 82.1277789442476 82.1277789442476 82.1277789442476 82.1277789442476 82.1277789442476 82.1277789442476
 893248 1024 22270.918 22270.918 22270.918 82.14173766882892 82.14173766882892 82.14173766882892 82.14173766882892 82.14173766882892 82.14173766882892
 982528 1024 24219.036 24219.036 24219.036 83.0841220930511 83.0841220930511 83.0841220930511 83.0841220930511 83.0841220930511 83.0841220930511
 1080768 512 13246.059 13246.059 13246.059 83.54986430303535 83.54986430303535 83.54986430303535 83.54986430303535 83.54986430303535 83.54986430303535
 1188800 512 14557.123 14557.123 14557.123 83.62443595482432 83.62443595482432 83.62443595482432 83.62443595482432 83.62443595482432 83.62443595482432
 1307648 512 15959.024 15959.024 15959.024 83.90435104302118 83.90435104302118 83.90435104302118 83.90435104302118 83.90435104302118 83.90435104302118
 1438400 512 17518.997 17518.997 17518.997 84.07568081665863 84.07568081665863 84.07568081665863 84.07568081665863 84.07568081665863 84.07568081665863
 1582208 512 19333.124 19333.124 19333.124 83.80337249168836 83.80337249168836 83.80337249168836 83.80337249168836 83.80337249168836 83.80337249168836
 1740416 512 21315.098 21315.098 21315.098 83.61143748905118 83.61143748905118 83.61143748905118 83.61143748905118 83.61143748905118 83.61143748905118
 1914432 512 23584.127 23584.127 23584.127 83.12278711864128 83.12278711864128 83.12278711864128 83.12278711864128 83.12278711864128 83.12278711864128
 2105856 256 12838.84 12838.84 12838.84 83.97941496272249 83.97941496272249 83.97941496272249 83.97941496272249 83.97941496272249 83.97941496272249
 2316416 256 14075.994 14075.994 14075.994 84.25728172376316 84.25728172376316 84.25728172376316 84.25728172376316 84.25728172376316 84.25728172376316
 2548032 256 15490.055 15490.055 15490.055 84.22128804578163 84.22128804578163 84.22128804578163 84.22128804578163 84.22128804578163 84.22128804578163
 2802816 256 17163.992 17163.992 17163.992 83.60769406091543 83.60769406091543 83.60769406091543 83.60769406091543 83.60769406091543 83.60769406091543
 3083072 256 18867.016 18867.016 18867.016 83.66627049025665 83.66627049025665 83.66627049025665 83.66627049025665 83.66627049025665 83.66627049025665
 3391360 256 20709.038 20709.038 20709.038 83.8463051736155 83.8463051736155 83.8463051736155 83.8463051736155 83.8463051736155 83.8463051736155
 3730496 256 22656.918 22656.918 22656.918 84.3015785289067 84.3015785289067 84.3015785289067 84.3015785289067 84.3015785289067 84.3015785289067
 4103488 256 25034.189 25034.189 25034.189 83.92466222892222 83.92466222892222 83.92466222892222 83.92466222892222 83.92466222892222 83.92466222892222
 4513792 128 13794.899 13794.899 13794.899 83.76507519192421 83.76507519192421 83.76507519192421 83.76507519192421 83.76507519192421 83.76507519192421
 4965120 128 15187.979 15187.979 15187.979 83.68925977577399 83.68925977577399 83.68925977577399 83.68925977577399 83.68925977577399 83.68925977577399
 5461632 128 16695.023 16695.023 16695.023 83.7481800414411 83.7481800414411 83.7481800414411 83.7481800414411 83.7481800414411 83.7481800414411
 6007744 128 18296.003 18296.003 18296.003 84.0611178299435 84.0611178299435 84.0611178299435 84.0611178299435 84.0611178299435 84.0611178299435
 6608512 128 20189.047 20189.047 20189.047 83.79687619727669 83.79687619727669 83.79687619727669 83.79687619727669 83.79687619727669 83.79687619727669
 7269312 128 22245.884 22245.884 22245.884 83.65340177086243 83.65340177086243 83.65340177086243 83.65340177086243 83.65340177086243 83.65340177086243
 7996224 128 24350.166 24350.166 24350.166 84.0665046800913 84.0665046800913 84.0665046800913 84.0665046800913 84.0665046800913 84.0665046800913
 8795840 64 13425.827 13425.827 13425.827 83.85833662239205 83.85833662239205 83.85833662239205 83.85833662239205 83.85833662239205 83.85833662239205
 9675392 64 14723.063 14723.063 14723.063 84.11634019361324 84.11634019361324 84.11634019361324 84.11634019361324 84.11634019361324 84.11634019361324
 10642880 64 16273.975 16273.975 16273.975 83.70964315724954 83.70964315724954 83.70964315724954 83.70964315724954 83.70964315724954 83.70964315724954
 11707136 64 17955.065 17955.065 17955.065 83.45909123692952 83.45909123692952 83.45909123692952 83.45909123692952 83.45909123692952 83.45909123692952
 12877824 64 19629.002 19629.002 19629.002 83.97581660035492 83.97581660035492 83.97581660035492 83.97581660035492 83.97581660035492 83.97581660035492
 14165568 64 21643.877 21643.877 21643.877 83.773933108195 83.773933108195 83.773933108195 83.773933108195 83.773933108195 83.773933108195
 15582080 64 23808.956 23808.956 23808.956 83.77125985700508 83.77125985700508 83.77125985700508 83.77125985700508 83.77125985700508 83.77125985700508
 17140288 32 13144.97 13144.97 13144.97 83.45233439102563 83.45233439102563 83.45233439102563 83.45233439102563 83.45233439102563 83.45233439102563
 18854272 32 14444.828 14444.828 14444.828 83.53671002520763 83.53671002520763 83.53671002520763 83.53671002520763 83.53671002520763 83.53671002520763
 20739648 32 15776.157 15776.157 15776.157 84.13566573912773 84.13566573912773 84.13566573912773 84.13566573912773 84.13566573912773 84.13566573912773
 22813568 32 17613.888 17613.888 17613.888 82.89301896321813 82.89301896321813 82.89301896321813 82.89301896321813 82.89301896321813 82.89301896321813
 25094912 32 19176.006 19176.006 19176.006 83.75437346025026 83.75437346025026 83.75437346025026 83.75437346025026 83.75437346025026 83.75437346025026
 27604352 32 21088.123 21088.123 21088.123 83.77599694387214 83.77599694387214 83.77599694387214 83.77599694387214 83.77599694387214 83.77599694387214
 30364736 32 23131.847 23131.847 23131.847 84.01158385666307 84.01158385666307 84.01158385666307 84.01158385666307 84.01158385666307 84.01158385666307
 33401152 32 25545.12 25545.12 25545.12 83.68227387461873 83.68227387461873 83.68227387461873 83.68227387461873 83.68227387461873 83.68227387461873
 36741248 16 14045.0 14045.0 14045.0 83.7109245995016 83.7109245995016 83.7109245995016 83.7109245995016 83.7109245995016 83.7109245995016
 40415360 16 15681.028 15681.028 15681.028 82.47491937390839 82.47491937390839 82.47491937390839 82.47491937390839 82.47491937390839 82.47491937390839
 44456896 16 16996.861 16996.861 16996.861 83.69902371973272 83.69902371973272 83.69902371973272 83.69902371973272 83.69902371973272 83.69902371973272
 48902528 16 18857.002 18857.002 18857.002 82.98672800692283 82.98672800692283 82.98672800692283 82.98672800692283 82.98672800692283 82.98672800692283
 53792768 16 20888.09 20888.09 20888.09 82.40909417759114 82.40909417759114 82.40909417759114 82.40909417759114 82.40909417759114 82.40909417759114
 59172032 16 23370.981 23370.981 23370.981 81.01949267769291 81.01949267769291 81.01949267769291 81.01949267769291 81.01949267769291 81.01949267769291
 65089216 16 26803.017 26803.017 26803.017 77.70971872308256 77.70971872308256 77.70971872308256 77.70971872308256 77.70971872308256 77.70971872308256
 71598080 8 15141.01 15141.01 15141.01 75.6600306056201 75.6600306056201 75.6600306056201 75.6600306056201 75.6600306056201 75.6600306056201
 78757888 8 16908.884 16908.884 16908.884 74.52450486974776 74.52450486974776 74.52450486974776 74.52450486974776 74.52450486974776 74.52450486974776
 86633664 8 18579.96 18579.96 18579.96 74.60396168775391 74.60396168775391 74.60396168775391 74.60396168775391 74.60396168775391 74.60396168775391
 95297024 8 20663.023 20663.023 20663.023 73.7913510525541 73.7913510525541 73.7913510525541 73.7913510525541 73.7913510525541 73.7913510525541
 104826688 8 23069.143 23069.143 23069.143 72.70434831497641 72.70434831497641 72.70434831497641 72.70434831497641 72.70434831497641 72.70434831497641
 115309312 8 25202.036 25202.036 25202.036 73.20634697926786 73.20634697926786 73.20634697926786 73.20634697926786 73.20634697926786 73.20634697926786
 126840192 8 27440.071 27440.071 27440.071 73.95910426033518 73.95910426033518 73.95910426033518 73.95910426033518 73.95910426033518 73.95910426033518
 139524160 4 15298.128 15298.128 15298.128 72.9627363557162 72.9627363557162 72.9627363557162 72.9627363557162 72.9627363557162 72.9627363557162
 153476544 4 16901.016 16901.016 16901.016 72.64725102916888 72.64725102916888 72.64725102916888 72.64725102916888 72.64725102916888 72.64725102916888
 168824192 4 18600.941 18600.941 18600.941 72.60888231407219 72.60888231407219 72.60888231407219 72.60888231407219 72.60888231407219 72.60888231407219
 185706560 4 20381.927 20381.927 20381.927 72.89067809927883 72.89067809927883 72.89067809927883 72.89067809927883 72.89067809927883 72.89067809927883
 204277184 4 23114.92 23114.92 23114.92 70.6996810717926 70.6996810717926 70.6996810717926 70.6996810717926 70.6996810717926 70.6996810717926
 224704896 4 25433.064 25433.064 25433.064 70.68118760680979 70.68118760680979 70.68118760680979 70.68118760680979 70.68118760680979 70.68118760680979
 247175360 4 27995.11 27995.11 27995.11 70.63386712893788 70.63386712893788 70.63386712893788 70.63386712893788 70.63386712893788 70.63386712893788
 271892864 2 15429.974 15429.974 15429.974 70.48433497036352 70.48433497036352 70.48433497036352 70.48433497036352 70.48433497036352 70.48433497036352
 299082112 2 17041.922 17041.922 17041.922 70.1991505418227 70.1991505418227 70.1991505418227 70.1991505418227 70.1991505418227 70.1991505418227
 328990272 2 18380.88 18380.88 18380.88 71.59401987282436 71.59401987282436 71.59401987282436 71.59401987282436 71.59401987282436 71.59401987282436
 361889280 2 20030.975 20030.975 20030.975 72.26593413450918 72.26593413450918 72.26593413450918 72.26593413450918 72.26593413450918 72.26593413450918
 398078208 2 21945.0 21945.0 21945.0 72.55925413533835 72.55925413533835 72.55925413533835 72.55925413533835 72.55925413533835 72.55925413533835
 437886016 2 24039.984 24039.984 24039.984 72.8596185421754 72.8596185421754 72.8596185421754 72.8596185421754 72.8596185421754 72.8596185421754
 481674560 2 26403.189 26403.189 26403.189 72.97217923183446 72.97217923183446 72.97217923183446 72.97217923183446 72.97217923183446 72.97217923183446
 529841984 2 29194.117 29194.117 29194.117 72.59571974723539 72.59571974723539 72.59571974723539 72.59571974723539 72.59571974723539 72.59571974723539
 582826176 1 16036.034 16036.034 16036.034 72.68956601114714 72.68956601114714 72.68956601114714 72.68956601114714 72.68956601114714 72.68956601114714
 641108736 1 18165.112 18165.112 18165.112 70.58681895272652 70.58681895272652 70.58681895272652 70.58681895272652 70.58681895272652 70.58681895272652
 705219584 1 19926.071 19926.071 19926.071 70.78360646210685 70.78360646210685 70.78360646210685 70.78360646210685 70.78360646210685 70.78360646210685
 775741504 1 21970.987 21970.987 21970.987 70.61508015092812 70.61508015092812 70.61508015092812 70.61508015092812 70.61508015092812 70.61508015092812
 853315648 1 24143.934 24143.934 24143.934 70.68571741456881 70.68571741456881 70.68571741456881 70.68571741456881 70.68571741456881 70.68571741456881
 938647168 1 26633.978 26633.978 26633.978 70.48493980133198 70.48493980133198 70.48493980133198 70.48493980133198 70.48493980133198 70.48493980133198
 1032511872 1 29211.998 29211.998 29211.998 70.690945001434 70.690945001434 70.690945001434 70.690945001434 70.690945001434 70.690945001434
 
META_DATA
 MPI startup(): shm:tmi fabric is unknown or has been removed from the product, please use ofi or shm:ofi instead
 FLOPS          16
 MPI_PROCS      4
 OPENMP_THREADS 2
 ERT_VERSION  1.1.0
 HOSTNAME  ('shas0420.rc.int.colorado.edu', [], ['10.225.6.135'])
 UNAME  uname_result(system='Linux', node='shas0420.rc.int.colorado.edu', release='3.10.0-957.27.2.el7.x86_64', version='#1 SMP Mon Jul 29 17:46:05 UTC 2019', machine='x86_64', processor='x86_64')
 TIMESTAMP_DATA  1664555773.5555701
 CONFIG  {'ERT_RESULTS': ['lab5_results'], 'ERT_DRIVER': ['driver1'], 'ERT_KERNEL': ['kernel1'], 'ERT_MPI': ['True'], 'ERT_MPI_CFLAGS': ['-I/usr/include/mpi'], 'ERT_MPI_LDFLAGS': ['-lmpi'], 'ERT_OPENMP': ['True'], 'ERT_OPENMP_CFLAGS': ['-qopenmp'], 'ERT_OPENMP_LDFLAGS': ['-qopenmp'], 'ERT_FLOPS': ['1,2,4,8,16'], 'ERT_ALIGN': ['32'], 'ERT_CC': ['mpicc'], 'ERT_CFLAGS': ['-O3', '-msse3', '-axSSE3', '-xSSE3', '-fno-alias', '-fno-fnalias', '-DERT_INTEL', '-std=c++11'], 'ERT_LD': ['mpicc'], 'ERT_LDFLAGS': [], 'ERT_LDLIBS': [], 'ERT_PRECISION': ['FP64'], 'ERT_RUN': ['export', 'OMP_NUM_THREADS=ERT_OPENMP_THREADS;', 'mpirun', '-np', 'ERT_MPI_PROCS', 'ERT_CODE'], 'ERT_PROCS_THREADS': ['1-24'], 'ERT_MPI_PROCS': ['1,2,4,8,12,24'], 'ERT_OPENMP_THREADS': ['1,2,4,8,12,24'], 'ERT_NUM_EXPERIMENTS': ['1'], 'ERT_MEMORY_MAX': ['1073741824'], 'ERT_WORKING_SET_MIN': ['1'], 'ERT_TRIALS_MIN': ['1'], 'ERT_GNUPLOT': ['gnuplot'], 'ERT_GPU': [False], 'ERT_HIP': [False], 'ERT_OCL': [False], 'ERT_SYCL': [False], 'ERT_WSS_MULT': [1.1]}
 