fp64
 64 16777216 718124.151 718124.151 718124.151 2.9904072227756067 2.9904072227756067 2.9904072227756067 2.9904072227756067 2.9904072227756067 2.9904072227756067
 128 8388608 360974.073 360974.073 360974.073 5.949135432782178 5.949135432782178 5.949135432782178 5.949135432782178 5.949135432782178 5.949135432782178
 192 4194304 190859.079 190859.079 190859.079 8.438753579021515 8.438753579021515 8.438753579021515 8.438753579021515 8.438753579021515 8.438753579021515
 256 4194304 198734.999 198734.999 198734.999 10.805764756111227 10.805764756111227 10.805764756111227 10.805764756111227 10.805764756111227 10.805764756111227
 320 2097152 90655.088 90655.088 90655.088 14.805316608373927 14.805316608373927 14.805316608373927 14.805316608373927 14.805316608373927 14.805316608373927
 384 2097152 102999.926 102999.926 102999.926 15.637028088738626 15.637028088738626 15.637028088738626 15.637028088738626 15.637028088738626 15.637028088738626
 448 2097152 136945.009 136945.009 136945.009 13.721187838251193 13.721187838251193 13.721187838251193 13.721187838251193 13.721187838251193 13.721187838251193
 512 2097152 103805.065 103805.065 103805.065 20.687657659093997 20.687657659093997 20.687657659093997 20.687657659093997 20.687657659093997 20.687657659093997
 576 1048576 48955.917 48955.917 48955.917 24.674434185350872 24.674434185350872 24.674434185350872 24.674434185350872 24.674434185350872 24.674434185350872
 640 1048576 51926.136 51926.136 51926.136 25.847817368887224 25.847817368887224 25.847817368887224 25.847817368887224 25.847817368887224 25.847817368887224
 704 1048576 73403.12 73403.12 73403.12 20.113518444447593 20.113518444447593 20.113518444447593 20.113518444447593 20.113518444447593 20.113518444447593
 768 1048576 59618.95 59618.95 59618.95 27.015114087047827 27.015114087047827 27.015114087047827 27.015114087047827 27.015114087047827 27.015114087047827
 832 1048576 80304.146 80304.146 80304.146 21.727775599531316 21.727775599531316 21.727775599531316 21.727775599531316 21.727775599531316 21.727775599531316
 896 1048576 73695.898 73695.898 73695.898 25.49732404373443 25.49732404373443 25.49732404373443 25.49732404373443 25.49732404373443 25.49732404373443
 960 1048576 85525.036 85525.036 85525.036 23.540076849543798 23.540076849543798 23.540076849543798 23.540076849543798 23.540076849543798 23.540076849543798
 1024 1048576 69228.888 69228.888 69228.888 31.02005116707927 31.02005116707927 31.02005116707927 31.02005116707927 31.02005116707927 31.02005116707927
 1088 524288 49364.805 49364.805 49364.805 23.110608620858525 23.110608620858525 23.110608620858525 23.110608620858525 23.110608620858525 23.110608620858525
 1152 524288 42865.038 42865.038 42865.038 28.180531462493978 28.180531462493978 28.180531462493978 28.180531462493978 28.180531462493978 28.180531462493978
 1216 524288 50549.984 50549.984 50549.984 25.223913344858826 25.223913344858826 25.223913344858826 25.223913344858826 25.223913344858826 25.223913344858826
 1280 524288 56980.848 56980.848 56980.848 23.55488426567467 23.55488426567467 23.55488426567467 23.55488426567467 23.55488426567467 23.55488426567467
 1408 524288 42490.005 42490.005 42490.005 34.74687771865407 34.74687771865407 34.74687771865407 34.74687771865407 34.74687771865407 34.74687771865407
 1536 524288 58604.956 58604.956 58604.956 27.482534685291803 27.482534685291803 27.482534685291803 27.482534685291803 27.482534685291803 27.482534685291803
 1664 524288 49007.893 49007.893 49007.893 35.60304998217328 35.60304998217328 35.60304998217328 35.60304998217328 35.60304998217328 35.60304998217328
 1792 524288 52024.841 52024.841 52024.841 36.11828803090431 36.11828803090431 36.11828803090431 36.11828803090431 36.11828803090431 36.11828803090431
 1920 524288 77584.982 77584.982 77584.982 25.949170420636303 25.949170420636303 25.949170420636303 25.949170420636303 25.949170420636303 25.949170420636303
 2112 262144 50351.858 50351.858 50351.858 21.99116973995279 21.99116973995279 21.99116973995279 21.99116973995279 21.99116973995279 21.99116973995279
 2304 262144 44008.97 44008.97 44008.97 27.448030526504027 27.448030526504027 27.448030526504027 27.448030526504027 27.448030526504027 27.448030526504027
 2496 262144 54130.077 54130.077 54130.077 24.17552164206232 24.17552164206232 24.17552164206232 24.17552164206232 24.17552164206232 24.17552164206232
 2688 262144 50221.92 50221.92 50221.92 28.06117615575032 28.06117615575032 28.06117615575032 28.06117615575032 28.06117615575032 28.06117615575032
 2944 262144 46094.894 46094.894 46094.894 33.485354625178225 33.485354625178225 33.485354625178225 33.485354625178225 33.485354625178225 33.485354625178225
 3200 262144 39615.154 39615.154 39615.154 42.35050051805933 42.35050051805933 42.35050051805933 42.35050051805933 42.35050051805933 42.35050051805933
 3520 262144 64324.141 64324.141 64324.141 28.69053097809732 28.69053097809732 28.69053097809732 28.69053097809732 28.69053097809732 28.69053097809732
 3840 262144 68845.987 68845.987 68845.987 29.243039539835486 29.243039539835486 29.243039539835486 29.243039539835486 29.243039539835486 29.243039539835486
 4224 131072 31766.891 31766.891 31766.891 34.85692874382954 34.85692874382954 34.85692874382954 34.85692874382954 34.85692874382954 34.85692874382954
 4608 131072 52020.073 52020.073 52020.073 23.2210276213953 23.2210276213953 23.2210276213953 23.2210276213953 23.2210276213953 23.2210276213953
 5056 131072 53551.912 53551.912 53551.912 24.749817784283785 24.749817784283785 24.749817784283785 24.749817784283785 24.749817784283785 24.749817784283785
 5504 131072 52683.83 52683.83 52683.83 27.38678216826681 27.38678216826681 27.38678216826681 27.38678216826681 27.38678216826681 27.38678216826681
 6016 131072 58062.792 58062.792 58062.792 27.161255077089642 27.161255077089642 27.161255077089642 27.161255077089642 27.161255077089642 27.161255077089642
 6592 131072 41395.903 41395.903 41395.903 41.74454771526545 41.74454771526545 41.74454771526545 41.74454771526545 41.74454771526545 41.74454771526545
 7232 131072 43483.973 43483.973 43483.973 43.59825648866078 43.59825648866078 43.59825648866078 43.59825648866078 43.59825648866078 43.59825648866078
 7936 131072 67059.994 67059.994 67059.994 31.022591263578096 31.022591263578096 31.022591263578096 31.022591263578096 31.022591263578096 31.022591263578096
 8704 65536 50924.063 50924.063 50924.063 22.402978489756403 22.402978489756403 22.402978489756403 22.402978489756403 22.402978489756403 22.402978489756403
 9536 65536 32370.09 32370.09 32370.09 38.61288590794774 38.61288590794774 38.61288590794774 38.61288590794774 38.61288590794774 38.61288590794774
 10432 65536 58300.018 58300.018 58300.018 23.453562295641145 23.453562295641145 23.453562295641145 23.453562295641145 23.453562295641145 23.453562295641145
 11456 65536 54710.865 54710.865 54710.865 27.445386432841083 27.445386432841083 27.445386432841083 27.445386432841083 27.445386432841083 27.445386432841083
 12544 65536 63356.876 63356.876 63356.876 25.950887603738547 25.950887603738547 25.950887603738547 25.950887603738547 25.950887603738547 25.950887603738547
 13760 65536 52021.98 52021.98 52021.98 34.66901336704216 34.66901336704216 34.66901336704216 34.66901336704216 34.66901336704216 34.66901336704216
 15104 65536 65351.009 65351.009 65351.009 30.293510663316614 30.293510663316614 30.293510663316614 30.293510663316614 30.293510663316614 30.293510663316614
 16576 32768 31588.078 31588.078 31588.078 34.390339798451805 34.390339798451805 34.390339798451805 34.390339798451805 34.390339798451805 34.390339798451805
 18176 32768 45999.765 45999.765 45999.765 25.895400465632815 25.895400465632815 25.895400465632815 25.895400465632815 25.895400465632815 25.895400465632815
 19968 32768 35864.115 35864.115 35864.115 36.488363033634045 36.488363033634045 36.488363033634045 36.488363033634045 36.488363033634045 36.488363033634045
 21952 32768 53168.058 53168.058 53168.058 27.058469429144846 27.058469429144846 27.058469429144846 27.058469429144846 27.058469429144846 27.058469429144846
 24128 32768 82304.955 82304.955 82304.955 19.21211922174066 19.21211922174066 19.21211922174066 19.21211922174066 19.21211922174066 19.21211922174066
 26496 32768 59657.097 59657.097 59657.097 29.107045822226315 29.107045822226315 29.107045822226315 29.107045822226315 29.107045822226315 29.107045822226315
 29120 32768 44101.954 44101.954 44101.954 43.27264773801179 43.27264773801179 43.27264773801179 43.27264773801179 43.27264773801179 43.27264773801179
 32000 32768 45074.94 45074.94 45074.94 46.525896651221274 46.525896651221274 46.525896651221274 46.525896651221274 46.525896651221274 46.525896651221274
 35200 16384 32571.077 32571.077 32571.077 35.41281732869932 35.41281732869932 35.41281732869932 35.41281732869932 35.41281732869932 35.41281732869932
 38720 16384 50123.93 50123.93 50123.93 25.312798896654755 25.312798896654755 25.312798896654755 25.312798896654755 25.312798896654755 25.312798896654755
 42560 16384 66228.151 66228.151 66228.151 21.057602529172225 21.057602529172225 21.057602529172225 21.057602529172225 21.057602529172225 21.057602529172225
 46784 16384 43426.037 43426.037 43426.037 35.301819320975575 35.301819320975575 35.301819320975575 35.301819320975575 35.301819320975575 35.301819320975575
 51456 16384 39012.909 39012.909 39012.909 43.2192894921012 43.2192894921012 43.2192894921012 43.2192894921012 43.2192894921012 43.2192894921012
 56576 16384 64913.034 64913.034 64913.034 28.559478024089895 28.559478024089895 28.559478024089895 28.559478024089895 28.559478024089895 28.559478024089895
 62208 16384 52270.889 52270.889 52270.889 38.997456959264646 38.997456959264646 38.997456959264646 38.997456959264646 38.997456959264646 38.997456959264646
 68416 8192 45833.826 45833.826 45833.826 24.45634244018817 24.45634244018817 24.45634244018817 24.45634244018817 24.45634244018817 24.45634244018817
 75200 8192 47012.091 47012.091 47012.091 26.207657940592348 26.207657940592348 26.207657940592348 26.207657940592348 26.207657940592348 26.207657940592348
 82688 8192 54440.022 54440.022 54440.022 24.885371868512472 24.885371868512472 24.885371868512472 24.885371868512472 24.885371868512472 24.885371868512472
 90944 8192 56627.989 56627.989 56627.989 26.312544773574775 26.312544773574775 26.312544773574775 26.312544773574775 26.312544773574775 26.312544773574775
 100032 8192 57430.983 57430.983 57430.983 28.537284273890975 28.537284273890975 28.537284273890975 28.537284273890975 28.537284273890975 28.537284273890975
 110016 8192 45784.95 45784.95 45784.95 39.3688787254327 39.3688787254327 39.3688787254327 39.3688787254327 39.3688787254327 39.3688787254327
 120960 8192 49896.955 49896.955 49896.955 39.718027683252416 39.718027683252416 39.718027683252416 39.718027683252416 39.718027683252416 39.718027683252416
 133056 4096 29067.039 29067.039 29067.039 37.49933909676868 37.49933909676868 37.49933909676868 37.49933909676868 37.49933909676868 37.49933909676868
 146304 4096 46420.097 46420.097 46420.097 25.819040576326238 25.819040576326238 25.819040576326238 25.819040576326238 25.819040576326238 25.819040576326238
 160896 4096 49870.014 49870.014 49870.014 26.429911008246357 26.429911008246357 26.429911008246357 26.429911008246357 26.429911008246357 26.429911008246357
 176960 4096 50426.006 50426.006 50426.006 28.7481883851757 28.7481883851757 28.7481883851757 28.7481883851757 28.7481883851757 28.7481883851757
 194624 4096 41440.964 41440.964 41440.964 38.47303860981613 38.47303860981613 38.47303860981613 38.47303860981613 38.47303860981613 38.47303860981613
 214080 4096 78346.014 78346.014 78346.014 22.384589469988867 22.384589469988867 22.384589469988867 22.384589469988867 22.384589469988867 22.384589469988867
 235456 4096 50174.952 50174.952 50174.952 38.442598848923666 38.442598848923666 38.442598848923666 38.442598848923666 38.442598848923666 38.442598848923666
 258944 4096 63416.958 63416.958 63416.958 33.44955852344731 33.44955852344731 33.44955852344731 33.44955852344731 33.44955852344731 33.44955852344731
 284800 2048 46154.976 46154.976 46154.976 25.274431948572563 25.274431948572563 25.274431948572563 25.274431948572563 25.274431948572563 25.274431948572563
 313280 2048 34734.964 34734.964 34734.964 36.94245602212226 36.94245602212226 36.94245602212226 36.94245602212226 36.94245602212226 36.94245602212226
 344576 2048 33538.818 33538.818 33538.818 42.082082200988715 42.082082200988715 42.082082200988715 42.082082200988715 42.082082200988715 42.082082200988715
 379008 2048 69262.028 69262.028 69262.028 22.41367763589019 22.41367763589019 22.41367763589019 22.41367763589019 22.41367763589019 22.41367763589019
 416896 2048 47531.128 47531.128 47531.128 35.926057046237155 35.926057046237155 35.926057046237155 35.926057046237155 35.926057046237155 35.926057046237155
 458560 2048 57260.036 57260.036 57260.036 32.80231538799591 32.80231538799591 32.80231538799591 32.80231538799591 32.80231538799591 32.80231538799591
 504384 2048 55686.951 55686.951 55686.951 37.09947890664727 37.09947890664727 37.09947890664727 37.09947890664727 37.09947890664727 37.09947890664727
 554816 1024 31970.978 31970.978 31970.978 35.54045697319613 35.54045697319613 35.54045697319613 35.54045697319613 35.54045697319613 35.54045697319613
 610240 1024 35861.969 35861.969 35861.969 34.84949529681429 34.84949529681429 34.84949529681429 34.84949529681429 34.84949529681429 34.84949529681429
 671232 1024 65771.103 65771.103 65771.103 20.9010199509654 20.9010199509654 20.9010199509654 20.9010199509654 20.9010199509654 20.9010199509654
 738304 1024 53906.918 53906.918 53906.918 28.04921238494844 28.04921238494844 28.04921238494844 28.04921238494844 28.04921238494844 28.04921238494844
 812096 1024 53919.077 53919.077 53919.077 30.845717333032244 30.845717333032244 30.845717333032244 30.845717333032244 30.845717333032244 30.845717333032244
 893248 1024 46484.947 46484.947 46484.947 39.35407098560315 39.35407098560315 39.35407098560315 39.35407098560315 39.35407098560315 39.35407098560315
 982528 1024 65661.907 65661.907 65661.907 30.645124942837864 30.645124942837864 30.645124942837864 30.645124942837864 30.645124942837864 30.645124942837864
 1080768 512 37420.034 37420.034 37420.034 29.5752385473514 29.5752385473514 29.5752385473514 29.5752385473514 29.5752385473514 29.5752385473514
 1188800 512 49782.991 49782.991 49782.991 24.452753351039114 24.452753351039114 24.452753351039114 24.452753351039114 24.452753351039114 24.452753351039114
 1307648 512 33602.953 33602.953 33602.953 39.84862735129261 39.84862735129261 39.84862735129261 39.84862735129261 39.84862735129261 39.84862735129261
 1438400 512 46791.077 46791.077 46791.077 31.478685562206657 31.478685562206657 31.478685562206657 31.478685562206657 31.478685562206657 31.478685562206657
 1582208 512 65773.01 65773.01 65773.01 24.63291541621708 24.63291541621708 24.63291541621708 24.63291541621708 24.63291541621708 24.63291541621708
 1740416 512 45990.944 45990.944 45990.944 38.75080241884141 38.75080241884141 38.75080241884141 38.75080241884141 38.75080241884141 38.75080241884141
 1914432 512 56797.028 56797.028 56797.028 34.5155096495542 34.5155096495542 34.5155096495542 34.5155096495542 34.5155096495542 34.5155096495542
 2105856 256 44789.076 44789.076 44789.076 24.07279560757181 24.07279560757181 24.07279560757181 24.07279560757181 24.07279560757181 24.07279560757181
 2316416 256 46679.974 46679.974 46679.974 25.40714765608053 25.40714765608053 25.40714765608053 25.40714765608053 25.40714765608053 25.40714765608053
 2548032 256 50003.052 50003.052 50003.052 26.09025513082681 26.09025513082681 26.09025513082681 26.09025513082681 26.09025513082681 26.09025513082681
 2802816 256 38212.061 38212.061 38212.061 37.55468180583089 37.55468180583089 37.55468180583089 37.55468180583089 37.55468180583089 37.55468180583089
 3083072 256 50540.209 50540.209 50540.209 31.23320807794839 31.23320807794839 31.23320807794839 31.23320807794839 31.23320807794839 31.23320807794839
 3391360 256 45207.977 45207.977 45207.977 38.40862686689122 38.40862686689122 38.40862686689122 38.40862686689122 38.40862686689122 38.40862686689122
 3730496 256 44853.926 44853.926 44853.926 42.582982635678306 42.582982635678306 42.582982635678306 42.582982635678306 42.582982635678306 42.582982635678306
 4103488 256 45326.948 45326.948 45326.948 46.3518050233605 46.3518050233605 46.3518050233605 46.3518050233605 46.3518050233605 46.3518050233605
 4513792 128 48243.999 48243.999 48243.999 23.95180283458674 23.95180283458674 23.95180283458674 23.95180283458674 23.95180283458674 23.95180283458674
 4965120 128 46532.154 46532.154 46532.154 27.315965643885733 27.315965643885733 27.315965643885733 27.315965643885733 27.315965643885733 27.315965643885733
 5461632 128 45094.013 45094.013 45094.013 31.005840886239156 31.005840886239156 31.005840886239156 31.005840886239156 31.005840886239156 31.005840886239156
 6007744 128 54094.076 54094.076 54094.076 28.431624638527886 28.431624638527886 28.431624638527886 28.431624638527886 28.431624638527886 28.431624638527886
 6608512 128 38807.154 38807.154 38807.154 43.59451538239573 43.59451538239573 43.59451538239573 43.59451538239573 43.59451538239573 43.59451538239573
 7269312 128 46229.839 46229.839 46229.839 40.25417159683381 40.25417159683381 40.25417159683381 40.25417159683381 40.25417159683381 40.25417159683381
 7996224 128 67351.818 67351.818 67351.818 30.393141637245783 30.393141637245783 30.393141637245783 30.393141637245783 30.393141637245783 30.393141637245783
 8795840 64 47460.079 47460.079 47460.079 23.722411418657774 23.722411418657774 23.722411418657774 23.722411418657774 23.722411418657774 23.722411418657774
 9675392 64 48305.035 48305.035 48305.035 25.6381177655704 25.6381177655704 25.6381177655704 25.6381177655704 25.6381177655704 25.6381177655704
 10642880 64 36999.941 36999.941 36999.941 36.818670602745016 36.818670602745016 36.818670602745016 36.818670602745016 36.818670602745016 36.818670602745016
 11707136 64 53684.95 53684.95 53684.95 27.91310056170305 27.91310056170305 27.91310056170305 27.91310056170305 27.91310056170305 27.91310056170305
 12877824 64 41160.822 41160.822 41160.822 40.0468550409416 40.0468550409416 40.0468550409416 40.0468550409416 40.0468550409416 40.0468550409416
 14165568 64 45650.005 45650.005 45650.005 39.71944152032404 39.71944152032404 39.71944152032404 39.71944152032404 39.71944152032404 39.71944152032404
 15582080 64 48919.916 48919.916 48919.916 40.770843514939806 40.770843514939806 40.770843514939806 40.770843514939806 40.770843514939806 40.770843514939806
 17140288 32 23623.943 23623.943 23623.943 46.4350270401516 46.4350270401516 46.4350270401516 46.4350270401516 46.4350270401516 46.4350270401516
 18854272 32 46592.951 46592.951 46592.951 25.8981966606923 25.8981966606923 25.8981966606923 25.8981966606923 25.8981966606923 25.8981966606923
 20739648 32 31606.197 31606.197 31606.197 41.99611462271149 41.99611462271149 41.99611462271149 41.99611462271149 41.99611462271149 41.99611462271149
 22813568 32 49350.977 49350.977 49350.977 29.585399129990883 29.585399129990883 29.585399129990883 29.585399129990883 29.585399129990883 29.585399129990883
 25094912 32 42427.063 42427.063 42427.063 37.854950459333 37.854950459333 37.854950459333 37.854950459333 37.854950459333 37.854950459333
 27604352 32 40577.888 40577.888 40577.888 43.53796156172544 43.53796156172544 43.53796156172544 43.53796156172544 43.53796156172544 43.53796156172544
 30364736 32 48176.05 48176.05 48176.05 40.3383653080732 40.3383653080732 40.3383653080732 40.3383653080732 40.3383653080732 40.3383653080732
 33401152 32 54655.075 54655.075 54655.075 39.11208113793642 39.11208113793642 39.11208113793642 39.11208113793642 39.11208113793642 39.11208113793642
 36741248 16 27436.972 27436.972 27436.972 42.85166511814787 42.85166511814787 42.85166511814787 42.85166511814787 42.85166511814787 42.85166511814787
 40415360 16 49836.159 49836.159 49836.159 25.950866719082423 25.950866719082423 25.950866719082423 25.950866719082423 25.950866719082423 25.950866719082423
 44456896 16 34209.013 34209.013 34209.013 41.58613614488089 41.58613614488089 41.58613614488089 41.58613614488089 41.58613614488089 41.58613614488089
 48902528 16 42229.176 42229.176 42229.176 37.056865518758876 37.056865518758876 37.056865518758876 37.056865518758876 37.056865518758876 37.056865518758876
 53792768 16 43146.133 43146.133 43146.133 39.89624228896712 39.89624228896712 39.89624228896712 39.89624228896712 39.89624228896712 39.89624228896712
 59172032 16 61495.066 61495.066 61495.066 30.791169880198193 30.791169880198193 30.791169880198193 30.791169880198193 30.791169880198193 30.791169880198193
 65089216 16 62931.061 62931.061 62931.061 33.097406573202385 33.097406573202385 33.097406573202385 33.097406573202385 33.097406573202385 33.097406573202385
 71598080 8 46305.895 46305.895 46305.895 24.739167226980495 24.739167226980495 24.739167226980495 24.739167226980495 24.739167226980495 24.739167226980495
 78757888 8 49822.807 49822.807 49822.807 25.29215602003315 25.29215602003315 25.29215602003315 25.29215602003315 25.29215602003315 25.29215602003315
 86633664 8 57253.838 57253.838 57253.838 24.210405318155264 24.210405318155264 24.210405318155264 24.210405318155264 24.210405318155264 24.210405318155264
 95297024 8 42756.081 42756.081 42756.081 35.66164971948668 35.66164971948668 35.66164971948668 35.66164971948668 35.66164971948668 35.66164971948668
 104826688 8 54738.045 54738.045 54738.045 30.64097389667461 30.64097389667461 30.64097389667461 30.64097389667461 30.64097389667461 30.64097389667461
 115309312 8 47687.054 47687.054 47687.054 38.68867621807797 38.68867621807797 38.68867621807797 38.68867621807797 38.68867621807797 38.68867621807797
 126840192 8 69635.153 69635.153 69635.153 29.143945041665948 29.143945041665948 29.143945041665948 29.143945041665948 29.143945041665948 29.143945041665948
 139524160 4 66015.005 66015.005 66015.005 16.908175345892953 16.908175345892953 16.908175345892953 16.908175345892953 16.908175345892953 16.908175345892953
 153476544 4 52150.965 52150.965 52150.965 23.543425361352377 23.543425361352377 23.543425361352377 23.543425361352377 23.543425361352377 23.543425361352377
 168824192 4 54859.877 54859.877 54859.877 24.6189676291108 24.6189676291108 24.6189676291108 24.6189676291108 24.6189676291108 24.6189676291108
 185706560 4 58434.963 58434.963 58434.963 25.42403389559774 25.42403389559774 25.42403389559774 25.42403389559774 25.42403389559774 25.42403389559774
 204277184 4 58991.909 58991.909 58991.909 27.70240020542478 27.70240020542478 27.70240020542478 27.70240020542478 27.70240020542478 27.70240020542478
 224704896 4 66920.996 66920.996 66920.996 26.86211018138463 26.86211018138463 26.86211018138463 26.86211018138463 26.86211018138463 26.86211018138463
 247175360 4 76710.939 76710.939 76710.939 25.77732596911635 25.77732596911635 25.77732596911635 25.77732596911635 25.77732596911635 25.77732596911635
 271892864 2 31085.014 31085.014 31085.014 34.987002289913725 34.987002289913725 34.987002289913725 34.987002289913725 34.987002289913725 34.987002289913725
 299082112 2 45006.037 45006.037 45006.037 26.58151056490488 26.58151056490488 26.58151056490488 26.58151056490488 26.58151056490488 26.58151056490488
 328990272 2 32645.226 32645.226 32645.226 40.31098109107898 40.31098109107898 40.31098109107898 40.31098109107898 40.31098109107898 40.31098109107898
 361889280 2 52373.886 52373.886 52373.886 27.638909971278434 27.638909971278434 27.638909971278434 27.638909971278434 27.638909971278434 27.638909971278434
 398078208 2 47697.067 47697.067 47697.067 33.383873100624825 33.383873100624825 33.383873100624825 33.383873100624825 33.383873100624825 33.383873100624825
 437886016 2 58247.089 58247.089 58247.089 30.0709287634958 30.0709287634958 30.0709287634958 30.0709287634958 30.0709287634958 30.0709287634958
 481674560 2 50181.866 50181.866 50181.866 38.394312399622606 38.394312399622606 38.394312399622606 38.394312399622606 38.394312399622606 38.394312399622606
 529841984 2 82338.095 82338.095 82338.095 25.739822326469906 25.739822326469906 25.739822326469906 25.739822326469906 25.739822326469906 25.739822326469906
 582826176 1 69847.107 69847.107 69847.107 16.688627518960804 16.688627518960804 16.688627518960804 16.688627518960804 16.688627518960804 16.688627518960804
 641108736 1 56972.98 56972.98 56972.98 22.505711865519405 22.505711865519405 22.505711865519405 22.505711865519405 22.505711865519405 22.505711865519405
 705219584 1 39740.086 39740.086 39740.086 35.49159828189602 35.49159828189602 35.49159828189602 35.49159828189602 35.49159828189602 35.49159828189602
 775741504 1 40839.911 40839.911 40839.911 37.98938268988882 37.98938268988882 37.98938268988882 37.98938268988882 37.98938268988882 37.98938268988882
 853315648 1 62751.055 62751.055 62751.055 27.196854236155872 27.196854236155872 27.196854236155872 27.196854236155872 27.196854236155872 27.196854236155872
 938647168 1 67790.031 67790.031 67790.031 27.69277883941372 27.69277883941372 27.69277883941372 27.69277883941372 27.69277883941372 27.69277883941372
 1032511872 1 59828.043 59828.043 59828.043 34.51598348286271 34.51598348286271 34.51598348286271 34.51598348286271 34.51598348286271 34.51598348286271
 
META_DATA
 MPI startup(): shm:tmi fabric is unknown or has been removed from the product, please use ofi or shm:ofi instead
 FLOPS          16
 MPI_PROCS      4
 OPENMP_THREADS 2
 ERT_VERSION  1.1.0
 HOSTNAME  ('shas0116.rc.int.colorado.edu', [], ['10.225.5.195'])
 UNAME  uname_result(system='Linux', node='shas0116.rc.int.colorado.edu', release='3.10.0-957.27.2.el7.x86_64', version='#1 SMP Mon Jul 29 17:46:05 UTC 2019', machine='x86_64', processor='x86_64')
 TIMESTAMP_DATA  1664508460.989178
 CONFIG  {'ERT_RESULTS': ['lab5_results'], 'ERT_DRIVER': ['driver1'], 'ERT_KERNEL': ['kernel1'], 'ERT_MPI': ['True'], 'ERT_MPI_CFLAGS': ['-I/usr/include/mpi'], 'ERT_MPI_LDFLAGS': ['-lmpi'], 'ERT_OPENMP': ['True'], 'ERT_OPENMP_CFLAGS': ['-qopenmp'], 'ERT_OPENMP_LDFLAGS': ['-qopenmp'], 'ERT_FLOPS': ['1,2,4,8,16'], 'ERT_ALIGN': ['32'], 'ERT_CC': ['mpicc'], 'ERT_CFLAGS': ['-O3', '-msse3', '-axSSE3', '-xSSE3', '-fno-alias', '-fno-fnalias', '-DERT_INTEL', '-std=c++11'], 'ERT_LD': ['mpicc'], 'ERT_LDFLAGS': [], 'ERT_LDLIBS': [], 'ERT_PRECISION': ['FP64'], 'ERT_RUN': ['export', 'OMP_NUM_THREADS=ERT_OPENMP_THREADS;', 'mpirun', '-np', 'ERT_MPI_PROCS', 'ERT_CODE'], 'ERT_PROCS_THREADS': ['1-8'], 'ERT_MPI_PROCS': ['4'], 'ERT_OPENMP_THREADS': ['2'], 'ERT_NUM_EXPERIMENTS': ['1'], 'ERT_MEMORY_MAX': ['1073741824'], 'ERT_WORKING_SET_MIN': ['1'], 'ERT_TRIALS_MIN': ['1'], 'ERT_GNUPLOT': ['gnuplot'], 'ERT_GPU': [False], 'ERT_HIP': [False], 'ERT_OCL': [False], 'ERT_SYCL': [False], 'ERT_WSS_MULT': [1.1]}
 