fp64
 192 4194304 13207.912 13207.912 13207.912 121.94302445382736 121.94302445382736 121.94302445382736 15.24287805672842 15.24287805672842 15.24287805672842
 384 2097152 7339.001 7339.001 7339.001 219.4593972667397 219.4593972667397 219.4593972667397 27.432424658342462 27.432424658342462 27.432424658342462
 576 1048576 3663.063 3663.063 3663.063 329.76761579039174 329.76761579039174 329.76761579039174 41.22095197379897 41.22095197379897 41.22095197379897
 768 1048576 5128.145 5128.145 5128.145 314.07316602787165 314.07316602787165 314.07316602787165 39.259145753483956 39.259145753483956 39.259145753483956
 960 1048576 3944.874 3944.874 3944.874 510.34986668775724 510.34986668775724 510.34986668775724 63.793733335969655 63.793733335969655 63.793733335969655
 1152 524288 3513.098 3513.098 3513.098 343.8445360761356 343.8445360761356 343.8445360761356 42.98056700951695 42.98056700951695 42.98056700951695
 1344 524288 2491.951 2491.951 2491.951 565.5352549066976 565.5352549066976 565.5352549066976 70.6919068633372 70.6919068633372 70.6919068633372
 1536 524288 3305.912 3305.912 3305.912 487.19165422431087 487.19165422431087 487.19165422431087 60.89895677803886 60.89895677803886 60.89895677803886
 1728 524288 3453.016 3453.016 3453.016 524.7410750485952 524.7410750485952 524.7410750485952 65.5926343810744 65.5926343810744 65.5926343810744
 1920 524288 3747.94 3747.94 3747.94 537.1659951866892 537.1659951866892 537.1659951866892 67.14574939833615 67.14574939833615 67.14574939833615
 2112 262144 2012.014 2012.014 2012.014 550.3422222708192 550.3422222708192 550.3422222708192 68.7927777838524 68.7927777838524 68.7927777838524
 2304 262144 2160.072 2160.072 2160.072 559.2218926035798 559.2218926035798 559.2218926035798 69.90273657544748 69.90273657544748 69.90273657544748
 2496 262144 2277.136 2277.136 2277.136 574.6792672901399 574.6792672901399 574.6792672901399 71.83490841126749 71.83490841126749 71.83490841126749
 2688 262144 2452.85 2452.85 2452.85 574.550479646126 574.550479646126 574.550479646126 71.81880995576574 71.81880995576574 71.81880995576574
 2880 262144 2592.087 2592.087 2592.087 582.5226699566797 582.5226699566797 582.5226699566797 72.81533374458496 72.81533374458496 72.81533374458496
 3072 262144 1204.967 1204.967 1204.967 1336.6446848751873 1336.6446848751873 1336.6446848751873 167.0805856093984 167.0805856093984 167.0805856093984
 3264 262144 1478.91 1478.91 1478.91 1157.119792279449 1157.119792279449 1157.119792279449 144.63997403493113 144.63997403493113 144.63997403493113
 3456 262144 1551.151 1551.151 1551.151 1168.1256873121959 1168.1256873121959 1168.1256873121959 146.01571091402448 146.01571091402448 146.01571091402448
 3648 262144 1639.843 1639.843 1639.843 1166.332767222228 1166.332767222228 1166.332767222228 145.7915959027785 145.7915959027785 145.7915959027785
 3840 262144 1821.995 1821.995 1821.995 1104.9788391296354 1104.9788391296354 1104.9788391296354 138.12235489120442 138.12235489120442 138.12235489120442
 4224 131072 1049.995 1049.995 1049.995 1054.5728846327838 1054.5728846327838 1054.5728846327838 131.82161057909798 131.82161057909798 131.82161057909798
 4608 131072 1184.94 1184.94 1184.94 1019.426765912198 1019.426765912198 1019.426765912198 127.42834573902475 127.42834573902475 127.42834573902475
 4992 131072 1307.011 1307.011 1307.011 1001.2332321610146 1001.2332321610146 1001.2332321610146 125.15415402012682 125.15415402012682 125.15415402012682
 5376 131072 1459.122 1459.122 1459.122 965.8453124550243 965.8453124550243 965.8453124550243 120.73066405687804 120.73066405687804 120.73066405687804
 5760 131072 1593.113 1593.113 1593.113 947.7980783535129 947.7980783535129 947.7980783535129 118.47475979418911 118.47475979418911 118.47475979418911
 6336 131072 1235.962 1235.962 1235.962 1343.8474516206809 1343.8474516206809 1343.8474516206809 167.9809314525851 167.9809314525851 167.9809314525851
 6912 131072 1373.053 1373.053 1373.053 1319.6426707490532 1319.6426707490532 1319.6426707490532 164.95533384363165 164.95533384363165 164.95533384363165
 7488 131072 1549.959 1549.959 1549.959 1266.4427071941902 1266.4427071941902 1266.4427071941902 158.30533839927378 158.30533839927378 158.30533839927378
 8064 131072 1743.078 1743.078 1743.078 1212.7565238044424 1212.7565238044424 1212.7565238044424 151.5945654755553 151.5945654755553 151.5945654755553
 8832 65536 998.974 998.974 998.974 1158.8168500881902 1158.8168500881902 1158.8168500881902 144.85210626102378 144.85210626102378 144.85210626102378
 9600 65536 921.011 921.011 921.011 1366.2064839616464 1366.2064839616464 1366.2064839616464 170.7758104952058 170.7758104952058 170.7758104952058
 10560 65536 1025.915 1025.915 1025.915 1349.1569184581572 1349.1569184581572 1349.1569184581572 168.64461480726965 168.64461480726965 168.64461480726965
 11520 65536 1145.84 1145.84 1145.84 1317.7663897228235 1317.7663897228235 1317.7663897228235 164.72079871535294 164.72079871535294 164.72079871535294
 12672 65536 1192.093 1192.093 1192.093 1393.301012588783 1393.301012588783 1393.301012588783 174.16262657359786 174.16262657359786 174.16262657359786
 13824 65536 1322.031 1322.031 1322.031 1370.5724964089345 1370.5724964089345 1370.5724964089345 171.3215620511168 171.3215620511168 171.3215620511168
 15168 65536 1502.991 1502.991 1502.991 1322.7624756236064 1322.7624756236064 1322.7624756236064 165.3453094529508 165.3453094529508 165.3453094529508
 16512 32768 784.159 784.159 784.159 1379.9885380388416 1379.9885380388416 1379.9885380388416 172.4985672548552 172.4985672548552 172.4985672548552
 18048 32768 858.068 858.068 858.068 1378.4382216794006 1378.4382216794006 1378.4382216794006 172.30477770992508 172.30477770992508 172.30477770992508
 19776 32768 929.832 929.832 929.832 1393.8431200474922 1393.8431200474922 1393.8431200474922 174.23039000593653 174.23039000593653 174.23039000593653
 21696 32768 1013.994 1013.994 1013.994 1402.246025124409 1402.246025124409 1402.246025124409 175.28075314055113 175.28075314055113 175.28075314055113
 23808 32768 1105.07 1105.07 1105.07 1411.9296406562482 1411.9296406562482 1411.9296406562482 176.49120508203103 176.49120508203103 176.49120508203103
 26112 32768 1233.816 1233.816 1233.816 1386.9783111906477 1386.9783111906477 1386.9783111906477 173.37228889883096 173.37228889883096 173.37228889883096
 28608 32768 1366.138 1366.138 1366.138 1372.375183180616 1372.375183180616 1372.375183180616 171.546897897577 171.546897897577 171.546897897577
 31296 32768 1466.99 1466.99 1466.99 1398.1108637414025 1398.1108637414025 1398.1108637414025 174.7638579676753 174.7638579676753 174.7638579676753
 34368 16384 792.98 792.98 792.98 1420.175318419128 1420.175318419128 1420.175318419128 177.521914802391 177.521914802391 177.521914802391
 37632 16384 856.876 856.876 856.876 1439.0943100285222 1439.0943100285222 1439.0943100285222 179.88678875356527 179.88678875356527 179.88678875356527
 41280 16384 946.999 946.999 946.999 1428.3679708215109 1428.3679708215109 1428.3679708215109 178.54599635268886 178.54599635268886 178.54599635268886
 45312 16384 1034.021 1034.021 1034.021 1435.9317808825933 1435.9317808825933 1435.9317808825933 179.49147261032417 179.49147261032417 179.49147261032417
 49728 16384 1129.866 1129.866 1129.866 1442.1950071955437 1442.1950071955437 1442.1950071955437 180.27437589944296 180.27437589944296 180.27437589944296
 54528 16384 1255.035 1255.035 1255.035 1423.6842032293919 1423.6842032293919 1423.6842032293919 177.96052540367398 177.96052540367398 177.96052540367398
 59904 16384 1374.006 1374.006 1374.006 1428.6213247977082 1428.6213247977082 1428.6213247977082 178.57766559971353 178.57766559971353 178.57766559971353
 65856 8192 750.78 750.78 750.78 1437.1516343003277 1437.1516343003277 1437.1516343003277 179.64395428754096 179.64395428754096 179.64395428754096
 72384 8192 819.206 819.206 819.206 1447.669396952659 1447.669396952659 1447.669396952659 180.9586746190824 180.9586746190824 180.9586746190824
 79488 8192 892.878 892.878 892.878 1458.577086679255 1458.577086679255 1458.577086679255 182.32213583490687 182.32213583490687 182.32213583490687
 87360 8192 986.099 986.099 986.099 1451.483309485153 1451.483309485153 1451.483309485153 181.43541368564414 181.43541368564414 181.43541368564414
 96000 8192 1086.95 1086.95 1086.95 1447.0435622613736 1447.0435622613736 1447.0435622613736 180.8804452826717 180.8804452826717 180.8804452826717
 105600 8192 1246.929 1246.929 1246.929 1387.5292017428417 1387.5292017428417 1387.5292017428417 173.4411502178552 173.4411502178552 173.4411502178552
 116160 8192 1367.092 1367.092 1367.092 1392.1268210186292 1392.1268210186292 1392.1268210186292 174.01585262732866 174.01585262732866 174.01585262732866
 127680 8192 1497.984 1497.984 1497.984 1396.4829530889515 1396.4829530889515 1396.4829530889515 174.56036913611894 174.56036913611894 174.56036913611894
 140352 4096 821.114 821.114 821.114 1400.248423483219 1400.248423483219 1400.248423483219 175.03105293540239 175.03105293540239 175.03105293540239
 154368 4096 906.944 906.944 906.944 1394.3337802554513 1394.3337802554513 1394.3337802554513 174.2917225319314 174.2917225319314 174.2917225319314
 169728 4096 977.993 977.993 977.993 1421.6991082758261 1421.6991082758261 1421.6991082758261 177.71238853447827 177.71238853447827 177.71238853447827
 186624 4096 1078.844 1078.844 1078.844 1417.0944158747698 1417.0944158747698 1417.0944158747698 177.13680198434622 177.13680198434622 177.13680198434622
 205248 4096 1181.126 1181.126 1181.126 1423.5497449044385 1423.5497449044385 1423.5497449044385 177.9437181130548 177.9437181130548 177.9437181130548
 225600 4096 1300.097 1300.097 1300.097 1421.5210095862078 1421.5210095862078 1421.5210095862078 177.69012619827598 177.69012619827598 177.69012619827598
 248064 4096 1425.982 1425.982 1425.982 1425.081303971579 1425.081303971579 1425.081303971579 178.13516299644738 178.13516299644738 178.13516299644738
 272832 2048 782.967 782.967 782.967 1427.2885983700462 1427.2885983700462 1427.2885983700462 178.41107479625578 178.41107479625578 178.41107479625578
 300096 2048 878.096 878.096 878.096 1399.8392157577305 1399.8392157577305 1399.8392157577305 174.9799019697163 174.9799019697163 174.9799019697163
 330048 2048 943.184 943.184 943.184 1433.3116422670444 1433.3116422670444 1433.3116422670444 179.16395528338055 179.16395528338055 179.16395528338055
 362880 2048 1026.869 1026.869 1026.869 1447.464554875062 1447.464554875062 1447.464554875062 180.93306935938276 180.93306935938276 180.93306935938276
 399168 2048 1134.872 1134.872 1134.872 1440.6841723119435 1440.6841723119435 1440.6841723119435 180.08552153899294 180.08552153899294 180.08552153899294
 438912 2048 1277.924 1277.924 1277.924 1406.8000538373176 1406.8000538373176 1406.8000538373176 175.8500067296647 175.8500067296647 175.8500067296647
 482688 2048 1363.993 1363.993 1363.993 1449.4869460473772 1449.4869460473772 1449.4869460473772 181.18586825592214 181.18586825592214 181.18586825592214
 530880 1024 802.994 802.994 802.994 1353.9855092317002 1353.9855092317002 1353.9855092317002 169.24818865396253 169.24818865396253 169.24818865396253
 583872 1024 824.928 824.928 824.928 1449.5445129756781 1449.5445129756781 1449.5445129756781 181.19306412195976 181.19306412195976 181.19306412195976
 642240 1024 909.09 909.09 909.09 1446.839718839719 1446.839718839719 1446.839718839719 180.85496485496486 180.85496485496486 180.85496485496486
 706368 1024 1000.166 1000.166 1000.166 1446.4015613408174 1446.4015613408174 1446.4015613408174 180.80019516760217 180.80019516760217 180.80019516760217
 776832 1024 1099.825 1099.825 1099.825 1446.5500747846247 1446.5500747846247 1446.5500747846247 180.8187593480781 180.8187593480781 180.8187593480781
 854400 1024 1342.058 1342.058 1342.058 1303.8268092735186 1303.8268092735186 1303.8268092735186 162.97835115918983 162.97835115918983 162.97835115918983
 939840 1024 1509.905 1509.905 1509.905 1274.7771018706474 1274.7771018706474 1274.7771018706474 159.34713773383092 159.34713773383092 159.34713773383092
 1033728 1024 1660.109 1660.109 1660.109 1275.2626146837347 1275.2626146837347 1275.2626146837347 159.40782683546684 159.40782683546684 159.40782683546684
 1137024 512 914.097 914.097 914.097 1273.7297857885978 1273.7297857885978 1273.7297857885978 159.21622322357473 159.21622322357473 159.21622322357473
 1250688 512 1003.981 1003.981 1003.981 1275.6262439229429 1275.6262439229429 1275.6262439229429 159.45328049036786 159.45328049036786 159.45328049036786
 1375680 512 1115.084 1115.084 1115.084 1263.3095982006735 1263.3095982006735 1263.3095982006735 157.91369977508418 157.91369977508418 157.91369977508418
 1513152 512 1220.942 1220.942 1220.942 1269.0755564146373 1269.0755564146373 1269.0755564146373 158.63444455182966 158.63444455182966 158.63444455182966
 1664448 512 1347.065 1347.065 1347.065 1265.2654118398145 1265.2654118398145 1265.2654118398145 158.15817647997682 158.15817647997682 158.15817647997682
 1830720 512 1476.049 1476.049 1476.049 1270.0508451955188 1270.0508451955188 1270.0508451955188 158.75635564943985 158.75635564943985 158.75635564943985
 2013696 512 1621.008 1621.008 1621.008 1272.0632495336235 1272.0632495336235 1272.0632495336235 159.00790619170294 159.00790619170294 159.00790619170294
 2214912 256 920.057 920.057 920.057 1232.5703124915085 1232.5703124915085 1232.5703124915085 154.07128906143856 154.07128906143856 154.07128906143856
 2436288 256 978.947 978.947 978.947 1274.2053001847905 1274.2053001847905 1274.2053001847905 159.27566252309882 159.27566252309882 159.27566252309882
 2679744 256 1077.175 1077.175 1077.175 1273.7289001322906 1273.7289001322906 1273.7289001322906 159.21611251653633 159.21611251653633 159.21611251653633
 2947584 256 1183.987 1183.987 1183.987 1274.644914175578 1274.644914175578 1274.644914175578 159.33061427194724 159.33061427194724 159.33061427194724
 3242304 256 1299.858 1299.858 1299.858 1277.1084595394268 1277.1084595394268 1277.1084595394268 159.63855744242835 159.63855744242835 159.63855744242835
 3566400 256 1441.956 1441.956 1441.956 1266.3332306949728 1266.3332306949728 1266.3332306949728 158.2916538368716 158.2916538368716 158.2916538368716
 3922944 256 1731.873 1731.873 1731.873 1159.754397695443 1159.754397695443 1159.754397695443 144.96929971193038 144.96929971193038 144.96929971193038
 4315200 128 975.132 975.132 975.132 1132.8632431301608 1132.8632431301608 1132.8632431301608 141.6079053912701 141.6079053912701 141.6079053912701
 4746624 128 1096.964 1096.964 1096.964 1107.7261824453674 1107.7261824453674 1107.7261824453674 138.46577280567092 138.46577280567092 138.46577280567092
 5221248 128 1324.177 1324.177 1324.177 1009.4114971034841 1009.4114971034841 1009.4114971034841 126.17643713793551 126.17643713793551 126.17643713793551
 5743296 128 1461.029 1461.029 1461.029 1006.3344232044676 1006.3344232044676 1006.3344232044676 125.79180290055845 125.79180290055845 125.79180290055845
 6317568 128 1652.002 1652.002 1652.002 978.992403156897 978.992403156897 978.992403156897 122.37405039461213 122.37405039461213 122.37405039461213
 6949248 128 2086.163 2086.163 2086.163 852.7653342524051 852.7653342524051 852.7653342524051 106.59566678155063 106.59566678155063 106.59566678155063
 7644096 128 2305.984 2305.984 2305.984 848.6132497016458 848.6132497016458 848.6132497016458 106.07665621270573 106.07665621270573 106.07665621270573
 8408448 64 1358.032 1358.032 1358.032 792.5301789648552 792.5301789648552 792.5301789648552 99.0662723706069 99.0662723706069 99.0662723706069
 9249216 64 1504.898 1504.898 1504.898 786.6976020966205 786.6976020966205 786.6976020966205 98.33720026207756 98.33720026207756 98.33720026207756
 10174080 64 1657.009 1657.009 1657.009 785.9234560584764 785.9234560584764 785.9234560584764 98.24043200730955 98.24043200730955 98.24043200730955
 11191488 64 1818.18 1818.18 1818.18 787.8815430815431 787.8815430815431 787.8815430815431 98.48519288519289 98.48519288519289 98.48519288519289
 12310464 64 2004.862 2004.862 2004.862 785.9590295990447 785.9590295990447 785.9590295990447 98.24487869988059 98.24487869988059 98.24487869988059
 13541376 64 2222.061 2222.061 2222.061 780.0398494910806 780.0398494910806 780.0398494910806 97.50498118638508 97.50498118638508 97.50498118638508
 14895360 64 2421.856 2421.856 2421.856 787.2499768772379 787.2499768772379 787.2499768772379 98.40624710965474 98.40624710965474 98.40624710965474
 16384896 64 2671.957 2671.957 2671.957 784.9178291417114 784.9178291417114 784.9178291417114 98.11472864271393 98.11472864271393 98.11472864271393
 18023232 32 1471.043 1471.043 1471.043 784.1285727201721 784.1285727201721 784.1285727201721 98.01607159002151 98.01607159002151 98.01607159002151
 19825536 32 1613.14 1613.14 1613.14 786.5618012075827 786.5618012075827 786.5618012075827 98.32022515094783 98.32022515094783 98.32022515094783
 21807936 32 1770.973 1770.973 1770.973 788.1023053428821 788.1023053428821 788.1023053428821 98.51278816786026 98.51278816786026 98.51278816786026
 23988672 32 1950.979 1950.979 1950.979 786.9254399970476 786.9254399970476 786.9254399970476 98.36567999963096 98.36567999963096 98.36567999963096
 26387520 32 2155.066 2155.066 2155.066 783.6424870514408 783.6424870514408 783.6424870514408 97.9553108814301 97.9553108814301 97.9553108814301
 29026176 32 2367.02 2367.02 2367.02 784.8160404221342 784.8160404221342 784.8160404221342 98.10200505276677 98.10200505276677 98.10200505276677
 31928640 32 2598.047 2598.047 2598.047 786.5265562940162 786.5265562940162 786.5265562940162 98.31581953675203 98.31581953675203 98.31581953675203
 35121408 16 1442.909 1442.909 1442.909 778.902242622369 778.902242622369 778.902242622369 97.36278032779613 97.36278032779613 97.36278032779613
 38633472 16 1624.107 1624.107 1624.107 761.2005268125807 761.2005268125807 761.2005268125807 95.15006585157259 95.15006585157259 95.15006585157259
 42496704 16 1739.025 1739.025 1739.025 781.9867615474188 781.9867615474188 781.9867615474188 97.74834519342735 97.74834519342735 97.74834519342735
 46746240 16 1934.052 1934.052 1934.052 773.4433613987628 773.4433613987628 773.4433613987628 96.68042017484535 96.68042017484535 96.68042017484535
 51420864 16 2266.884 2266.884 2266.884 725.8720110954067 725.8720110954067 725.8720110954067 90.73400138692584 90.73400138692584 90.73400138692584
 56562816 16 2884.15 2884.15 2884.15 627.5714203491497 627.5714203491497 627.5714203491497 78.44642754364371 78.44642754364371 78.44642754364371
 62218944 16 4153.013 4153.013 4153.013 479.4124670450105 479.4124670450105 479.4124670450105 59.92655838062631 59.92655838062631 59.92655838062631
 68440704 8 3901.005 3901.005 3901.005 280.7100385669847 280.7100385669847 280.7100385669847 35.088754820873085 35.088754820873085 35.088754820873085
 75284736 8 7440.805 7440.805 7440.805 161.885142266193 161.885142266193 161.885142266193 20.235642783274123 20.235642783274123 20.235642783274123
 82813056 8 11487.961 11487.961 11487.961 115.33890966377759 115.33890966377759 115.33890966377759 14.417363707972198 14.417363707972198 14.417363707972198
 91094208 8 13479.948 13479.948 13479.948 108.12410611672982 108.12410611672982 108.12410611672982 13.515513264591227 13.515513264591227 13.515513264591227
 100203456 8 15292.168 15292.168 15292.168 104.84159577634773 104.84159577634773 104.84159577634773 13.105199472043466 13.105199472043466 13.105199472043466
 110223744 8 17210.96 17210.96 17210.96 102.46842151745166 102.46842151745166 102.46842151745166 12.808552689681457 12.808552689681457 12.808552689681457
 121246080 8 19314.051 19314.051 19314.051 100.44176025008944 100.44176025008944 100.44176025008944 12.55522003126118 12.55522003126118 12.55522003126118
 133370688 8 21349.907 21349.907 21349.907 99.95036549807922 99.95036549807922 99.95036549807922 12.493795687259903 12.493795687259903 12.493795687259903
 146707584 4 11636.019 11636.019 11636.019 100.86445132136686 100.86445132136686 100.86445132136686 12.608056415170857 12.608056415170857 12.608056415170857
 161378304 4 12722.969 12722.969 12722.969 101.47210387764052 101.47210387764052 101.47210387764052 12.684012984705065 12.684012984705065 12.684012984705065
 177516096 4 13955.116 13955.116 13955.116 101.76402460574316 101.76402460574316 101.76402460574316 12.720503075717895 12.720503075717895 12.720503075717895
 195267648 4 15373.945 15373.945 15373.945 101.60965087360465 101.60965087360465 101.60965087360465 12.701206359200581 12.701206359200581 12.701206359200581
 214794240 4 16975.88 16975.88 16975.88 101.22326029637343 101.22326029637343 101.22326029637343 12.652907537046678 12.652907537046678 12.652907537046678
 236273664 4 18692.97 18692.97 18692.97 101.11765610280229 101.11765610280229 101.11765610280229 12.639707012850286 12.639707012850286 12.639707012850286
 259900992 4 20524.979 20524.979 20524.979 101.3013429148941 101.3013429148941 101.3013429148941 12.662667864361762 12.662667864361762 12.662667864361762
 285891072 2 11273.146 11273.146 11273.146 101.44145103771388 101.44145103771388 101.44145103771388 12.680181379714234 12.680181379714234 12.680181379714234
 314480064 2 12388.945 12388.945 12388.945 101.53570429120478 101.53570429120478 101.53570429120478 12.691963036400598 12.691963036400598 12.691963036400598
 345927936 2 13617.992 13617.992 13617.992 101.60908774215757 101.60908774215757 101.60908774215757 12.701135967769696 12.701135967769696 12.701135967769696
 380520576 2 14924.049 14924.049 14924.049 101.98856248729817 101.98856248729817 101.98856248729817 12.748570310912271 12.748570310912271 12.748570310912271
 418572480 2 16490.936 16490.936 16490.936 101.52788901733655 101.52788901733655 101.52788901733655 12.690986127167069 12.690986127167069 12.690986127167069
 460429632 2 18137.932 18137.932 18137.932 101.53960925644665 101.53960925644665 101.53960925644665 12.692451157055832 12.692451157055832 12.692451157055832
 506472576 2 19924.879 19924.879 19924.879 101.67641690571872 101.67641690571872 101.67641690571872 12.70955211321484 12.70955211321484 12.70955211321484
 557119680 1 10995.865 10995.865 10995.865 101.33257911042014 101.33257911042014 101.33257911042014 12.666572388802518 12.666572388802518 12.666572388802518
 612831552 1 12104.034 12104.034 12104.034 101.26071225510437 101.26071225510437 101.26071225510437 12.657589031888046 12.657589031888046 12.657589031888046
 674114688 1 13283.014 13283.014 13283.014 101.50026010662941 101.50026010662941 101.50026010662941 12.687532513328676 12.687532513328676 12.687532513328676
 741526080 1 14576.912 14576.912 14576.912 101.73980332734395 101.73980332734395 101.73980332734395 12.717475415917994 12.717475415917994 12.717475415917994
 815678592 1 16028.166 16028.166 16028.166 101.78065188493805 101.78065188493805 101.78065188493805 12.722581485617257 12.722581485617257 12.722581485617257
 897246336 1 17636.061 17636.061 17636.061 101.75133052669754 101.75133052669754 101.75133052669754 12.718916315837193 12.718916315837193 12.718916315837193
 986970816 1 19426.107 19426.107 19426.107 101.61282607987282 101.61282607987282 101.61282607987282 12.701603259984102 12.701603259984102 12.701603259984102
 
META_DATA
 MPI startup(): shm:tmi fabric is unknown or has been removed from the product, please use ofi or shm:ofi instead
 FLOPS          2
 MPI_PROCS      2
 OPENMP_THREADS 12
 ERT_VERSION  1.1.0
 HOSTNAME  ('shas0420.rc.int.colorado.edu', [], ['10.225.6.135'])
 UNAME  uname_result(system='Linux', node='shas0420.rc.int.colorado.edu', release='3.10.0-957.27.2.el7.x86_64', version='#1 SMP Mon Jul 29 17:46:05 UTC 2019', machine='x86_64', processor='x86_64')
 TIMESTAMP_DATA  1664554952.8116782
 CONFIG  {'ERT_RESULTS': ['lab5_results'], 'ERT_DRIVER': ['driver1'], 'ERT_KERNEL': ['kernel1'], 'ERT_MPI': ['True'], 'ERT_MPI_CFLAGS': ['-I/usr/include/mpi'], 'ERT_MPI_LDFLAGS': ['-lmpi'], 'ERT_OPENMP': ['True'], 'ERT_OPENMP_CFLAGS': ['-qopenmp'], 'ERT_OPENMP_LDFLAGS': ['-qopenmp'], 'ERT_FLOPS': ['1,2,4,8,16'], 'ERT_ALIGN': ['32'], 'ERT_CC': ['mpicc'], 'ERT_CFLAGS': ['-O3', '-msse3', '-axSSE3', '-xSSE3', '-fno-alias', '-fno-fnalias', '-DERT_INTEL', '-std=c++11'], 'ERT_LD': ['mpicc'], 'ERT_LDFLAGS': [], 'ERT_LDLIBS': [], 'ERT_PRECISION': ['FP64'], 'ERT_RUN': ['export', 'OMP_NUM_THREADS=ERT_OPENMP_THREADS;', 'mpirun', '-np', 'ERT_MPI_PROCS', 'ERT_CODE'], 'ERT_PROCS_THREADS': ['1-24'], 'ERT_MPI_PROCS': ['1,2,4,8,12,24'], 'ERT_OPENMP_THREADS': ['1,2,4,8,12,24'], 'ERT_NUM_EXPERIMENTS': ['1'], 'ERT_MEMORY_MAX': ['1073741824'], 'ERT_WORKING_SET_MIN': ['1'], 'ERT_TRIALS_MIN': ['1'], 'ERT_GNUPLOT': ['gnuplot'], 'ERT_GPU': [False], 'ERT_HIP': [False], 'ERT_OCL': [False], 'ERT_SYCL': [False], 'ERT_WSS_MULT': [1.1]}
 