fp64
 128 8388608 26275.158 26275.158 26275.158 81.73057029761725 81.73057029761725 81.73057029761725 10.216321287202156 10.216321287202156 10.216321287202156
 256 4194304 14585.972 14585.972 14585.972 147.22938231336246 147.22938231336246 147.22938231336246 18.403672789170308 18.403672789170308 18.403672789170308
 384 2097152 7292.986 7292.986 7292.986 220.8440734700437 220.8440734700437 220.8440734700437 27.605509183755462 27.605509183755462 27.605509183755462
 512 2097152 10214.806 10214.806 10214.806 210.23244572633098 210.23244572633098 210.23244572633098 26.279055715791372 26.279055715791372 26.279055715791372
 640 1048576 3922.939 3922.939 3922.939 342.1356488082023 342.1356488082023 342.1356488082023 42.766956101025286 42.766956101025286 42.766956101025286
 768 1048576 5989.075 5989.075 5989.075 268.9251238296398 268.9251238296398 268.9251238296398 33.615640478704975 33.615640478704975 33.615640478704975
 896 1048576 4390.955 4390.955 4390.955 427.93610774876987 427.93610774876987 427.93610774876987 53.492013468596234 53.492013468596234 53.492013468596234
 1024 1048576 6581.068 6581.068 6581.068 326.3123322840609 326.3123322840609 326.3123322840609 40.789041535507614 40.789041535507614 40.789041535507614
 1152 524288 3511.906 3511.906 3511.906 343.96124269840936 343.96124269840936 343.96124269840936 42.99515533730117 42.99515533730117 42.99515533730117
 1280 524288 3746.033 3746.033 3746.033 358.29296752057445 358.29296752057445 358.29296752057445 44.786620940071806 44.786620940071806 44.786620940071806
 1408 524288 4007.101 4007.101 4007.101 368.44467059851996 368.44467059851996 368.44467059851996 46.055583824814995 46.055583824814995 46.055583824814995
 1536 524288 4295.111 4295.111 4295.111 374.9874534092367 374.9874534092367 374.9874534092367 46.87343167615459 46.87343167615459 46.87343167615459
 1664 524288 4546.881 4546.881 4546.881 383.74227607892095 383.74227607892095 383.74227607892095 47.96778450986512 47.96778450986512 47.96778450986512
 1792 524288 4846.096 4846.096 4846.096 387.7447314291752 387.7447314291752 387.7447314291752 48.4680914286469 48.4680914286469 48.4680914286469
 1920 524288 5103.111 5103.111 5103.111 394.51736793497145 394.51736793497145 394.51736793497145 49.31467099187143 49.31467099187143 49.31467099187143
 2048 524288 2271.891 2271.891 2271.891 945.2406158570107 945.2406158570107 945.2406158570107 118.15507698212633 118.15507698212633 118.15507698212633
 2176 262144 1461.029 1461.029 1461.029 780.8542390329008 780.8542390329008 780.8542390329008 97.6067798791126 97.6067798791126 97.6067798791126
 2304 262144 1554.012 1554.012 1554.012 777.3167465888293 777.3167465888293 777.3167465888293 97.16459332360367 97.16459332360367 97.16459332360367
 2432 262144 1718.998 1718.998 1718.998 741.7509595706337 741.7509595706337 741.7509595706337 92.7188699463292 92.7188699463292 92.7188699463292
 2560 262144 1822.948 1822.948 1822.948 736.2674525000165 736.2674525000165 736.2674525000165 92.03343156250206 92.03343156250206 92.03343156250206
 2816 262144 2063.036 2063.036 2063.036 715.6419025164854 715.6419025164854 715.6419025164854 89.45523781456068 89.45523781456068 89.45523781456068
 3072 262144 2371.073 2371.073 2371.073 679.2758957653349 679.2758957653349 679.2758957653349 84.90948697066686 84.90948697066686 84.90948697066686
 3328 262144 2604.008 2604.008 2604.008 670.0557233311113 670.0557233311113 670.0557233311113 83.75696541638891 83.75696541638891 83.75696541638891
 3584 262144 2898.932 2898.932 2898.932 648.186363805705 648.186363805705 648.186363805705 81.02329547571313 81.02329547571313 81.02329547571313
 3840 262144 3142.118 3142.118 3142.118 640.7353002019656 640.7353002019656 640.7353002019656 80.0919125252457 80.0919125252457 80.0919125252457
 4224 131072 1199.007 1199.007 1199.007 923.5110854231876 923.5110854231876 923.5110854231876 115.43888567789845 115.43888567789845 115.43888567789845
 4608 131072 1348.019 1348.019 1348.019 896.0997968129528 896.0997968129528 896.0997968129528 112.0124746016191 112.0124746016191 112.0124746016191
 4992 131072 1547.813 1547.813 1547.813 845.4657300332791 845.4657300332791 845.4657300332791 105.68321625415989 105.68321625415989 105.68321625415989
 5376 131072 1734.018 1734.018 1734.018 812.728670636637 812.728670636637 812.728670636637 101.59108382957963 101.59108382957963 101.59108382957963
 5888 131072 1974.106 1974.106 1974.106 781.8748699411277 781.8748699411277 781.8748699411277 97.73435874264096 97.73435874264096 97.73435874264096
 6400 131072 1799.822 1799.822 1799.822 932.1597357960953 932.1597357960953 932.1597357960953 116.51996697451192 116.51996697451192 116.51996697451192
 7040 131072 2044.916 2044.916 2044.916 902.4790064726376 902.4790064726376 902.4790064726376 112.8098758090797 112.8098758090797 112.8098758090797
 7680 131072 2281.189 2281.189 2281.189 882.5511257506502 882.5511257506502 882.5511257506502 110.31889071883127 110.31889071883127 110.31889071883127
 8448 65536 1188.04 1188.04 1188.04 932.0361738661998 932.0361738661998 932.0361738661998 116.50452173327497 116.50452173327497 116.50452173327497
 9216 65536 1326.799 1326.799 1326.799 910.4314609824095 910.4314609824095 910.4314609824095 113.80393262280118 113.80393262280118 113.80393262280118
 10112 65536 1502.991 1502.991 1502.991 881.8416504157377 881.8416504157377 881.8416504157377 110.23020630196721 110.23020630196721 110.23020630196721
 11008 65536 1561.165 1561.165 1561.165 924.207611623371 924.207611623371 924.207611623371 115.52595145292138 115.52595145292138 115.52595145292138
 12032 65536 1698.017 1698.017 1698.017 928.7647320374294 928.7647320374294 928.7647320374294 116.09559150467868 116.09559150467868 116.09559150467868
 13184 65536 1857.996 1857.996 1857.996 930.0629538492009 930.0629538492009 930.0629538492009 116.25786923115011 116.25786923115011 116.25786923115011
 14464 65536 2002.001 2002.001 2002.001 946.9652652521154 946.9652652521154 946.9652652521154 118.37065815651442 118.37065815651442 118.37065815651442
 15872 65536 2213.001 2213.001 2213.001 940.0695182695354 940.0695182695354 940.0695182695354 117.50868978369192 117.50868978369192 117.50868978369192
 17408 32768 1209.021 1209.021 1209.021 943.6152788082259 943.6152788082259 943.6152788082259 117.95190985102823 117.95190985102823 117.95190985102823
 19072 32768 1343.966 1343.966 1343.966 930.010574672276 930.010574672276 930.010574672276 116.2513218340345 116.2513218340345 116.2513218340345
 20864 32768 1437.902 1437.902 1437.902 950.9292733440805 950.9292733440805 950.9292733440805 118.86615916801006 118.86615916801006 118.86615916801006
 22912 32768 1577.854 1577.854 1577.854 951.6475111131955 951.6475111131955 951.6475111131955 118.95593888914944 118.95593888914944 118.95593888914944
 25088 32768 1698.971 1698.971 1698.971 967.7429267480139 967.7429267480139 967.7429267480139 120.96786584350174 120.96786584350174 120.96786584350174
 27520 32768 1883.03 1883.03 1883.03 957.7918142568095 957.7918142568095 957.7918142568095 119.72397678210119 119.72397678210119 119.72397678210119
 30208 32768 2059.937 2059.937 2059.937 961.0543856438328 961.0543856438328 961.0543856438328 120.1317982054791 120.1317982054791 120.1317982054791
 33152 16384 1128.912 1128.912 1128.912 962.2758337230891 962.2758337230891 962.2758337230891 120.28447921538614 120.28447921538614 120.28447921538614
 36352 16384 1235.962 1235.962 1235.962 963.7693844956399 963.7693844956399 963.7693844956399 120.47117306195499 120.47117306195499 120.47117306195499
 39936 16384 1353.025 1353.025 1353.025 967.1830513109513 967.1830513109513 967.1830513109513 120.89788141386892 120.89788141386892 120.89788141386892
 43904 16384 1487.97 1487.97 1487.97 966.8516650201279 966.8516650201279 966.8516650201279 120.85645812751599 120.85645812751599 120.85645812751599
 48256 16384 1626.968 1626.968 1626.968 971.9014805454071 971.9014805454071 971.9014805454071 121.48768506817589 121.48768506817589 121.48768506817589
 52992 16384 1797.915 1797.915 1797.915 965.8086483510066 965.8086483510066 965.8086483510066 120.72608104387582 120.72608104387582 120.72608104387582
 58240 16384 1973.867 1973.867 1973.867 966.8373401044752 966.8373401044752 966.8373401044752 120.8546675130594 120.8546675130594 120.8546675130594
 64000 16384 2168.894 2168.894 2168.894 966.9223115560281 966.9223115560281 966.9223115560281 120.86528894450352 120.86528894450352 120.86528894450352
 70400 8192 1265.049 1265.049 1265.049 911.7698998220623 911.7698998220623 911.7698998220623 113.97123747775778 113.97123747775778 113.97123747775778
 77440 8192 1377.106 1377.106 1377.106 921.3357286948137 921.3357286948137 921.3357286948137 115.16696608685172 115.16696608685172 115.16696608685172
 85120 8192 1496.077 1496.077 1496.077 932.1753358951445 932.1753358951445 932.1753358951445 116.52191698689306 116.52191698689306 116.52191698689306
 93568 8192 1633.883 1633.883 1633.883 938.2667620631343 938.2667620631343 938.2667620631343 117.28334525789178 117.28334525789178 117.28334525789178
 102912 8192 1785.994 1785.994 1785.994 944.0738367542109 944.0738367542109 944.0738367542109 118.00922959427636 118.00922959427636 118.00922959427636
 113152 8192 1952.887 1952.887 1952.887 949.3034507372931 949.3034507372931 949.3034507372931 118.66293134216164 118.66293134216164 118.66293134216164
 124416 8192 2153.873 2153.873 2153.873 946.4029420490436 946.4029420490436 946.4029420490436 118.30036775613046 118.30036775613046 118.30036775613046
 136832 4096 1191.139 1191.139 1191.139 941.0553629761096 941.0553629761096 941.0553629761096 117.6319203720137 117.6319203720137 117.6319203720137
 150400 4096 1288.891 1288.891 1288.891 955.9200894412327 955.9200894412327 955.9200894412327 119.49001118015408 119.49001118015408 119.49001118015408
 165376 4096 1425.028 1425.028 1425.028 950.690226437656 950.690226437656 950.690226437656 118.836278304707 118.836278304707 118.836278304707
 181888 4096 1555.92 1555.92 1555.92 957.6498123296827 957.6498123296827 957.6498123296827 119.70622654121034 119.70622654121034 119.70622654121034
 200064 4096 1717.091 1717.091 1717.091 954.4772455274648 954.4772455274648 954.4772455274648 119.3096556909331 119.3096556909331 119.3096556909331
 220032 4096 1873.016 1873.016 1873.016 962.3527743489643 962.3527743489643 962.3527743489643 120.29409679362054 120.29409679362054 120.29409679362054
 241920 4096 2053.022 2053.022 2053.022 965.3129094573756 965.3129094573756 965.3129094573756 120.66411368217194 120.66411368217194 120.66411368217194
 266112 2048 1135.111 1135.111 1135.111 960.2538888267314 960.2538888267314 960.2538888267314 120.03173610334143 120.03173610334143 120.03173610334143
 292608 2048 1240.015 1240.015 1240.015 966.5386047749421 966.5386047749421 966.5386047749421 120.81732559686776 120.81732559686776 120.81732559686776
 321792 2048 1363.993 1363.993 1363.993 966.3246306982514 966.3246306982514 966.3246306982514 120.79057883728143 120.79057883728143 120.79057883728143
 353920 2048 1511.812 1511.812 1511.812 958.8866340523823 958.8866340523823 958.8866340523823 119.86082925654779 119.86082925654779 119.86082925654779
 389248 2048 1652.002 1652.002 1652.002 965.1076742037844 965.1076742037844 965.1076742037844 120.63845927547305 120.63845927547305 120.63845927547305
 428160 2048 1811.981 1811.981 1811.981 967.8596850629228 967.8596850629228 967.8596850629228 120.98246063286535 120.98246063286535 120.98246063286535
 470912 2048 1995.087 1995.087 1995.087 966.8027268986265 966.8027268986265 966.8027268986265 120.85034086232831 120.85034086232831 120.85034086232831
 517888 2048 2215.862 2215.862 2215.862 957.3110816467813 957.3110816467813 957.3110816467813 119.66388520584766 119.66388520584766 119.66388520584766
 569600 1024 1286.983 1286.983 1286.983 906.4150808518838 906.4150808518838 906.4150808518838 113.30188510648547 113.30188510648547 113.30188510648547
 626560 1024 1482.01 1482.01 1482.01 865.8476528498458 865.8476528498458 865.8476528498458 108.23095660623072 108.23095660623072 108.23095660623072
 689152 1024 1626.968 1626.968 1626.968 867.4929660571073 867.4929660571073 867.4929660571073 108.43662075713841 108.43662075713841 108.43662075713841
 758016 1024 1777.887 1777.887 1777.887 873.180785955463 873.180785955463 873.180785955463 109.14759824443287 109.14759824443287 109.14759824443287
 833792 1024 1961.946 1961.946 1961.946 870.3634126525399 870.3634126525399 870.3634126525399 108.79542658156748 108.79542658156748 108.79542658156748
 917120 1024 2150.059 2150.059 2150.059 873.586148101052 873.586148101052 873.586148101052 109.1982685126315 109.1982685126315 109.1982685126315
 1008768 1024 2363.92 2363.92 2363.92 873.9537987749161 873.9537987749161 873.9537987749161 109.24422484686451 109.24422484686451 109.24422484686451
 1109632 512 1318.932 1318.932 1318.932 861.502464114905 861.502464114905 861.502464114905 107.68780801436313 107.68780801436313 107.68780801436313
 1220480 512 1433.849 1433.849 1433.849 871.6200380932721 871.6200380932721 871.6200380932721 108.95250476165901 108.95250476165901 108.95250476165901
 1342464 512 1580.0 1580.0 1580.0 870.052617721519 870.052617721519 870.052617721519 108.75657721518988 108.75657721518988 108.75657721518988
 1476608 512 1748.085 1748.085 1748.085 864.973151763215 864.973151763215 864.973151763215 108.12164397040188 108.12164397040188 108.12164397040188
 1624192 512 1902.103 1902.103 1902.103 874.3861967517006 874.3861967517006 874.3861967517006 109.29827459396257 109.29827459396257 109.29827459396257
 1786496 512 2094.984 2094.984 2094.984 873.215215008802 873.215215008802 873.215215008802 109.15190187610025 109.15190187610025 109.15190187610025
 1965056 512 2316.952 2316.952 2316.952 868.4760599270076 868.4760599270076 868.4760599270076 108.55950749087594 108.55950749087594 108.55950749087594
 2161536 256 1280.069 1280.069 1280.069 864.5677943923336 864.5677943923336 864.5677943923336 108.0709742990417 108.0709742990417 108.0709742990417
 2377600 256 1406.908 1406.908 1406.908 865.252880785382 865.252880785382 865.252880785382 108.15661009817275 108.15661009817275 108.15661009817275
 2615296 256 1557.827 1557.827 1557.827 859.5508692557005 859.5508692557005 859.5508692557005 107.44385865696256 107.44385865696256 107.44385865696256
 2876800 256 1705.885 1705.885 1705.885 863.4354601863548 863.4354601863548 863.4354601863548 107.92943252329435 107.92943252329435 107.92943252329435
 3164416 256 1873.97 1873.97 1873.97 864.5714669925346 864.5714669925346 864.5714669925346 108.07143337406683 108.07143337406683 108.07143337406683
 3480832 256 2063.036 2063.036 2063.036 863.8656736964358 863.8656736964358 863.8656736964358 107.98320921205448 107.98320921205448 107.98320921205448
 3828864 256 2263.069 2263.069 2263.069 866.2477228931156 866.2477228931156 866.2477228931156 108.28096536163945 108.28096536163945 108.28096536163945
 4211712 128 1283.169 1283.169 1283.169 840.2620948604588 840.2620948604588 840.2620948604588 105.03276185755735 105.03276185755735 105.03276185755735
 4632832 128 1993.179 1993.179 1993.179 595.0318521316951 595.0318521316951 595.0318521316951 74.37898151646189 74.37898151646189 74.37898151646189
 5096064 128 2207.041 2207.041 2207.041 591.1047343479346 591.1047343479346 591.1047343479346 73.88809179349182 73.88809179349182 73.88809179349182
 5605632 128 2600.908 2600.908 2600.908 551.7464639272132 551.7464639272132 551.7464639272132 68.96830799090165 68.96830799090165 68.96830799090165
 6166144 128 2855.062 2855.062 2855.062 552.8891715836644 552.8891715836644 552.8891715836644 69.11114644795805 69.11114644795805 69.11114644795805
 6782720 128 4114.866 4114.866 4114.866 421.97639485708646 421.97639485708646 421.97639485708646 52.74704935713581 52.74704935713581 52.74704935713581
 7460992 128 3463.984 3463.984 3463.984 551.3922558533758 551.3922558533758 551.3922558533758 68.92403198167197 68.92403198167197 68.92403198167197
 8206976 128 3825.188 3825.188 3825.188 549.2503521395549 549.2503521395549 549.2503521395549 68.65629401744437 68.65629401744437 68.65629401744437
 9027584 64 2144.814 2144.814 2144.814 538.7556925682135 538.7556925682135 538.7556925682135 67.34446157102668 67.34446157102668 67.34446157102668
 9930240 64 2305.984 2305.984 2305.984 551.205350947795 551.205350947795 551.205350947795 68.90066886847437 68.90066886847437 68.90066886847437
 10923264 64 2537.966 2537.966 2537.966 550.9048553053902 550.9048553053902 550.9048553053902 68.86310691317378 68.86310691317378 68.86310691317378
 12015488 64 2794.027 2794.027 2794.027 550.4536870975119 550.4536870975119 550.4536870975119 68.80671088718898 68.80671088718898 68.80671088718898
 13217024 64 3072.977 3072.977 3072.977 550.5342448056072 550.5342448056072 550.5342448056072 68.8167806007009 68.8167806007009 68.8167806007009
 14538624 64 3383.875 3383.875 3383.875 549.9446262051641 549.9446262051641 549.9446262051641 68.74307827564552 68.74307827564552 68.74307827564552
 15992448 64 3724.813 3724.813 3724.813 549.5667417397866 549.5667417397866 549.5667417397866 68.69584271747333 68.69584271747333 68.69584271747333
 17591680 32 2048.016 2048.016 2048.016 549.7357051898031 549.7357051898031 549.7357051898031 68.71696314872538 68.71696314872538 68.71696314872538
 19350784 32 2255.917 2255.917 2255.917 548.9786086988129 548.9786086988129 548.9786086988129 68.62232608735161 68.62232608735161 68.62232608735161
 21285760 32 2480.03 2480.03 2480.03 549.3032906859997 549.3032906859997 549.3032906859997 68.66291133574997 68.66291133574997 68.66291133574997
 23414272 32 2715.111 2715.111 2715.111 551.9160756226909 551.9160756226909 551.9160756226909 68.98950945283636 68.98950945283636 68.98950945283636
 25755648 32 3077.03 3077.03 3077.03 535.6988628645154 535.6988628645154 535.6988628645154 66.96235785806442 66.96235785806442 66.96235785806442
 28331136 32 3293.991 3293.991 3293.991 550.4546624444329 550.4546624444329 550.4546624444329 68.80683280555411 68.80683280555411 68.80683280555411
 31164160 32 3628.969 3628.969 3628.969 549.606855280384 549.606855280384 549.606855280384 68.700856910048 68.700856910048 68.700856910048
 34280576 16 1996.994 1996.994 1996.994 549.3148361988069 549.3148361988069 549.3148361988069 68.66435452485086 68.66435452485086 68.66435452485086
 37708544 16 2200.842 2200.842 2200.842 548.2780717561732 548.2780717561732 548.2780717561732 68.53475896952165 68.53475896952165 68.53475896952165
 41479296 16 2408.981 2408.981 2408.981 550.9954092622564 550.9954092622564 550.9954092622564 68.87442615778205 68.87442615778205 68.87442615778205
 45627136 16 2676.964 2676.964 2676.964 545.419494621519 545.419494621519 545.419494621519 68.17743682768987 68.17743682768987 68.17743682768987
 50189824 16 3053.904 3053.904 3053.904 525.9085969958453 525.9085969958453 525.9085969958453 65.73857462448066 65.73857462448066 65.73857462448066
 55208704 16 3734.112 3734.112 3734.112 473.11878379652245 473.11878379652245 473.11878379652245 59.139847974565306 59.139847974565306 59.139847974565306
 60729472 16 5053.997 5053.997 5053.997 384.51607786866515 384.51607786866515 384.51607786866515 48.064509733583144 48.064509733583144 48.064509733583144
 66802304 16 8912.086 8912.086 8912.086 239.86233166960017 239.86233166960017 239.86233166960017 29.98279145870002 29.98279145870002 29.98279145870002
 73482496 8 7733.822 7733.822 7733.822 152.0231440547765 152.0231440547765 152.0231440547765 19.002893006847064 19.002893006847064 19.002893006847064
 80830720 8 10226.965 10226.965 10226.965 126.45897585451793 126.45897585451793 126.45897585451793 15.807371981814741 15.807371981814741 15.807371981814741
 88913792 8 12332.916 12332.916 12332.916 115.35152530026153 115.35152530026153 115.35152530026153 14.418940662532691 14.418940662532691 14.418940662532691
 97805056 8 14532.089 14532.089 14532.089 107.68451087796119 107.68451087796119 107.68451087796119 13.460563859745148 13.460563859745148 13.460563859745148
 107585536 8 16376.019 16376.019 16376.019 105.11520388441171 105.11520388441171 105.11520388441171 13.139400485551464 13.139400485551464 13.139400485551464
 118344064 8 18370.152 18370.152 18370.152 103.07508745708802 103.07508745708802 103.07508745708802 12.884385932136002 12.884385932136002 12.884385932136002
 130178432 8 20265.102 20265.102 20265.102 102.78038136694305 102.78038136694305 102.78038136694305 12.84754767086788 12.84754767086788 12.84754767086788
 143196160 4 11247.158 11247.158 11247.158 101.85411105632195 101.85411105632195 101.85411105632195 12.731763882040244 12.731763882040244 12.731763882040244
 157515776 4 12370.825 12370.825 12370.825 101.86274625984927 101.86274625984927 101.86274625984927 12.73284328248116 12.73284328248116 12.73284328248116
 173267328 4 13542.891 13542.891 13542.891 102.35175222188526 102.35175222188526 102.35175222188526 12.793969027735658 12.793969027735658 12.793969027735658
 190594048 4 15024.185 15024.185 15024.185 101.4865288200325 101.4865288200325 101.4865288200325 12.685816102504063 12.685816102504063 12.685816102504063
 209653376 4 16390.085 16390.085 16390.085 102.33180657696407 102.33180657696407 102.33180657696407 12.791475822120509 12.791475822120509 12.791475822120509
 230618624 4 18006.802 18006.802 18006.802 102.45844831303194 102.45844831303194 102.45844831303194 12.807306039128992 12.807306039128992 12.807306039128992
 253680384 4 19766.092 19766.092 19766.092 102.67295487646217 102.67295487646217 102.67295487646217 12.834119359557771 12.834119359557771 12.834119359557771
 279048320 2 10910.034 10910.034 10910.034 102.30887273128573 102.30887273128573 102.30887273128573 12.788609091410716 12.788609091410716 12.788609091410716
 306953088 2 11960.983 11960.983 11960.983 102.65145866355633 102.65145866355633 102.65145866355633 12.83143233294454 12.83143233294454 12.83143233294454
 337648384 2 13181.925 13181.925 13181.925 102.45798970939374 102.45798970939374 102.45798970939374 12.807248713674218 12.807248713674218 12.807248713674218
 371413120 2 14460.087 14460.087 14460.087 102.74160037902953 102.74160037902953 102.74160037902953 12.842700047378692 12.842700047378692 12.842700047378692
 408554368 2 15921.116 15921.116 15921.116 102.6446558143286 102.6446558143286 102.6446558143286 12.830581976791075 12.830581976791075 12.830581976791075
 449409792 2 17463.923 17463.923 17463.923 102.93444193495355 102.93444193495355 102.93444193495355 12.866805241869194 12.866805241869194 12.866805241869194
 494350720 2 19172.192 19172.192 19172.192 103.13911314887731 103.13911314887731 103.13911314887731 12.892389143609664 12.892389143609664 12.892389143609664
 543785728 1 10593.891 10593.891 10593.891 102.66024598516259 102.66024598516259 102.66024598516259 12.832530748145324 12.832530748145324 12.832530748145324
 598164224 1 11668.921 11668.921 11668.921 102.52262809903333 102.52262809903333 102.52262809903333 12.815328512379166 12.815328512379166 12.815328512379166
 657980544 1 12837.172 12837.172 12837.172 102.51175944359083 102.51175944359083 102.51175944359083 12.813969930448854 12.813969930448854 12.813969930448854
 723778560 1 14123.917 14123.917 14123.917 102.48977815431795 102.48977815431795 102.48977815431795 12.811222269289743 12.811222269289743 12.811222269289743
 796156416 1 15543.938 15543.938 15543.938 102.4394739608457 102.4394739608457 102.4394739608457 12.804934245105713 12.804934245105713 12.804934245105713
 875772032 1 17163.992 17163.992 17163.992 102.04759265793179 102.04759265793179 102.04759265793179 12.755949082241473 12.755949082241473 12.755949082241473
 963349120 1 18837.929 18837.929 18837.929 102.27760387036176 102.27760387036176 102.27760387036176 12.78470048379522 12.78470048379522 12.78470048379522
 1059683968 1 20742.178 20742.178 20742.178 102.17673071747818 102.17673071747818 102.17673071747818 12.772091339684772 12.772091339684772 12.772091339684772
 
META_DATA
 MPI startup(): shm:tmi fabric is unknown or has been removed from the product, please use ofi or shm:ofi instead
 FLOPS          2
 MPI_PROCS      2
 OPENMP_THREADS 8
 ERT_VERSION  1.1.0
 HOSTNAME  ('shas0420.rc.int.colorado.edu', [], ['10.225.6.135'])
 UNAME  uname_result(system='Linux', node='shas0420.rc.int.colorado.edu', release='3.10.0-957.27.2.el7.x86_64', version='#1 SMP Mon Jul 29 17:46:05 UTC 2019', machine='x86_64', processor='x86_64')
 TIMESTAMP_DATA  1664554947.6429906
 CONFIG  {'ERT_RESULTS': ['lab5_results'], 'ERT_DRIVER': ['driver1'], 'ERT_KERNEL': ['kernel1'], 'ERT_MPI': ['True'], 'ERT_MPI_CFLAGS': ['-I/usr/include/mpi'], 'ERT_MPI_LDFLAGS': ['-lmpi'], 'ERT_OPENMP': ['True'], 'ERT_OPENMP_CFLAGS': ['-qopenmp'], 'ERT_OPENMP_LDFLAGS': ['-qopenmp'], 'ERT_FLOPS': ['1,2,4,8,16'], 'ERT_ALIGN': ['32'], 'ERT_CC': ['mpicc'], 'ERT_CFLAGS': ['-O3', '-msse3', '-axSSE3', '-xSSE3', '-fno-alias', '-fno-fnalias', '-DERT_INTEL', '-std=c++11'], 'ERT_LD': ['mpicc'], 'ERT_LDFLAGS': [], 'ERT_LDLIBS': [], 'ERT_PRECISION': ['FP64'], 'ERT_RUN': ['export', 'OMP_NUM_THREADS=ERT_OPENMP_THREADS;', 'mpirun', '-np', 'ERT_MPI_PROCS', 'ERT_CODE'], 'ERT_PROCS_THREADS': ['1-24'], 'ERT_MPI_PROCS': ['1,2,4,8,12,24'], 'ERT_OPENMP_THREADS': ['1,2,4,8,12,24'], 'ERT_NUM_EXPERIMENTS': ['1'], 'ERT_MEMORY_MAX': ['1073741824'], 'ERT_WORKING_SET_MIN': ['1'], 'ERT_TRIALS_MIN': ['1'], 'ERT_GNUPLOT': ['gnuplot'], 'ERT_GPU': [False], 'ERT_HIP': [False], 'ERT_OCL': [False], 'ERT_SYCL': [False], 'ERT_WSS_MULT': [1.1]}
 