fp64
 16 67108864 347772.837 347772.837 347772.837 6.174960835138485 6.174960835138485 6.174960835138485 1.5437402087846213 1.5437402087846213 1.5437402087846213
 32 33554432 185982.943 185982.943 185982.943 11.5466698900447 11.5466698900447 11.5466698900447 2.886667472511175 2.886667472511175 2.886667472511175
 48 16777216 92037.916 92037.916 92037.916 17.499448118751406 17.499448118751406 17.499448118751406 4.3748620296878515 4.3748620296878515 4.3748620296878515
 64 16777216 92046.022 92046.022 92046.022 23.330542714817163 23.330542714817163 23.330542714817163 5.832635678704291 5.832635678704291 5.832635678704291
 80 8388608 46185.97 46185.97 46185.97 29.060281293215233 29.060281293215233 29.060281293215233 7.265070323303808 7.265070323303808 7.265070323303808
 96 8388608 46360.016 46360.016 46360.016 34.74141889856121 34.74141889856121 34.74141889856121 8.685354724640302 8.685354724640302 8.685354724640302
 112 8388608 46107.769 46107.769 46107.769 40.75339650461075 40.75339650461075 40.75339650461075 10.188349126152687 10.188349126152687 10.188349126152687
 128 8388608 47868.013 47868.013 47868.013 44.8626026737312 44.8626026737312 44.8626026737312 11.2156506684328 11.2156506684328 11.2156506684328
 144 4194304 26866.198 26866.198 26866.198 44.962057973368616 44.962057973368616 44.962057973368616 11.240514493342154 11.240514493342154 11.240514493342154
 160 4194304 26221.037 26221.037 26221.037 51.187040390507825 51.187040390507825 51.187040390507825 12.796760097626956 12.796760097626956 12.796760097626956
 176 4194304 30698.061 30698.061 30698.061 48.09408020917021 48.09408020917021 48.09408020917021 12.023520052292552 12.023520052292552 12.023520052292552
 192 4194304 29738.188 29738.188 29738.188 54.15974692203842 54.15974692203842 54.15974692203842 13.539936730509606 13.539936730509606 13.539936730509606
 208 4194304 34536.123 34536.123 34536.123 50.52189743475259 50.52189743475259 50.52189743475259 12.630474358688147 12.630474358688147 12.630474358688147
 224 4194304 33946.037 33946.037 33946.037 55.35397819780848 55.35397819780848 55.35397819780848 13.83849454945212 13.83849454945212 13.83849454945212
 240 4194304 38366.079 38366.079 38366.079 52.47515441961114 52.47515441961114 52.47515441961114 13.118788604902784 13.118788604902784 13.118788604902784
 256 4194304 25846.004 25846.004 25846.004 83.08764666290386 83.08764666290386 83.08764666290386 20.771911665725966 20.771911665725966 20.771911665725966
 272 2097152 15436.888 15436.888 15436.888 73.9041889790222 73.9041889790222 73.9041889790222 18.47604724475555 18.47604724475555 18.47604724475555
 288 2097152 15233.04 15233.04 15233.04 79.2986529281089 79.2986529281089 79.2986529281089 19.824663232027223 19.824663232027223 19.824663232027223
 304 2097152 17663.002 17663.002 17663.002 72.18865830395083 72.18865830395083 72.18865830395083 18.047164575987708 18.047164575987708 18.047164575987708
 320 2097152 17035.007 17035.007 17035.007 78.78935887728134 78.78935887728134 78.78935887728134 19.697339719320336 19.697339719320336 19.697339719320336
 352 2097152 18980.98 18980.98 18980.98 77.78286516291573 77.78286516291573 77.78286516291573 19.44571629072893 19.44571629072893 19.44571629072893
 384 2097152 21106.958 21106.958 21106.958 76.30719386469619 76.30719386469619 76.30719386469619 19.076798466174047 19.076798466174047 19.076798466174047
 416 2097152 22742.987 22742.987 22742.987 76.71949440941948 76.71949440941948 76.71949440941948 19.17987360235487 19.17987360235487 19.17987360235487
 448 2097152 24447.203 24447.203 24447.203 76.86147949113032 76.86147949113032 76.86147949113032 19.21536987278258 19.21536987278258 19.21536987278258
 480 2097152 26424.885 26424.885 26424.885 76.18825663763532 76.18825663763532 76.18825663763532 19.04706415940883 19.04706415940883 19.04706415940883
 528 1048576 12814.045 12814.045 12814.045 86.41270231218947 86.41270231218947 86.41270231218947 21.603175578047367 21.603175578047367 21.603175578047367
 576 1048576 14130.116 14130.116 14130.116 85.48829691136294 85.48829691136294 85.48829691136294 21.372074227840734 21.372074227840734 21.372074227840734
 624 1048576 16696.93 16696.93 16696.93 78.37505745068106 78.37505745068106 78.37505745068106 19.593764362670264 19.593764362670264 19.593764362670264
 672 1048576 17244.101 17244.101 17244.101 81.72569529719179 81.72569529719179 81.72569529719179 20.431423824297948 20.431423824297948 20.431423824297948
 736 1048576 18683.91 18683.91 18683.91 82.6113951522995 82.6113951522995 82.6113951522995 20.652848788074873 20.652848788074873 20.652848788074873
 800 1048576 17971.039 17971.039 17971.039 93.3569617204659 93.3569617204659 93.3569617204659 23.339240430116476 23.339240430116476 23.339240430116476
 880 1048576 21821.022 21821.022 21821.022 84.5741212304355 84.5741212304355 84.5741212304355 21.143530307608874 21.143530307608874 21.143530307608874
 960 1048576 23224.115 23224.115 23224.115 86.68859588406275 86.68859588406275 86.68859588406275 21.672148971015687 21.672148971015687 21.672148971015687
 1056 524288 11646.032 11646.032 11646.032 95.07927300903862 95.07927300903862 95.07927300903862 23.769818252259654 23.769818252259654 23.769818252259654
 1152 524288 13540.983 13540.983 13540.983 89.20767066910874 89.20767066910874 89.20767066910874 22.301917667277184 22.301917667277184 22.301917667277184
 1264 524288 15125.036 15125.036 15125.036 87.62954772471286 87.62954772471286 87.62954772471286 21.907386931178216 21.907386931178216 21.907386931178216
 1376 524288 15863.18 15863.18 15863.18 90.95531766014128 90.95531766014128 90.95531766014128 22.73882941503532 22.73882941503532 22.73882941503532
 1504 524288 17432.928 17432.928 17432.928 90.4643387502088 90.4643387502088 90.4643387502088 22.6160846875522 22.6160846875522 22.6160846875522
 1648 524288 18774.033 18774.033 18774.033 92.0448604729735 92.0448604729735 92.0448604729735 23.011215118243374 23.011215118243374 23.011215118243374
 1808 524288 19463.062 19463.062 19463.062 97.40632835676112 97.40632835676112 97.40632835676112 24.35158208919028 24.35158208919028 24.35158208919028
 1984 524288 22100.925 22100.925 22100.925 94.13066575267777 94.13066575267777 94.13066575267777 23.532666438169443 23.532666438169443 23.532666438169443
 2176 262144 12087.107 12087.107 12087.107 94.38575235579532 94.38575235579532 94.38575235579532 23.59643808894883 23.59643808894883 23.59643808894883
 2384 262144 13214.111 13214.111 13214.111 94.58847379138861 94.58847379138861 94.58847379138861 23.647118447847152 23.647118447847152 23.647118447847152
 2608 262144 14263.153 14263.153 14263.153 95.86541657374073 95.86541657374073 95.86541657374073 23.966354143435183 23.966354143435183 23.966354143435183
 2864 262144 15398.026 15398.026 15398.026 97.51644996572936 97.51644996572936 97.51644996572936 24.37911249143234 24.37911249143234 24.37911249143234
 3136 262144 16703.129 16703.129 16703.129 98.43468059188191 98.43468059188191 98.43468059188191 24.60867014797048 24.60867014797048 24.60867014797048
 3440 262144 18573.046 18573.046 18573.046 97.10581236917197 97.10581236917197 97.10581236917197 24.276453092292993 24.276453092292993 24.276453092292993
 3776 262144 20300.865 20300.865 20300.865 97.51857805073823 97.51857805073823 97.51857805073823 24.379644512684557 24.379644512684557 24.379644512684557
 4144 131072 12057.066 12057.066 12057.066 90.09859745314489 90.09859745314489 90.09859745314489 22.524649363286223 22.524649363286223 22.524649363286223
 4544 131072 13290.882 13290.882 13290.882 89.62402465088472 89.62402465088472 89.62402465088472 22.40600616272118 22.40600616272118 22.40600616272118
 4992 131072 14485.836 14485.836 14485.836 90.33809633078823 90.33809633078823 90.33809633078823 22.584524082697058 22.584524082697058 22.584524082697058
 5488 131072 16255.856 16255.856 16255.856 88.50018553313957 88.50018553313957 88.50018553313957 22.125046383284893 22.125046383284893 22.125046383284893
 6032 131072 17467.022 17467.022 17467.022 90.5278878105266 90.5278878105266 90.5278878105266 22.63197195263165 22.63197195263165 22.63197195263165
 6624 131072 17504.93 17504.93 17504.93 99.19730361675252 99.19730361675252 99.19730361675252 24.79932590418813 24.79932590418813 24.79932590418813
 7280 131072 19082.069 19082.069 19082.069 100.01055545915906 100.01055545915906 100.01055545915906 25.002638864789766 25.002638864789766 25.002638864789766
 8000 131072 20853.043 20853.043 20853.043 100.56815209175944 100.56815209175944 100.56815209175944 25.14203802293986 25.14203802293986 25.14203802293986
 8800 65536 11532.068 11532.068 11532.068 100.01966689755906 100.01966689755906 100.01966689755906 25.004916724389766 25.004916724389766 25.004916724389766
 9680 65536 13028.145 13028.145 13028.145 97.38738400593485 97.38738400593485 97.38738400593485 24.346846001483712 24.346846001483712 24.346846001483712
 10640 65536 14158.01 14158.01 14158.01 98.50297322858226 98.50297322858226 98.50297322858226 24.625743307145566 24.625743307145566 24.625743307145566
 11696 65536 15259.981 15259.981 15259.981 100.46002757146289 100.46002757146289 100.46002757146289 25.115006892865722 25.115006892865722 25.115006892865722
 12864 65536 16690.969 16690.969 16690.969 101.01931218013766 101.01931218013766 101.01931218013766 25.254828045034415 25.254828045034415 25.254828045034415
 14144 65536 18301.964 18301.964 18301.964 101.29417629714494 101.29417629714494 101.29417629714494 25.323544074286236 25.323544074286236 25.323544074286236
 15552 65536 20174.98 20174.98 20174.98 101.0376091574812 101.0376091574812 101.0376091574812 25.2594022893703 25.2594022893703 25.2594022893703
 17104 32768 11121.988 11121.988 11121.988 100.78483666768928 100.78483666768928 100.78483666768928 25.19620916692232 25.19620916692232 25.19620916692232
 18800 32768 12216.806 12216.806 12216.806 100.85097528764884 100.85097528764884 100.85097528764884 25.21274382191221 25.21274382191221 25.21274382191221
 20672 32768 15179.157 15179.157 15179.157 89.25134590807646 89.25134590807646 89.25134590807646 22.312836477019115 22.312836477019115 22.312836477019115
 22736 32768 14931.917 14931.917 14931.917 99.7880242704269 99.7880242704269 99.7880242704269 24.947006067606726 24.947006067606726 24.947006067606726
 25008 32768 16541.004 16541.004 16541.004 99.08251566833547 99.08251566833547 99.08251566833547 24.77062891708387 24.77062891708387 24.77062891708387
 27504 32768 17879.009 17879.009 17879.009 100.81666964874844 100.81666964874844 100.81666964874844 25.20416741218711 25.20416741218711 25.20416741218711
 30240 32768 19582.987 19582.987 19582.987 101.20052880594773 101.20052880594773 101.20052880594773 25.30013220148693 25.30013220148693 25.30013220148693
 33264 16384 10880.947 10880.947 10880.947 100.17462193318283 100.17462193318283 100.17462193318283 25.04365548329571 25.04365548329571 25.04365548329571
 36576 16384 11917.114 11917.114 11917.114 100.57152830794435 100.57152830794435 100.57152830794435 25.142882076986087 25.142882076986087 25.142882076986087
 40224 16384 13102.055 13102.055 13102.055 100.59948855351317 100.59948855351317 100.59948855351317 25.149872138378292 25.149872138378292 25.149872138378292
 44240 16384 14419.079 14419.079 14419.079 100.53737274065841 100.53737274065841 100.53737274065841 25.134343185164603 25.134343185164603 25.134343185164603
 48656 16384 15773.058 15773.058 15773.058 101.08121126543757 101.08121126543757 101.08121126543757 25.270302816359393 25.270302816359393 25.270302816359393
 53520 16384 18440.008 18440.008 18440.008 95.10534702587982 95.10534702587982 95.10534702587982 23.776336756469956 23.776336756469956 23.776336756469956
 58864 16384 20423.889 20423.889 20423.889 94.44114938149144 94.44114938149144 94.44114938149144 23.61028734537286 23.61028734537286 23.61028734537286
 64736 16384 22334.814 22334.814 22334.814 94.9759083733583 94.9759083733583 94.9759083733583 23.743977093339574 23.743977093339574 23.743977093339574
 71200 8192 12639.999 12639.999 12639.999 92.28962755455915 92.28962755455915 92.28962755455915 23.072406888639787 23.072406888639787 23.072406888639787
 78320 8192 14204.025 14204.025 14204.025 90.3402296180132 90.3402296180132 90.3402296180132 22.5850574045033 22.5850574045033 22.5850574045033
 86144 8192 16638.041 16638.041 16638.041 84.82869443584131 84.82869443584131 84.82869443584131 21.20717360896033 21.20717360896033 21.20717360896033
 94752 8192 18291.95 18291.95 18291.95 84.86885039593919 84.86885039593919 84.86885039593919 21.217212598984798 21.217212598984798 21.217212598984798
 104224 8192 20122.051 20122.051 20122.051 84.86242361675755 84.86242361675755 84.86242361675755 21.21560590418939 21.21560590418939 21.21560590418939
 114640 8192 22109.032 22109.032 22109.032 84.95450004324024 84.95450004324024 84.95450004324024 21.23862501081006 21.23862501081006 21.23862501081006
 126096 8192 24349.928 24349.928 24349.928 84.84447526908498 84.84447526908498 84.84447526908498 21.211118817271245 21.211118817271245 21.211118817271245
 138704 4096 13428.926 13428.926 13428.926 84.61310815176135 84.61310815176135 84.61310815176135 21.153277037940338 21.153277037940338 21.153277037940338
 152560 4096 14828.92 14828.92 14828.92 84.27933524491331 84.27933524491331 84.27933524491331 21.069833811228328 21.069833811228328 21.069833811228328
 167808 4096 16162.157 16162.157 16162.157 85.05567270507272 85.05567270507272 85.05567270507272 21.26391817626818 21.26391817626818 21.26391817626818
 184576 4096 17828.941 17828.941 17828.941 84.80854763050706 84.80854763050706 84.80854763050706 21.202136907626766 21.202136907626766 21.202136907626766
 203024 4096 19580.126 19580.126 19580.126 84.94187463349317 84.94187463349317 84.94187463349317 21.235468658373293 21.235468658373293 21.235468658373293
 223312 4096 21569.014 21569.014 21569.014 84.81481369523893 84.81481369523893 84.81481369523893 21.20370342380973 21.20370342380973 21.20370342380973
 245632 4096 23674.011 23674.011 23674.011 84.99689148577316 84.99689148577316 84.99689148577316 21.24922287144329 21.24922287144329 21.24922287144329
 270192 2048 13173.103 13173.103 13173.103 84.01258473421183 84.01258473421183 84.01258473421183 21.003146183552957 21.003146183552957 21.003146183552957
 297200 2048 15540.838 15540.838 15540.838 78.33111702213228 78.33111702213228 78.33111702213228 19.58277925553307 19.58277925553307 19.58277925553307
 326912 2048 17504.93 17504.93 17504.93 76.49453908127596 76.49453908127596 76.49453908127596 19.12363477031899 19.12363477031899 19.12363477031899
 359600 2048 18357.038 18357.038 18357.038 80.23743264027672 80.23743264027672 80.23743264027672 20.05935816006918 20.05935816006918 20.05935816006918
 395552 2048 19903.898 19903.898 19903.898 81.40018563198024 81.40018563198024 81.40018563198024 20.35004640799506 20.35004640799506 20.35004640799506
 435104 2048 21790.028 21790.028 21790.028 81.7890635110703 81.7890635110703 81.7890635110703 20.447265877767574 20.447265877767574 20.447265877767574
 478608 2048 23887.873 23887.873 23887.873 82.0658401859387 82.0658401859387 82.0658401859387 20.516460046484674 20.516460046484674 20.516460046484674
 526464 1024 13097.048 13097.048 13097.048 82.32376272882256 82.32376272882256 82.32376272882256 20.58094068220564 20.58094068220564 20.58094068220564
 579104 1024 16871.929 16871.929 16871.929 70.29456987401973 70.29456987401973 70.29456987401973 17.573642468504932 17.573642468504932 17.573642468504932
 637008 1024 18676.996 18676.996 18676.996 69.85022559302364 69.85022559302364 69.85022559302364 17.46255639825591 17.46255639825591 17.46255639825591
 700704 1024 21184.921 21184.921 21184.921 67.73883140749027 67.73883140749027 67.73883140749027 16.934707851872567 16.934707851872567 16.934707851872567
 770768 1024 23295.164 23295.164 23295.164 67.76225589139446 67.76225589139446 67.76225589139446 16.940563972848615 16.940563972848615 16.940563972848615
 847840 1024 25611.877 25611.877 25611.877 67.7957464812126 67.7957464812126 67.7957464812126 16.94893662030315 16.94893662030315 16.94893662030315
 932624 1024 28181.076 28181.076 28181.076 67.77647354558073 67.77647354558073 67.77647354558073 16.944118386395182 16.944118386395182 16.944118386395182
 1025872 1024 30981.779 30981.779 30981.779 67.81359637224189 67.81359637224189 67.81359637224189 16.953399093060472 16.953399093060472 16.953399093060472
 1128448 512 18013.0 18013.0 18013.0 64.14982246155554 64.14982246155554 64.14982246155554 16.037455615388886 16.037455615388886 16.037455615388886
 1241280 512 18911.839 18911.839 18911.839 67.21031836195306 67.21031836195306 67.21031836195306 16.802579590488264 16.802579590488264 16.802579590488264
 1365408 512 20807.981 20807.981 20807.981 67.1943035703464 67.1943035703464 67.1943035703464 16.7985758925866 16.7985758925866 16.7985758925866
 1501936 512 22930.145 22930.145 22930.145 67.07251367141376 67.07251367141376 67.07251367141376 16.76812841785344 16.76812841785344 16.76812841785344
 1652128 512 25156.975 25156.975 25156.975 67.24890699299102 67.24890699299102 67.24890699299102 16.812226748247756 16.812226748247756 16.812226748247756
 1817328 512 27670.145 27670.145 27670.145 67.25457607829667 67.25457607829667 67.25457607829667 16.813644019574166 16.813644019574166 16.813644019574166
 1999056 512 31816.006 31816.006 31816.006 64.33973340336935 64.33973340336935 64.33973340336935 16.084933350842338 16.084933350842338 16.084933350842338
 2198960 256 16767.025 16767.025 16767.025 67.14772119681338 67.14772119681338 67.14772119681338 16.786930299203345 16.786930299203345 16.786930299203345
 2418848 256 18445.969 18445.969 18445.969 67.139339548928 67.139339548928 67.139339548928 16.784834887232 16.784834887232 16.784834887232
 2660720 256 20850.897 20850.897 20850.897 65.33477384689974 65.33477384689974 65.33477384689974 16.333693461724934 16.333693461724934 16.333693461724934
 2926784 256 23414.135 23414.135 23414.135 64.0003744746496 64.0003744746496 64.0003744746496 16.0000936186624 16.0000936186624 16.0000936186624
 3219456 256 26221.037 26221.037 26221.037 62.864083979592415 62.864083979592415 62.864083979592415 15.716020994898104 15.716020994898104 15.716020994898104
 3541392 256 28131.962 28131.962 28131.962 64.4531193380682 64.4531193380682 64.4531193380682 16.11327983451705 16.11327983451705 16.11327983451705
 3895520 256 30950.069 30950.069 30950.069 64.44270738136319 64.44270738136319 64.44270738136319 16.110676845340798 16.110676845340798 16.110676845340798
 4285072 128 17076.015 17076.015 17076.015 64.24089180057526 64.24089180057526 64.24089180057526 16.060222950143814 16.060222950143814 16.060222950143814
 4713568 128 18756.866 18756.866 18756.866 64.3323574418029 64.3323574418029 64.3323574418029 16.083089360450725 16.083089360450725 16.083089360450725
 5184912 128 20648.956 20648.956 20648.956 64.28109353325175 64.28109353325175 64.28109353325175 16.070273383312937 16.070273383312937 16.070273383312937
 5703392 128 22692.919 22692.919 22692.919 64.34026191165623 64.34026191165623 64.34026191165623 16.085065477914057 16.085065477914057 16.085065477914057
 6273728 128 25017.977 25017.977 25017.977 64.19681207637213 64.19681207637213 64.19681207637213 16.04920301909303 16.04920301909303 16.04920301909303
 6901088 128 26753.902 26753.902 26753.902 66.03442473550213 66.03442473550213 66.03442473550213 16.508606183875532 16.508606183875532 16.508606183875532
 7591184 128 29043.913 29043.913 29043.913 66.91051250566684 66.91051250566684 66.91051250566684 16.72762812641671 16.72762812641671 16.72762812641671
 8350288 128 32001.972 32001.972 32001.972 66.7981875616915 66.7981875616915 66.7981875616915 16.699546890422877 16.699546890422877 16.699546890422877
 9185312 64 17643.929 17643.929 17643.929 66.63594803629056 66.63594803629056 66.63594803629056 16.65898700907264 16.65898700907264 16.65898700907264
 10103840 64 19412.041 19412.041 19412.041 66.62316033641181 66.62316033641181 66.62316033641181 16.655790084102954 16.655790084102954 16.655790084102954
 11114224 64 21294.832 21294.832 21294.832 66.80591196962719 66.80591196962719 66.80591196962719 16.701477992406797 16.701477992406797 16.701477992406797
 12225632 64 23581.982 23581.982 23581.982 66.359176086217 66.359176086217 66.359176086217 16.58979402155425 16.58979402155425 16.58979402155425
 13448192 64 27226.925 27226.925 27226.925 63.223025589558866 63.223025589558866 63.223025589558866 15.805756397389716 15.805756397389716 15.805756397389716
 14793008 64 28644.085 28644.085 28644.085 66.10457356204606 66.10457356204606 66.10457356204606 16.526143390511514 16.526143390511514 16.526143390511514
 16272304 64 31740.904 31740.904 31740.904 65.62052901832917 65.62052901832917 65.62052901832917 16.40513225458229 16.40513225458229 16.40513225458229
 17899520 32 18162.966 18162.966 18162.966 63.07170756141921 63.07170756141921 63.07170756141921 15.767926890354802 15.767926890354802 15.767926890354802
 19689472 32 19968.033 19968.033 19968.033 63.10717775756881 63.10717775756881 63.10717775756881 15.776794439392203 15.776794439392203 15.776794439392203
 21658416 32 21082.878 21082.878 21082.878 65.74712541617895 65.74712541617895 65.74712541617895 16.436781354044737 16.436781354044737 16.436781354044737
 23824256 32 23143.053 23143.053 23143.053 65.8838046994059 65.8838046994059 65.8838046994059 16.470951174851475 16.470951174851475 16.470951174851475
 26206672 32 25657.892 25657.892 25657.892 65.36885446395986 65.36885446395986 65.36885446395986 16.342213615989966 16.342213615989966 16.342213615989966
 28827328 32 28254.032 28254.032 28254.032 65.29860913302569 65.29860913302569 65.29860913302569 16.324652283256423 16.324652283256423 16.324652283256423
 31710048 32 32049.894 32049.894 32049.894 63.32136611746671 63.32136611746671 63.32136611746671 15.830341529366677 15.830341529366677 15.830341529366677
 34881040 16 17057.896 17057.896 17057.896 65.43557775237932 65.43557775237932 65.43557775237932 16.35889443809483 16.35889443809483 16.35889443809483
 38369136 16 18887.043 18887.043 18887.043 65.00818322910578 65.00818322910578 65.00818322910578 16.252045807276446 16.252045807276446 16.252045807276446
 42206048 16 20821.095 20821.095 20821.095 64.86659496054362 64.86659496054362 64.86659496054362 16.216648740135906 16.216648740135906 16.216648740135906
 46426640 16 23026.943 23026.943 23026.943 64.51800744892624 64.51800744892624 64.51800744892624 16.12950186223156 16.12950186223156 16.12950186223156
 51069296 16 25565.147 25565.147 25565.147 63.92364855167858 63.92364855167858 63.92364855167858 15.980912137919645 15.980912137919645 15.980912137919645
 56176224 16 30939.102 30939.102 30939.102 58.10249980752511 58.10249980752511 58.10249980752511 14.525624951881278 14.525624951881278 14.525624951881278
 61793840 16 40529.966 40529.966 40529.966 48.78866367664853 48.78866367664853 48.78866367664853 12.197165919162133 12.197165919162133 12.197165919162133
 67973216 8 25528.908 25528.908 25528.908 42.60156587974699 42.60156587974699 42.60156587974699 10.650391469936748 10.650391469936748 10.650391469936748
 74770528 8 30709.028 30709.028 30709.028 38.95689723556213 38.95689723556213 38.95689723556213 9.739224308890533 9.739224308890533 9.739224308890533
 82247568 8 34627.914 34627.914 34627.914 38.002898124328254 38.002898124328254 38.002898124328254 9.500724531082064 9.500724531082064 9.500724531082064
 90472320 8 39281.845 39281.845 39281.845 36.85053795207429 36.85053795207429 36.85053795207429 9.212634488018573 9.212634488018573 9.212634488018573
 99519552 8 43076.992 43076.992 43076.992 36.96434588561801 36.96434588561801 36.96434588561801 9.241086471404502 9.241086471404502 9.241086471404502
 109471504 8 48836.946 48836.946 48836.946 35.865143246262775 35.865143246262775 35.865143246262775 8.966285811565694 8.966285811565694 8.966285811565694
 120418640 8 54605.007 54605.007 54605.007 35.28427786851122 35.28427786851122 35.28427786851122 8.821069467127804 8.821069467127804 8.821069467127804
 132460496 8 59968.948 59968.948 59968.948 35.341089124991825 35.341089124991825 35.341089124991825 8.835272281247956 8.835272281247956 8.835272281247956
 145706544 4 32902.002 32902.002 32902.002 35.428006842866274 35.428006842866274 35.428006842866274 8.857001710716569 8.857001710716569 8.857001710716569
 160277184 4 37037.134 37037.134 37037.134 34.619781109413054 34.619781109413054 34.619781109413054 8.654945277353264 8.654945277353264 8.654945277353264
 176304896 4 40174.961 40174.961 40174.961 35.107418473909654 35.107418473909654 35.107418473909654 8.776854618477413 8.776854618477413 8.776854618477413
 193935376 4 42860.985 42860.985 42860.985 36.198025033722395 36.198025033722395 36.198025033722395 9.049506258430599 9.049506258430599 9.049506258430599
 213328912 4 48560.143 48560.143 48560.143 35.144692551667326 35.144692551667326 35.144692551667326 8.786173137916832 8.786173137916832 8.786173137916832
 234661792 4 51671.028 51671.028 51671.028 36.33166222278373 36.33166222278373 36.33166222278373 9.082915555695932 9.082915555695932 9.082915555695932
 258127968 4 59005.022 59005.022 59005.022 34.997423507443145 34.997423507443145 34.997423507443145 8.749355876860786 8.749355876860786 8.749355876860786
 283940752 2 32041.073 32041.073 32041.073 35.447096543864184 35.447096543864184 35.447096543864184 8.861774135966046 8.861774135966046 8.861774135966046
 312334816 2 35159.111 35159.111 35159.111 35.53386955659943 35.53386955659943 35.53386955659943 8.883467389149857 8.883467389149857 8.883467389149857
 343568288 2 38945.913 38945.913 38945.913 35.28671036675915 35.28671036675915 35.28671036675915 8.821677591689788 8.821677591689788 8.821677591689788
 377925104 2 41540.861 41540.861 41540.861 36.390685691372646 36.390685691372646 36.390685691372646 9.097671422843161 9.097671422843161 9.097671422843161
 415717600 2 47034.979 47034.979 47034.979 35.35390969346452 35.35390969346452 35.35390969346452 8.83847742336613 8.83847742336613 8.83847742336613
 457289360 2 50884.962 50884.962 50884.962 35.9469157115613 35.9469157115613 35.9469157115613 8.986728927890326 8.986728927890326 8.986728927890326
 503018288 2 56638.002 56638.002 56638.002 35.525143559972335 35.525143559972335 35.525143559972335 8.881285889993084 8.881285889993084 8.881285889993084
 553320112 1 33578.873 33578.873 33578.873 32.95644329695043 32.95644329695043 32.95644329695043 8.239110824237608 8.239110824237608 8.239110824237608
 608652112 1 33313.036 33313.036 33313.036 36.54137749558461 36.54137749558461 36.54137749558461 9.135344373896153 9.135344373896153 9.135344373896153
 669517312 1 37293.911 37293.911 37293.911 35.90491284220633 35.90491284220633 35.90491284220633 8.976228210551582 8.976228210551582 8.976228210551582
 736469040 1 41702.032 41702.032 41702.032 35.32053498016595 35.32053498016595 35.32053498016595 8.830133745041488 8.830133745041488 8.830133745041488
 810115936 1 45350.79 45350.79 45350.79 35.72665155336875 35.72665155336875 35.72665155336875 8.931662888342187 8.931662888342187 8.931662888342187
 891127520 1 50273.18 50273.18 50273.18 35.45140848460352 35.45140848460352 35.45140848460352 8.86285212115088 8.86285212115088 8.86285212115088
 980240272 1 55046.082 55046.082 55046.082 35.61526039219285 35.61526039219285 35.61526039219285 8.903815098048213 8.903815098048213 8.903815098048213
 
META_DATA
 MPI startup(): shm:tmi fabric is unknown or has been removed from the product, please use ofi or shm:ofi instead
 FLOPS          4
 MPI_PROCS      1
 OPENMP_THREADS 2
 ERT_VERSION  1.1.0
 HOSTNAME  ('shas0420.rc.int.colorado.edu', [], ['10.225.6.135'])
 UNAME  uname_result(system='Linux', node='shas0420.rc.int.colorado.edu', release='3.10.0-957.27.2.el7.x86_64', version='#1 SMP Mon Jul 29 17:46:05 UTC 2019', machine='x86_64', processor='x86_64')
 TIMESTAMP_DATA  1664555061.5998006
 CONFIG  {'ERT_RESULTS': ['lab5_results'], 'ERT_DRIVER': ['driver1'], 'ERT_KERNEL': ['kernel1'], 'ERT_MPI': ['True'], 'ERT_MPI_CFLAGS': ['-I/usr/include/mpi'], 'ERT_MPI_LDFLAGS': ['-lmpi'], 'ERT_OPENMP': ['True'], 'ERT_OPENMP_CFLAGS': ['-qopenmp'], 'ERT_OPENMP_LDFLAGS': ['-qopenmp'], 'ERT_FLOPS': ['1,2,4,8,16'], 'ERT_ALIGN': ['32'], 'ERT_CC': ['mpicc'], 'ERT_CFLAGS': ['-O3', '-msse3', '-axSSE3', '-xSSE3', '-fno-alias', '-fno-fnalias', '-DERT_INTEL', '-std=c++11'], 'ERT_LD': ['mpicc'], 'ERT_LDFLAGS': [], 'ERT_LDLIBS': [], 'ERT_PRECISION': ['FP64'], 'ERT_RUN': ['export', 'OMP_NUM_THREADS=ERT_OPENMP_THREADS;', 'mpirun', '-np', 'ERT_MPI_PROCS', 'ERT_CODE'], 'ERT_PROCS_THREADS': ['1-24'], 'ERT_MPI_PROCS': ['1,2,4,8,12,24'], 'ERT_OPENMP_THREADS': ['1,2,4,8,12,24'], 'ERT_NUM_EXPERIMENTS': ['1'], 'ERT_MEMORY_MAX': ['1073741824'], 'ERT_WORKING_SET_MIN': ['1'], 'ERT_TRIALS_MIN': ['1'], 'ERT_GNUPLOT': ['gnuplot'], 'ERT_GPU': [False], 'ERT_HIP': [False], 'ERT_OCL': [False], 'ERT_SYCL': [False], 'ERT_WSS_MULT': [1.1]}
 