fp64
 8 134217728 1353354.931 1353354.931 1353354.931 1.5867852540450824 1.5867852540450824 1.5867852540450824 0.7933926270225412 0.7933926270225412 0.7933926270225412
 16 67108864 697412.968 697412.968 697412.968 3.0792138181175894 3.0792138181175894 3.0792138181175894 1.5396069090587947 1.5396069090587947 1.5396069090587947
 24 33554432 351628.065 351628.065 351628.065 4.580444214542432 4.580444214542432 4.580444214542432 2.290222107271216 2.290222107271216 2.290222107271216
 32 33554432 347432.137 347432.137 347432.137 6.181016144744262 6.181016144744262 6.181016144744262 3.090508072372131 3.090508072372131 3.090508072372131
 40 16777216 173821.211 173821.211 173821.211 7.7215966467981865 7.7215966467981865 7.7215966467981865 3.8607983233990932 3.8607983233990932 3.8607983233990932
 48 16777216 173996.925 173996.925 173996.925 9.256558620216996 9.256558620216996 9.256558620216996 4.628279310108498 4.628279310108498 4.628279310108498
 56 16777216 179041.147 179041.147 179041.147 10.495063416902708 10.495063416902708 10.495063416902708 5.247531708451354 5.247531708451354 5.247531708451354
 64 16777216 175711.87 175711.87 175711.87 12.221619677714433 12.221619677714433 12.221619677714433 6.110809838857216 6.110809838857216 6.110809838857216
 72 8388608 94445.944 94445.944 94445.944 12.789956887931575 12.789956887931575 12.789956887931575 6.394978443965788 6.394978443965788 6.394978443965788
 80 8388608 94423.056 94423.056 94423.056 14.214507948143515 14.214507948143515 14.214507948143515 7.1072539740717575 7.1072539740717575 7.1072539740717575
 88 8388608 97165.108 97165.108 97165.108 15.194703514352087 15.194703514352087 15.194703514352087 7.597351757176043 7.597351757176043 7.597351757176043
 96 8388608 96562.147 96562.147 96562.147 16.679545619465152 16.679545619465152 16.679545619465152 8.339772809732576 8.339772809732576 8.339772809732576
 104 8388608 98252.058 98252.058 98252.058 17.75871670800015 17.75871670800015 17.75871670800015 8.879358354000075 8.879358354000075 8.879358354000075
 112 8388608 99388.838 99388.838 99388.838 18.906028381174956 18.906028381174956 18.906028381174956 9.453014190587478 9.453014190587478 9.453014190587478
 120 8388608 111956.12 111956.12 111956.12 17.982633910499935 17.982633910499935 17.982633910499935 8.991316955249967 8.991316955249967 8.991316955249967
 128 8388608 94352.007 94352.007 94352.007 22.760338823529214 22.760338823529214 22.760338823529214 11.380169411764607 11.380169411764607 11.380169411764607
 136 4194304 51450.968 51450.968 51450.968 22.173551486922463 22.173551486922463 22.173551486922463 11.086775743461232 11.086775743461232 11.086775743461232
 144 4194304 52097.082 52097.082 52097.082 23.186702702466135 23.186702702466135 23.186702702466135 11.593351351233068 11.593351351233068 11.593351351233068
 152 4194304 60850.859 60850.859 60850.859 20.953992054573956 20.953992054573956 20.953992054573956 10.476996027286978 10.476996027286978 10.476996027286978
 160 4194304 61527.967 61527.967 61527.967 21.81410089496375 21.81410089496375 21.81410089496375 10.907050447481875 10.907050447481875 10.907050447481875
 176 4194304 67455.053 67455.053 67455.053 21.887092846847217 21.887092846847217 21.887092846847217 10.943546423423609 10.943546423423609 10.943546423423609
 192 4194304 77910.185 77910.185 77910.185 20.67268529782082 20.67268529782082 20.67268529782082 10.33634264891041 10.33634264891041 10.33634264891041
 208 4194304 81208.944 81208.944 81208.944 21.485693299989222 21.485693299989222 21.485693299989222 10.742846649994611 10.742846649994611 10.742846649994611
 224 4194304 87313.89 87313.89 87313.89 21.52061020302726 21.52061020302726 21.52061020302726 10.76030510151363 10.76030510151363 10.76030510151363
 240 4194304 93376.875 93376.875 93376.875 21.560647858476734 21.560647858476734 21.560647858476734 10.780323929238367 10.780323929238367 10.780323929238367
 264 2097152 46589.136 46589.136 46589.136 23.767263166245453 23.767263166245453 23.767263166245453 11.883631583122726 11.883631583122726 11.883631583122726
 288 2097152 51745.892 51745.892 51745.892 23.34406665557142 23.34406665557142 23.34406665557142 11.67203332778571 11.67203332778571 11.67203332778571
 312 2097152 59242.964 59242.964 59242.964 22.08908467172574 22.08908467172574 22.08908467172574 11.04454233586287 11.04454233586287 11.04454233586287
 336 2097152 62450.886 62450.886 62450.886 22.566311453131345 22.566311453131345 22.566311453131345 11.283155726565672 11.283155726565672 11.283155726565672
 368 2097152 68319.082 68319.082 68319.082 22.592573360397324 22.592573360397324 22.592573360397324 11.296286680198662 11.296286680198662 11.296286680198662
 400 2097152 67630.053 67630.053 67630.053 24.80733824058958 24.80733824058958 24.80733824058958 12.40366912029479 12.40366912029479 12.40366912029479
 440 2097152 79411.03 79411.03 79411.03 23.239766062724538 23.239766062724538 23.239766062724538 11.619883031362269 11.619883031362269 11.619883031362269
 480 2097152 84787.846 84787.846 84787.846 23.74474662323654 23.74474662323654 23.74474662323654 11.87237331161827 11.87237331161827 11.87237331161827
 528 1048576 44122.934 44122.934 44122.934 25.095707733307126 25.095707733307126 25.095707733307126 12.547853866653563 12.547853866653563 12.547853866653563
 576 1048576 49970.865 49970.865 49970.865 24.173276808396253 24.173276808396253 24.173276808396253 12.086638404198126 12.086638404198126 12.086638404198126
 632 1048576 55881.977 55881.977 55881.977 23.71784491447037 23.71784491447037 23.71784491447037 11.858922457235185 11.858922457235185 11.858922457235185
 688 1048576 58263.063 58263.063 58263.063 24.764241728932102 24.764241728932102 24.764241728932102 12.382120864466051 12.382120864466051 12.382120864466051
 752 1048576 64655.066 64655.066 64655.066 24.391875247641075 24.391875247641075 24.391875247641075 12.195937623820537 12.195937623820537 12.195937623820537
 824 1048576 70739.031 70739.031 70739.031 24.42856826806123 24.42856826806123 24.42856826806123 12.214284134030615 12.214284134030615 12.214284134030615
 904 1048576 74642.897 74642.897 74642.897 25.398604344094522 25.398604344094522 25.398604344094522 12.699302172047261 12.699302172047261 12.699302172047261
 992 1048576 83464.146 83464.146 83464.146 24.925370757402828 24.925370757402828 24.925370757402828 12.462685378701414 12.462685378701414 12.462685378701414
 1088 524288 45391.798 45391.798 45391.798 25.133410401588407 25.133410401588407 25.133410401588407 12.566705200794203 12.566705200794203 12.566705200794203
 1192 524288 49616.098 49616.098 49616.098 25.19147297717769 25.19147297717769 25.19147297717769 12.595736488588845 12.595736488588845 12.595736488588845
 1304 524288 53961.039 53961.039 53961.039 25.33945100649378 25.33945100649378 25.33945100649378 12.66972550324689 12.66972550324689 12.66972550324689
 1432 524288 59047.937 59047.937 59047.937 25.429522321838274 25.429522321838274 25.429522321838274 12.714761160919137 12.714761160919137 12.714761160919137
 1568 524288 63973.904 63973.904 63973.904 25.700591416149937 25.700591416149937 25.700591416149937 12.850295708074968 12.850295708074968 12.850295708074968
 1720 524288 71269.989 71269.989 71269.989 25.305893059700065 25.305893059700065 25.305893059700065 12.652946529850032 12.652946529850032 12.652946529850032
 1888 524288 77619.076 77619.076 77619.076 25.505476102292175 25.505476102292175 25.505476102292175 12.752738051146087 12.752738051146087 12.752738051146087
 2072 262144 42315.006 42315.006 42315.006 25.67232853517733 25.67232853517733 25.67232853517733 12.836164267588664 12.836164267588664 12.836164267588664
 2272 262144 46432.018 46432.018 46432.018 25.65433050960654 25.65433050960654 25.65433050960654 12.82716525480327 12.82716525480327 12.82716525480327
 2496 262144 50891.876 50891.876 50891.876 25.713786774140534 25.713786774140534 25.713786774140534 12.856893387070267 12.856893387070267 12.856893387070267
 2744 262144 56058.168 56058.168 56058.168 25.66345500266794 25.66345500266794 25.66345500266794 12.83172750133397 12.83172750133397 12.83172750133397
 3016 262144 61555.862 61555.862 61555.862 25.68809137950176 25.68809137950176 25.68809137950176 12.84404568975088 12.84404568975088 12.84404568975088
 3312 262144 67322.969 67322.969 67322.969 25.79271059777533 25.79271059777533 25.79271059777533 12.896355298887665 12.896355298887665 12.896355298887665
 3640 262144 73894.978 73894.978 73894.978 25.825954234670725 25.825954234670725 25.825954234670725 12.912977117335362 12.912977117335362 12.912977117335362
 4000 262144 80562.83 80562.83 80562.83 26.031260321912722 26.031260321912722 26.031260321912722 13.015630160956361 13.015630160956361 13.015630160956361
 4400 131072 44370.89 44370.89 44370.89 25.99527753443756 25.99527753443756 25.99527753443756 12.99763876721878 12.99763876721878 12.99763876721878
 4840 131072 49519.062 49519.062 49519.062 25.621990981977813 25.621990981977813 25.621990981977813 12.810995490988907 12.810995490988907 12.810995490988907
 5320 131072 54289.103 54289.103 54289.103 25.688508428662008 25.688508428662008 25.688508428662008 12.844254214331004 12.844254214331004 12.844254214331004
 5848 131072 58999.777 58999.777 58999.777 25.98345603916435 25.98345603916435 25.98345603916435 12.991728019582174 12.991728019582174 12.991728019582174
 6432 131072 64551.115 64551.115 64551.115 26.120543510363845 26.120543510363845 26.120543510363845 13.060271755181923 13.060271755181923 13.060271755181923
 7072 131072 71080.923 71080.923 71080.923 26.081292838586243 26.081292838586243 26.081292838586243 13.040646419293122 13.040646419293122 13.040646419293122
 7776 131072 78157.902 78157.902 78157.902 26.080942449043732 26.080942449043732 26.080942449043732 13.040471224521866 13.040471224521866 13.040471224521866
 8552 65536 43300.152 43300.152 43300.152 25.88738589185553 25.88738589185553 25.88738589185553 12.943692945927765 12.943692945927765 12.943692945927765
 9400 65536 47224.998 47224.998 47224.998 26.08950454587632 26.08950454587632 26.08950454587632 13.04475227293816 13.04475227293816 13.04475227293816
 10336 65536 52178.144 52178.144 52178.144 25.96413149536327 25.96413149536327 25.96413149536327 12.982065747681634 12.982065747681634 12.982065747681634
 11368 65536 57065.01 57065.01 57065.01 26.11103539629626 26.11103539629626 26.11103539629626 13.05551769814813 13.05551769814813 13.05551769814813
 12504 65536 62993.05 62993.05 62993.05 26.017541427189183 26.017541427189183 26.017541427189183 13.008770713594592 13.008770713594592 13.008770713594592
 13752 65536 69214.106 69214.106 69214.106 26.042410256660688 26.042410256660688 26.042410256660688 13.021205128330344 13.021205128330344 13.021205128330344
 15120 65536 76269.865 76269.865 76269.865 25.984163470067763 25.984163470067763 25.984163470067763 12.992081735033882 12.992081735033882 12.992081735033882
 16632 32768 41810.989 41810.989 41810.989 26.069575919383297 26.069575919383297 26.069575919383297 13.034787959691648 13.034787959691648 13.034787959691648
 18288 32768 45920.134 45920.134 45920.134 26.100149620643524 26.100149620643524 26.100149620643524 13.050074810321762 13.050074810321762 13.050074810321762
 20112 32768 50425.053 50425.053 50425.053 26.13899150487755 26.13899150487755 26.13899150487755 13.069495752438774 13.069495752438774 13.069495752438774
 22120 32768 55738.926 55738.926 55738.926 26.007970085394184 26.007970085394184 26.007970085394184 13.003985042697092 13.003985042697092 13.003985042697092
 24328 32768 61417.818 61417.818 61417.818 25.959238864526252 25.959238864526252 25.959238864526252 12.979619432263126 12.979619432263126 12.979619432263126
 26760 32768 68164.11 68164.11 68164.11 25.728251421459184 25.728251421459184 25.728251421459184 12.864125710729592 12.864125710729592 12.864125710729592
 29432 32768 74229.956 74229.956 74229.956 25.98486724146785 25.98486724146785 25.98486724146785 12.992433620733925 12.992433620733925 12.992433620733925
 32368 32768 81422.091 81422.091 81422.091 26.052748362849094 26.052748362849094 26.052748362849094 13.026374181424547 13.026374181424547 13.026374181424547
 35600 16384 46059.847 46059.847 46059.847 25.32663210974192 25.32663210974192 25.32663210974192 12.66331605487096 12.66331605487096 12.66331605487096
 39160 16384 49313.068 49313.068 49313.068 26.021396194615185 26.021396194615185 26.021396194615185 13.010698097307593 13.010698097307593 13.010698097307593
 43072 16384 54287.91 54287.91 54287.91 25.99811442363502 25.99811442363502 25.99811442363502 12.99905721181751 12.99905721181751 12.99905721181751
 47376 16384 59761.047 59761.047 59761.047 25.977067771252404 25.977067771252404 25.977067771252404 12.988533885626202 12.988533885626202 12.988533885626202
 52112 16384 65809.965 65809.965 65809.965 25.94752961804493 25.94752961804493 25.94752961804493 12.973764809022464 12.973764809022464 12.973764809022464
 57320 16384 72354.078 72354.078 72354.078 25.959307504409086 25.959307504409086 25.959307504409086 12.979653752204543 12.979653752204543 12.979653752204543
 63048 16384 79442.024 79442.024 79442.024 26.005843758462145 26.005843758462145 26.005843758462145 13.002921879231073 13.002921879231073 13.002921879231073
 69352 8192 43587.923 43587.923 43587.923 26.06830263511294 26.06830263511294 26.06830263511294 13.03415131755647 13.03415131755647 13.03415131755647
 76280 8192 50765.038 50765.038 50765.038 24.61874489289262 24.61874489289262 24.61874489289262 12.30937244644631 12.30937244644631 12.30937244644631
 83904 8192 52783.012 52783.012 52783.012 26.04404492869789 26.04404492869789 26.04404492869789 13.022022464348945 13.022022464348945 13.022022464348945
 92288 8192 58233.023 58233.023 58233.023 25.96544905456823 25.96544905456823 25.96544905456823 12.982724527284114 12.982724527284114 12.982724527284114
 101512 8192 63934.088 63934.088 63934.088 26.01386302718512 26.01386302718512 26.01386302718512 13.00693151359256 13.00693151359256 13.00693151359256
 111656 8192 70333.004 70333.004 70333.004 26.010148862687565 26.010148862687565 26.010148862687565 13.005074431343782 13.005074431343782 13.005074431343782
 122816 8192 77256.918 77256.918 77256.918 26.04578846906629 26.04578846906629 26.04578846906629 13.022894234533146 13.022894234533146 13.022894234533146
 135096 4096 42479.038 42479.038 42479.038 26.053001294426675 26.053001294426675 26.053001294426675 13.026500647213338 13.026500647213338 13.026500647213338
 148600 4096 46676.874 46676.874 46676.874 26.079964138129732 26.079964138129732 26.079964138129732 13.039982069064866 13.039982069064866 13.039982069064866
 163456 4096 51465.988 51465.988 51465.988 26.01779551963522 26.01779551963522 26.01779551963522 13.00889775981761 13.00889775981761 13.00889775981761
 179800 4096 56473.017 56473.017 56473.017 26.0818649019584 26.0818649019584 26.0818649019584 13.0409324509792 13.0409324509792 13.0409324509792
 197776 4096 62083.96 62083.96 62083.96 26.096611620779345 26.096611620779345 26.096611620779345 13.048305810389673 13.048305810389673 13.048305810389673
 217552 4096 68670.988 68670.988 68670.988 25.952531569809363 25.952531569809363 25.952531569809363 12.976265784904681 12.976265784904681 12.976265784904681
 239304 4096 75251.102 75251.102 75251.102 26.051158267423112 26.051158267423112 26.051158267423112 13.025579133711556 13.025579133711556 13.025579133711556
 263232 2048 41549.921 41549.921 41549.921 25.949466233642177 25.949466233642177 25.949466233642177 12.974733116821088 12.974733116821088 12.974733116821088
 289552 2048 48106.909 48106.909 48106.909 24.653527251148063 24.653527251148063 24.653527251148063 12.326763625574031 12.326763625574031 12.326763625574031
 318504 2048 52887.917 52887.917 52887.917 24.66711600685654 24.66711600685654 24.66711600685654 12.33355800342827 12.33355800342827 12.33355800342827
 350352 2048 58681.011 58681.011 58681.011 24.45496025963152 24.45496025963152 24.45496025963152 12.22748012981576 12.22748012981576 12.22748012981576
 385384 2048 64492.941 64492.941 64492.941 24.476056441587925 24.476056441587925 24.476056441587925 12.238028220793963 12.238028220793963 12.238028220793963
 423920 2048 71707.01 71707.01 71707.01 24.214875505198165 24.214875505198165 24.214875505198165 12.107437752599083 12.107437752599083 12.107437752599083
 466312 2048 78114.033 78114.033 78114.033 24.4516110440745 24.4516110440745 24.4516110440745 12.22580552203725 12.22580552203725 12.22580552203725
 512936 2048 85828.066 85828.066 85828.066 24.479007321451235 24.479007321451235 24.479007321451235 12.239503660725617 12.239503660725617 12.239503660725617
 564224 1024 49056.053 49056.053 49056.053 23.555314407378024 23.555314407378024 23.555314407378024 11.777657203689012 11.777657203689012 11.777657203689012
 620640 1024 53220.987 53220.987 53220.987 23.882885148296854 23.882885148296854 23.882885148296854 11.941442574148427 11.941442574148427 11.941442574148427
 682704 1024 57243.109 57243.109 57243.109 24.425259501541053 24.425259501541053 24.425259501541053 12.212629750770526 12.212629750770526 12.212629750770526
 750968 1024 62859.058 62859.058 62859.058 24.467157366564418 24.467157366564418 24.467157366564418 12.233578683282209 12.233578683282209 12.233578683282209
 826064 1024 69657.087 69657.087 69657.087 24.28724979555921 24.28724979555921 24.28724979555921 12.143624897779604 12.143624897779604 12.143624897779604
 908664 1024 76377.869 76377.869 76377.869 24.364961949907244 24.364961949907244 24.364961949907244 12.182480974953622 12.182480974953622 12.182480974953622
 999528 1024 83755.016 83755.016 83755.016 24.440725365033657 24.440725365033657 24.440725365033657 12.220362682516829 12.220362682516829 12.220362682516829
 1099480 512 46037.197 46037.197 46037.197 24.455605322800167 24.455605322800167 24.455605322800167 12.227802661400084 12.227802661400084 12.227802661400084
 1209424 512 51024.914 51024.914 51024.914 24.27147992841301 24.27147992841301 24.27147992841301 12.135739964206506 12.135739964206506 12.135739964206506
 1330360 512 55716.038 55716.038 55716.038 24.450565562468746 24.450565562468746 24.450565562468746 12.225282781234373 12.225282781234373 12.225282781234373
 1463392 512 62732.935 62732.935 62732.935 23.887187934057284 23.887187934057284 23.887187934057284 11.943593967028642 11.943593967028642 11.943593967028642
 1609728 512 69985.867 69985.867 69985.867 23.552776334113286 23.552776334113286 23.552776334113286 11.776388167056643 11.776388167056643 11.776388167056643
 1770696 512 74197.054 74197.054 74197.054 24.437529608655353 24.437529608655353 24.437529608655353 12.218764804327677 12.218764804327677 12.218764804327677
 1947760 512 83042.86 83042.86 83042.86 24.017793221476236 24.017793221476236 24.017793221476236 12.008896610738118 12.008896610738118 12.008896610738118
 2142536 256 44929.981 44929.981 44929.981 24.41528813466447 24.41528813466447 24.41528813466447 12.207644067332234 12.207644067332234 12.207644067332234
 2356784 256 50130.129 50130.129 50130.129 24.070821920286697 24.070821920286697 24.070821920286697 12.035410960143349 12.035410960143349 12.035410960143349
 2592456 256 54551.84 54551.84 54551.84 24.331671892277143 24.331671892277143 24.331671892277143 12.165835946138571 12.165835946138571 12.165835946138571
 2851696 256 60528.04 60528.04 60528.04 24.122181256819154 24.122181256819154 24.122181256819154 12.061090628409577 12.061090628409577 12.061090628409577
 3136864 256 67541.838 67541.838 67541.838 23.778955615628934 23.778955615628934 23.778955615628934 11.889477807814467 11.889477807814467 11.889477807814467
 3450544 256 73424.101 73424.101 73424.101 24.06128919440226 24.06128919440226 24.06128919440226 12.03064459720113 12.03064459720113 12.03064459720113
 3795592 256 79850.912 79850.912 79850.912 24.33714350062777 24.33714350062777 24.33714350062777 12.168571750313886 12.168571750313886 12.168571750313886
 4175144 256 87814.093 87814.093 87814.093 24.34317380013252 24.34317380013252 24.34317380013252 12.17158690006626 12.17158690006626 12.17158690006626
 4592656 128 48382.044 48382.044 48382.044 24.300749592142076 24.300749592142076 24.300749592142076 12.150374796071038 12.150374796071038 12.150374796071038
 5051920 128 53267.956 53267.956 53267.956 24.278977777934635 24.278977777934635 24.278977777934635 12.139488888967318 12.139488888967318 12.139488888967318
 5557112 128 65244.198 65244.198 65244.198 21.804554513797534 21.804554513797534 21.804554513797534 10.902277256898767 10.902277256898767 10.902277256898767
 6112816 128 65407.991 65407.991 65407.991 23.92491914328939 23.92491914328939 23.92491914328939 11.962459571644695 11.962459571644695 11.962459571644695
 6724096 128 73175.907 73175.907 73175.907 23.523706730413327 23.523706730413327 23.523706730413327 11.761853365206663 11.761853365206663 11.761853365206663
 7396504 128 78308.105 78308.105 78308.105 24.180192126983535 24.180192126983535 24.180192126983535 12.090096063491767 12.090096063491767 12.090096063491767
 8136152 128 87507.01 87507.01 87507.01 23.802149244957636 23.802149244957636 23.802149244957636 11.901074622478818 11.901074622478818 11.901074622478818
 8949760 64 47528.982 47528.982 47528.982 24.102541897488983 24.102541897488983 24.102541897488983 12.051270948744492 12.051270948744492 12.051270948744492
 9844736 64 53107.977 53107.977 53107.977 23.727625851762344 23.727625851762344 23.727625851762344 11.863812925881172 11.863812925881172 11.863812925881172
 10829208 64 60060.978 60060.978 60060.978 23.078855359298345 23.078855359298345 23.078855359298345 11.539427679649172 11.539427679649172 11.539427679649172
 11912128 64 64006.09 64006.09 64006.09 23.821989188841247 23.821989188841247 23.821989188841247 11.910994594420623 11.910994594420623 11.910994594420623
 13103336 64 69907.188 69907.188 69907.188 23.992196739482644 23.992196739482644 23.992196739482644 11.996098369741322 11.996098369741322 11.996098369741322
 14413664 64 77102.9 77102.9 77102.9 23.928399476543685 23.928399476543685 23.928399476543685 11.964199738271843 11.964199738271843 11.964199738271843
 15855024 64 85290.909 85290.909 85290.909 23.794365610524796 23.794365610524796 23.794365610524796 11.897182805262398 11.897182805262398 11.897182805262398
 17440520 32 46832.085 46832.085 46832.085 23.833943758856776 23.833943758856776 23.833943758856776 11.916971879428388 11.916971879428388 11.916971879428388
 19184568 32 51496.029 51496.029 51496.029 23.842854989847854 23.842854989847854 23.842854989847854 11.921427494923927 11.921427494923927 11.921427494923927
 21103024 32 56982.994 56982.994 56982.994 23.70169486004895 23.70169486004895 23.70169486004895 11.850847430024475 11.850847430024475 11.850847430024475
 23213320 32 62711.954 62711.954 62711.954 23.690100295710767 23.690100295710767 23.690100295710767 11.845050147855384 11.845050147855384 11.845050147855384
 25534648 32 68730.116 68730.116 68730.116 23.777312874024542 23.777312874024542 23.777312874024542 11.888656437012271 11.888656437012271 11.888656437012271
 28088112 32 78454.018 78454.018 78454.018 22.913283651068067 22.913283651068067 22.913283651068067 11.456641825534033 11.456641825534033 11.456641825534033
 30896920 32 102509.975 102509.975 102509.975 19.289858182093987 19.289858182093987 19.289858182093987 9.644929091046993 9.644929091046993 9.644929091046993
 33986608 16 62886.0 62886.0 62886.0 17.29433349235124 17.29433349235124 17.29433349235124 8.64716674617562 8.64716674617562 8.64716674617562
 37385264 16 72743.893 72743.893 72743.893 16.445757831519963 16.445757831519963 16.445757831519963 8.222878915759981 8.222878915759981 8.222878915759981
 41123784 16 80955.982 80955.982 80955.982 16.255266818948595 16.255266818948595 16.255266818948595 8.127633409474297 8.127633409474297 8.127633409474297
 45236160 16 94361.067 94361.067 94361.067 15.340618392964972 15.340618392964972 15.340618392964972 7.670309196482486 7.670309196482486 7.670309196482486
 49759776 16 103932.142 103932.142 103932.142 15.32069676770445 15.32069676770445 15.32069676770445 7.660348383852225 7.660348383852225 7.660348383852225
 54735752 16 113229.036 113229.036 113229.036 15.46903626380781 15.46903626380781 15.46903626380781 7.734518131903905 7.734518131903905 7.734518131903905
 60209320 16 125678.062 125678.062 125678.062 15.330426085023493 15.330426085023493 15.330426085023493 7.665213042511747 7.665213042511747 7.665213042511747
 66230248 16 138426.065 138426.065 138426.065 15.310468703997328 15.310468703997328 15.310468703997328 7.655234351998664 7.655234351998664 7.655234351998664
 72853272 8 77061.176 77061.176 77061.176 15.126324467199927 15.126324467199927 15.126324467199927 7.5631622335999635 7.5631622335999635 7.5631622335999635
 80138592 8 84451.914 84451.914 84451.914 15.18281127411748 15.18281127411748 15.18281127411748 7.59140563705874 7.59140563705874 7.59140563705874
 88152448 8 93647.957 93647.957 93647.957 15.061077819348478 15.061077819348478 15.061077819348478 7.530538909674239 7.530538909674239 7.530538909674239
 96967688 8 102315.903 102315.903 102315.903 15.163654549381242 15.163654549381242 15.163654549381242 7.581827274690621 7.581827274690621 7.581827274690621
 106664456 8 112629.89 112629.89 112629.89 15.15256115405955 15.15256115405955 15.15256115405955 7.576280577029775 7.576280577029775 7.576280577029775
 117330896 8 123418.093 123418.093 123418.093 15.2108519129363 15.2108519129363 15.2108519129363 7.60542595646815 7.60542595646815 7.60542595646815
 129063984 8 136301.041 136301.041 136301.041 15.15046201297905 15.15046201297905 15.15046201297905 7.575231006489525 7.575231006489525 7.575231006489525
 141970376 4 75626.135 75626.135 75626.135 15.018128428750195 15.018128428750195 15.018128428750195 7.509064214375098 7.509064214375098 7.509064214375098
 156167408 4 82890.987 82890.987 82890.987 15.072076099178311 15.072076099178311 15.072076099178311 7.5360380495891555 7.5360380495891555 7.5360380495891555
 171784144 4 91313.839 91313.839 91313.839 15.049998631642241 15.049998631642241 15.049998631642241 7.524999315821121 7.524999315821121 7.524999315821121
 188962552 4 100790.977 100790.977 100790.977 14.998370498978296 14.998370498978296 14.998370498978296 7.499185249489148 7.499185249489148 7.499185249489148
 207858800 4 110793.829 110793.829 110793.829 15.008691503928437 15.008691503928437 15.008691503928437 7.504345751964219 7.504345751964219 7.504345751964219
 228644680 4 121312.141 121312.141 121312.141 15.078106980240337 15.078106980240337 15.078106980240337 7.5390534901201685 7.5390534901201685 7.5390534901201685
 251509144 4 133608.818 133608.818 133608.818 15.059433816711111 15.059433816711111 15.059433816711111 7.529716908355556 7.529716908355556 7.529716908355556
 276660056 2 73428.154 73428.154 73428.154 15.07106148957524 15.07106148957524 15.07106148957524 7.53553074478762 7.53553074478762 7.53553074478762
 304326056 2 80251.932 80251.932 80251.932 15.168534808607475 15.168534808607475 15.168534808607475 7.584267404303738 7.584267404303738 7.584267404303738
 334758656 2 88452.101 88452.101 88452.101 15.138528184876016 15.138528184876016 15.138528184876016 7.569264092438008 7.569264092438008 7.569264092438008
 368234520 2 96623.898 96623.898 96623.898 15.244034969485499 15.244034969485499 15.244034969485499 7.6220174847427495 7.6220174847427495 7.6220174847427495
 405057968 2 106232.882 106232.882 106232.882 15.251698358329392 15.251698358329392 15.251698358329392 7.625849179164696 7.625849179164696 7.625849179164696
 445563760 2 117935.181 117935.181 117935.181 15.112157584258084 15.112157584258084 15.112157584258084 7.556078792129042 7.556078792129042 7.556078792129042
 490120136 2 126328.23 126328.23 126328.23 15.518942551478796 15.518942551478796 15.518942551478796 7.759471275739398 7.759471275739398 7.759471275739398
 539132144 1 71393.967 71393.967 71393.967 15.103016869758756 15.103016869758756 15.103016869758756 7.551508434879378 7.551508434879378 7.551508434879378
 593045352 1 75288.057 75288.057 75288.057 15.754035251567188 15.754035251567188 15.754035251567188 7.877017625783594 7.877017625783594 7.877017625783594
 652349880 1 86294.889 86294.889 86294.889 15.119084978485807 15.119084978485807 15.119084978485807 7.5595424892429035 7.5595424892429035 7.5595424892429035
 717584864 1 95509.052 95509.052 95509.052 15.02653097216377 15.02653097216377 15.02653097216377 7.513265486081885 7.513265486081885 7.513265486081885
 789343344 1 105664.968 105664.968 105664.968 14.9404927468487 14.9404927468487 14.9404927468487 7.47024637342435 7.47024637342435 7.47024637342435
 868277672 1 116233.826 116233.826 116233.826 14.94018913220666 14.94018913220666 14.94018913220666 7.47009456610333 7.47009456610333 7.47009456610333
 955105432 1 128015.041 128015.041 128015.041 14.921768950571987 14.921768950571987 14.921768950571987 7.460884475285994 7.460884475285994 7.460884475285994
 1050615968 1 140264.988 140264.988 140264.988 14.980444984603 14.980444984603 14.980444984603 7.4902224923015 7.4902224923015 7.4902224923015
 
META_DATA
 MPI startup(): shm:tmi fabric is unknown or has been removed from the product, please use ofi or shm:ofi instead
 FLOPS          8
 MPI_PROCS      1
 OPENMP_THREADS 1
 ERT_VERSION  1.1.0
 HOSTNAME  shas0105.rc.int.colorado.edu
 UNAME  uname_result(system='Linux', node='shas0105.rc.int.colorado.edu', release='3.10.0-957.27.2.el7.x86_64', version='#1 SMP Mon Jul 29 17:46:05 UTC 2019', machine='x86_64', processor='x86_64')
 TIMESTAMP_DATA  1664512172.8795354
 CONFIG  {'ERT_RESULTS': ['lab5_results'], 'ERT_DRIVER': ['driver1'], 'ERT_KERNEL': ['kernel1'], 'ERT_MPI': ['True'], 'ERT_MPI_CFLAGS': ['-I/usr/include/mpi'], 'ERT_MPI_LDFLAGS': ['-lmpi'], 'ERT_OPENMP': ['True'], 'ERT_OPENMP_CFLAGS': ['-qopenmp'], 'ERT_OPENMP_LDFLAGS': ['-qopenmp'], 'ERT_FLOPS': ['8'], 'ERT_ALIGN': ['32'], 'ERT_CC': ['mpicc'], 'ERT_CFLAGS': ['-O3', '-msse3', '-axSSE3', '-xSSE3', '-fno-alias', '-fno-fnalias', '-DERT_INTEL', '-std=c++11'], 'ERT_LD': ['mpicc'], 'ERT_LDFLAGS': [], 'ERT_LDLIBS': [], 'ERT_PRECISION': ['FP64'], 'ERT_RUN': ['export', 'OMP_NUM_THREADS=ERT_OPENMP_THREADS;', 'mpirun', '-np', 'ERT_MPI_PROCS', 'ERT_CODE'], 'ERT_PROCS_THREADS': ['1-24'], 'ERT_MPI_PROCS': ['1'], 'ERT_OPENMP_THREADS': ['1'], 'ERT_NUM_EXPERIMENTS': ['1'], 'ERT_MEMORY_MAX': ['1073741824'], 'ERT_WORKING_SET_MIN': ['1'], 'ERT_TRIALS_MIN': ['1'], 'ERT_GNUPLOT': ['gnuplot'], 'ERT_GPU': [False], 'ERT_HIP': [False], 'ERT_OCL': [False], 'ERT_SYCL': [False], 'ERT_WSS_MULT': [1.1]}
 