fp64
 64 16777216 96182.823 96182.823 96182.823 22.327101461765164 22.327101461765164 22.327101461765164 5.581775365441291 5.581775365441291 5.581775365441291
 128 8388608 50930.977 50930.977 50930.977 42.164587732137946 42.164587732137946 42.164587732137946 10.541146933034486 10.541146933034486 10.541146933034486
 192 4194304 25489.807 25489.807 25489.807 63.18654103579521 63.18654103579521 63.18654103579521 15.796635258948802 15.796635258948802 15.796635258948802
 256 4194304 25516.033 25516.033 25516.033 84.16212849387678 84.16212849387678 84.16212849387678 21.040532123469195 21.040532123469195 21.040532123469195
 320 2097152 13168.812 13168.812 13168.812 101.92090827934973 101.92090827934973 101.92090827934973 25.480227069837433 25.480227069837433 25.480227069837433
 384 2097152 13260.126 13260.126 13260.126 121.46285306791202 121.46285306791202 121.46285306791202 30.365713266978005 30.365713266978005 30.365713266978005
 448 2097152 13200.045 13200.045 13200.045 142.35165046785824 142.35165046785824 142.35165046785824 35.58791261696456 35.58791261696456 35.58791261696456
 512 2097152 13185.024 13185.024 13185.024 162.8729419074247 162.8729419074247 162.8729419074247 40.71823547685617 40.71823547685617 40.71823547685617
 576 1048576 7645.845 7645.845 7645.845 157.98901913392174 157.98901913392174 157.98901913392174 39.497254783480436 39.497254783480436 39.497254783480436
 640 1048576 7472.992 7472.992 7472.992 179.60373569247764 179.60373569247764 179.60373569247764 44.90093392311941 44.90093392311941 44.90093392311941
 704 1048576 8743.048 8743.048 8743.048 168.86502373085446 168.86502373085446 168.86502373085446 42.216255932713615 42.216255932713615 42.216255932713615
 768 1048576 8593.082 8593.082 8593.082 187.43132394174756 187.43132394174756 187.43132394174756 46.85783098543689 46.85783098543689 46.85783098543689
 832 1048576 9830.952 9830.952 9830.952 177.48336722628696 177.48336722628696 177.48336722628696 44.37084180657174 44.37084180657174 44.37084180657174
 896 1048576 9650.946 9650.946 9650.946 194.7009331520454 194.7009331520454 194.7009331520454 48.67523328801135 48.67523328801135 48.67523328801135
 960 1048576 10925.055 10925.055 10925.055 184.2797056856922 184.2797056856922 184.2797056856922 46.06992642142305 46.06992642142305 46.06992642142305
 1024 1048576 7342.1 7342.1 7342.1 292.4890219419512 292.4890219419512 292.4890219419512 73.1222554854878 73.1222554854878 73.1222554854878
 1088 524288 4382.849 4382.849 4382.849 260.2988804770595 260.2988804770595 260.2988804770595 65.07472011926488 65.07472011926488 65.07472011926488
 1152 524288 4333.019 4333.019 4333.019 278.7801188963168 278.7801188963168 278.7801188963168 69.6950297240792 69.6950297240792 69.6950297240792
 1216 524288 5051.136 5051.136 5051.136 252.43201054178704 252.43201054178704 252.43201054178704 63.10800263544676 63.10800263544676 63.10800263544676
 1280 524288 4854.918 4854.918 4854.918 276.45725015334966 276.45725015334966 276.45725015334966 69.11431253833742 69.11431253833742 69.11431253833742
 1408 524288 5419.97 5419.97 5419.97 272.3991106961846 272.3991106961846 272.3991106961846 68.09977767404615 68.09977767404615 68.09977767404615
 1536 524288 5970.955 5970.955 5970.955 269.7412283294716 269.7412283294716 269.7412283294716 67.4353070823679 67.4353070823679 67.4353070823679
 1664 524288 6513.119 6513.119 6513.119 267.89476194124506 267.89476194124506 267.89476194124506 66.97369048531127 66.97369048531127 66.97369048531127
 1792 524288 7088.9 7088.9 7088.9 265.0690787005036 265.0690787005036 265.0690787005036 66.2672696751259 66.2672696751259 66.2672696751259
 1920 524288 7379.055 7379.055 7379.055 272.83519637677176 272.83519637677176 272.83519637677176 68.20879909419294 68.20879909419294 68.20879909419294
 2112 262144 3568.888 3568.888 3568.888 310.26366083777356 310.26366083777356 310.26366083777356 77.56591520944339 77.56591520944339 77.56591520944339
 2304 262144 4004.955 4004.955 4004.955 301.6162608568635 301.6162608568635 301.6162608568635 75.40406521421588 75.40406521421588 75.40406521421588
 2496 262144 4723.072 4723.072 4723.072 277.07027290712483 277.07027290712483 277.07027290712483 69.26756822678121 69.26756822678121 69.26756822678121
 2688 262144 4880.19 4880.19 4880.19 288.77690089935027 288.77690089935027 288.77690089935027 72.19422522483757 72.19422522483757 72.19422522483757
 2944 262144 5291.939 5291.939 5291.939 291.6707603772454 291.6707603772454 291.6707603772454 72.91769009431135 72.91769009431135 72.91769009431135
 3200 262144 5122.9 5122.9 5122.9 327.4945050654903 327.4945050654903 327.4945050654903 81.87362626637257 81.87362626637257 81.87362626637257
 3520 262144 6178.141 6178.141 6178.141 298.71344147050064 298.71344147050064 298.71344147050064 74.67836036762516 74.67836036762516 74.67836036762516
 3840 262144 6590.843 6590.843 6590.843 305.4640992055189 305.4640992055189 305.4640992055189 76.36602480137972 76.36602480137972 76.36602480137972
 4224 131072 3287.077 3287.077 3287.077 336.8634978736427 336.8634978736427 336.8634978736427 84.21587446841068 84.21587446841068 84.21587446841068
 4608 131072 3846.169 3846.169 3846.169 314.0682460911104 314.0682460911104 314.0682460911104 78.5170615227776 78.5170615227776 78.5170615227776
 5056 131072 4673.958 4673.958 4673.958 283.57123962175103 283.57123962175103 283.57123962175103 70.89280990543776 70.89280990543776 70.89280990543776
 5504 131072 4501.104 4501.104 4501.104 320.55259687401133 320.55259687401133 320.55259687401133 80.13814921850283 80.13814921850283 80.13814921850283
 6016 131072 4951.0 4951.0 4951.0 318.5332870127247 318.5332870127247 318.5332870127247 79.63332175318118 79.63332175318118 79.63332175318118
 6592 131072 5337.0 5337.0 5337.0 323.7873801761289 323.7873801761289 323.7873801761289 80.94684504403223 80.94684504403223 80.94684504403223
 7232 131072 5522.013 5522.013 5522.013 343.32143151419604 343.32143151419604 343.32143151419604 85.83035787854901 85.83035787854901 85.83035787854901
 7936 131072 6289.005 6289.005 6289.005 330.79553665484445 330.79553665484445 330.79553665484445 82.69888416371111 82.69888416371111 82.69888416371111
 8704 65536 3416.777 3416.777 3416.777 333.89673601759785 333.89673601759785 333.89673601759785 83.47418400439946 83.47418400439946 83.47418400439946
 9536 65536 3740.072 3740.072 3740.072 334.19212036559725 334.19212036559725 334.19212036559725 83.54803009139931 83.54803009139931 83.54803009139931
 10432 65536 4000.902 4000.902 4000.902 341.75870941102784 341.75870941102784 341.75870941102784 85.43967735275696 85.43967735275696 85.43967735275696
 11456 65536 4364.014 4364.014 4364.014 344.0779135905613 344.0779135905613 344.0779135905613 86.01947839764033 86.01947839764033 86.01947839764033
 12544 65536 4730.94 4730.94 4730.94 347.5349862817961 347.5349862817961 347.5349862817961 86.88374657044902 86.88374657044902 86.88374657044902
 13760 65536 5224.943 5224.943 5224.943 345.1809369020868 345.1809369020868 345.1809369020868 86.2952342255217 86.2952342255217 86.2952342255217
 15104 65536 5661.964 5661.964 5661.964 349.6510200347441 349.6510200347441 349.6510200347441 87.41275500868602 87.41275500868602 87.41275500868602
 16576 32768 3071.785 3071.785 3071.785 353.6460839544434 353.6460839544434 353.6460839544434 88.41152098861085 88.41152098861085 88.41152098861085
 18176 32768 3377.199 3377.199 3377.199 352.7131021891218 352.7131021891218 352.7131021891218 88.17827554728045 88.17827554728045 88.17827554728045
 19968 32768 3654.003 3654.003 3654.003 358.1340376567835 358.1340376567835 358.1340376567835 89.53350941419588 89.53350941419588 89.53350941419588
 21952 32768 4039.049 4039.049 4039.049 356.1844067749611 356.1844067749611 356.1844067749611 89.04610169374027 89.04610169374027 89.04610169374027
 24128 32768 4417.896 4417.896 4417.896 357.91983514324465 357.91983514324465 357.91983514324465 89.47995878581116 89.47995878581116 89.47995878581116
 26496 32768 4875.898 4875.898 4875.898 356.1276007004248 356.1276007004248 356.1276007004248 89.0319001751062 89.0319001751062 89.0319001751062
 29120 32768 5291.939 5291.939 5291.939 360.62553253164856 360.62553253164856 360.62553253164856 90.15638313291214 90.15638313291214 90.15638313291214
 32000 32768 5782.843 5782.843 5782.843 362.65068928898813 362.65068928898813 362.65068928898813 90.66267232224703 90.66267232224703 90.66267232224703
 35200 16384 3217.936 3217.936 3217.936 358.4389496870043 358.4389496870043 358.4389496870043 89.60973742175108 89.60973742175108 89.60973742175108
 38720 16384 3663.063 3663.063 3663.063 346.37049922428304 346.37049922428304 346.37049922428304 86.59262480607076 86.59262480607076 86.59262480607076
 42560 16384 3931.046 3931.046 3931.046 354.7671739277536 354.7671739277536 354.7671739277536 88.6917934819384 88.6917934819384 88.6917934819384
 46784 16384 4236.937 4236.937 4236.937 361.82225791886924 361.82225791886924 361.82225791886924 90.45556447971731 90.45556447971731 90.45556447971731
 51456 16384 4642.963 4642.963 4642.963 363.1539187368067 363.1539187368067 363.1539187368067 90.78847968420168 90.78847968420168 90.78847968420168
 56576 16384 5107.88 5107.88 5107.88 362.94556019327 362.94556019327 362.94556019327 90.7363900483175 90.7363900483175 90.7363900483175
 62208 16384 5580.187 5580.187 5580.187 365.2981063179424 365.2981063179424 365.2981063179424 91.3245265794856 91.3245265794856 91.3245265794856
 68416 8192 3180.027 3180.027 3180.027 352.4900084181675 352.4900084181675 352.4900084181675 88.12250210454188 88.12250210454188 88.12250210454188
 75200 8192 3457.069 3457.069 3457.069 356.39346510006015 356.39346510006015 356.39346510006015 89.09836627501504 89.09836627501504 89.09836627501504
 82688 8192 3823.996 3823.996 3823.996 354.2786634714053 354.2786634714053 354.2786634714053 88.56966586785133 88.56966586785133 88.56966586785133
 90944 8192 4177.809 4177.809 4177.809 356.6526128887175 356.6526128887175 356.6526128887175 89.16315322217937 89.16315322217937 89.16315322217937
 100032 8192 4616.976 4616.976 4616.976 354.9778660317922 354.9778660317922 354.9778660317922 88.74446650794805 88.74446650794805 88.74446650794805
 110016 8192 5067.825 5067.825 5067.825 355.675688091045 355.675688091045 355.675688091045 88.91892202276125 88.91892202276125 88.91892202276125
 120960 8192 5558.968 5558.968 5558.968 356.5065746016167 356.5065746016167 356.5065746016167 89.12664365040418 89.12664365040418 89.12664365040418
 133056 4096 3074.169 3074.169 3074.169 354.5656572556681 354.5656572556681 354.5656572556681 88.64141431391702 88.64141431391702 88.64141431391702
 146304 4096 4293.203 4293.203 4293.203 279.16741137095073 279.16741137095073 279.16741137095073 69.79185284273768 69.79185284273768 69.79185284273768
 160896 4096 3711.939 3711.939 3711.939 355.0866627926806 355.0866627926806 355.0866627926806 88.77166569817015 88.77166569817015 88.77166569817015
 176960 4096 4086.018 4086.018 4086.018 354.78461426259014 354.78461426259014 354.78461426259014 88.69615356564753 88.69615356564753 88.69615356564753
 194624 4096 4469.872 4469.872 4469.872 356.6902604817319 356.6902604817319 356.6902604817319 89.17256512043298 89.17256512043298 89.17256512043298
 214080 4096 4926.92 4926.92 4926.92 355.9512555511354 355.9512555511354 355.9512555511354 88.98781388778384 88.98781388778384 88.98781388778384
 235456 4096 5439.043 5439.043 5439.043 354.63142174092025 354.63142174092025 354.63142174092025 88.65785543523006 88.65785543523006 88.65785543523006
 258944 4096 5956.888 5956.888 5956.888 356.1035977174659 356.1035977174659 356.1035977174659 89.02589942936648 89.02589942936648 89.02589942936648
 284800 2048 3540.039 3540.039 3540.039 329.527669045454 329.527669045454 329.527669045454 82.3819172613635 82.3819172613635 82.3819172613635
 313280 2048 3984.928 3984.928 3984.928 322.01206144753434 322.01206144753434 322.01206144753434 80.50301536188358 80.50301536188358 80.50301536188358
 344576 2048 4477.978 4477.978 4477.978 315.18316883200407 315.18316883200407 315.18316883200407 78.79579220800102 78.79579220800102 78.79579220800102
 379008 2048 4863.977 4863.977 4863.977 319.1661407938401 319.1661407938401 319.1661407938401 79.79153519846002 79.79153519846002 79.79153519846002
 416896 2048 5345.106 5345.106 5345.106 319.4709358429936 319.4709358429936 319.4709358429936 79.8677339607484 79.8677339607484 79.8677339607484
 458560 2048 5767.107 5767.107 5767.107 325.6852629923461 325.6852629923461 325.6852629923461 81.42131574808653 81.42131574808653 81.42131574808653
 504384 2048 6338.835 6338.835 6338.835 325.9205932951402 325.9205932951402 325.9205932951402 81.48014832378504 81.48014832378504 81.48014832378504
 554816 1024 3553.152 3553.152 3553.152 319.79019417125977 319.79019417125977 319.79019417125977 79.94754854281494 79.94754854281494 79.94754854281494
 610240 1024 3865.004 3865.004 3865.004 323.3558154144213 323.3558154144213 323.3558154144213 80.83895385360532 80.83895385360532 80.83895385360532
 671232 1024 4270.792 4270.792 4270.792 321.8801421375707 321.8801421375707 321.8801421375707 80.47003553439268 80.47003553439268 80.47003553439268
 738304 1024 4650.116 4650.116 4650.116 325.1631985094565 325.1631985094565 325.1631985094565 81.29079962736412 81.29079962736412 81.29079962736412
 812096 1024 5101.919 5101.919 5101.919 325.9896144960357 325.9896144960357 325.9896144960357 81.49740362400892 81.49740362400892 81.49740362400892
 893248 1024 5650.043 5650.043 5650.043 323.7801737084125 323.7801737084125 323.7801737084125 80.94504342710313 80.94504342710313 80.94504342710313
 982528 1024 6194.115 6194.115 6194.115 324.85953909476984 324.85953909476984 324.85953909476984 81.21488477369246 81.21488477369246 81.21488477369246
 1080768 512 3442.049 3442.049 3442.049 321.52547276346155 321.52547276346155 321.52547276346155 80.38136819086539 80.38136819086539 80.38136819086539
 1188800 512 3796.816 3796.816 3796.816 320.6189607292005 320.6189607292005 320.6189607292005 80.15474018230013 80.15474018230013 80.15474018230013
 1307648 512 4226.208 4226.208 4226.208 316.8399548720745 316.8399548720745 316.8399548720745 79.20998871801862 79.20998871801862 79.20998871801862
 1438400 512 4650.116 4650.116 4650.116 316.749431627082 316.749431627082 316.749431627082 79.1873579067705 79.1873579067705 79.1873579067705
 1582208 512 5106.211 5106.211 5106.211 317.2961305359297 317.2961305359297 317.2961305359297 79.32403263398243 79.32403263398243 79.32403263398243
 1740416 512 6070.137 6070.137 6070.137 293.5989721484046 293.5989721484046 293.5989721484046 73.39974303710115 73.39974303710115 73.39974303710115
 1914432 512 6772.041 6772.041 6772.041 289.4811723673852 289.4811723673852 289.4811723673852 72.3702930918463 72.3702930918463 72.3702930918463
 2105856 256 3833.055 3833.055 3833.055 281.28953850127385 281.28953850127385 281.28953850127385 70.32238462531846 70.32238462531846 70.32238462531846
 2316416 256 4692.078 4692.078 4692.078 252.76753540755286 252.76753540755286 252.76753540755286 63.191883851888214 63.191883851888214 63.191883851888214
 2548032 256 5203.962 5203.962 5203.962 250.69214264054963 250.69214264054963 250.69214264054963 62.67303566013741 62.67303566013741 62.67303566013741
 2802816 256 5880.117 5880.117 5880.117 244.04987043625152 244.04987043625152 244.04987043625152 61.01246760906288 61.01246760906288 61.01246760906288
 3083072 256 6467.104 6467.104 6467.104 244.08651291211646 244.08651291211646 244.08651291211646 61.021628228029115 61.021628228029115 61.021628228029115
 3391360 256 7128.0 7128.0 7128.0 243.59937149270482 243.59937149270482 243.59937149270482 60.899842873176205 60.899842873176205 60.899842873176205
 3730496 256 7819.176 7819.176 7819.176 244.27304769709747 244.27304769709747 244.27304769709747 61.06826192427437 61.06826192427437 61.06826192427437
 4103488 256 8601.189 8601.189 8601.189 244.26690960982253 244.26690960982253 244.26690960982253 61.06672740245563 61.06672740245563 61.06672740245563
 4513792 128 4971.027 4971.027 4971.027 232.45312326808926 232.45312326808926 232.45312326808926 58.113280817022314 58.113280817022314 58.113280817022314
 4965120 128 5207.062 5207.062 5207.062 244.10516333394915 244.10516333394915 244.10516333394915 61.02629083348729 61.02629083348729 61.02629083348729
 5461632 128 5722.046 5722.046 5722.046 244.34927506699523 244.34927506699523 244.34927506699523 61.08731876674881 61.08731876674881 61.08731876674881
 6007744 128 6300.926 6300.926 6300.926 244.08832352578017 244.08832352578017 244.08832352578017 61.02208088144504 61.02208088144504 61.02208088144504
 6608512 128 6925.821 6925.821 6925.821 244.27126718983934 244.27126718983934 244.27126718983934 61.067816797459834 61.067816797459834 61.067816797459834
 7269312 128 7626.057 7626.057 7626.057 244.02438534094358 244.02438534094358 244.02438534094358 61.006096335235895 61.006096335235895 61.006096335235895
 7996224 128 8379.936 8379.936 8379.936 244.27792097696212 244.27792097696212 244.27792097696212 61.06948024424053 61.06948024424053 61.06948024424053
 8795840 64 4615.068 4615.068 4615.068 243.95469795894664 243.95469795894664 243.95469795894664 60.98867448973666 60.98867448973666 60.98867448973666
 9675392 64 5071.878 5071.878 5071.878 244.17980400948133 244.17980400948133 244.17980400948133 61.04495100237033 61.04495100237033 61.04495100237033
 10642880 64 5590.916 5590.916 5590.916 243.66108165459826 243.66108165459826 243.66108165459826 60.915270413649566 60.915270413649566 60.915270413649566
 11707136 64 6142.139 6142.139 6142.139 243.9725652578035 243.9725652578035 243.9725652578035 60.993141314450874 60.993141314450874 60.993141314450874
 12877824 64 6974.936 6974.936 6974.936 236.3263938192408 236.3263938192408 236.3263938192408 59.0815984548102 59.0815984548102 59.0815984548102
 14165568 64 7436.037 7436.037 7436.037 243.838580146925 243.838580146925 243.838580146925 60.95964503673125 60.95964503673125 60.95964503673125
 15582080 64 8188.009 8188.009 8188.009 243.58867216682347 243.58867216682347 243.58867216682347 60.89716804170587 60.89716804170587 60.89716804170587
 17140288 32 4503.012 4503.012 4503.012 243.60992864331698 243.60992864331698 243.60992864331698 60.902482160829244 60.902482160829244 60.902482160829244
 18854272 32 4956.961 4956.961 4956.961 243.43007903431152 243.43007903431152 243.43007903431152 60.85751975857788 60.85751975857788 60.85751975857788
 20739648 32 5445.957 5445.957 5445.957 243.72896664442996 243.72896664442996 243.72896664442996 60.93224166110749 60.93224166110749 60.93224166110749
 22813568 32 5994.081 5994.081 5994.081 243.5850219574944 243.5850219574944 243.5850219574944 60.8962554893736 60.8962554893736 60.8962554893736
 25094912 32 6572.962 6572.962 6572.962 244.34560370195354 244.34560370195354 244.34560370195354 61.086400925488384 61.086400925488384 61.086400925488384
 27604352 32 7287.979 7287.979 7287.979 242.40993669163973 242.40993669163973 242.40993669163973 60.60248417290993 60.60248417290993 60.60248417290993
 30364736 32 7900.953 7900.953 7900.953 245.9631267266113 245.9631267266113 245.9631267266113 61.49078168165283 61.49078168165283 61.49078168165283
 33401152 32 8671.999 8671.999 8671.999 246.50299521482881 246.50299521482881 246.50299521482881 61.625748803707204 61.625748803707204 61.625748803707204
 36741248 16 4811.049 4811.049 4811.049 244.3791231392571 244.3791231392571 244.3791231392571 61.094780784814276 61.094780784814276 61.094780784814276
 40415360 16 5299.807 5299.807 5299.807 244.02615415995336 244.02615415995336 244.02615415995336 61.00653853998834 61.00653853998834 61.00653853998834
 44456896 16 5795.956 5795.956 5795.956 245.45056449703895 245.45056449703895 245.45056449703895 61.36264112425974 61.36264112425974 61.36264112425974
 48902528 16 6484.032 6484.032 6484.032 241.3437959590576 241.3437959590576 241.3437959590576 60.3359489897644 60.3359489897644 60.3359489897644
 53792768 16 7617.95 7617.95 7617.95 225.96217827630792 225.96217827630792 225.96217827630792 56.49054456907698 56.49054456907698 56.49054456907698
 59172032 16 9580.851 9580.851 9580.851 197.6343253850832 197.6343253850832 197.6343253850832 49.4085813462708 49.4085813462708 49.4085813462708
 65089216 16 12553.93 12553.93 12553.93 165.91257972603003 165.91257972603003 165.91257972603003 41.47814493150751 41.47814493150751 41.47814493150751
 71598080 8 9067.059 9067.059 9067.059 126.34408577246492 126.34408577246492 126.34408577246492 31.58602144311623 31.58602144311623 31.58602144311623
 78757888 8 12174.845 12174.845 12174.845 103.50244360400481 103.50244360400481 103.50244360400481 25.875610901001203 25.875610901001203 25.875610901001203
 86633664 8 13860.226 13860.226 13860.226 100.00837100347425 100.00837100347425 100.00837100347425 25.002092750868563 25.002092750868563 25.002092750868563
 95297024 8 15988.111 15988.111 15988.111 95.36788830150103 95.36788830150103 95.36788830150103 23.841972075375256 23.841972075375256 23.841972075375256
 104826688 8 17615.08 17615.08 17615.08 95.21540679917433 95.21540679917433 95.21540679917433 23.803851699793583 23.803851699793583 23.803851699793583
 115309312 8 19475.937 19475.937 19475.937 94.72966522740343 94.72966522740343 94.72966522740343 23.682416306850858 23.682416306850858 23.682416306850858
 126840192 8 21621.943 21621.943 21621.943 93.86034696326783 93.86034696326783 93.86034696326783 23.465086740816957 23.465086740816957 23.465086740816957
 139524160 4 11841.059 11841.059 11841.059 94.26464980877134 94.26464980877134 94.26464980877134 23.566162452192835 23.566162452192835 23.566162452192835
 153476544 4 12985.945 12985.945 12985.945 94.54932636785385 94.54932636785385 94.54932636785385 23.637331591963463 23.637331591963463 23.637331591963463
 168824192 4 14304.876 14304.876 14304.876 94.41490691705403 94.41490691705403 94.41490691705403 23.603726729263506 23.603726729263506 23.603726729263506
 185706560 4 15760.183 15760.183 15760.183 94.26619475167261 94.26619475167261 94.26619475167261 23.566548687918154 23.566548687918154 23.566548687918154
 204277184 4 17288.923 17288.923 17288.923 94.52396034154356 94.52396034154356 94.52396034154356 23.63099008538589 23.63099008538589 23.63099008538589
 224704896 4 18739.939 18739.939 18739.939 95.92556133720608 95.92556133720608 95.92556133720608 23.98139033430152 23.98139033430152 23.98139033430152
 247175360 4 20781.04 20781.04 20781.04 95.15418285129137 95.15418285129137 95.15418285129137 23.78854571282284 23.78854571282284 23.78854571282284
 271892864 2 11298.18 11298.18 11298.18 96.26076553922844 96.26076553922844 96.26076553922844 24.06519138480711 24.06519138480711 24.06519138480711
 299082112 2 12487.173 12487.173 12487.173 95.80458667466208 95.80458667466208 95.80458667466208 23.95114666866552 23.95114666866552 23.95114666866552
 328990272 2 13756.037 13756.037 13756.037 95.66425911765138 95.66425911765138 95.66425911765138 23.916064779412846 23.916064779412846 23.916064779412846
 361889280 2 15060.902 15060.902 15060.902 96.11357407411587 96.11357407411587 96.11357407411587 24.02839351852897 24.02839351852897 24.02839351852897
 398078208 2 16582.966 16582.966 16582.966 96.02099117853825 96.02099117853825 96.02099117853825 24.005247794634563 24.005247794634563 24.005247794634563
 437886016 2 18409.967 18409.967 18409.967 95.1410757010048 95.1410757010048 95.1410757010048 23.7852689252512 23.7852689252512 23.7852689252512
 481674560 2 20147.085 20147.085 20147.085 95.63161320856094 95.63161320856094 95.63161320856094 23.907903302140234 23.907903302140234 23.907903302140234
 529841984 2 22145.033 22145.033 22145.033 95.70398635215402 95.70398635215402 95.70398635215402 23.925996588038505 23.925996588038505 23.925996588038505
 582826176 1 12197.971 12197.971 12197.971 95.56116767288592 95.56116767288592 95.56116767288592 23.89029191822148 23.89029191822148 23.89029191822148
 641108736 1 16830.921 16830.921 16830.921 76.18225241506391 76.18225241506391 76.18225241506391 19.04556310376598 19.04556310376598 19.04556310376598
 705219584 1 14766.932 14766.932 14766.932 95.51335158853578 95.51335158853578 95.51335158853578 23.878337897133946 23.878337897133946 23.878337897133946
 775741504 1 16208.887 16208.887 16208.887 95.71804701951466 95.71804701951466 95.71804701951466 23.929511754878664 23.929511754878664 23.929511754878664
 853315648 1 17895.937 17895.937 17895.937 95.36417657259298 95.36417657259298 95.36417657259298 23.841044143148245 23.841044143148245 23.841044143148245
 938647168 1 19577.98 19577.98 19577.98 95.88805055475592 95.88805055475592 95.88805055475592 23.97201263868898 23.97201263868898 23.97201263868898
 1032511872 1 21553.993 21553.993 21553.993 95.80701561886933 95.80701561886933 95.80701561886933 23.951753904717332 23.951753904717332 23.951753904717332
 
META_DATA
 MPI startup(): shm:tmi fabric is unknown or has been removed from the product, please use ofi or shm:ofi instead
 FLOPS          4
 MPI_PROCS      2
 OPENMP_THREADS 4
 ERT_VERSION  1.1.0
 HOSTNAME  ('shas0420.rc.int.colorado.edu', [], ['10.225.6.135'])
 UNAME  uname_result(system='Linux', node='shas0420.rc.int.colorado.edu', release='3.10.0-957.27.2.el7.x86_64', version='#1 SMP Mon Jul 29 17:46:05 UTC 2019', machine='x86_64', processor='x86_64')
 TIMESTAMP_DATA  1664555142.5214868
 CONFIG  {'ERT_RESULTS': ['lab5_results'], 'ERT_DRIVER': ['driver1'], 'ERT_KERNEL': ['kernel1'], 'ERT_MPI': ['True'], 'ERT_MPI_CFLAGS': ['-I/usr/include/mpi'], 'ERT_MPI_LDFLAGS': ['-lmpi'], 'ERT_OPENMP': ['True'], 'ERT_OPENMP_CFLAGS': ['-qopenmp'], 'ERT_OPENMP_LDFLAGS': ['-qopenmp'], 'ERT_FLOPS': ['1,2,4,8,16'], 'ERT_ALIGN': ['32'], 'ERT_CC': ['mpicc'], 'ERT_CFLAGS': ['-O3', '-msse3', '-axSSE3', '-xSSE3', '-fno-alias', '-fno-fnalias', '-DERT_INTEL', '-std=c++11'], 'ERT_LD': ['mpicc'], 'ERT_LDFLAGS': [], 'ERT_LDLIBS': [], 'ERT_PRECISION': ['FP64'], 'ERT_RUN': ['export', 'OMP_NUM_THREADS=ERT_OPENMP_THREADS;', 'mpirun', '-np', 'ERT_MPI_PROCS', 'ERT_CODE'], 'ERT_PROCS_THREADS': ['1-24'], 'ERT_MPI_PROCS': ['1,2,4,8,12,24'], 'ERT_OPENMP_THREADS': ['1,2,4,8,12,24'], 'ERT_NUM_EXPERIMENTS': ['1'], 'ERT_MEMORY_MAX': ['1073741824'], 'ERT_WORKING_SET_MIN': ['1'], 'ERT_TRIALS_MIN': ['1'], 'ERT_GNUPLOT': ['gnuplot'], 'ERT_GPU': [False], 'ERT_HIP': [False], 'ERT_OCL': [False], 'ERT_SYCL': [False], 'ERT_WSS_MULT': [1.1]}
 