fp64
 16 67108864 184291.124 184291.124 184291.124 11.652669978831971 11.652669978831971 11.652669978831971 1.4565837473539964 1.4565837473539964 1.4565837473539964
 32 33554432 103834.152 103834.152 103834.152 20.681862437707395 20.681862437707395 20.681862437707395 2.5852328047134243 2.5852328047134243 2.5852328047134243
 48 16777216 50722.837 50722.837 50722.837 31.753206864198074 31.753206864198074 31.753206864198074 3.969150858024759 3.969150858024759 3.969150858024759
 64 16777216 69995.165 69995.165 69995.165 30.680456971563682 30.680456971563682 30.680456971563682 3.8350571214454603 3.8350571214454603 3.8350571214454603
 80 8388608 26905.06 26905.06 26905.06 49.88568247013759 49.88568247013759 49.88568247013759 6.235710308767199 6.235710308767199 6.235710308767199
 96 8388608 41900.158 41900.158 41900.158 38.43929982316534 38.43929982316534 38.43929982316534 4.804912477895668 4.804912477895668 4.804912477895668
 112 8388608 30714.035 30714.035 30714.035 61.17881261774951 61.17881261774951 61.17881261774951 7.647351577218688 7.647351577218688 7.647351577218688
 128 8388608 46071.053 46071.053 46071.053 46.61242815526704 46.61242815526704 46.61242815526704 5.82655351940838 5.82655351940838 5.82655351940838
 144 4194304 23392.916 23392.916 23392.916 51.63783565930814 51.63783565930814 51.63783565930814 6.454729457413517 6.454729457413517 6.454729457413517
 160 4194304 25752.783 25752.783 25752.783 52.11775674885313 52.11775674885313 52.11775674885313 6.5147195936066415 6.5147195936066415 6.5147195936066415
 176 4194304 27312.04 27312.04 27312.04 54.05656289314163 54.05656289314163 54.05656289314163 6.757070361642704 6.757070361642704 6.757070361642704
 192 4194304 29978.991 29978.991 29978.991 53.72471461764673 53.72471461764673 53.72471461764673 6.715589327205842 6.715589327205842 6.715589327205842
 208 4194304 30924.797 30924.797 30924.797 56.42172732774932 56.42172732774932 56.42172732774932 7.052715915968665 7.052715915968665 7.052715915968665
 224 4194304 33497.095 33497.095 33497.095 56.09585523759597 56.09585523759597 56.09585523759597 7.011981904699496 7.011981904699496 7.011981904699496
 240 4194304 34663.916 34663.916 34663.916 58.07958685337225 58.07958685337225 58.07958685337225 7.259948356671531 7.259948356671531 7.259948356671531
 256 4194304 15962.124 15962.124 15962.124 134.53620884037738 134.53620884037738 134.53620884037738 16.817026105047173 16.817026105047173 16.817026105047173
 272 2097152 10262.012 10262.012 10262.012 111.17222314688385 111.17222314688385 111.17222314688385 13.896527893360481 13.896527893360481 13.896527893360481
 288 2097152 10271.072 10271.072 10271.072 117.60793342700741 117.60793342700741 117.60793342700741 14.700991678375926 14.700991678375926 14.700991678375926
 304 2097152 11490.107 11490.107 11490.107 110.97097842517917 110.97097842517917 110.97097842517917 13.871372303147396 13.871372303147396 13.871372303147396
 320 2097152 12570.858 12570.858 12570.858 106.76894767246596 106.76894767246596 106.76894767246596 13.346118459058244 13.346118459058244 13.346118459058244
 352 2097152 14276.028 14276.028 14276.028 103.41777194609033 103.41777194609033 103.41777194609033 12.92722149326129 12.92722149326129 12.92722149326129
 384 2097152 16094.923 16094.923 16094.923 100.06961425040679 100.06961425040679 100.06961425040679 12.508701781300848 12.508701781300848 12.508701781300848
 416 2097152 18092.155 18092.155 18092.155 96.44127324799065 96.44127324799065 96.44127324799065 12.055159155998831 12.055159155998831 12.055159155998831
 448 2097152 20035.982 20035.982 20035.982 93.7836833752396 93.7836833752396 93.7836833752396 11.72296042190495 11.72296042190495 11.72296042190495
 480 2097152 22018.909 22018.909 22018.909 91.43350017932313 91.43350017932313 91.43350017932313 11.429187522415392 11.429187522415392 11.429187522415392
 528 1048576 8416.891 8416.891 8416.891 131.55644477277892 131.55644477277892 131.55644477277892 16.444555596597365 16.444555596597365 16.444555596597365
 576 1048576 9426.117 9426.117 9426.117 128.1502820302358 128.1502820302358 128.1502820302358 16.018785253779473 16.018785253779473 16.018785253779473
 624 1048576 10780.096 10780.096 10780.096 121.39250411128064 121.39250411128064 121.39250411128064 15.17406301391008 15.17406301391008 15.17406301391008
 672 1048576 11938.81 11938.81 11938.81 118.04243002443292 118.04243002443292 118.04243002443292 14.755303753054115 14.755303753054115 14.755303753054115
 736 1048576 13808.012 13808.012 13808.012 111.78320760439662 111.78320760439662 111.78320760439662 13.972900950549578 13.972900950549578 13.972900950549578
 800 1048576 12601.137 12601.137 12601.137 133.14049359196713 133.14049359196713 133.14049359196713 16.64256169899589 16.64256169899589 16.64256169899589
 880 1048576 14348.03 14348.03 14348.03 128.6234946539699 128.6234946539699 128.6234946539699 16.07793683174624 16.07793683174624 16.07793683174624
 960 1048576 15861.988 15861.988 15861.988 126.92393412477678 126.92393412477678 126.92393412477678 15.865491765597097 15.865491765597097 15.865491765597097
 1056 524288 8352.041 8352.041 8352.041 132.57792388710735 132.57792388710735 132.57792388710735 16.57224048588842 16.57224048588842 16.57224048588842
 1152 524288 9277.105 9277.105 9277.105 130.2086752278863 130.2086752278863 130.2086752278863 16.276084403485786 16.276084403485786 16.276084403485786
 1264 524288 10481.119 10481.119 10481.119 126.45596944372066 126.45596944372066 126.45596944372066 15.806996180465083 15.806996180465083 15.806996180465083
 1376 524288 10878.086 10878.086 10878.086 132.6373569762181 132.6373569762181 132.6373569762181 16.57966962202726 16.57966962202726 16.57966962202726
 1504 524288 11963.129 11963.129 11963.129 131.82657346585495 131.82657346585495 131.82657346585495 16.47832168323187 16.47832168323187 16.47832168323187
 1648 524288 13021.946 13021.946 13021.946 132.70314959069864 132.70314959069864 132.70314959069864 16.58789369883733 16.58789369883733 16.58789369883733
 1808 524288 14076.948 14076.948 14076.948 134.6758834372337 134.6758834372337 134.6758834372337 16.83448542965421 16.83448542965421 16.83448542965421
 1984 524288 15529.871 15529.871 15529.871 133.95956630934026 133.95956630934026 133.95956630934026 16.744945788667533 16.744945788667533 16.744945788667533
 2176 262144 8526.802 8526.802 8526.802 133.79584608625836 133.79584608625836 133.79584608625836 16.724480760782296 16.724480760782296 16.724480760782296
 2384 262144 9496.927 9496.927 9496.927 131.61126667605214 131.61126667605214 131.61126667605214 16.451408334506517 16.451408334506517 16.451408334506517
 2608 262144 10199.07 10199.07 10199.07 134.06546910649698 134.06546910649698 134.06546910649698 16.758183638312122 16.758183638312122 16.758183638312122
 2864 262144 11019.945 11019.945 11019.945 136.25846880361019 136.25846880361019 136.25846880361019 17.032308600451273 17.032308600451273 17.032308600451273
 3136 262144 11960.983 11960.983 11960.983 137.46087324093682 137.46087324093682 137.46087324093682 17.182609155117103 17.182609155117103 17.182609155117103
 3440 262144 13204.098 13204.098 13204.098 136.59022524673782 136.59022524673782 136.59022524673782 17.073778155842227 17.073778155842227 17.073778155842227
 3776 262144 14701.128 14701.128 14701.128 134.6639174898688 134.6639174898688 134.6639174898688 16.8329896862336 16.8329896862336 16.8329896862336
 4144 131072 7938.862 7938.862 7938.862 136.83632943865254 136.83632943865254 136.83632943865254 17.104541179831568 17.104541179831568 17.104541179831568
 4544 131072 8689.88 8689.88 8689.88 137.07696032626458 137.07696032626458 137.07696032626458 17.134620040783073 17.134620040783073 17.134620040783073
 4992 131072 9505.033 9505.033 9505.033 137.67683373640048 137.67683373640048 137.67683373640048 17.20960421705006 17.20960421705006 17.20960421705006
 5488 131072 10454.178 10454.178 10454.178 137.61448025851482 137.61448025851482 137.61448025851482 17.201810032314352 17.201810032314352 17.201810032314352
 6032 131072 11472.94 11472.94 11472.94 137.8245339032541 137.8245339032541 137.8245339032541 17.22806673790676 17.22806673790676 17.22806673790676
 6624 131072 12598.038 12598.038 12598.038 137.83430848517838 137.83430848517838 137.83430848517838 17.229288560647298 17.229288560647298 17.229288560647298
 7280 131072 13824.94 13824.94 13824.94 138.04098390300427 138.04098390300427 138.04098390300427 17.255122987875534 17.255122987875534 17.255122987875534
 8000 131072 15183.926 15183.926 15183.926 138.1165846040082 138.1165846040082 138.1165846040082 17.264573075501026 17.264573075501026 17.264573075501026
 8800 65536 8707.047 8707.047 8707.047 132.47127298152864 132.47127298152864 132.47127298152864 16.55890912269108 16.55890912269108 16.55890912269108
 9680 65536 9619.951 9619.951 9619.951 131.8901686713373 131.8901686713373 131.8901686713373 16.486271083917163 16.486271083917163 16.486271083917163
 10640 65536 10466.099 10466.099 10466.099 133.24984600279436 133.24984600279436 133.24984600279436 16.656230750349295 16.656230750349295 16.656230750349295
 11696 65536 11478.901 11478.901 11478.901 133.55094812648005 133.55094812648005 133.55094812648005 16.693868515810006 16.693868515810006 16.693868515810006
 12864 65536 12512.922 12512.922 12512.922 134.74951797829476 134.74951797829476 134.74951797829476 16.843689747286845 16.843689747286845 16.843689747286845
 14144 65536 13695.002 13695.002 13695.002 135.3692659555654 135.3692659555654 135.3692659555654 16.921158244445675 16.921158244445675 16.921158244445675
 15552 65536 15182.972 15182.972 15182.972 134.25775559620342 134.25775559620342 134.25775559620342 16.782219449525428 16.782219449525428 16.782219449525428
 17104 32768 8340.12 8340.12 8340.12 134.4018723951214 134.4018723951214 134.4018723951214 16.800234049390173 16.800234049390173 16.800234049390173
 18800 32768 9094.954 9094.954 9094.954 135.46817279119827 135.46817279119827 135.46817279119827 16.933521598899784 16.933521598899784 16.933521598899784
 20672 32768 10129.929 10129.929 10129.929 133.73836993329374 133.73836993329374 133.73836993329374 16.717296241661717 16.717296241661717 16.717296241661717
 22736 32768 11188.984 11188.984 11188.984 133.16906128384846 133.16906128384846 133.16906128384846 16.646132660481058 16.646132660481058 16.646132660481058
 25008 32768 12100.935 12100.935 12100.935 135.4378226145335 135.4378226145335 135.4378226145335 16.929727826816688 16.929727826816688 16.929727826816688
 27504 32768 13170.004 13170.004 13170.004 136.86420626751516 136.86420626751516 136.86420626751516 17.108025783439395 17.108025783439395 17.108025783439395
 30240 32768 14379.978 14379.978 14379.978 137.81722336431946 137.81722336431946 137.81722336431946 17.227152920539933 17.227152920539933 17.227152920539933
 33264 16384 7997.99 7997.99 7997.99 136.28358525079426 136.28358525079426 136.28358525079426 17.035448156349283 17.035448156349283 17.035448156349283
 36576 16384 8737.087 8737.087 8737.087 137.1764259643975 137.1764259643975 137.1764259643975 17.14705324554969 17.14705324554969 17.14705324554969
 40224 16384 9569.883 9569.883 9569.883 137.73000484958908 137.73000484958908 137.73000484958908 17.216250606198635 17.216250606198635 17.216250606198635
 44240 16384 10539.77 10539.77 10539.77 137.54155166573844 137.54155166573844 137.54155166573844 17.192693958217305 17.192693958217305 17.192693958217305
 48656 16384 11561.871 11561.871 11561.871 137.8980796447219 137.8980796447219 137.8980796447219 17.237259955590236 17.237259955590236 17.237259955590236
 53520 16384 12686.968 12686.968 12686.968 138.2318738409366 138.2318738409366 138.2318738409366 17.278984230117075 17.278984230117075 17.278984230117075
 58864 16384 13982.058 13982.058 13982.058 137.95219215940887 137.95219215940887 137.95219215940887 17.24402401992611 17.24402401992611 17.24402401992611
 64736 16384 15370.131 15370.131 15370.131 138.01243775996446 138.01243775996446 138.01243775996446 17.251554719995557 17.251554719995557 17.251554719995557
 71200 8192 9042.978 9042.978 9042.978 128.99962821981876 128.99962821981876 128.99962821981876 16.124953527477345 16.124953527477345 16.124953527477345
 78320 8192 10344.028 10344.028 10344.028 124.05176010737789 124.05176010737789 124.05176010737789 15.506470013422236 15.506470013422236 15.506470013422236
 86144 8192 11401.892 11401.892 11401.892 123.78500831265546 123.78500831265546 123.78500831265546 15.473126039081933 15.473126039081933 15.473126039081933
 94752 8192 12537.003 12537.003 12537.003 123.82678443963042 123.82678443963042 123.82678443963042 15.478348054953802 15.478348054953802 15.478348054953802
 104224 8192 13718.128 13718.128 13718.128 124.47806406238517 124.47806406238517 124.47806406238517 15.559758007798147 15.559758007798147 15.559758007798147
 114640 8192 15043.974 15043.974 15043.974 124.85143619631356 124.85143619631356 124.85143619631356 15.606429524539195 15.606429524539195 15.606429524539195
 126096 8192 16582.966 16582.966 16582.966 124.58307301600931 124.58307301600931 124.58307301600931 15.572884127001164 15.572884127001164 15.572884127001164
 138704 4096 9115.934 9115.934 9115.934 124.64583091540592 124.64583091540592 124.64583091540592 15.58072886442574 15.58072886442574 15.58072886442574
 152560 4096 10053.873 10053.873 10053.873 124.30747036490315 124.30747036490315 124.30747036490315 15.538433795612894 15.538433795612894 15.538433795612894
 167808 4096 11031.866 11031.866 11031.866 124.61020973242424 124.61020973242424 124.61020973242424 15.57627621655303 15.57627621655303 15.57627621655303
 184576 4096 12111.902 12111.902 12111.902 124.83973136506552 124.83973136506552 124.83973136506552 15.60496642063319 15.60496642063319 15.60496642063319
 203024 4096 13385.057 13385.057 13385.057 124.25592270544682 124.25592270544682 124.25592270544682 15.531990338180853 15.531990338180853 15.531990338180853
 223312 4096 14747.858 14747.858 14747.858 124.04322743004441 124.04322743004441 124.04322743004441 15.505403428755551 15.505403428755551 15.505403428755551
 245632 4096 16268.969 16268.969 16268.969 123.68437999974064 123.68437999974064 123.68437999974064 15.46054749996758 15.46054749996758 15.46054749996758
 270192 2048 9560.108 9560.108 9560.108 115.762963347276 115.762963347276 115.762963347276 14.4703704184095 14.4703704184095 14.4703704184095
 297200 2048 10509.014 10509.014 10509.014 115.83686157426379 115.83686157426379 115.83686157426379 14.479607696782974 14.479607696782974 14.479607696782974
 326912 2048 11431.932 11431.932 11431.932 117.13081848282512 117.13081848282512 117.13081848282512 14.64135231035314 14.64135231035314 14.64135231035314
 359600 2048 11992.931 11992.931 11992.931 122.81581541659833 122.81581541659833 122.81581541659833 15.35197692707479 15.35197692707479 15.35197692707479
 395552 2048 13246.059 13246.059 13246.059 122.31419111148458 122.31419111148458 122.31419111148458 15.289273888935572 15.289273888935572 15.289273888935572
 435104 2048 14578.819 14578.819 14578.819 122.24488032946977 122.24488032946977 122.24488032946977 15.28061004118372 15.28061004118372 15.28061004118372
 478608 2048 15923.977 15923.977 15923.977 123.10859077477942 123.10859077477942 123.10859077477942 15.388573846847427 15.388573846847427 15.388573846847427
 526464 1024 8982.897 8982.897 8982.897 120.02790102124071 120.02790102124071 120.02790102124071 15.003487627655089 15.003487627655089 15.003487627655089
 579104 1024 14379.025 14379.025 14379.025 82.48160024758285 82.48160024758285 82.48160024758285 10.310200030947856 10.310200030947856 10.310200030947856
 637008 1024 15951.872 15951.872 15951.872 81.78302734625755 81.78302734625755 81.78302734625755 10.222878418282194 10.222878418282194 10.222878418282194
 700704 1024 19037.008 19037.008 19037.008 75.38168771058982 75.38168771058982 75.38168771058982 9.422710963823727 9.422710963823727 9.422710963823727
 770768 1024 21044.016 21044.016 21044.016 75.01100854513702 75.01100854513702 75.01100854513702 9.376376068142127 9.376376068142127 9.376376068142127
 847840 1024 23076.057 23076.057 23076.057 75.24579784145965 75.24579784145965 75.24579784145965 9.405724730182456 9.405724730182456 9.405724730182456
 932624 1024 25425.911 25425.911 25425.911 75.12076762952564 75.12076762952564 75.12076762952564 9.390095953690706 9.390095953690706 9.390095953690706
 1025872 1024 27971.029 27971.029 27971.029 75.11292687873585 75.11292687873585 75.11292687873585 9.389115859841981 9.389115859841981 9.389115859841981
 1128448 512 15762.806 15762.806 15762.806 73.3074271167202 73.3074271167202 73.3074271167202 9.163428389590026 9.163428389590026 9.163428389590026
 1241280 512 16784.191 16784.191 16784.191 75.73023448076825 75.73023448076825 75.73023448076825 9.46627931009603 9.46627931009603 9.46627931009603
 1365408 512 18491.03 18491.03 18491.03 75.61384044047304 75.61384044047304 75.61384044047304 9.45173005505913 9.45173005505913 9.45173005505913
 1501936 512 20313.978 20313.978 20313.978 75.71055083351966 75.71055083351966 75.71055083351966 9.463818854189958 9.463818854189958 9.463818854189958
 1652128 512 22379.875 22379.875 22379.875 75.5937677042432 75.5937677042432 75.5937677042432 9.4492209630304 9.4492209630304 9.4492209630304
 1817328 512 24678.946 24678.946 24678.946 75.40613249852728 75.40613249852728 75.40613249852728 9.42576656231591 9.42576656231591 9.42576656231591
 1999056 512 27265.072 27265.072 27265.072 75.07896344451244 75.07896344451244 75.07896344451244 9.384870430564055 9.384870430564055 9.384870430564055
 2198960 256 15008.926 15008.926 15008.926 75.01319681368274 75.01319681368274 75.01319681368274 9.376649601710342 9.376649601710342 9.376649601710342
 2418848 256 16433.001 16433.001 16433.001 75.3636037629402 75.3636037629402 75.3636037629402 9.420450470367525 9.420450470367525 9.420450470367525
 2660720 256 18081.903 18081.903 18081.903 75.33989315173298 75.33989315173298 75.33989315173298 9.417486643966622 9.417486643966622 9.417486643966622
 2926784 256 19900.799 19900.799 19900.799 75.29915798858126 75.29915798858126 75.29915798858126 9.412394748572657 9.412394748572657 9.412394748572657
 3219456 256 22960.901 22960.901 22960.901 71.78992984639409 71.78992984639409 71.78992984639409 8.973741230799261 8.973741230799261 8.973741230799261
 3541392 256 24612.904 24612.904 24612.904 73.66837753074567 73.66837753074567 73.66837753074567 9.208547191343209 9.208547191343209 9.208547191343209
 3895520 256 27023.077 27023.077 27023.077 73.8075179225519 73.8075179225519 73.8075179225519 9.225939740318987 9.225939740318987 9.225939740318987
 4285072 128 15027.046 15027.046 15027.046 73.00027111116849 73.00027111116849 73.00027111116849 9.125033888896061 9.125033888896061 9.125033888896061
 4713568 128 16104.937 16104.937 16104.937 74.92568322372202 74.92568322372202 74.92568322372202 9.365710402965252 9.365710402965252 9.365710402965252
 5184912 128 17681.837 17681.837 17681.837 75.06784911545107 75.06784911545107 75.06784911545107 9.383481139431384 9.383481139431384 9.383481139431384
 5703392 128 19454.956 19454.956 19454.956 75.04865865540894 75.04865865540894 75.04865865540894 9.381082331926118 9.381082331926118 9.381082331926118
 6273728 128 21353.006 21353.006 21353.006 75.21537567122867 75.21537567122867 75.21537567122867 9.401921958903584 9.401921958903584 9.401921958903584
 6901088 128 23594.141 23594.141 23594.141 74.87784903887791 74.87784903887791 74.87784903887791 9.359731129859739 9.359731129859739 9.359731129859739
 7591184 128 26039.839 26039.839 26039.839 74.62961287894292 74.62961287894292 74.62961287894292 9.328701609867865 9.328701609867865 9.328701609867865
 8350288 128 28477.907 28477.907 28477.907 75.06428502628371 75.06428502628371 75.06428502628371 9.383035628285464 9.383035628285464 9.383035628285464
 9185312 64 15625.954 15625.954 15625.954 75.24148196007744 75.24148196007744 75.24148196007744 9.40518524500968 9.40518524500968 9.40518524500968
 10103840 64 17277.002 17277.002 17277.002 74.85624647146535 74.85624647146535 74.85624647146535 9.35703080893317 9.35703080893317 9.35703080893317
 11114224 64 18992.901 18992.901 18992.901 74.90275824635741 74.90275824635741 74.90275824635741 9.362844780794676 9.362844780794676 9.362844780794676
 12225632 64 20829.916 20829.916 20829.916 75.12660617546418 75.12660617546418 75.12660617546418 9.390825771933022 9.390825771933022 9.390825771933022
 13448192 64 23536.921 23536.921 23536.921 73.13482404941581 73.13482404941581 73.13482404941581 9.141853006176976 9.141853006176976 9.141853006176976
 14793008 64 25211.811 25211.811 25211.811 75.10388777704227 75.10388777704227 75.10388777704227 9.387985972130284 9.387985972130284 9.387985972130284
 16272304 64 27800.083 27800.083 27800.083 74.92261487132971 74.92261487132971 74.92261487132971 9.365326858916214 9.365326858916214 9.365326858916214
 17899520 32 15604.019 15604.019 15604.019 73.41501442673197 73.41501442673197 73.41501442673197 9.176876803341496 9.176876803341496 9.176876803341496
 19689472 32 17219.067 17219.067 17219.067 73.1820259483281 73.1820259483281 73.1820259483281 9.147753243541013 9.147753243541013 9.147753243541013
 21658416 32 18504.143 18504.143 18504.143 74.90963639872433 74.90963639872433 74.90963639872433 9.363704549840541 9.363704549840541 9.363704549840541
 23824256 32 20423.174 20423.174 20423.174 74.65795394976314 74.65795394976314 74.65795394976314 9.332244243720393 9.332244243720393 9.332244243720393
 26206672 32 22506.952 22506.952 22506.952 74.52039743098044 74.52039743098044 74.52039743098044 9.315049678872555 9.315049678872555 9.315049678872555
 28827328 32 24770.975 24770.975 24770.975 74.48027346521484 74.48027346521484 74.48027346521484 9.310034183151854 9.310034183151854 9.310034183151854
 31710048 32 27302.027 27302.027 27302.027 74.33305490467795 74.33305490467795 74.33305490467795 9.291631863084744 9.291631863084744 9.291631863084744
 34881040 16 15099.049 15099.049 15099.049 73.92474055816362 73.92474055816362 73.92474055816362 9.240592569770453 9.240592569770453 9.240592569770453
 38369136 16 16418.219 16418.219 16418.219 74.7835287128281 74.7835287128281 74.7835287128281 9.347941089103513 9.347941089103513 9.347941089103513
 42206048 16 18167.973 18167.973 18167.973 74.33925270584672 74.33925270584672 74.33925270584672 9.29240658823084 9.29240658823084 9.29240658823084
 46426640 16 20265.102 20265.102 20265.102 73.31088094202535 73.31088094202535 73.31088094202535 9.163860117753169 9.163860117753169 9.163860117753169
 51069296 16 23092.031 23092.031 23092.031 70.76975914331659 70.76975914331659 70.76975914331659 8.846219892914574 8.846219892914574 8.846219892914574
 56176224 16 30245.066 30245.066 30245.066 59.435782616576205 59.435782616576205 59.435782616576205 7.429472827072026 7.429472827072026 7.429472827072026
 61793840 16 39593.935 39593.935 39593.935 49.942065116791255 49.942065116791255 49.942065116791255 6.242758139598907 6.242758139598907 6.242758139598907
 67973216 8 25249.004 25249.004 25249.004 43.07383594220192 43.07383594220192 43.07383594220192 5.38422949277524 5.38422949277524 5.38422949277524
 74770528 8 31895.161 31895.161 31895.161 37.50814890070629 37.50814890070629 37.50814890070629 4.688518612588286 4.688518612588286 4.688518612588286
 82247568 8 36566.973 36566.973 36566.973 35.98769545403717 35.98769545403717 35.98769545403717 4.498461931754647 4.498461931754647 4.498461931754647
 90472320 8 41106.939 41106.939 41106.939 35.21442255770978 35.21442255770978 35.21442255770978 4.401802819713723 4.401802819713723 4.401802819713723
 99519552 8 45737.982 45737.982 45737.982 34.81379725060891 34.81379725060891 34.81379725060891 4.351724656326113 4.351724656326113 4.351724656326113
 109471504 8 50693.989 50693.989 50693.989 34.551316606787445 34.551316606787445 34.551316606787445 4.318914575848431 4.318914575848431 4.318914575848431
 120418640 8 56129.932 56129.932 56129.932 34.325682774744855 34.325682774744855 34.325682774744855 4.290710346843107 4.290710346843107 4.290710346843107
 132460496 8 61775.923 61775.923 61775.923 34.30734553330753 34.30734553330753 34.30734553330753 4.288418191663442 4.288418191663442 4.288418191663442
 145706544 4 33982.038 33982.038 33982.038 34.30201425823842 34.30201425823842 34.30201425823842 4.287751782279803 4.287751782279803 4.287751782279803
 160277184 4 37129.164 37129.164 37129.164 34.53397097763903 34.53397097763903 34.53397097763903 4.316746372204879 4.316746372204879 4.316746372204879
 176304896 4 40417.91 40417.91 40417.91 34.896390436813775 34.896390436813775 34.896390436813775 4.362048804601722 4.362048804601722 4.362048804601722
 193935376 4 44543.028 44543.028 44543.028 34.831107754955504 34.831107754955504 34.831107754955504 4.353888469369438 4.353888469369438 4.353888469369438
 213328912 4 49221.992 49221.992 49221.992 34.672129807343026 34.672129807343026 34.672129807343026 4.334016225917878 4.334016225917878 4.334016225917878
 234661792 4 54112.911 54112.911 54112.911 34.69217052470158 34.69217052470158 34.69217052470158 4.336521315587698 4.336521315587698 4.336521315587698
 258127968 4 59563.875 59563.875 59563.875 34.66906315279185 34.66906315279185 34.66906315279185 4.333632894098981 4.333632894098981 4.333632894098981
 283940752 2 32700.062 32700.062 32700.062 34.73274784616616 34.73274784616616 34.73274784616616 4.34159348077077 4.34159348077077 4.34159348077077
 312334816 2 35828.114 35828.114 35828.114 34.870360856839966 34.870360856839966 34.870360856839966 4.358795107104996 4.358795107104996 4.358795107104996
 343568288 2 39728.88 39728.88 39728.88 34.59128855381778 34.59128855381778 34.59128855381778 4.323911069227223 4.323911069227223 4.323911069227223
 377925104 2 43671.846 43671.846 43671.846 34.6149877887003 34.6149877887003 34.6149877887003 4.326873473587537 4.326873473587537 4.326873473587537
 415717600 2 47996.044 47996.044 47996.044 34.64598874023868 34.64598874023868 34.64598874023868 4.330748592529835 4.330748592529835 4.330748592529835
 457289360 2 52728.891 52728.891 52728.891 34.68985228610251 34.68985228610251 34.68985228610251 4.336231535762813 4.336231535762813 4.336231535762813
 503018288 2 58097.124 58097.124 58097.124 34.63292179488954 34.63292179488954 34.63292179488954 4.329115224361193 4.329115224361193 4.329115224361193
 553320112 1 31945.944 31945.944 31945.944 34.64102435038389 34.64102435038389 34.64102435038389 4.330128043797986 4.330128043797986 4.330128043797986
 608652112 1 34837.961 34837.961 34837.961 34.941890657722475 34.941890657722475 34.941890657722475 4.367736332215309 4.367736332215309 4.367736332215309
 669517312 1 38520.098 38520.098 38520.098 34.76197345084636 34.76197345084636 34.76197345084636 4.345246681355795 4.345246681355795 4.345246681355795
 736469040 1 42412.996 42412.996 42412.996 34.72846105943565 34.72846105943565 34.72846105943565 4.3410576324294565 4.3410576324294565 4.3410576324294565
 810115936 1 54533.005 54533.005 54533.005 29.711032282193145 29.711032282193145 29.711032282193145 3.713879035274143 3.713879035274143 3.713879035274143
 891127520 1 51664.114 51664.114 51664.114 34.49696321125336 34.49696321125336 34.49696321125336 4.31212040140667 4.31212040140667 4.31212040140667
 980240272 1 56958.914 56958.914 56958.914 34.419205113355915 34.419205113355915 34.419205113355915 4.302400639169489 4.302400639169489 4.302400639169489
 
META_DATA
 MPI startup(): shm:tmi fabric is unknown or has been removed from the product, please use ofi or shm:ofi instead
 FLOPS          2
 MPI_PROCS      1
 OPENMP_THREADS 2
 ERT_VERSION  1.1.0
 HOSTNAME  ('shas0420.rc.int.colorado.edu', [], ['10.225.6.135'])
 UNAME  uname_result(system='Linux', node='shas0420.rc.int.colorado.edu', release='3.10.0-957.27.2.el7.x86_64', version='#1 SMP Mon Jul 29 17:46:05 UTC 2019', machine='x86_64', processor='x86_64')
 TIMESTAMP_DATA  1664554865.9655983
 CONFIG  {'ERT_RESULTS': ['lab5_results'], 'ERT_DRIVER': ['driver1'], 'ERT_KERNEL': ['kernel1'], 'ERT_MPI': ['True'], 'ERT_MPI_CFLAGS': ['-I/usr/include/mpi'], 'ERT_MPI_LDFLAGS': ['-lmpi'], 'ERT_OPENMP': ['True'], 'ERT_OPENMP_CFLAGS': ['-qopenmp'], 'ERT_OPENMP_LDFLAGS': ['-qopenmp'], 'ERT_FLOPS': ['1,2,4,8,16'], 'ERT_ALIGN': ['32'], 'ERT_CC': ['mpicc'], 'ERT_CFLAGS': ['-O3', '-msse3', '-axSSE3', '-xSSE3', '-fno-alias', '-fno-fnalias', '-DERT_INTEL', '-std=c++11'], 'ERT_LD': ['mpicc'], 'ERT_LDFLAGS': [], 'ERT_LDLIBS': [], 'ERT_PRECISION': ['FP64'], 'ERT_RUN': ['export', 'OMP_NUM_THREADS=ERT_OPENMP_THREADS;', 'mpirun', '-np', 'ERT_MPI_PROCS', 'ERT_CODE'], 'ERT_PROCS_THREADS': ['1-24'], 'ERT_MPI_PROCS': ['1,2,4,8,12,24'], 'ERT_OPENMP_THREADS': ['1,2,4,8,12,24'], 'ERT_NUM_EXPERIMENTS': ['1'], 'ERT_MEMORY_MAX': ['1073741824'], 'ERT_WORKING_SET_MIN': ['1'], 'ERT_TRIALS_MIN': ['1'], 'ERT_GNUPLOT': ['gnuplot'], 'ERT_GPU': [False], 'ERT_HIP': [False], 'ERT_OCL': [False], 'ERT_SYCL': [False], 'ERT_WSS_MULT': [1.1]}
 