fp64
 32 33554432 98630.905 98630.905 98630.905 21.772928556216737 21.772928556216737 21.772928556216737 1.360808034763546 1.360808034763546 1.360808034763546
 64 16777216 54826.021 54826.021 54826.021 39.169058940097074 39.169058940097074 39.169058940097074 2.448066183756067 2.448066183756067 2.448066183756067
 96 8388608 26349.068 26349.068 26349.068 61.1259850253527 61.1259850253527 61.1259850253527 3.8203740640845436 3.8203740640845436 3.8203740640845436
 128 8388608 35287.857 35287.857 35287.857 60.856164997494744 60.856164997494744 60.856164997494744 3.8035103123434215 3.8035103123434215 3.8035103123434215
 160 4194304 14264.822 14264.822 14264.822 94.090012479651 94.090012479651 94.090012479651 5.880625779978187 5.880625779978187 5.880625779978187
 192 4194304 21156.073 21156.073 21156.073 76.13004247054734 76.13004247054734 76.13004247054734 4.758127654409209 4.758127654409209 4.758127654409209
 224 4194304 16840.935 16840.935 16840.935 111.57623920524601 111.57623920524601 111.57623920524601 6.973514950327876 6.973514950327876 6.973514950327876
 256 4194304 23236.036 23236.036 23236.036 92.42039597459738 92.42039597459738 92.42039597459738 5.7762747484123365 5.7762747484123365 5.7762747484123365
 288 2097152 11018.991 11018.991 11018.991 109.62524173039073 109.62524173039073 109.62524173039073 6.85157760814942 6.85157760814942 6.85157760814942
 320 2097152 13745.07 13745.07 13745.07 97.64790430314288 97.64790430314288 97.64790430314288 6.10299401894643 6.10299401894643 6.10299401894643
 352 2097152 12260.914 12260.914 12260.914 120.41475929119149 120.41475929119149 120.41475929119149 7.525922455699468 7.525922455699468 7.525922455699468
 384 2097152 14179.945 14179.945 14179.945 113.5838493026595 113.5838493026595 113.5838493026595 7.098990581416219 7.098990581416219 7.098990581416219
 416 2097152 13572.931 13572.931 13572.931 128.55222383433616 128.55222383433616 128.55222383433616 8.03451398964601 8.03451398964601 8.03451398964601
 448 2097152 15491.962 15491.962 15491.962 121.29181520068278 121.29181520068278 121.29181520068278 7.5807384500426735 7.5807384500426735 7.5807384500426735
 480 2097152 14853.001 14853.001 14853.001 135.54607045404495 135.54607045404495 135.54607045404495 8.47162940337781 8.47162940337781 8.47162940337781
 512 2097152 8373.976 8373.976 8373.976 256.44731343868193 256.44731343868193 256.44731343868193 16.02795708991762 16.02795708991762 16.02795708991762
 544 1048576 5363.941 5363.941 5363.941 212.68889572051594 212.68889572051594 212.68889572051594 13.293055982532247 13.293055982532247 13.293055982532247
 576 1048576 5223.036 5223.036 5223.036 231.275363983706 231.275363983706 231.275363983706 14.454710248981625 14.454710248981625 14.454710248981625
 608 1048576 5895.138 5895.138 5895.138 216.29152973178915 216.29152973178915 216.29152973178915 13.518220608236822 13.518220608236822 13.518220608236822
 640 1048576 6220.102 6220.102 6220.102 215.7805900932171 215.7805900932171 215.7805900932171 13.48628688082607 13.48628688082607 13.48628688082607
 704 1048576 7002.115 7002.115 7002.115 210.8498657905504 210.8498657905504 210.8498657905504 13.1781166119094 13.1781166119094 13.1781166119094
 768 1048576 7582.903 7582.903 7582.903 212.4005458067972 212.4005458067972 212.4005458067972 13.275034112924825 13.275034112924825 13.275034112924825
 832 1048576 8281.946 8281.946 8281.946 210.67880230081192 210.67880230081192 210.67880230081192 13.167425143800745 13.167425143800745 13.167425143800745
 896 1048576 8780.956 8780.956 8780.956 213.99130026388926 213.99130026388926 213.99130026388926 13.374456266493079 13.374456266493079 13.374456266493079
 960 1048576 9428.978 9428.978 9428.978 213.5189964384263 213.5189964384263 213.5189964384263 13.344937277401645 13.344937277401645 13.344937277401645
 1056 524288 4385.948 4385.948 4385.948 252.46451987118857 252.46451987118857 252.46451987118857 15.779032491949286 15.779032491949286 15.779032491949286
 1152 524288 4811.049 4811.049 4811.049 251.0802845699555 251.0802845699555 251.0802845699555 15.692517785622218 15.692517785622218 15.692517785622218
 1248 524288 5484.104 5484.104 5484.104 238.62108523106053 238.62108523106053 238.62108523106053 14.913817826941283 14.913817826941283 14.913817826941283
 1344 524288 5789.042 5789.042 5789.042 243.44030393975373 243.44030393975373 243.44030393975373 15.215018996234608 15.215018996234608 15.215018996234608
 1472 524288 6498.098 6498.098 6498.098 237.53163956591607 237.53163956591607 237.53163956591607 14.845727472869754 14.845727472869754 14.845727472869754
 1600 524288 6839.991 6839.991 6839.991 245.28125841101252 245.28125841101252 245.28125841101252 15.330078650688282 15.330078650688282 15.330078650688282
 1760 524288 7707.834 7707.834 7707.834 239.4309166492169 239.4309166492169 239.4309166492169 14.964432290576056 14.964432290576056 14.964432290576056
 1920 524288 8538.961 8538.961 8538.961 235.77410881722025 235.77410881722025 235.77410881722025 14.735881801076266 14.735881801076266 14.735881801076266
 2112 262144 4428.148 4428.148 4428.148 250.0585472752943 250.0585472752943 250.0585472752943 15.628659204705894 15.628659204705894 15.628659204705894
 2304 262144 4932.88 4932.88 4932.88 244.8791683560111 244.8791683560111 244.8791683560111 15.304948022250693 15.304948022250693 15.304948022250693
 2528 262144 5692.005 5692.005 5692.005 232.8529338958768 232.8529338958768 232.8529338958768 14.5533083684923 14.5533083684923 14.5533083684923
 2752 262144 5810.022 5810.022 5810.022 248.33650819222373 248.33650819222373 248.33650819222373 15.521031762013983 15.521031762013983 15.521031762013983
 3008 262144 6476.164 6476.164 6476.164 243.51735132093629 243.51735132093629 243.51735132093629 15.219834457558518 15.219834457558518 15.219834457558518
 3296 262144 6976.843 6976.843 6976.843 247.6841241805212 247.6841241805212 247.6841241805212 15.480257761282575 15.480257761282575 15.480257761282575
 3616 262144 7428.885 7428.885 7428.885 255.19649422490724 255.19649422490724 255.19649422490724 15.949780889056703 15.949780889056703 15.949780889056703
 3968 262144 8355.141 8355.141 8355.141 248.9933783283849 248.9933783283849 248.9933783283849 15.562086145524056 15.562086145524056 15.562086145524056
 4352 131072 4562.855 4562.855 4562.855 250.03001147307995 250.03001147307995 250.03001147307995 15.626875717067497 15.626875717067497 15.626875717067497
 4768 131072 4947.901 4947.901 4947.901 252.61269212945044 252.61269212945044 252.61269212945044 15.788293258090652 15.788293258090652 15.788293258090652
 5216 131072 5357.981 5357.981 5357.981 255.19745292116565 255.19745292116565 255.19745292116565 15.949840807572853 15.949840807572853 15.949840807572853
 5728 131072 5900.86 5900.86 5900.86 254.46474446097687 254.46474446097687 254.46474446097687 15.904046528811055 15.904046528811055 15.904046528811055
 6272 131072 6374.836 6374.836 6374.836 257.91521036776476 257.91521036776476 257.91521036776476 16.119700647985297 16.119700647985297 16.119700647985297
 6880 131072 7029.057 7029.057 7029.057 256.58501844557526 256.58501844557526 256.58501844557526 16.036563652848454 16.036563652848454 16.036563652848454
 7552 131072 7771.969 7771.969 7771.969 254.72457339961082 254.72457339961082 254.72457339961082 15.920285837475676 15.920285837475676 15.920285837475676
 8288 65536 4208.803 4208.803 4208.803 258.10776508190094 258.10776508190094 258.10776508190094 16.13173531761881 16.13173531761881 16.13173531761881
 9088 65536 4666.09 4666.09 4666.09 255.28490363452053 255.28490363452053 255.28490363452053 15.955306477157533 15.955306477157533 15.955306477157533
 9984 65536 5059.004 5059.004 5059.004 258.67203267678775 258.67203267678775 258.67203267678775 16.167002042299234 16.167002042299234 16.167002042299234
 10976 65536 5559.206 5559.206 5559.206 258.7862856674136 258.7862856674136 258.7862856674136 16.17414285421335 16.17414285421335 16.17414285421335
 12064 65536 6111.86 6111.86 6111.86 258.71872196025436 258.71872196025436 258.71872196025436 16.169920122515897 16.169920122515897 16.169920122515897
 13248 65536 6758.213 6758.213 6758.213 256.938018378527 256.938018378527 256.938018378527 16.058626148657936 16.058626148657936 16.058626148657936
 14560 65536 7601.976 7601.976 7601.976 251.0410872120617 251.0410872120617 251.0410872120617 15.690067950753857 15.690067950753857 15.690067950753857
 16000 65536 8074.045 8074.045 8074.045 259.7399444764055 259.7399444764055 259.7399444764055 16.233746529775345 16.233746529775345 16.233746529775345
 17600 32768 4618.168 4618.168 4618.168 249.75999140784833 249.75999140784833 249.75999140784833 15.60999946299052 15.60999946299052 15.60999946299052
 19360 32768 5079.985 5079.985 5079.985 249.7599815747488 249.7599815747488 249.7599815747488 15.6099988484218 15.6099988484218 15.6099988484218
 21280 32768 5535.126 5535.126 5535.126 251.95561582518624 251.95561582518624 251.95561582518624 15.74722598907414 15.74722598907414 15.74722598907414
 23392 32768 6066.799 6066.799 6066.799 252.6897812174097 252.6897812174097 252.6897812174097 15.793111326088106 15.793111326088106 15.793111326088106
 25728 32768 6628.99 6628.99 6628.99 254.3540129039266 254.3540129039266 254.3540129039266 15.897125806495412 15.897125806495412 15.897125806495412
 28288 32768 7312.059 7312.059 7312.059 253.53766538262343 253.53766538262343 253.53766538262343 15.846104086413964 15.846104086413964 15.846104086413964
 31104 32768 8021.116 8021.116 8021.116 254.13318346225137 254.13318346225137 254.13318346225137 15.88332396639071 15.88332396639071 15.88332396639071
 34208 16384 4385.948 4385.948 4385.948 255.57251111960286 255.57251111960286 255.57251111960286 15.973281944975179 15.973281944975179 15.973281944975179
 37600 16384 4796.982 4796.982 4796.982 256.8441574306512 256.8441574306512 256.8441574306512 16.0527598394157 16.0527598394157 16.0527598394157
 41344 16384 5300.045 5300.045 5300.045 255.6129602673185 255.6129602673185 255.6129602673185 15.975810016707406 15.975810016707406 15.975810016707406
 45472 16384 5785.942 5785.942 5785.942 257.52530806565295 257.52530806565295 257.52530806565295 16.09533175410331 16.09533175410331 16.09533175410331
 50016 16384 6350.994 6350.994 6350.994 258.0579178629361 258.0579178629361 258.0579178629361 16.128619866433507 16.128619866433507 16.128619866433507
 55008 16384 6997.108 6997.108 6997.108 257.6067346680943 257.6067346680943 257.6067346680943 16.100420916755894 16.100420916755894 16.100420916755894
 60480 16384 7637.024 7637.024 7637.024 259.5001194182446 259.5001194182446 259.5001194182446 16.218757463640287 16.218757463640287 16.218757463640287
 66528 8192 4206.896 4206.896 4206.896 259.09714716028157 259.09714716028157 259.09714716028157 16.193571697517598 16.193571697517598 16.193571697517598
 73152 8192 4618.883 4618.883 4618.883 259.4831624875538 259.4831624875538 259.4831624875538 16.21769765547211 16.21769765547211 16.21769765547211
 80448 8192 5073.071 5073.071 5073.071 259.81501776734444 259.81501776734444 259.81501776734444 16.238438610459028 16.238438610459028 16.238438610459028
 88480 8192 5658.15 5658.15 5658.15 256.20676722957154 256.20676722957154 256.20676722957154 16.01292295184822 16.01292295184822 16.01292295184822
 97312 8192 6161.928 6161.928 6161.928 258.74366075033663 258.74366075033663 258.74366075033663 16.17147879689604 16.17147879689604 16.17147879689604
 107040 8192 6726.027 6726.027 6726.027 260.7398632208881 260.7398632208881 260.7398632208881 16.296241451305505 16.296241451305505 16.296241451305505
 117728 8192 7037.163 7037.163 7037.163 274.09561949893725 274.09561949893725 274.09561949893725 17.13097621868358 17.13097621868358 17.13097621868358
 129472 8192 7685.184 7685.184 7685.184 276.02061941522805 276.02061941522805 276.02061941522805 17.251288713451753 17.251288713451753 17.251288713451753
 142400 4096 4564.047 4564.047 4564.047 255.59351163561635 255.59351163561635 255.59351163561635 15.974594477226022 15.974594477226022 15.974594477226022
 156640 4096 5154.133 5154.133 5154.133 248.96425451186454 248.96425451186454 248.96425451186454 15.560265906991534 15.560265906991534 15.560265906991534
 172288 4096 5752.087 5752.087 5752.087 245.36890627697386 245.36890627697386 245.36890627697386 15.335556642310866 15.335556642310866 15.335556642310866
 189504 4096 6310.94 6310.94 6310.94 245.9881995392129 245.9881995392129 245.9881995392129 15.374262471200806 15.374262471200806 15.374262471200806
 208448 4096 6881.952 6881.952 6881.952 248.128149687763 248.128149687763 248.128149687763 15.508009355485187 15.508009355485187 15.508009355485187
 229280 4096 7605.076 7605.076 7605.076 246.97475212608 246.97475212608 246.97475212608 15.43592200788 15.43592200788 15.43592200788
 252192 4096 8359.194 8359.194 8359.194 247.14785468551153 247.14785468551153 247.14785468551153 15.44674091784447 15.44674091784447 15.44674091784447
 277408 2048 4621.029 4621.029 4621.029 245.8896423285809 245.8896423285809 245.8896423285809 15.368102645536306 15.368102645536306 15.368102645536306
 305120 2048 5058.05 5058.05 5058.05 247.08563972281803 247.08563972281803 247.08563972281803 15.442852482676127 15.442852482676127 15.442852482676127
 335616 2048 5580.902 5580.902 5580.902 246.3191677617704 246.3191677617704 246.3191677617704 15.39494798511065 15.39494798511065 15.39494798511065
 369152 2048 6239.891 6239.891 6239.891 242.31939179706825 242.31939179706825 242.31939179706825 15.144961987316766 15.144961987316766 15.144961987316766
 406048 2048 6753.922 6753.922 6753.922 246.2528598938513 246.2528598938513 246.2528598938513 15.390803743365707 15.390803743365707 15.390803743365707
 446624 2048 7396.936 7396.936 7396.936 247.31482116379 247.31482116379 247.31482116379 15.457176322736874 15.457176322736874 15.457176322736874
 491264 2048 8214.951 8214.951 8214.951 244.9457512284614 244.9457512284614 244.9457512284614 15.309109451778838 15.309109451778838 15.309109451778838
 540384 1024 4525.9 4525.9 4525.9 244.52737179345547 244.52737179345547 244.52737179345547 15.282960737090967 15.282960737090967 15.282960737090967
 594400 1024 5022.049 5022.049 5022.049 242.39731631451627 242.39731631451627 242.39731631451627 15.149832269657267 15.149832269657267 15.149832269657267
 653824 1024 5539.894 5539.894 5539.894 241.707070929516 241.707070929516 241.707070929516 15.10669193309475 15.10669193309475 15.10669193309475
 719200 1024 6003.857 6003.857 6003.857 245.32922752823728 245.32922752823728 245.32922752823728 15.33307672051483 15.33307672051483 15.33307672051483
 791104 1024 6690.025 6690.025 6690.025 242.1786154760259 242.1786154760259 242.1786154760259 15.136163467251619 15.136163467251619 15.136163467251619
 870208 1024 7550.955 7550.955 7550.955 236.02126936261706 236.02126936261706 236.02126936261706 14.751329335163566 14.751329335163566 14.751329335163566
 957216 1024 9456.873 9456.873 9456.873 207.29667914542154 207.29667914542154 207.29667914542154 12.956042446588846 12.956042446588846 12.956042446588846
 1052928 512 5695.82 5695.82 5695.82 189.29640894550744 189.29640894550744 189.29640894550744 11.831025559094215 11.831025559094215 11.831025559094215
 1158208 512 7254.839 7254.839 7254.839 163.47778248421503 163.47778248421503 163.47778248421503 10.21736140526344 10.21736140526344 10.21736140526344
 1274016 512 8057.117 8057.117 8057.117 161.91801409859133 161.91801409859133 161.91801409859133 10.119875881161958 10.119875881161958 10.119875881161958
 1401408 512 9517.908 9517.908 9517.908 150.77281604318932 150.77281604318932 150.77281604318932 9.423301002699333 9.423301002699333 9.423301002699333
 1541536 512 10446.787 10446.787 10446.787 151.1022349742557 151.1022349742557 151.1022349742557 9.443889685890982 9.443889685890982 9.443889685890982
 1695680 512 11615.992 11615.992 11615.992 149.48153545560294 149.48153545560294 149.48153545560294 9.342595965975184 9.342595965975184 9.342595965975184
 1865248 512 12727.022 12727.022 12727.022 150.07548128698133 150.07548128698133 150.07548128698133 9.379717580436333 9.379717580436333 9.379717580436333
 2051744 512 14017.105 14017.105 14017.105 149.88728813831386 149.88728813831386 149.88728813831386 9.367955508644616 9.367955508644616 9.367955508644616
 2256896 256 7887.125 7887.125 7887.125 146.50848718639554 146.50848718639554 146.50848718639554 9.156780449149721 9.156780449149721 9.156780449149721
 2482560 256 8465.052 8465.052 8465.052 150.15509887003648 150.15509887003648 150.15509887003648 9.38469367937728 9.38469367937728 9.38469367937728
 2730816 256 9288.073 9288.073 9288.073 150.53475484096646 150.53475484096646 150.53475484096646 9.408422177560404 9.408422177560404 9.408422177560404
 3003872 256 10237.932 10237.932 10237.932 150.22393819376802 150.22393819376802 150.22393819376802 9.388996137110501 9.388996137110501 9.388996137110501
 3304256 256 11249.065 11249.065 11249.065 150.39286127335916 150.39286127335916 150.39286127335916 9.399553829584947 9.399553829584947 9.399553829584947
 3634656 256 12387.991 12387.991 12387.991 150.22160348679623 150.22160348679623 150.22160348679623 9.388850217924764 9.388850217924764 9.388850217924764
 3998112 256 13597.965 13597.965 13597.965 150.53968325407516 150.53968325407516 150.53968325407516 9.408730203379697 9.408730203379697 9.408730203379697
 4397920 128 7470.131 7470.131 7470.131 150.71590043066178 150.71590043066178 150.71590043066178 9.419743776916361 9.419743776916361 9.419743776916361
 4837696 128 8238.077 8238.077 8238.077 150.33243510591123 150.33243510591123 150.33243510591123 9.395777194119452 9.395777194119452 9.395777194119452
 5321440 128 9077.072 9077.072 9077.072 150.0801844471433 150.0801844471433 150.0801844471433 9.380011527946456 9.380011527946456 9.380011527946456
 5853568 128 9979.963 9979.963 9979.963 150.1522007646722 150.1522007646722 150.1522007646722 9.384512547792012 9.384512547792012 9.384512547792012
 6438912 128 11178.97 11178.97 11178.97 147.45199888719623 147.45199888719623 147.45199888719623 9.215749930449764 9.215749930449764 9.215749930449764
 7082784 128 12071.133 12071.133 12071.133 150.20899065564103 150.20899065564103 150.20899065564103 9.388061915977564 9.388061915977564 9.388061915977564
 7791040 128 13327.122 13327.122 13327.122 149.65768603303852 149.65768603303852 149.65768603303852 9.353605377064907 9.353605377064907 9.353605377064907
 8570144 64 7312.059 7312.059 7312.059 150.0231920995167 150.0231920995167 150.0231920995167 9.376449506219794 9.376449506219794 9.376449506219794
 9427136 64 8126.974 8126.974 8126.974 148.47757701698072 148.47757701698072 148.47757701698072 9.279848563561295 9.279848563561295 9.279848563561295
 10369824 64 8846.998 8846.998 8846.998 150.03252764384033 150.03252764384033 150.03252764384033 9.37703297774002 9.37703297774002 9.37703297774002
 11406784 64 9735.107 9735.107 9735.107 149.97969226224222 149.97969226224222 149.97969226224222 9.373730766390139 9.373730766390139 9.373730766390139
 12547456 64 10746.002 10746.002 10746.002 149.45785120829123 149.45785120829123 149.45785120829123 9.341115700518202 9.341115700518202 9.341115700518202
 13802176 64 11802.912 11802.912 11802.912 149.681580952226 149.681580952226 149.681580952226 9.355098809514125 9.355098809514125 9.355098809514125
 15182368 64 13096.094 13096.094 13096.094 148.39104728478583 148.39104728478583 148.39104728478583 9.274440455299114 9.274440455299114 9.274440455299114
 16700576 64 14362.812 14362.812 14362.812 148.8339280636689 148.8339280636689 148.8339280636689 9.302120503979307 9.302120503979307 9.302120503979307
 18370624 32 7971.048 7971.048 7971.048 147.49879012144953 147.49879012144953 147.49879012144953 9.218674382590596 9.218674382590596 9.218674382590596
 20207680 32 8763.075 8763.075 8763.075 147.5842121629679 147.5842121629679 147.5842121629679 9.224013260185494 9.224013260185494 9.224013260185494
 22228448 32 9638.071 9638.071 9638.071 147.60429467680825 147.60429467680825 147.60429467680825 9.225268417300516 9.225268417300516 9.225268417300516
 24451264 32 10579.824 10579.824 10579.824 147.9118079847075 147.9118079847075 147.9118079847075 9.24448799904422 9.24448799904422 9.24448799904422
 26896384 32 11692.047 11692.047 11692.047 147.2255949706668 147.2255949706668 147.2255949706668 9.201599685666675 9.201599685666675 9.201599685666675
 29586016 32 12897.015 12897.015 12897.015 146.81730803600678 146.81730803600678 146.81730803600678 9.176081752250424 9.176081752250424 9.176081752250424
 32544608 32 13957.024 13957.024 13957.024 149.2334549256346 149.2334549256346 149.2334549256346 9.327090932852162 9.327090932852162 9.327090932852162
 35799040 16 7740.021 7740.021 7740.021 148.00596535849192 148.00596535849192 148.00596535849192 9.250372834905745 9.250372834905745 9.250372834905745
 39378944 16 8746.147 8746.147 8746.147 144.07786743122426 144.07786743122426 144.07786743122426 9.004866714451516 9.004866714451516 9.004866714451516
 43316832 16 9617.09 9617.09 9617.09 144.13285349310445 144.13285349310445 144.13285349310445 9.008303343319028 9.008303343319028 9.008303343319028
 47648512 16 10419.846 10419.846 10419.846 146.33156612871244 146.33156612871244 146.33156612871244 9.145722883044527 9.145722883044527 9.145722883044527
 52413344 16 12043.953 12043.953 12043.953 139.25884699151516 139.25884699151516 139.25884699151516 8.703677936969697 8.703677936969697 8.703677936969697
 57654656 16 16031.981 16031.981 16031.981 115.07929007650395 115.07929007650395 115.07929007650395 7.192455629781497 7.192455629781497 7.192455629781497
 63420096 16 21322.966 21322.966 21322.966 95.17639675456032 95.17639675456032 95.17639675456032 5.94852479716002 5.94852479716002 5.94852479716002
 69762080 8 13751.984 13751.984 13751.984 81.16598157764 81.16598157764 81.16598157764 5.0728738486025 5.0728738486025 5.0728738486025
 76738272 8 16334.057 16334.057 16334.057 75.1688543758602 75.1688543758602 75.1688543758602 4.698053398491263 4.698053398491263 4.698053398491263
 84412096 8 18743.992 18743.992 18743.992 72.05474351461525 72.05474351461525 72.05474351461525 4.503421469663453 4.503421469663453 4.503421469663453
 92853280 8 21162.033 21162.033 21162.033 70.20367466585087 70.20367466585087 70.20367466585087 4.387729666615679 4.387729666615679 4.387729666615679
 102138592 8 24364.948 24364.948 24364.948 67.0724793666705 67.0724793666705 67.0724793666705 4.192029960416907 4.192029960416907 4.192029960416907
 112352448 8 26093.006 26093.006 26093.006 68.89352526113701 68.89352526113701 68.89352526113701 4.305845328821063 4.305845328821063 4.305845328821063
 123587680 8 28838.873 28838.873 28838.873 68.5672730692354 68.5672730692354 68.5672730692354 4.285454566827212 4.285454566827212 4.285454566827212
 135946432 4 15784.979 15784.979 15784.979 68.8991386051258 68.8991386051258 68.8991386051258 4.306196162820362 4.306196162820362 4.306196162820362
 149541056 4 17451.048 17451.048 17451.048 68.55338705159713 68.55338705159713 68.55338705159713 4.2845866907248205 4.2845866907248205 4.2845866907248205
 164495136 4 19233.942 19233.942 19233.942 68.41868858708214 68.41868858708214 68.41868858708214 4.276168036692634 4.276168036692634 4.276168036692634
 180944640 4 21107.197 21107.197 21107.197 68.58121047527058 68.58121047527058 68.58121047527058 4.286325654704411 4.286325654704411 4.286325654704411
 199039104 4 23225.069 23225.069 23225.069 68.56009047809502 68.56009047809502 68.56009047809502 4.285005654880939 4.285005654880939 4.285005654880939
 218943008 4 25481.939 25481.939 25481.939 68.73668695306115 68.73668695306115 68.73668695306115 4.296042934566322 4.296042934566322 4.296042934566322
 240837280 4 27990.103 27990.103 27990.103 68.83498213636442 68.83498213636442 68.83498213636442 4.302186383522776 4.302186383522776 4.302186383522776
 264920992 4 30896.902 30896.902 30896.902 68.59483633666574 68.59483633666574 68.59483633666574 4.2871772710416085 4.2871772710416085 4.2871772710416085
 291413088 2 16896.963 16896.963 16896.963 68.98590900625159 68.98590900625159 68.98590900625159 4.311619312890724 4.311619312890724 4.311619312890724
 320554368 2 18670.082 18670.082 18670.082 68.6776561559826 68.6776561559826 68.6776561559826 4.292353509748913 4.292353509748913 4.292353509748913
 352609792 2 20529.985 20529.985 20529.985 68.70142223679169 68.70142223679169 68.70142223679169 4.29383888979948 4.29383888979948 4.29383888979948
 387870752 2 22659.063 22659.063 22659.063 68.47074868011974 68.47074868011974 68.47074868011974 4.279421792507484 4.279421792507484 4.279421792507484
 426657824 2 24887.8 24887.8 24887.8 68.57300749764946 68.57300749764946 68.57300749764946 4.285812968603091 4.285812968603091 4.285812968603091
 469323584 2 27282.0 27282.0 27282.0 68.81073000513159 68.81073000513159 68.81073000513159 4.300670625320724 4.300670625320724 4.300670625320724
 516255936 2 30019.999 30019.999 30019.999 68.78826824744398 68.78826824744398 68.78826824744398 4.299266765465249 4.299266765465249 4.299266765465249
 567881504 1 16437.054 16437.054 16437.054 69.09772322947896 69.09772322947896 69.09772322947896 4.318607701842435 4.318607701842435 4.318607701842435
 624669632 1 18136.024 18136.024 18136.024 68.88716424283514 68.88716424283514 68.88716424283514 4.305447765177196 4.305447765177196 4.305447765177196
 687136576 1 19980.907 19980.907 19980.907 68.77931777571459 68.77931777571459 68.77931777571459 4.298707360982162 4.298707360982162 4.298707360982162
 755850208 1 22005.081 22005.081 22005.081 68.69778920604746 68.69778920604746 68.69778920604746 4.293611825377966 4.293611825377966 4.293611825377966
 831435200 1 33945.084 33945.084 33945.084 48.987075713231405 48.987075713231405 48.987075713231405 3.061692232076963 3.061692232076963 3.061692232076963
 914578720 1 34742.117 34742.117 34742.117 52.64956767027179 52.64956767027179 52.64956767027179 3.290597979391987 3.290597979391987 3.290597979391987
 1006036576 1 29657.125 29657.125 29657.125 67.84451129366046 67.84451129366046 67.84451129366046 4.240281955853779 4.240281955853779 4.240281955853779
 
META_DATA
 MPI startup(): shm:tmi fabric is unknown or has been removed from the product, please use ofi or shm:ofi instead
 FLOPS          1
 MPI_PROCS      2
 OPENMP_THREADS 2
 ERT_VERSION  1.1.0
 HOSTNAME  ('shas0420.rc.int.colorado.edu', [], ['10.225.6.135'])
 UNAME  uname_result(system='Linux', node='shas0420.rc.int.colorado.edu', release='3.10.0-957.27.2.el7.x86_64', version='#1 SMP Mon Jul 29 17:46:05 UTC 2019', machine='x86_64', processor='x86_64')
 TIMESTAMP_DATA  1664552212.0344062
 CONFIG  {'ERT_RESULTS': ['lab5_results'], 'ERT_DRIVER': ['driver1'], 'ERT_KERNEL': ['kernel1'], 'ERT_MPI': ['True'], 'ERT_MPI_CFLAGS': ['-I/usr/include/mpi'], 'ERT_MPI_LDFLAGS': ['-lmpi'], 'ERT_OPENMP': ['True'], 'ERT_OPENMP_CFLAGS': ['-qopenmp'], 'ERT_OPENMP_LDFLAGS': ['-qopenmp'], 'ERT_FLOPS': ['1,2,4,8,16'], 'ERT_ALIGN': ['32'], 'ERT_CC': ['mpicc'], 'ERT_CFLAGS': ['-O3', '-msse3', '-axSSE3', '-xSSE3', '-fno-alias', '-fno-fnalias', '-DERT_INTEL', '-std=c++11'], 'ERT_LD': ['mpicc'], 'ERT_LDFLAGS': [], 'ERT_LDLIBS': [], 'ERT_PRECISION': ['FP64'], 'ERT_RUN': ['export', 'OMP_NUM_THREADS=ERT_OPENMP_THREADS;', 'mpirun', '-np', 'ERT_MPI_PROCS', 'ERT_CODE'], 'ERT_PROCS_THREADS': ['1-24'], 'ERT_MPI_PROCS': ['1,2,4'], 'ERT_OPENMP_THREADS': ['1,2,4'], 'ERT_NUM_EXPERIMENTS': ['1'], 'ERT_MEMORY_MAX': ['1073741824'], 'ERT_WORKING_SET_MIN': ['1'], 'ERT_TRIALS_MIN': ['1'], 'ERT_GNUPLOT': ['gnuplot'], 'ERT_GPU': [False], 'ERT_HIP': [False], 'ERT_OCL': [False], 'ERT_SYCL': [False], 'ERT_WSS_MULT': [1.1]}
 