fp64
 64 16777216 51238.06 51238.06 51238.06 41.91188440780155 41.91188440780155 41.91188440780155 5.238985550975194 5.238985550975194 5.238985550975194
 128 8388608 28465.986 28465.986 28465.986 75.44033949851588 75.44033949851588 75.44033949851588 9.430042437314485 9.430042437314485 9.430042437314485
 192 4194304 14204.979 14204.979 14204.979 113.38367596319573 113.38367596319573 113.38367596319573 14.172959495399466 14.172959495399466 14.172959495399466
 256 4194304 19550.8 19550.8 19550.8 109.84121611391862 109.84121611391862 109.84121611391862 13.730152014239827 13.730152014239827 13.730152014239827
 320 2097152 7676.84 7676.84 7676.84 174.834603821364 174.834603821364 174.834603821364 21.8543254776705 21.8543254776705 21.8543254776705
 384 2097152 11693.954 11693.954 11693.954 137.730380673637 137.730380673637 137.730380673637 17.216297584204625 17.216297584204625 17.216297584204625
 448 2097152 8599.043 8599.043 8599.043 218.51829232625076 218.51829232625076 218.51829232625076 27.314786540781345 27.314786540781345 27.314786540781345
 512 2097152 12902.021 12902.021 12902.021 166.44552415470412 166.44552415470412 166.44552415470412 20.805690519338015 20.805690519338015 20.805690519338015
 576 1048576 6684.065 6684.065 6684.065 180.72229279637466 180.72229279637466 180.72229279637466 22.590286599546832 22.590286599546832 22.590286599546832
 640 1048576 7271.051 7271.051 7271.051 184.59192213065208 184.59192213065208 184.59192213065208 23.07399026633151 23.07399026633151 23.07399026633151
 704 1048576 7794.857 7794.857 7794.857 189.4062980244538 189.4062980244538 189.4062980244538 23.675787253056725 23.675787253056725 23.675787253056725
 768 1048576 8361.101 8361.101 8361.101 192.63165652466103 192.63165652466103 192.63165652466103 24.078957065582628 24.078957065582628 24.078957065582628
 832 1048576 8778.095 8778.095 8778.095 198.7709706946667 198.7709706946667 198.7709706946667 24.846371336833336 24.846371336833336 24.846371336833336
 896 1048576 9354.115 9354.115 9354.115 200.87931268751774 200.87931268751774 200.87931268751774 25.109914085939717 25.109914085939717 25.109914085939717
 960 1048576 10103.941 10103.941 10103.941 199.25551030038673 199.25551030038673 199.25551030038673 24.90693878754834 24.90693878754834 24.90693878754834
 1024 1048576 4562.14 4562.14 4562.14 470.71848913010126 470.71848913010126 470.71848913010126 58.83981114126266 58.83981114126266 58.83981114126266
 1088 524288 2918.005 2918.005 2918.005 390.96940820869054 390.96940820869054 390.96940820869054 48.87117602608632 48.87117602608632 48.87117602608632
 1152 524288 2922.058 2922.058 2922.058 413.3934206644769 413.3934206644769 413.3934206644769 51.67417758305961 51.67417758305961 51.67417758305961
 1216 524288 3212.929 3212.929 3212.929 396.8554599245735 396.8554599245735 396.8554599245735 49.60693249057169 49.60693249057169 49.60693249057169
 1280 524288 3543.139 3543.139 3543.139 378.8102244930272 378.8102244930272 378.8102244930272 47.3512780616284 47.3512780616284 47.3512780616284
 1408 524288 4171.848 4171.848 4171.848 353.8947267493926 353.8947267493926 353.8947267493926 44.236840843674074 44.236840843674074 44.236840843674074
 1536 524288 4652.023 4652.023 4652.023 346.21770700617776 346.21770700617776 346.21770700617776 43.27721337577222 43.27721337577222 43.27721337577222
 1664 524288 5153.179 5153.179 5153.179 338.59302461645524 338.59302461645524 338.59302461645524 42.324128077056905 42.324128077056905 42.324128077056905
 1792 524288 5727.053 5727.053 5727.053 328.10036715218104 328.10036715218104 328.10036715218104 41.01254589402263 41.01254589402263 41.01254589402263
 1920 524288 6171.942 6171.942 6171.942 326.1965067072892 326.1965067072892 326.1965067072892 40.77456333841115 40.77456333841115 40.77456333841115
 2112 262144 2377.987 2377.987 2377.987 465.64436895575955 465.64436895575955 465.64436895575955 58.20554611946994 58.20554611946994 58.20554611946994
 2304 262144 2631.903 2631.903 2631.903 458.9681124266358 458.9681124266358 458.9681124266358 57.371014053329475 57.371014053329475 57.371014053329475
 2496 262144 3021.002 3021.002 3021.002 433.1751015060566 433.1751015060566 433.1751015060566 54.146887688257074 54.146887688257074 54.146887688257074
 2688 262144 3398.895 3398.895 3398.895 414.63067967677733 414.63067967677733 414.63067967677733 51.82883495959717 51.82883495959717 51.82883495959717
 2944 262144 3873.11 3873.11 3873.11 398.51795378907394 398.51795378907394 398.51795378907394 49.81474422363424 49.81474422363424 49.81474422363424
 3200 262144 3566.027 3566.027 3566.027 470.4736111083847 470.4736111083847 470.4736111083847 58.80920138854809 58.80920138854809 58.80920138854809
 3520 262144 3967.047 3967.047 3967.047 465.2059226926225 465.2059226926225 465.2059226926225 58.15074033657781 58.15074033657781 58.15074033657781
 3840 262144 4467.964 4467.964 4467.964 450.6003002709959 450.6003002709959 450.6003002709959 56.325037533874486 56.325037533874486 56.325037533874486
 4224 131072 2374.887 2374.887 2374.887 466.25218631454885 466.25218631454885 466.25218631454885 58.281523289318606 58.281523289318606 58.281523289318606
 4608 131072 2625.942 2625.942 2625.942 460.0099895580329 460.0099895580329 460.0099895580329 57.50124869475411 57.50124869475411 57.50124869475411
 5056 131072 3016.949 3016.949 3016.949 439.31802095428196 439.31802095428196 439.31802095428196 54.914752619285245 54.914752619285245 54.914752619285245
 5504 131072 3137.112 3137.112 3137.112 459.92638324675687 459.92638324675687 459.92638324675687 57.49079790584461 57.49079790584461 57.49079790584461
 6016 131072 3313.78 3313.78 3313.78 475.9091744171308 475.9091744171308 475.9091744171308 59.48864680214135 59.48864680214135 59.48864680214135
 6592 131072 3685.951 3685.951 3685.951 468.82154646114395 468.82154646114395 468.82154646114395 58.602693307642994 58.602693307642994 58.602693307642994
 7232 131072 3929.138 3929.138 3929.138 482.50415434632237 482.50415434632237 482.50415434632237 60.313019293290296 60.313019293290296 60.313019293290296
 7936 131072 4402.876 4402.876 4402.876 472.5036053706713 472.5036053706713 472.5036053706713 59.062950671333915 59.062950671333915 59.062950671333915
 8704 65536 2391.815 2391.815 2391.815 476.9811578236611 476.9811578236611 476.9811578236611 59.622644727957635 59.622644727957635 59.622644727957635
 9536 65536 2630.949 2630.949 2630.949 475.0767088225579 475.0767088225579 475.0767088225579 59.38458860281974 59.38458860281974 59.38458860281974
 10432 65536 2793.074 2793.074 2793.074 489.5477541948405 489.5477541948405 489.5477541948405 61.19346927435506 61.19346927435506 61.19346927435506
 11456 65536 3116.846 3116.846 3116.846 481.7565038503667 481.7565038503667 481.7565038503667 60.21956298129584 60.21956298129584 60.21956298129584
 12544 65536 3404.14 3404.14 3404.14 482.9904669020663 482.9904669020663 482.9904669020663 60.37380836275829 60.37380836275829 60.37380836275829
 13760 65536 3681.183 3681.183 3681.183 489.9378053196486 489.9378053196486 489.9378053196486 61.242225664956074 61.242225664956074 61.242225664956074
 15104 65536 4035.95 4035.95 4035.95 490.5193295258861 490.5193295258861 490.5193295258861 61.314916190735765 61.314916190735765 61.314916190735765
 16576 32768 2205.849 2205.849 2205.849 492.47465987019046 492.47465987019046 492.47465987019046 61.55933248377381 61.55933248377381 61.55933248377381
 18176 32768 2420.902 2420.902 2420.902 492.0407087936645 492.0407087936645 492.0407087936645 61.505088599208065 61.505088599208065 61.505088599208065
 19968 32768 2638.102 2638.102 2638.102 496.0471005290925 496.0471005290925 496.0471005290925 62.005887566136565 62.005887566136565 62.005887566136565
 21952 32768 2903.938 2903.938 2903.938 495.41218579735516 495.41218579735516 495.41218579735516 61.926523224669396 61.926523224669396 61.926523224669396
 24128 32768 3198.862 3198.862 3198.862 494.3172315654754 494.3172315654754 494.3172315654754 61.78965394568443 61.78965394568443 61.78965394568443
 26496 32768 3565.073 3565.073 3565.073 487.070490842684 487.070490842684 487.070490842684 60.8838113553355 60.8838113553355 60.8838113553355
 29120 32768 3930.092 3930.092 3930.092 485.58871395376997 485.58871395376997 485.58871395376997 60.698589244221246 60.698589244221246 60.698589244221246
 32000 32768 4314.899 4314.899 4314.899 486.02574475091996 486.02574475091996 486.02574475091996 60.753218093864994 60.753218093864994 60.753218093864994
 35200 16384 2471.924 2471.924 2471.924 466.6136984794031 466.6136984794031 466.6136984794031 58.32671230992539 58.32671230992539 58.32671230992539
 38720 16384 2737.045 2737.045 2737.045 463.5572159025519 463.5572159025519 463.5572159025519 57.944651987818986 57.944651987818986 57.944651987818986
 42560 16384 2976.179 2976.179 2976.179 468.5894497609182 468.5894497609182 468.5894497609182 58.57368122011478 58.57368122011478 58.57368122011478
 46784 16384 3260.851 3260.851 3260.851 470.12823094339484 470.12823094339484 470.12823094339484 58.766028867924355 58.766028867924355 58.766028867924355
 51456 16384 3571.987 3571.987 3571.987 472.03705052677964 472.03705052677964 472.03705052677964 59.004631315847455 59.004631315847455 59.004631315847455
 56576 16384 3896.952 3896.952 3896.952 475.7262516961974 475.7262516961974 475.7262516961974 59.46578146202467 59.46578146202467 59.46578146202467
 62208 16384 4295.111 4295.111 4295.111 474.59349572106515 474.59349572106515 474.59349572106515 59.324186965133144 59.324186965133144 59.324186965133144
 68416 8192 2362.967 2362.967 2362.967 474.372999707571 474.372999707571 474.372999707571 59.29662496344638 59.29662496344638 59.29662496344638
 75200 8192 2573.013 2573.013 2573.013 478.84592887793417 478.84592887793417 478.84592887793417 59.85574110974177 59.85574110974177 59.85574110974177
 82688 8192 2860.069 2860.069 2860.069 473.68094685827515 473.68094685827515 473.68094685827515 59.210118357284394 59.210118357284394 59.210118357284394
 90944 8192 3109.932 3109.932 3109.932 479.1186739774375 479.1186739774375 479.1186739774375 59.889834247179685 59.889834247179685 59.889834247179685
 100032 8192 3421.068 3421.068 3421.068 479.0680243713366 479.0680243713366 479.0680243713366 59.883503046417076 59.883503046417076 59.883503046417076
 110016 8192 3748.178 3748.178 3748.178 480.90089211344815 480.90089211344815 480.90089211344815 60.11261151418102 60.11261151418102 60.11261151418102
 120960 8192 4091.024 4091.024 4091.024 484.4285049415501 484.4285049415501 484.4285049415501 60.55356311769376 60.55356311769376 60.55356311769376
 133056 4096 2265.93 2265.93 2265.93 481.0363744687612 481.0363744687612 481.0363744687612 60.12954680859515 60.12954680859515 60.12954680859515
 146304 4096 2479.076 2479.076 2479.076 483.45527446516354 483.45527446516354 483.45527446516354 60.43190930814544 60.43190930814544 60.43190930814544
 160896 4096 2723.932 2723.932 2723.932 483.8814008572902 483.8814008572902 483.8814008572902 60.485175107161275 60.485175107161275 60.485175107161275
 176960 4096 2996.922 2996.922 2996.922 483.7150649900131 483.7150649900131 483.7150649900131 60.46438312375164 60.46438312375164 60.46438312375164
 194624 4096 3292.084 3292.084 3292.084 484.3010712970873 484.3010712970873 484.3010712970873 60.53763391213591 60.53763391213591 60.53763391213591
 214080 4096 3602.028 3602.028 3602.028 486.8766594818253 486.8766594818253 486.8766594818253 60.85958243522816 60.85958243522816 60.85958243522816
 235456 4096 3974.199 3974.199 3974.199 485.344481240119 485.344481240119 485.344481240119 60.66806015501488 60.66806015501488 60.66806015501488
 258944 4096 4364.967 4364.967 4364.967 485.9760103570084 485.9760103570084 485.9760103570084 60.74700129462605 60.74700129462605 60.74700129462605
 284800 2048 2552.032 2552.032 2552.032 457.10273225414096 457.10273225414096 457.10273225414096 57.13784153176762 57.13784153176762 57.13784153176762
 313280 2048 2927.78 2927.78 2927.78 438.2825485521453 438.2825485521453 438.2825485521453 54.78531856901816 54.78531856901816 54.78531856901816
 344576 2048 3247.023 3247.023 3247.023 434.66994105061775 434.66994105061775 434.66994105061775 54.33374263132722 54.33374263132722 54.33374263132722
 379008 2048 3549.099 3549.099 3549.099 437.41151430264415 437.41151430264415 437.41151430264415 54.67643928783052 54.67643928783052 54.67643928783052
 416896 2048 3906.012 3906.012 3906.012 437.17377621983746 437.17377621983746 437.17377621983746 54.64672202747968 54.64672202747968 54.64672202747968
 458560 2048 4301.786 4301.786 4301.786 436.6237093151542 436.6237093151542 436.6237093151542 54.577963664394275 54.577963664394275 54.577963664394275
 504384 2048 4722.118 4722.118 4722.118 437.50640369427447 437.50640369427447 437.50640369427447 54.68830046178431 54.68830046178431 54.68830046178431
 554816 1024 2615.929 2615.929 2615.929 434.3631528225728 434.3631528225728 434.3631528225728 54.2953941028216 54.2953941028216 54.2953941028216
 610240 1024 2868.891 2868.891 2868.891 435.6287917526319 435.6287917526319 435.6287917526319 54.45359896907899 54.45359896907899 54.45359896907899
 671232 1024 3160.0 3160.0 3160.0 435.0263088607595 435.0263088607595 435.0263088607595 54.37828860759494 54.37828860759494 54.37828860759494
 738304 1024 3475.189 3475.189 3475.189 435.0976571346191 435.0976571346191 435.0976571346191 54.38720714182739 54.38720714182739 54.38720714182739
 812096 1024 3820.896 3820.896 3820.896 435.2834015895748 435.2834015895748 435.2834015895748 54.41042519869685 54.41042519869685 54.41042519869685
 893248 1024 4204.035 4204.035 4204.035 435.1466874086443 435.1466874086443 435.1466874086443 54.39333592608054 54.39333592608054 54.39333592608054
 982528 1024 4615.068 4615.068 4615.068 436.01033484230356 436.01033484230356 436.01033484230356 54.501291855287946 54.501291855287946 54.501291855287946
 1080768 512 2557.993 2557.993 2557.993 432.64638800809854 432.64638800809854 432.64638800809854 54.08079850101232 54.08079850101232 54.08079850101232
 1188800 512 2810.001 2810.001 2810.001 433.2137960093252 433.2137960093252 433.2137960093252 54.15172450116565 54.15172450116565 54.15172450116565
 1307648 512 3110.17 3110.17 3110.17 430.533235160779 430.533235160779 430.533235160779 53.81665439509737 53.81665439509737 53.81665439509737
 1438400 512 3504.992 3504.992 3504.992 420.23536715633014 420.23536715633014 420.23536715633014 52.52942089454127 52.52942089454127 52.52942089454127
 1582208 512 4166.126 4166.126 4166.126 388.8939009525876 388.8939009525876 388.8939009525876 48.61173761907345 48.61173761907345 48.61173761907345
 1740416 512 4544.973 4544.973 4544.973 392.12245793319346 392.12245793319346 392.12245793319346 49.01530724164918 49.01530724164918 49.01530724164918
 1914432 512 5410.91 5410.91 5410.91 362.30104880694745 362.30104880694745 362.30104880694745 45.28763110086843 45.28763110086843 45.28763110086843
 2105856 256 3050.089 3050.089 3050.089 353.4973149963821 353.4973149963821 353.4973149963821 44.18716437454776 44.18716437454776 44.18716437454776
 2316416 256 3895.998 3895.998 3895.998 304.4162219795801 304.4162219795801 304.4162219795801 38.05202774744751 38.05202774744751 38.05202774744751
 2548032 256 4289.865 4289.865 4289.865 304.1103587175821 304.1103587175821 304.1103587175821 38.01379483969776 38.01379483969776 38.01379483969776
 2802816 256 5099.058 5099.058 5099.058 281.43272580935536 281.43272580935536 281.43272580935536 35.17909072616942 35.17909072616942 35.17909072616942
 3083072 256 5601.883 5601.883 5601.883 281.7861179892547 281.7861179892547 281.7861179892547 35.22326474865684 35.22326474865684 35.22326474865684
 3391360 256 6170.988 6170.988 6170.988 281.3773612912551 281.3773612912551 281.3773612912551 35.17217016140689 35.17217016140689 35.17217016140689
 3730496 256 6795.883 6795.883 6795.883 281.05456671340573 281.05456671340573 281.05456671340573 35.13182083917572 35.13182083917572 35.13182083917572
 4103488 256 7466.078 7466.078 7466.078 281.40421999341555 281.40421999341555 281.40421999341555 35.175527499176944 35.175527499176944 35.175527499176944
 4513792 128 4215.956 4215.956 4215.956 274.08510715007463 274.08510715007463 274.08510715007463 34.26063839375933 34.26063839375933 34.26063839375933
 4965120 128 4518.986 4518.986 4518.986 281.27343612040397 281.27343612040397 281.27343612040397 35.159179515050496 35.159179515050496 35.159179515050496
 5461632 128 4966.974 4966.974 4966.974 281.4948884371048 281.4948884371048 281.4948884371048 35.1868610546381 35.1868610546381 35.1868610546381
 6007744 128 5465.031 5465.031 5465.031 281.4224592687581 281.4224592687581 281.4224592687581 35.17780740859476 35.17780740859476 35.17780740859476
 6608512 128 6015.062 6015.062 6015.062 281.257129519197 281.257129519197 281.257129519197 35.157141189899626 35.157141189899626 35.157141189899626
 7269312 128 6621.838 6621.838 6621.838 281.0313197030794 281.0313197030794 281.0313197030794 35.12891496288493 35.12891496288493 35.12891496288493
 7996224 128 7274.151 7274.151 7274.151 281.4119948843515 281.4119948843515 281.4119948843515 35.176499360543936 35.176499360543936 35.176499360543936
 8795840 64 4014.969 4014.969 4014.969 280.41748765681626 280.41748765681626 280.41748765681626 35.05218595710203 35.05218595710203 35.05218595710203
 9675392 64 4409.075 4409.075 4409.075 280.8866204362593 280.8866204362593 280.8866204362593 35.11082755453241 35.11082755453241 35.11082755453241
 10642880 64 4850.149 4850.149 4850.149 280.8756267075506 280.8756267075506 280.8756267075506 35.10945333844383 35.10945333844383 35.10945333844383
 11707136 64 5331.039 5331.039 5331.039 281.0921863449133 281.0921863449133 281.0921863449133 35.13652329311416 35.13652329311416 35.13652329311416
 12877824 64 6031.036 6031.036 6031.036 273.31315415792574 273.31315415792574 273.31315415792574 34.16414426974072 34.16414426974072 34.16414426974072
 14165568 64 6457.09 6457.09 6457.09 280.8064784601113 280.8064784601113 280.8064784601113 35.10080980751391 35.10080980751391 35.10080980751391
 15582080 64 7094.86 7094.86 7094.86 281.11988679128274 281.11988679128274 281.11988679128274 35.13998584891034 35.13998584891034 35.13998584891034
 17140288 32 3931.046 3931.046 3931.046 279.05509932979675 279.05509932979675 279.05509932979675 34.88188741622459 34.88188741622459 34.88188741622459
 18854272 32 4293.203 4293.203 4293.203 281.0660031682638 281.0660031682638 281.0660031682638 35.13325039603298 35.13325039603298 35.13325039603298
 20739648 32 4731.894 4731.894 4731.894 280.5087079296366 280.5087079296366 280.5087079296366 35.06358849120458 35.06358849120458 35.06358849120458
 22813568 32 5206.108 5206.108 5206.108 280.45295103367044 280.45295103367044 280.45295103367044 35.056618879208806 35.056618879208806 35.056618879208806
 25094912 32 5712.986 5712.986 5712.986 281.1269567263074 281.1269567263074 281.1269567263074 35.14086959078843 35.14086959078843 35.14086959078843
 27604352 32 6288.052 6288.052 6288.052 280.95800225570656 280.95800225570656 280.95800225570656 35.11975028196332 35.11975028196332 35.11975028196332
 30364736 32 6953.955 6953.955 6953.955 279.45868272084016 279.45868272084016 279.45868272084016 34.93233534010502 34.93233534010502 34.93233534010502
 33401152 32 7616.997 7616.997 7616.997 280.64521070442856 280.64521070442856 280.64521070442856 35.08065133805357 35.08065133805357 35.08065133805357
 36741248 16 4195.929 4195.929 4195.929 280.20491671808554 280.20491671808554 280.20491671808554 35.02561458976069 35.02561458976069 35.02561458976069
 40415360 16 4627.943 4627.943 4627.943 279.45277631984663 279.45277631984663 279.45277631984663 34.93159703998083 34.93159703998083 34.93159703998083
 44456896 16 5089.998 5089.998 5089.998 279.49336561625375 279.49336561625375 279.49336561625375 34.93667070203172 34.93667070203172 34.93667070203172
 48902528 16 5739.927 5739.927 5739.927 272.63080105374166 272.63080105374166 272.63080105374166 34.07885013171771 34.07885013171771 34.07885013171771
 53792768 16 6827.831 6827.831 6827.831 252.11060086285084 252.11060086285084 252.11060086285084 31.513825107856356 31.513825107856356 31.513825107856356
 59172032 16 8705.139 8705.139 8705.139 217.5157713162306 217.5157713162306 217.5157713162306 27.189471414528825 27.189471414528825 27.189471414528825
 65089216 16 11690.855 11690.855 11690.855 178.16104228476019 178.16104228476019 178.16104228476019 22.270130285595023 22.270130285595023 22.270130285595023
 71598080 8 8807.898 8807.898 8807.898 130.06159698942926 130.06159698942926 130.06159698942926 16.257699623678658 16.257699623678658 16.257699623678658
 78757888 8 11140.108 11140.108 11140.108 113.11615722217414 113.11615722217414 113.11615722217414 14.139519652771767 14.139519652771767 14.139519652771767
 86633664 8 12902.975 12902.975 12902.975 107.42783148847455 107.42783148847455 107.42783148847455 13.428478936059319 13.428478936059319 13.428478936059319
 95297024 8 14769.077 14769.077 14769.077 103.2395175406019 103.2395175406019 103.2395175406019 12.904939692575237 12.904939692575237 12.904939692575237
 104826688 8 16358.852 16358.852 16358.852 102.52718271428826 102.52718271428826 102.52718271428826 12.815897839286032 12.815897839286032 12.815897839286032
 115309312 8 18229.008 18229.008 18229.008 101.20951134587246 101.20951134587246 101.20951134587246 12.651188918234057 12.651188918234057 12.651188918234057
 126840192 8 20298.958 20298.958 20298.958 99.97769698326387 99.97769698326387 99.97769698326387 12.497212122907984 12.497212122907984 12.497212122907984
 139524160 4 11096.954 11096.954 11096.954 100.5855552794037 100.5855552794037 100.5855552794037 12.573194409925463 12.573194409925463 12.573194409925463
 153476544 4 12249.947 12249.947 12249.947 100.23001340332328 100.23001340332328 100.23001340332328 12.52875167541541 12.52875167541541 12.52875167541541
 168824192 4 13473.988 13473.988 13473.988 100.23710396654651 100.23710396654651 100.23710396654651 12.529637995818314 12.529637995818314 12.529637995818314
 185706560 4 14997.959 14997.959 14997.959 99.05697701933975 99.05697701933975 99.05697701933975 12.38212212741747 12.38212212741747 12.38212212741747
 204277184 4 16445.875 16445.875 16445.875 99.36944504320994 99.36944504320994 99.36944504320994 12.421180630401242 12.421180630401242 12.421180630401242
 224704896 4 18092.871 18092.871 18092.871 99.35621427909368 99.35621427909368 99.35621427909368 12.41952678488671 12.41952678488671 12.41952678488671
 247175360 4 19634.962 19634.962 19634.962 100.70826111097135 100.70826111097135 100.70826111097135 12.588532638871419 12.588532638871419 12.588532638871419
 271892864 2 10855.198 10855.198 10855.198 100.18900217204698 100.18900217204698 100.18900217204698 12.523625271505873 12.523625271505873 12.523625271505873
 299082112 2 11953.831 11953.831 11953.831 100.07908326627673 100.07908326627673 100.07908326627673 12.50988540828459 12.50988540828459 12.50988540828459
 328990272 2 13142.109 13142.109 13142.109 100.13317405904941 100.13317405904941 100.13317405904941 12.516646757381176 12.516646757381176 12.516646757381176
 361889280 2 14513.016 14513.016 14513.016 99.74199160257247 99.74199160257247 99.74199160257247 12.467748950321559 12.467748950321559 12.467748950321559
 398078208 2 16033.888 16033.888 16033.888 99.30921508245535 99.30921508245535 99.30921508245535 12.413651885306919 12.413651885306919 12.413651885306919
 437886016 2 17632.008 17632.008 17632.008 99.33888777727414 99.33888777727414 99.33888777727414 12.417360972159267 12.417360972159267 12.417360972159267
 481674560 2 19412.041 19412.041 19412.041 99.25273906025646 99.25273906025646 99.25273906025646 12.406592382532057 12.406592382532057 12.406592382532057
 529841984 2 21269.083 21269.083 21269.083 99.64547771053414 99.64547771053414 99.64547771053414 12.455684713816767 12.455684713816767 12.455684713816767
 582826176 1 11760.95 11760.95 11760.95 99.11209145519706 99.11209145519706 99.11209145519706 12.389011431899632 12.389011431899632 12.389011431899632
 641108736 1 12848.139 12848.139 12848.139 99.79791407922968 99.79791407922968 99.79791407922968 12.47473925990371 12.47473925990371 12.47473925990371
 705219584 1 14210.939 14210.939 14210.939 99.2502443364228 99.2502443364228 99.2502443364228 12.40628054205285 12.40628054205285 12.40628054205285
 775741504 1 15552.998 15552.998 15552.998 99.75459445182209 99.75459445182209 99.75459445182209 12.46932430647776 12.46932430647776 12.46932430647776
 853315648 1 17143.011 17143.011 17143.011 99.5525987820926 99.5525987820926 99.5525987820926 12.444074847761575 12.444074847761575 12.444074847761575
 938647168 1 18775.94 18775.94 18775.94 99.98404000012783 99.98404000012783 99.98404000012783 12.49800500001598 12.49800500001598 12.49800500001598
 1032511872 1 20681.858 20681.858 20681.858 99.84710967457565 99.84710967457565 99.84710967457565 12.480888709321956 12.480888709321956 12.480888709321956
 
META_DATA
 MPI startup(): shm:tmi fabric is unknown or has been removed from the product, please use ofi or shm:ofi instead
 FLOPS          2
 MPI_PROCS      8
 OPENMP_THREADS 1
 ERT_VERSION  1.1.0
 HOSTNAME  ('shas0420.rc.int.colorado.edu', [], ['10.225.6.135'])
 UNAME  uname_result(system='Linux', node='shas0420.rc.int.colorado.edu', release='3.10.0-957.27.2.el7.x86_64', version='#1 SMP Mon Jul 29 17:46:05 UTC 2019', machine='x86_64', processor='x86_64')
 TIMESTAMP_DATA  1664554978.7331195
 CONFIG  {'ERT_RESULTS': ['lab5_results'], 'ERT_DRIVER': ['driver1'], 'ERT_KERNEL': ['kernel1'], 'ERT_MPI': ['True'], 'ERT_MPI_CFLAGS': ['-I/usr/include/mpi'], 'ERT_MPI_LDFLAGS': ['-lmpi'], 'ERT_OPENMP': ['True'], 'ERT_OPENMP_CFLAGS': ['-qopenmp'], 'ERT_OPENMP_LDFLAGS': ['-qopenmp'], 'ERT_FLOPS': ['1,2,4,8,16'], 'ERT_ALIGN': ['32'], 'ERT_CC': ['mpicc'], 'ERT_CFLAGS': ['-O3', '-msse3', '-axSSE3', '-xSSE3', '-fno-alias', '-fno-fnalias', '-DERT_INTEL', '-std=c++11'], 'ERT_LD': ['mpicc'], 'ERT_LDFLAGS': [], 'ERT_LDLIBS': [], 'ERT_PRECISION': ['FP64'], 'ERT_RUN': ['export', 'OMP_NUM_THREADS=ERT_OPENMP_THREADS;', 'mpirun', '-np', 'ERT_MPI_PROCS', 'ERT_CODE'], 'ERT_PROCS_THREADS': ['1-24'], 'ERT_MPI_PROCS': ['1,2,4,8,12,24'], 'ERT_OPENMP_THREADS': ['1,2,4,8,12,24'], 'ERT_NUM_EXPERIMENTS': ['1'], 'ERT_MEMORY_MAX': ['1073741824'], 'ERT_WORKING_SET_MIN': ['1'], 'ERT_TRIALS_MIN': ['1'], 'ERT_GNUPLOT': ['gnuplot'], 'ERT_GPU': [False], 'ERT_HIP': [False], 'ERT_OCL': [False], 'ERT_SYCL': [False], 'ERT_WSS_MULT': [1.1]}
 