fp64
 192 4194304 24904.966 24904.966 24904.966 64.67034470153462 64.67034470153462 64.67034470153462 16.167586175383654 16.167586175383654 16.167586175383654
 384 2097152 13200.998 13200.998 13200.998 122.00689190317277 122.00689190317277 122.00689190317277 30.501722975793193 30.501722975793193 30.501722975793193
 576 1048576 6588.936 6588.936 6588.936 183.33150481352374 183.33150481352374 183.33150481352374 45.832876203380934 45.832876203380934 45.832876203380934
 768 1048576 6596.088 6596.088 6596.088 244.1769630726576 244.1769630726576 244.1769630726576 61.0442407681644 61.0442407681644 61.0442407681644
 960 1048576 6794.93 6794.93 6794.93 296.2894275584884 296.2894275584884 296.2894275584884 74.0723568896221 74.0723568896221 74.0723568896221
 1152 524288 3417.969 3417.969 3417.969 353.414425935402 353.414425935402 353.414425935402 88.3536064838505 88.3536064838505 88.3536064838505
 1344 524288 3405.094 3405.094 3405.094 413.87584131304453 413.87584131304453 413.87584131304453 103.46896032826113 103.46896032826113 103.46896032826113
 1536 524288 3551.006 3551.006 3551.006 453.5651970174086 453.5651970174086 453.5651970174086 113.39129925435215 113.39129925435215 113.39129925435215
 1728 524288 3880.024 3880.024 3880.024 466.99178355597803 466.99178355597803 466.99178355597803 116.74794588899451 116.74794588899451 116.74794588899451
 1920 524288 3938.913 3938.913 3938.913 511.1222106200365 511.1222106200365 511.1222106200365 127.78055265500913 127.78055265500913 127.78055265500913
 2112 262144 2362.013 2362.013 2362.013 468.79346388017336 468.79346388017336 468.79346388017336 117.19836597004334 117.19836597004334 117.19836597004334
 2304 262144 2352.953 2352.953 2352.953 513.3802298643449 513.3802298643449 513.3802298643449 128.34505746608622 128.34505746608622 128.34505746608622
 2496 262144 2612.829 2612.829 2612.829 500.8451942319991 500.8451942319991 500.8451942319991 125.21129855799977 125.21129855799977 125.21129855799977
 2688 262144 2488.136 2488.136 2488.136 566.4023767189574 566.4023767189574 566.4023767189574 141.60059417973935 141.60059417973935 141.60059417973935
 2880 262144 2802.134 2802.134 2802.134 538.8569711512725 538.8569711512725 538.8569711512725 134.71424278781814 134.71424278781814 134.71424278781814
 3072 262144 1855.135 1855.135 1855.135 868.1916604451967 868.1916604451967 868.1916604451967 217.04791511129918 217.04791511129918 217.04791511129918
 3264 262144 2196.789 2196.789 2196.789 778.989712712509 778.989712712509 778.989712712509 194.74742817812725 194.74742817812725 194.74742817812725
 3456 262144 2229.929 2229.929 2229.929 812.5547172129694 812.5547172129694 812.5547172129694 203.13867930324236 203.13867930324236 203.13867930324236
 3648 262144 2557.993 2557.993 2557.993 747.6965824378723 747.6965824378723 747.6965824378723 186.92414560946807 186.92414560946807 186.92414560946807
 3840 262144 2473.831 2473.831 2473.831 813.8251642897189 813.8251642897189 813.8251642897189 203.45629107242974 203.45629107242974 203.45629107242974
 4224 131072 1374.006 1374.006 1374.006 805.8889524499892 805.8889524499892 805.8889524499892 201.4722381124973 201.4722381124973 201.4722381124973
 4608 131072 1600.027 1600.027 1600.027 754.9619800165872 754.9619800165872 754.9619800165872 188.7404950041468 188.7404950041468 188.7404950041468
 4992 131072 1674.175 1674.175 1674.175 781.6523648961429 781.6523648961429 781.6523648961429 195.41309122403572 195.41309122403572 195.41309122403572
 5376 131072 1840.115 1840.115 1840.115 765.8685158264565 765.8685158264565 765.8685158264565 191.46712895661412 191.46712895661412 191.46712895661412
 5760 131072 1932.144 1932.144 1932.144 781.4890815591384 781.4890815591384 781.4890815591384 195.3722703897846 195.3722703897846 195.3722703897846
 6336 131072 1836.061 1836.061 1836.061 904.6237483395159 904.6237483395159 904.6237483395159 226.15593708487899 226.15593708487899 226.15593708487899
 6912 131072 2017.975 2017.975 2017.975 897.899789640605 897.899789640605 897.899789640605 224.47494741015126 224.47494741015126 224.47494741015126
 7488 131072 2421.141 2421.141 2421.141 810.7476070166917 810.7476070166917 810.7476070166917 202.68690175417294 202.68690175417294 202.68690175417294
 8064 131072 2471.924 2471.924 2471.924 855.1756510313423 855.1756510313423 855.1756510313423 213.79391275783559 213.79391275783559 213.79391275783559
 8832 65536 1338.005 1338.005 1338.005 865.1895202185341 865.1895202185341 865.1895202185341 216.29738005463352 216.29738005463352 216.29738005463352
 9600 65536 1304.865 1304.865 1304.865 964.3075720476829 964.3075720476829 964.3075720476829 241.07689301192073 241.07689301192073 241.07689301192073
 10560 65536 1569.033 1569.033 1569.033 882.1486354971503 882.1486354971503 882.1486354971503 220.53715887428757 220.53715887428757 220.53715887428757
 11520 65536 1700.878 1700.878 1700.878 887.7470576960841 887.7470576960841 887.7470576960841 221.93676442402102 221.93676442402102 221.93676442402102
 12672 65536 1662.016 1662.016 1662.016 999.3552312372443 999.3552312372443 999.3552312372443 249.83880780931108 249.83880780931108 249.83880780931108
 13824 65536 1941.919 1941.919 1941.919 933.0663781548046 933.0663781548046 933.0663781548046 233.26659453870116 233.26659453870116 233.26659453870116
 15168 65536 2179.146 2179.146 2179.146 912.3299200696051 912.3299200696051 912.3299200696051 228.08248001740128 228.08248001740128 228.08248001740128
 16512 32768 1135.111 1135.111 1135.111 953.3256500906078 953.3256500906078 953.3256500906078 238.33141252265196 238.33141252265196 238.33141252265196
 18048 32768 1250.982 1250.982 1250.982 945.492203724754 945.492203724754 945.492203724754 236.3730509311885 236.3730509311885 236.3730509311885
 19776 32768 1346.827 1346.827 1346.827 962.2913232360205 962.2913232360205 962.2913232360205 240.57283080900513 240.57283080900513 240.57283080900513
 21696 32768 1397.848 1397.848 1397.848 1017.1843118851264 1017.1843118851264 1017.1843118851264 254.2960779712816 254.2960779712816 254.2960779712816
 23808 32768 1580.954 1580.954 1580.954 986.9237738732437 986.9237738732437 986.9237738732437 246.73094346831093 246.73094346831093 246.73094346831093
 26112 32768 1763.821 1763.821 1763.821 970.2095802238437 970.2095802238437 970.2095802238437 242.55239505596091 242.55239505596091 242.55239505596091
 28608 32768 1883.03 1883.03 1883.03 995.6580022623114 995.6580022623114 995.6580022623114 248.91450056557784 248.91450056557784 248.91450056557784
 31296 32768 2038.002 2038.002 2038.002 1006.385006491652 1006.385006491652 1006.385006491652 251.596251622913 251.596251622913 251.596251622913
 34368 16384 1111.984 1111.984 1111.984 1012.7579389631507 1012.7579389631507 1012.7579389631507 253.18948474078766 253.18948474078766 253.18948474078766
 37632 16384 1194.0 1194.0 1194.0 1032.7683216080402 1032.7683216080402 1032.7683216080402 258.19208040201005 258.19208040201005 258.19208040201005
 41280 16384 1342.058 1342.058 1342.058 1007.90207278672 1007.90207278672 1007.90207278672 251.97551819668 251.97551819668 251.97551819668
 45312 16384 1451.969 1451.969 1451.969 1022.6000803047449 1022.6000803047449 1022.6000803047449 255.65002007618622 255.65002007618622 255.65002007618622
 49728 16384 1581.907 1581.907 1581.907 1030.0776872471013 1030.0776872471013 1030.0776872471013 257.5194218117753 257.5194218117753 257.5194218117753
 54528 16384 1740.932 1740.932 1740.932 1026.331587908086 1026.331587908086 1026.331587908086 256.5828969770215 256.5828969770215 256.5828969770215
 59904 16384 1887.083 1887.083 1887.083 1040.1949845343315 1040.1949845343315 1040.1949845343315 260.0487461335829 260.0487461335829 260.0487461335829
 65856 8192 1039.028 1039.028 1039.028 1038.4558491205241 1038.4558491205241 1038.4558491205241 259.61396228013103 259.61396228013103 259.61396228013103
 72384 8192 1142.025 1142.025 1142.025 1038.4531476981676 1038.4531476981676 1038.4531476981676 259.6132869245419 259.6132869245419 259.6132869245419
 79488 8192 1252.174 1252.174 1252.174 1040.0562477738715 1040.0562477738715 1040.0562477738715 260.0140619434679 260.0140619434679 260.0140619434679
 87360 8192 1375.914 1375.914 1375.914 1040.2585045286262 1040.2585045286262 1040.2585045286262 260.06462613215655 260.06462613215655 260.06462613215655
 96000 8192 1492.023 1492.023 1492.023 1054.1821406238378 1054.1821406238378 1054.1821406238378 263.54553515595944 263.54553515595944 263.54553515595944
 105600 8192 1645.088 1645.088 1645.088 1051.7068995701143 1051.7068995701143 1051.7068995701143 262.92672489252857 262.92672489252857 262.92672489252857
 116160 8192 1868.963 1868.963 1868.963 1018.3002231718873 1018.3002231718873 1018.3002231718873 254.57505579297182 254.57505579297182 254.57505579297182
 127680 8192 2035.141 2035.141 2035.141 1027.8939493627224 1027.8939493627224 1027.8939493627224 256.9734873406806 256.9734873406806 256.9734873406806
 140352 4096 1096.964 1096.964 1096.964 1048.132467428284 1048.132467428284 1048.132467428284 262.033116857071 262.033116857071 262.033116857071
 154368 4096 1194.0 1194.0 1194.0 1059.1144522613065 1059.1144522613065 1059.1144522613065 264.7786130653266 264.7786130653266 264.7786130653266
 169728 4096 1302.004 1302.004 1302.004 1067.9013090589585 1067.9013090589585 1067.9013090589585 266.97532726473963 266.97532726473963 266.97532726473963
 186624 4096 1441.002 1441.002 1441.002 1060.9449591326036 1060.9449591326036 1060.9449591326036 265.2362397831509 265.2362397831509 265.2362397831509
 205248 4096 1590.014 1590.014 1590.014 1057.469692719687 1057.469692719687 1057.469692719687 264.36742317992173 264.36742317992173 264.36742317992173
 225600 4096 1741.171 1741.171 1741.171 1061.420848383071 1061.420848383071 1061.420848383071 265.35521209576774 265.35521209576774 265.35521209576774
 248064 4096 1935.005 1935.005 1935.005 1050.198985532337 1050.198985532337 1050.198985532337 262.54974638308425 262.54974638308425 262.54974638308425
 272832 2048 1049.995 1049.995 1049.995 1064.3097081414674 1064.3097081414674 1064.3097081414674 266.07742703536684 266.07742703536684 266.07742703536684
 300096 2048 1163.96 1163.96 1163.96 1056.0442077047321 1056.0442077047321 1056.0442077047321 264.01105192618303 264.01105192618303 264.01105192618303
 330048 2048 1280.069 1280.069 1280.069 1056.0966697888941 1056.0966697888941 1056.0966697888941 264.02416744722353 264.02416744722353 264.02416744722353
 362880 2048 1412.153 1412.153 1412.153 1052.5463458987801 1052.5463458987801 1052.5463458987801 263.13658647469504 263.13658647469504 263.13658647469504
 399168 2048 1554.966 1554.966 1554.966 1051.464873186938 1051.464873186938 1051.464873186938 262.8662182967345 262.8662182967345 262.8662182967345
 438912 2048 1711.13 1711.13 1711.13 1050.641127208336 1050.641127208336 1050.641127208336 262.660281802084 262.660281802084 262.660281802084
 482688 2048 1870.871 1870.871 1870.871 1056.7751854617447 1056.7751854617447 1056.7751854617447 264.1937963654362 264.1937963654362 264.1937963654362
 530880 1024 1035.929 1035.929 1035.929 1049.533549113887 1049.533549113887 1049.533549113887 262.38338727847173 262.38338727847173 262.38338727847173
 583872 1024 1128.912 1128.912 1128.912 1059.2232662953359 1059.2232662953359 1059.2232662953359 264.80581657383397 264.80581657383397 264.80581657383397
 642240 1024 1238.108 1238.108 1238.108 1062.3528157478993 1062.3528157478993 1062.3528157478993 265.5882039369748 265.5882039369748 265.5882039369748
 706368 1024 1383.066 1383.066 1383.066 1045.9671946241176 1045.9671946241176 1045.9671946241176 261.4917986560294 261.4917986560294 261.4917986560294
 776832 1024 1508.951 1508.951 1508.951 1054.343007824641 1054.343007824641 1054.343007824641 263.58575195616027 263.58575195616027 263.58575195616027
 854400 1024 1840.83 1840.83 1840.83 950.5555646094425 950.5555646094425 950.5555646094425 237.63889115236063 237.63889115236063 237.63889115236063
 939840 1024 2089.024 2089.024 2089.024 921.383536043626 921.383536043626 921.383536043626 230.3458840109065 230.3458840109065 230.3458840109065
 1033728 1024 2299.07 2299.07 2299.07 920.8397064900155 920.8397064900155 920.8397064900155 230.20992662250387 230.20992662250387 230.20992662250387
 1137024 512 1268.148 1268.148 1268.148 918.1204212757501 918.1204212757501 918.1204212757501 229.53010531893753 229.53010531893753 229.53010531893753
 1250688 512 1396.179 1396.179 1396.179 917.292490432817 917.292490432817 917.292490432817 229.32312260820424 229.32312260820424 229.32312260820424
 1375680 512 1521.111 1521.111 1521.111 926.0969909493783 926.0969909493783 926.0969909493783 231.52424773734458 231.52424773734458 231.52424773734458
 1513152 512 1682.043 1682.043 1682.043 921.18194838063 921.18194838063 921.18194838063 230.2954870951575 230.2954870951575 230.2954870951575
 1664448 512 1846.075 1846.075 1846.075 923.2532546077489 923.2532546077489 923.2532546077489 230.81331365193722 230.81331365193722 230.81331365193722
 1830720 512 2032.042 2032.042 2032.042 922.5484906315913 922.5484906315913 922.5484906315913 230.63712265789783 230.63712265789783 230.63712265789783
 2013696 512 2242.088 2242.088 2242.088 919.6894608953796 919.6894608953796 919.6894608953796 229.9223652238449 229.9223652238449 229.9223652238449
 2214912 256 1231.909 1231.909 1231.909 920.5509043281605 920.5509043281605 920.5509043281605 230.13772608204013 230.13772608204013 230.13772608204013
 2436288 256 1344.919 1344.919 1344.919 927.4755252918576 927.4755252918576 927.4755252918576 231.8688813229644 231.8688813229644 231.8688813229644
 2679744 256 1485.825 1485.825 1485.825 923.4121972641461 923.4121972641461 923.4121972641461 230.85304931603653 230.85304931603653 230.85304931603653
 2947584 256 1631.021 1631.021 1631.021 925.2872942776336 925.2872942776336 925.2872942776336 231.3218235694084 231.3218235694084 231.3218235694084
 3242304 256 1940.012 1940.012 1940.012 855.6955565223309 855.6955565223309 855.6955565223309 213.92388913058272 213.92388913058272 213.92388913058272
 3566400 256 2034.903 2034.903 2034.903 897.3384972158377 897.3384972158377 897.3384972158377 224.33462430395943 224.33462430395943 224.33462430395943
 3922944 256 2258.062 2258.062 2258.062 889.5005221291533 889.5005221291533 889.5005221291533 222.37513053228832 222.37513053228832 222.37513053228832
 4315200 128 1222.134 1222.134 1222.134 903.9034999435414 903.9034999435414 903.9034999435414 225.97587498588535 225.97587498588535 225.97587498588535
 4746624 128 1379.967 1379.967 1379.967 880.5542045570653 880.5542045570653 880.5542045570653 220.13855113926633 220.13855113926633 220.13855113926633
 5221248 128 1547.098 1547.098 1547.098 863.9656233800316 863.9656233800316 863.9656233800316 215.9914058450079 215.9914058450079 215.9914058450079
 5743296 128 1702.07 1702.07 1702.07 863.8209803357089 863.8209803357089 863.8209803357089 215.95524508392722 215.95524508392722 215.95524508392722
 6317568 128 1908.779 1908.779 1908.779 847.2942168789577 847.2942168789577 847.2942168789577 211.82355421973944 211.82355421973944 211.82355421973944
 6949248 128 2478.123 2478.123 2478.123 717.8850638164449 717.8850638164449 717.8850638164449 179.47126595411123 179.47126595411123 179.47126595411123
 7644096 128 2722.979 2722.979 2722.979 718.6572412053123 718.6572412053123 718.6572412053123 179.66431030132807 179.66431030132807 179.66431030132807
 8408448 64 1566.887 1566.887 1566.887 686.8914886651048 686.8914886651048 686.8914886651048 171.7228721662762 171.7228721662762 171.7228721662762
 9249216 64 1725.912 1725.912 1725.912 685.9559745803957 685.9559745803957 685.9559745803957 171.48899364509893 171.48899364509893 171.48899364509893
 10174080 64 1888.99 1888.99 1888.99 689.4066352918755 689.4066352918755 689.4066352918755 172.3516588229689 172.3516588229689 172.3516588229689
 11191488 64 2081.156 2081.156 2081.156 688.3244043214445 688.3244043214445 688.3244043214445 172.08110108036112 172.08110108036112 172.08110108036112
 12310464 64 2290.01 2290.01 2290.01 688.0927995947615 688.0927995947615 688.0927995947615 172.02319989869036 172.02319989869036 172.02319989869036
 13541376 64 2532.959 2532.959 2532.959 684.2969538788429 684.2969538788429 684.2969538788429 171.07423846971074 171.07423846971074 171.07423846971074
 14895360 64 2760.887 2760.887 2760.887 690.5773687948837 690.5773687948837 690.5773687948837 172.64434219872092 172.64434219872092 172.64434219872092
 16384896 64 3039.122 3039.122 3039.122 690.0896666866286 690.0896666866286 690.0896666866286 172.52241667165714 172.52241667165714 172.52241667165714
 18023232 32 1675.129 1675.129 1675.129 688.5958323209736 688.5958323209736 688.5958323209736 172.1489580802434 172.1489580802434 172.1489580802434
 19825536 32 1844.883 1844.883 1844.883 687.7586838840186 687.7586838840186 687.7586838840186 171.93967097100466 171.93967097100466 171.93967097100466
 21807936 32 2029.896 2029.896 2029.896 687.576064980669 687.576064980669 687.576064980669 171.89401624516725 171.89401624516725 171.89401624516725
 23988672 32 2226.114 2226.114 2226.114 689.6659416364122 689.6659416364122 689.6659416364122 172.41648540910305 172.41648540910305 172.41648540910305
 26387520 32 2444.983 2444.983 2444.983 690.7210724982547 690.7210724982547 690.7210724982547 172.68026812456367 172.68026812456367 172.68026812456367
 29026176 32 2699.137 2699.137 2699.137 688.2478599641292 688.2478599641292 688.2478599641292 172.0619649910323 172.0619649910323 172.0619649910323
 31928640 32 2985.954 2985.954 2985.954 684.3484393932391 684.3484393932391 684.3484393932391 171.08710984830978 171.08710984830978 171.08710984830978
 35121408 16 1628.876 1628.876 1628.876 689.9758213639344 689.9758213639344 689.9758213639344 172.4939553409836 172.4939553409836 172.4939553409836
 38633472 16 1814.842 1814.842 1814.842 681.2004042225163 681.2004042225163 681.2004042225163 170.30010105562909 170.30010105562909 170.30010105562909
 42496704 16 1974.821 1974.821 1974.821 688.6166027199428 688.6166027199428 688.6166027199428 172.1541506799857 172.1541506799857 172.1541506799857
 46746240 16 2204.895 2204.895 2204.895 678.435789459362 678.435789459362 678.435789459362 169.6089473648405 169.6089473648405 169.6089473648405
 51420864 16 2475.977 2475.977 2475.977 664.5730747902747 664.5730747902747 664.5730747902747 166.1432686975687 166.1432686975687 166.1432686975687
 56562816 16 3085.852 3085.852 3085.852 586.5511735494767 586.5511735494767 586.5511735494767 146.6377933873692 146.6377933873692 146.6377933873692
 62218944 16 4451.99 4451.99 4451.99 447.2171339109028 447.2171339109028 447.2171339109028 111.8042834777257 111.8042834777257 111.8042834777257
 68440704 8 4087.925 4087.925 4087.925 267.8745975036235 267.8745975036235 267.8745975036235 66.96864937590587 66.96864937590587 66.96864937590587
 75284736 8 8208.036 8208.036 8208.036 146.75322769052184 146.75322769052184 146.75322769052184 36.68830692263046 36.68830692263046 36.68830692263046
 82813056 8 11130.095 11130.095 11130.095 119.04740220096953 119.04740220096953 119.04740220096953 29.761850550242382 29.761850550242382 29.761850550242382
 91094208 8 13643.026 13643.026 13643.026 106.8316756121406 106.8316756121406 106.8316756121406 26.70791890303515 26.70791890303515 26.70791890303515
 100203456 8 15445.948 15445.948 15445.948 103.7977918869078 103.7977918869078 103.7977918869078 25.94944797172695 25.94944797172695 25.94944797172695
 110223744 8 17349.005 17349.005 17349.005 101.65308638737494 101.65308638737494 101.65308638737494 25.413271596843735 25.413271596843735 25.413271596843735
 121246080 8 19294.977 19294.977 19294.977 100.54105169443842 100.54105169443842 100.54105169443842 25.135262923609606 25.135262923609606 25.135262923609606
 133370688 8 21470.07 21470.07 21470.07 99.39096649428716 99.39096649428716 99.39096649428716 24.84774162357179 24.84774162357179 24.84774162357179
 146707584 4 11718.035 11718.035 11718.035 100.15848834723569 100.15848834723569 100.15848834723569 25.039622086808922 25.039622086808922 25.039622086808922
 161378304 4 12825.012 12825.012 12825.012 100.6647348166224 100.6647348166224 100.6647348166224 25.1661837041556 25.1661837041556 25.1661837041556
 177516096 4 14074.087 14074.087 14074.087 100.90379347520022 100.90379347520022 100.90379347520022 25.225948368800054 25.225948368800054 25.225948368800054
 195267648 4 15462.875 15462.875 15462.875 101.02527401922346 101.02527401922346 101.02527401922346 25.256318504805865 25.256318504805865 25.256318504805865
 214794240 4 17050.028 17050.028 17050.028 100.78305560553919 100.78305560553919 100.78305560553919 25.195763901384797 25.195763901384797 25.195763901384797
 236273664 4 18843.889 18843.889 18843.889 100.30781395496439 100.30781395496439 100.30781395496439 25.076953488741097 25.076953488741097 25.076953488741097
 259900992 4 20513.058 20513.058 20513.058 101.36021338212956 101.36021338212956 101.36021338212956 25.34005334553239 25.34005334553239 25.34005334553239
 285891072 2 11296.034 11296.034 11296.034 101.23591058596318 101.23591058596318 101.23591058596318 25.308977646490796 25.308977646490796 25.308977646490796
 314480064 2 12416.124 12416.124 12416.124 101.31344177941521 101.31344177941521 101.31344177941521 25.328360444853804 25.328360444853804 25.328360444853804
 345927936 2 13741.97 13741.97 13741.97 100.69238573508747 100.69238573508747 100.69238573508747 25.173096433771867 25.173096433771867 25.173096433771867
 380520576 2 15172.005 15172.005 15172.005 100.32176393298052 100.32176393298052 100.32176393298052 25.08044098324513 25.08044098324513 25.08044098324513
 418572480 2 16662.836 16662.836 16662.836 100.48048963573788 100.48048963573788 100.48048963573788 25.12012240893447 25.12012240893447 25.12012240893447
 460429632 2 18425.941 18425.941 18425.941 99.95248155847239 99.95248155847239 99.95248155847239 24.988120389618096 24.988120389618096 24.988120389618096
 506472576 2 21518.946 21518.946 21518.946 94.14449499524743 94.14449499524743 94.14449499524743 23.536123748811857 23.536123748811857 23.536123748811857
 557119680 1 11048.794 11048.794 11048.794 100.84714766154568 100.84714766154568 100.84714766154568 25.21178691538642 25.21178691538642 25.21178691538642
 612831552 1 12178.898 12178.898 12178.898 100.6382600461881 100.6382600461881 100.6382600461881 25.159565011547024 25.159565011547024 25.159565011547024
 674114688 1 13420.105 13420.105 13420.105 100.4633999510436 100.4633999510436 100.4633999510436 25.1158499877609 25.1158499877609 25.1158499877609
 741526080 1 14806.986 14806.986 14806.986 100.1589492959607 100.1589492959607 100.1589492959607 25.039737323990174 25.039737323990174 25.039737323990174
 815678592 1 16169.071 16169.071 16169.071 100.89368671830312 100.89368671830312 100.89368671830312 25.22342167957578 25.22342167957578 25.22342167957578
 897246336 1 17777.92 17777.92 17777.92 100.93940528475773 100.93940528475773 100.93940528475773 25.23485132118943 25.23485132118943 25.23485132118943
 986970816 1 19323.111 19323.111 19323.111 102.15444252222119 102.15444252222119 102.15444252222119 25.538610630555297 25.538610630555297 25.538610630555297
 
META_DATA
 MPI startup(): shm:tmi fabric is unknown or has been removed from the product, please use ofi or shm:ofi instead
 FLOPS          4
 MPI_PROCS      12
 OPENMP_THREADS 2
 ERT_VERSION  1.1.0
 HOSTNAME  ('shas0420.rc.int.colorado.edu', [], ['10.225.6.135'])
 UNAME  uname_result(system='Linux', node='shas0420.rc.int.colorado.edu', release='3.10.0-957.27.2.el7.x86_64', version='#1 SMP Mon Jul 29 17:46:05 UTC 2019', machine='x86_64', processor='x86_64')
 TIMESTAMP_DATA  1664555201.5037408
 CONFIG  {'ERT_RESULTS': ['lab5_results'], 'ERT_DRIVER': ['driver1'], 'ERT_KERNEL': ['kernel1'], 'ERT_MPI': ['True'], 'ERT_MPI_CFLAGS': ['-I/usr/include/mpi'], 'ERT_MPI_LDFLAGS': ['-lmpi'], 'ERT_OPENMP': ['True'], 'ERT_OPENMP_CFLAGS': ['-qopenmp'], 'ERT_OPENMP_LDFLAGS': ['-qopenmp'], 'ERT_FLOPS': ['1,2,4,8,16'], 'ERT_ALIGN': ['32'], 'ERT_CC': ['mpicc'], 'ERT_CFLAGS': ['-O3', '-msse3', '-axSSE3', '-xSSE3', '-fno-alias', '-fno-fnalias', '-DERT_INTEL', '-std=c++11'], 'ERT_LD': ['mpicc'], 'ERT_LDFLAGS': [], 'ERT_LDLIBS': [], 'ERT_PRECISION': ['FP64'], 'ERT_RUN': ['export', 'OMP_NUM_THREADS=ERT_OPENMP_THREADS;', 'mpirun', '-np', 'ERT_MPI_PROCS', 'ERT_CODE'], 'ERT_PROCS_THREADS': ['1-24'], 'ERT_MPI_PROCS': ['1,2,4,8,12,24'], 'ERT_OPENMP_THREADS': ['1,2,4,8,12,24'], 'ERT_NUM_EXPERIMENTS': ['1'], 'ERT_MEMORY_MAX': ['1073741824'], 'ERT_WORKING_SET_MIN': ['1'], 'ERT_TRIALS_MIN': ['1'], 'ERT_GNUPLOT': ['gnuplot'], 'ERT_GPU': [False], 'ERT_HIP': [False], 'ERT_OCL': [False], 'ERT_SYCL': [False], 'ERT_WSS_MULT': [1.1]}
 