fp64
 128 8388608 96333.981 96333.981 96333.981 22.29206792564713 22.29206792564713 22.29206792564713 11.146033962823566 11.146033962823566 11.146033962823566
 256 4194304 49633.98 49633.98 49633.98 43.26640031687969 43.26640031687969 43.26640031687969 21.633200158439845 21.633200158439845 21.633200158439845
 384 2097152 24824.142 24824.142 24824.142 64.8809024698618 64.8809024698618 64.8809024698618 32.4404512349309 32.4404512349309 32.4404512349309
 512 2097152 24839.878 24839.878 24839.878 86.45306744260178 86.45306744260178 86.45306744260178 43.22653372130089 43.22653372130089 43.22653372130089
 640 1048576 12526.989 12526.989 12526.989 107.1428481337375 107.1428481337375 107.1428481337375 53.57142406686875 53.57142406686875 53.57142406686875
 768 1048576 12443.066 12443.066 12443.066 129.43857534790862 129.43857534790862 129.43857534790862 64.71928767395431 64.71928767395431 64.71928767395431
 896 1048576 12674.093 12674.093 12674.093 148.25898721115584 148.25898721115584 148.25898721115584 74.12949360557792 74.12949360557792 74.12949360557792
 1024 1048576 12579.918 12579.918 12579.918 170.7072850554352 170.7072850554352 170.7072850554352 85.3536425277176 85.3536425277176 85.3536425277176
 1152 524288 6759.882 6759.882 6759.882 178.6953606586624 178.6953606586624 178.6953606586624 89.3476803293312 89.3476803293312 89.3476803293312
 1280 524288 6753.922 6753.922 6753.922 198.72561157798387 198.72561157798387 198.72561157798387 99.36280578899193 99.36280578899193 99.36280578899193
 1408 524288 6942.987 6942.987 6942.987 212.64550949036774 212.64550949036774 212.64550949036774 106.32275474518387 106.32275474518387 106.32275474518387
 1536 524288 6870.031 6870.031 6870.031 234.44038840581652 234.44038840581652 234.44038840581652 117.22019420290826 117.22019420290826 117.22019420290826
 1664 524288 7025.003 7025.003 7025.003 248.37433720668878 248.37433720668878 248.37433720668878 124.18716860334439 124.18716860334439 124.18716860334439
 1792 524288 7041.931 7041.931 7041.931 266.83706386785104 266.83706386785104 266.83706386785104 133.41853193392552 133.41853193392552 133.41853193392552
 1920 524288 8005.142 8005.142 8005.142 251.49659056641343 251.49659056641343 251.49659056641343 125.74829528320672 125.74829528320672 125.74829528320672
 2048 524288 6752.968 6752.968 6752.968 318.00589725880536 318.00589725880536 318.00589725880536 159.00294862940268 159.00294862940268 159.00294862940268
 2176 262144 3690.004 3690.004 3690.004 309.1732930370807 309.1732930370807 309.1732930370807 154.58664651854036 154.58664651854036 154.58664651854036
 2304 262144 3748.894 3748.894 3748.894 322.2175799049 322.2175799049 322.2175799049 161.10878995245 161.10878995245 161.10878995245
 2432 262144 4347.086 4347.086 4347.086 293.31566387230436 293.31566387230436 293.31566387230436 146.65783193615218 146.65783193615218 146.65783193615218
 2560 262144 4426.956 4426.956 4426.956 303.18288232365535 303.18288232365535 303.18288232365535 151.59144116182767 151.59144116182767 151.59144116182767
 2816 262144 4866.838 4866.838 4866.838 303.3581573908973 303.3581573908973 303.3581573908973 151.67907869544865 151.67907869544865 151.67907869544865
 3072 262144 5384.922 5384.922 5384.922 299.09676240435795 299.09676240435795 299.09676240435795 149.54838120217897 149.54838120217897 149.54838120217897
 3328 262144 5810.976 5810.976 5810.976 300.26461372409733 300.26461372409733 300.26461372409733 150.13230686204867 150.13230686204867 150.13230686204867
 3584 262144 6255.15 6255.15 6255.15 300.40018097088 300.40018097088 300.40018097088 150.20009048544 150.20009048544 150.20009048544
 3840 262144 6679.058 6679.058 6679.058 301.42962076388613 301.42962076388613 301.42962076388613 150.71481038194307 150.71481038194307 150.71481038194307
 4224 131072 3334.999 3334.999 3334.999 332.02296492442724 332.02296492442724 332.02296492442724 166.01148246221362 166.01148246221362 166.01148246221362
 4608 131072 3708.124 3708.124 3708.124 325.76029064831704 325.76029064831704 325.76029064831704 162.88014532415852 162.88014532415852 162.88014532415852
 4992 131072 4244.804 4244.804 4244.804 308.2881678400227 308.2881678400227 308.2881678400227 154.14408392001135 154.14408392001135 154.14408392001135
 5376 131072 4448.891 4448.891 4448.891 316.77245947360814 316.77245947360814 316.77245947360814 158.38622973680407 158.38622973680407 158.38622973680407
 5888 131072 4890.919 4890.919 4890.919 315.58565414802416 315.58565414802416 315.58565414802416 157.79282707401208 157.79282707401208 157.79282707401208
 6400 131072 4835.844 4835.844 4835.844 346.934599213705 346.934599213705 346.934599213705 173.4672996068525 173.4672996068525 173.4672996068525
 7040 131072 5680.799 5680.799 5680.799 324.86517477559056 324.86517477559056 324.86517477559056 162.43258738779528 162.43258738779528 162.43258738779528
 7680 131072 6080.866 6080.866 6080.866 331.0821057395443 331.0821057395443 331.0821057395443 165.54105286977216 165.54105286977216 165.54105286977216
 8448 65536 3160.954 3160.954 3160.954 350.3044511245655 350.3044511245655 350.3044511245655 175.15222556228275 175.15222556228275 175.15222556228275
 9216 65536 3577.948 3577.948 3577.948 337.6123834108265 337.6123834108265 337.6123834108265 168.80619170541326 168.80619170541326 168.80619170541326
 10112 65536 4002.094 4002.094 4002.094 331.17664502632874 331.17664502632874 331.17664502632874 165.58832251316437 165.58832251316437 165.58832251316437
 11008 65536 4167.08 4167.08 4167.08 346.2473904988625 346.2473904988625 346.2473904988625 173.12369524943125 173.12369524943125 173.12369524943125
 12032 65536 4625.797 4625.797 4625.797 340.9268292577474 340.9268292577474 340.9268292577474 170.4634146288737 170.4634146288737 170.4634146288737
 13184 65536 5062.819 5062.819 5062.819 341.3223439352661 341.3223439352661 341.3223439352661 170.66117196763304 170.66117196763304 170.66117196763304
 14464 65536 5342.007 5342.007 5342.007 354.89010179133055 354.89010179133055 354.89010179133055 177.44505089566528 177.44505089566528 177.44505089566528
 15872 65536 5976.915 5976.915 5976.915 348.06832354149253 348.06832354149253 348.06832354149253 174.03416177074627 174.03416177074627 174.03416177074627
 17408 32768 3254.89 3254.89 3254.89 350.50360780241425 350.50360780241425 350.50360780241425 175.25180390120713 175.25180390120713 175.25180390120713
 19072 32768 3548.861 3548.861 3548.861 352.19823825165315 352.19823825165315 352.19823825165315 176.09911912582658 176.09911912582658 176.09911912582658
 20864 32768 3856.182 3856.182 3856.182 354.58469128272475 354.58469128272475 354.58469128272475 177.29234564136237 177.29234564136237 177.29234564136237
 22912 32768 4224.062 4224.062 4224.062 355.4779337992672 355.4779337992672 355.4779337992672 177.7389668996336 177.7389668996336 177.7389668996336
 25088 32768 4584.074 4584.074 4584.074 358.66942113063624 358.66942113063624 358.66942113063624 179.33471056531812 179.33471056531812 179.33471056531812
 27520 32768 5096.912 5096.912 5096.912 353.85164978324127 353.85164978324127 353.85164978324127 176.92582489162064 176.92582489162064 176.92582489162064
 30208 32768 5553.961 5553.961 5553.961 356.45037622698464 356.45037622698464 356.45037622698464 178.22518811349232 178.22518811349232 178.22518811349232
 33152 16384 3023.863 3023.863 3023.863 359.2506459452693 359.2506459452693 359.2506459452693 179.62532297263465 179.62532297263465 179.62532297263465
 36352 16384 3325.939 3325.939 3325.939 358.1491831329438 358.1491831329438 358.1491831329438 179.0745915664719 179.0745915664719 179.0745915664719
 39936 16384 3646.135 3646.135 3646.135 358.9068556156039 358.9068556156039 358.9068556156039 179.45342780780194 179.45342780780194 179.45342780780194
 43904 16384 4014.015 4014.015 4014.015 358.4058036654073 358.4058036654073 358.4058036654073 179.20290183270365 179.20290183270365 179.20290183270365
 48256 16384 4405.022 4405.022 4405.022 358.9658821227227 358.9658821227227 358.9658821227227 179.48294106136134 179.48294106136134 179.48294106136134
 52992 16384 4817.009 4817.009 4817.009 360.4813393539435 360.4813393539435 360.4813393539435 180.24066967697175 180.24066967697175 180.24066967697175
 58240 16384 5288.124 5288.124 5288.124 360.88569783915807 360.88569783915807 360.88569783915807 180.44284891957903 180.44284891957903 180.44284891957903
 64000 16384 5759.001 5759.001 5759.001 364.1520465094553 364.1520465094553 364.1520465094553 182.07602325472766 182.07602325472766 182.07602325472766
 70400 8192 3178.835 3178.835 3178.835 362.8478986798623 362.8478986798623 362.8478986798623 181.42394933993114 181.42394933993114 181.42394933993114
 77440 8192 3554.106 3554.106 3554.106 356.98905997738956 356.98905997738956 356.98905997738956 178.49452998869478 178.49452998869478 178.49452998869478
 85120 8192 3885.984 3885.984 3885.984 358.8810659024844 358.8810659024844 358.8810659024844 179.4405329512422 179.4405329512422 179.4405329512422
 93568 8192 4228.83 4228.83 4228.83 362.51589966964855 362.51589966964855 362.51589966964855 181.25794983482427 181.25794983482427 181.25794983482427
 102912 8192 4628.897 4628.897 4628.897 364.2574479406217 364.2574479406217 364.2574479406217 182.12872397031086 182.12872397031086 182.12872397031086
 113152 8192 5075.932 5075.932 5075.932 365.2299455548262 365.2299455548262 365.2299455548262 182.6149727774131 182.6149727774131 182.6149727774131
 124416 8192 5591.869 5591.869 5591.869 364.53496031469984 364.53496031469984 364.53496031469984 182.26748015734992 182.26748015734992 182.26748015734992
 136832 4096 3103.018 3103.018 3103.018 361.2379122518787 361.2379122518787 361.2379122518787 180.61895612593935 180.61895612593935 180.61895612593935
 150400 4096 3383.16 3383.16 3383.16 364.1792880029322 364.1792880029322 364.1792880029322 182.0896440014661 182.0896440014661 182.0896440014661
 165376 4096 3735.065 3735.065 3735.065 362.7139533046948 362.7139533046948 362.7139533046948 181.3569766523474 181.3569766523474 181.3569766523474
 181888 4096 4081.011 4081.011 4081.011 365.1120999183781 365.1120999183781 365.1120999183781 182.55604995918904 182.55604995918904 182.55604995918904
 200064 4096 4516.125 4516.125 4516.125 362.90498779373905 362.90498779373905 362.90498779373905 181.45249389686953 181.45249389686953 181.45249389686953
 220032 4096 4956.007 4956.007 4956.007 363.7004838774441 363.7004838774441 363.7004838774441 181.85024193872206 181.85024193872206 181.85024193872206
 241920 4096 5430.937 5430.937 5430.937 364.9109978627997 364.9109978627997 364.9109978627997 182.45549893139986 182.45549893139986 182.45549893139986
 266112 2048 2996.922 2996.922 2996.922 363.7047450684402 363.7047450684402 363.7047450684402 181.8523725342201 181.8523725342201 181.8523725342201
 292608 2048 3285.885 3285.885 3285.885 364.7487261422721 364.7487261422721 364.7487261422721 182.37436307113606 182.37436307113606 182.37436307113606
 321792 2048 3617.048 3617.048 3617.048 364.40214008771795 364.40214008771795 364.40214008771795 182.20107004385898 182.20107004385898 182.20107004385898
 353920 2048 3992.081 3992.081 3992.081 363.13299254198506 363.13299254198506 363.13299254198506 181.56649627099253 181.56649627099253 181.56649627099253
 389248 2048 4390.955 4390.955 4390.955 363.1009217812526 363.1009217812526 363.1009217812526 181.5504608906263 181.5504608906263 181.5504608906263
 428160 2048 4823.923 4823.923 4823.923 363.55127559042717 363.55127559042717 363.55127559042717 181.77563779521358 181.77563779521358 181.77563779521358
 470912 2048 5308.867 5308.867 5308.867 363.327156623061 363.327156623061 363.327156623061 181.6635783115305 181.6635783115305 181.6635783115305
 517888 2048 5830.05 5830.05 5830.05 363.8509529077795 363.8509529077795 363.8509529077795 181.92547645388976 181.92547645388976 181.92547645388976
 569600 1024 3211.021 3211.021 3211.021 363.2927969016708 363.2927969016708 363.2927969016708 181.6463984508354 181.6463984508354 181.6463984508354
 626560 1024 3538.847 3538.847 3538.847 362.60253127642983 362.60253127642983 362.60253127642983 181.30126563821491 181.30126563821491 181.30126563821491
 689152 1024 3890.038 3890.038 3890.038 362.81992515240205 362.81992515240205 362.81992515240205 181.40996257620102 181.40996257620102 181.40996257620102
 758016 1024 4271.03 4271.03 4271.03 363.4759690285482 363.4759690285482 363.4759690285482 181.7379845142741 181.7379845142741 181.7379845142741
 833792 1024 4704.952 4704.952 4704.952 362.93803124877786 362.93803124877786 362.93803124877786 181.46901562438893 181.46901562438893 181.46901562438893
 917120 1024 5164.146 5164.146 5164.146 363.7119787085803 363.7119787085803 363.7119787085803 181.85598935429016 181.85598935429016 181.85598935429016
 1008768 1024 5678.177 5678.177 5678.177 363.84157520979005 363.84157520979005 363.84157520979005 181.92078760489503 181.92078760489503 181.92078760489503
 1109632 512 3126.144 3126.144 3126.144 363.4711542398559 363.4711542398559 363.4711542398559 181.73557711992794 181.73557711992794 181.73557711992794
 1220480 512 3436.089 3436.089 3436.089 363.71919353660513 363.71919353660513 363.71919353660513 181.85959676830257 181.85959676830257 181.85959676830257
 1342464 512 3780.842 3780.842 3780.842 363.59179674792017 363.59179674792017 363.59179674792017 181.79589837396009 181.79589837396009 181.79589837396009
 1476608 512 4163.027 4163.027 4163.027 363.20845192692724 363.20845192692724 363.20845192692724 181.60422596346362 181.60422596346362 181.60422596346362
 1624192 512 4567.862 4567.862 4567.862 364.1030766691288 364.1030766691288 364.1030766691288 182.0515383345644 182.0515383345644 182.0515383345644
 1786496 512 5019.188 5019.188 5019.188 364.4756689727502 364.4756689727502 364.4756689727502 182.2378344863751 182.2378344863751 182.2378344863751
 1965056 512 5529.165 5529.165 5529.165 363.9278885690697 363.9278885690697 363.9278885690697 181.96394428453485 181.96394428453485 181.96394428453485
 2161536 256 3067.017 3067.017 3067.017 360.8413099764364 360.8413099764364 360.8413099764364 180.4206549882182 180.4206549882182 180.4206549882182
 2377600 256 3376.007 3376.007 3376.007 360.58313860131216 360.58313860131216 360.58313860131216 180.29156930065608 180.29156930065608 180.29156930065608
 2615296 256 3722.191 3722.191 3722.191 359.74283748469657 359.74283748469657 359.74283748469657 179.87141874234828 179.87141874234828 179.87141874234828
 2876800 256 4096.031 4096.031 4096.031 359.59727843856655 359.59727843856655 359.59727843856655 179.79863921928327 179.79863921928327 179.79863921928327
 3164416 256 4513.025 4513.025 4513.025 359.0011116712184 359.0011116712184 359.0011116712184 179.5005558356092 179.5005558356092 179.5005558356092
 3480832 256 5010.128 5010.128 5010.128 355.71665713929866 355.71665713929866 355.71665713929866 177.85832856964933 177.85832856964933 177.85832856964933
 3828864 256 5505.085 5505.085 5505.085 356.1031969533622 356.1031969533622 356.1031969533622 178.0515984766811 178.0515984766811 178.0515984766811
 4211712 128 3050.089 3050.089 3050.089 353.4973149963821 353.4973149963821 353.4973149963821 176.74865749819105 176.74865749819105 176.74865749819105
 4632832 128 3401.041 3401.041 3401.041 348.71822833067876 348.71822833067876 348.71822833067876 174.35911416533938 174.35911416533938 174.35911416533938
 5096064 128 3751.04 3751.04 3751.04 347.7948472956833 347.7948472956833 347.7948472956833 173.89742364784166 173.89742364784166 173.89742364784166
 5605632 128 4245.043 4245.043 4245.043 338.0511792224484 338.0511792224484 338.0511792224484 169.0255896112242 169.0255896112242 169.0255896112242
 6166144 128 4550.934 4550.934 4550.934 346.85909837409196 346.85909837409196 346.85909837409196 173.42954918704598 173.42954918704598 173.42954918704598
 6782720 128 5167.007 5167.007 5167.007 336.0507001442034 336.0507001442034 336.0507001442034 168.0253500721017 168.0253500721017 168.0253500721017
 7460992 128 5527.02 5527.02 5527.02 345.5775358149599 345.5775358149599 345.5775358149599 172.78876790747995 172.78876790747995 172.78876790747995
 8206976 128 6079.197 6079.197 6079.197 345.6025287550313 345.6025287550313 345.6025287550313 172.80126437751565 172.80126437751565 172.80126437751565
 9027584 64 3426.075 3426.075 3426.075 337.27538130367844 337.27538130367844 337.27538130367844 168.63769065183922 168.63769065183922 168.63769065183922
 9930240 64 3746.986 3746.986 3746.986 339.2248383100444 339.2248383100444 339.2248383100444 169.6124191550222 169.6124191550222 169.6124191550222
 10923264 64 4101.992 4101.992 4101.992 340.8533688022794 340.8533688022794 340.8533688022794 170.4266844011397 170.4266844011397 170.4266844011397
 12015488 64 4453.897 4453.897 4453.897 345.31163697768494 345.31163697768494 345.31163697768494 172.65581848884247 172.65581848884247 172.65581848884247
 13217024 64 4904.032 4904.032 4904.032 344.97716817508535 344.97716817508535 344.97716817508535 172.48858408754268 172.48858408754268 172.48858408754268
 14538624 64 5408.049 5408.049 5408.049 344.1063259596945 344.1063259596945 344.1063259596945 172.05316297984726 172.05316297984726 172.05316297984726
 15992448 64 5926.132 5926.132 5926.132 345.4248646503318 345.4248646503318 345.4248646503318 172.7124323251659 172.7124323251659 172.7124323251659
 17591680 32 3258.944 3258.944 3258.944 345.47004182950053 345.47004182950053 345.47004182950053 172.73502091475027 172.73502091475027 172.73502091475027
 19350784 32 3576.04 3576.04 3576.04 346.3188823391237 346.3188823391237 346.3188823391237 173.15944116956186 173.15944116956186 173.15944116956186
 21285760 32 3947.02 3947.02 3947.02 345.14358680726224 345.14358680726224 345.14358680726224 172.57179340363112 172.57179340363112 172.57179340363112
 23414272 32 4418.135 4418.135 4418.135 339.17329551948956 339.17329551948956 339.17329551948956 169.58664775974478 169.58664775974478 169.58664775974478
 25755648 32 4924.059 4924.059 4924.059 334.7566452798392 334.7566452798392 334.7566452798392 167.3783226399196 167.3783226399196 167.3783226399196
 28331136 32 5244.97 5244.97 5244.97 345.70125358200335 345.70125358200335 345.70125358200335 172.85062679100167 172.85062679100167 172.85062679100167
 31164160 32 5890.846 5890.846 5890.846 338.5772162436431 338.5772162436431 338.5772162436431 169.28860812182154 169.28860812182154 169.28860812182154
 34280576 16 3188.133 3188.133 3188.133 344.0817657230737 344.0817657230737 344.0817657230737 172.04088286153686 172.04088286153686 172.04088286153686
 37708544 16 3541.946 3541.946 3541.946 340.6809160839832 340.6809160839832 340.6809160839832 170.3404580419916 170.3404580419916 170.3404580419916
 41479296 16 3868.818 3868.818 3868.818 343.08604643588814 343.08604643588814 343.08604643588814 171.54302321794407 171.54302321794407 171.54302321794407
 45627136 16 4374.981 4374.981 4374.981 333.7313583761849 333.7313583761849 333.7313583761849 166.86567918809246 166.86567918809246 166.86567918809246
 50189824 16 4923.105 4923.105 4923.105 326.23199545815095 326.23199545815095 326.23199545815095 163.11599772907547 163.11599772907547 163.11599772907547
 55208704 16 5836.964 5836.964 5836.964 302.6707939264316 302.6707939264316 302.6707939264316 151.3353969632158 151.3353969632158 151.3353969632158
 60729472 16 6891.012 6891.012 6891.012 282.01127845953545 282.01127845953545 282.01127845953545 141.00563922976772 141.00563922976772 141.00563922976772
 66802304 16 9696.96 9696.96 9696.96 220.4478236478237 220.4478236478237 220.4478236478237 110.22391182391185 110.22391182391185 110.22391182391185
 73482496 8 7782.936 7782.936 7782.936 151.06380625512017 151.06380625512017 151.06380625512017 75.53190312756008 75.53190312756008 75.53190312756008
 80830720 8 10729.79 10729.79 10729.79 120.53278955133322 120.53278955133322 120.53278955133322 60.26639477566661 60.26639477566661 60.26639477566661
 88913792 8 13309.956 13309.956 13309.956 106.88395002958688 106.88395002958688 106.88395002958688 53.44197501479344 53.44197501479344 53.44197501479344
 97805056 8 15295.029 15295.029 15295.029 102.31303883111303 102.31303883111303 102.31303883111303 51.15651941555652 51.15651941555652 51.15651941555652
 107585536 8 17069.101 17069.101 17069.101 100.8470555069069 100.8470555069069 100.8470555069069 50.42352775345345 50.42352775345345 50.42352775345345
 118344064 8 18762.112 18762.112 18762.112 100.92174185933864 100.92174185933864 100.92174185933864 50.46087092966932 50.46087092966932 50.46087092966932
 130178432 8 20823.002 20823.002 20823.002 100.02663938657837 100.02663938657837 100.02663938657837 50.01331969328918 50.01331969328918 50.01331969328918
 143196160 4 11425.972 11425.972 11425.972 100.26011616342137 100.26011616342137 100.26011616342137 50.130058081710686 50.130058081710686 50.130058081710686
 157515776 4 12444.019 12444.019 12444.019 101.26360366373596 101.26360366373596 101.26360366373596 50.63180183186798 50.63180183186798 50.63180183186798
 173267328 4 13779.879 13779.879 13779.879 100.59149459875519 100.59149459875519 100.59149459875519 50.295747299377595 50.295747299377595 50.295747299377595
 190594048 4 15052.795 15052.795 15052.795 101.29363908828891 101.29363908828891 101.29363908828891 50.646819544144456 50.646819544144456 50.646819544144456
 209653376 4 16604.9 16604.9 16604.9 101.00795596480556 101.00795596480556 101.00795596480556 50.50397798240278 50.50397798240278 50.50397798240278
 230618624 4 18431.187 18431.187 18431.187 100.09930407629199 100.09930407629199 100.09930407629199 50.04965203814599 50.04965203814599 50.04965203814599
 253680384 4 20143.032 20143.032 20143.032 100.75161832637708 100.75161832637708 100.75161832637708 50.37580916318854 50.37580916318854 50.37580916318854
 279048320 2 11078.835 11078.835 11078.835 100.75005900891206 100.75005900891206 100.75005900891206 50.37502950445603 50.37502950445603 50.37502950445603
 306953088 2 12094.021 12094.021 12094.021 101.52226062779285 101.52226062779285 101.52226062779285 50.76113031389642 50.76113031389642 50.76113031389642
 337648384 2 13283.014 13283.014 13283.014 101.67824380822005 101.67824380822005 101.67824380822005 50.83912190411002 50.83912190411002 50.83912190411002
 371413120 2 14560.938 14560.938 14560.938 102.02999834213976 102.02999834213976 102.02999834213976 51.01499917106988 51.01499917106988 51.01499917106988
 408554368 2 15990.973 15990.973 15990.973 102.1962498467104 102.1962498467104 102.1962498467104 51.0981249233552 51.0981249233552 51.0981249233552
 449409792 2 17635.107 17635.107 17635.107 101.93525721165173 101.93525721165173 101.93525721165173 50.967628605825865 50.967628605825865 50.967628605825865
 494350720 2 19302.13 19302.13 19302.13 102.44480168768939 102.44480168768939 102.44480168768939 51.222400843844696 51.222400843844696 51.222400843844696
 543785728 1 10859.013 10859.013 10859.013 100.1538036652134 100.1538036652134 100.1538036652134 50.0769018326067 50.0769018326067 50.0769018326067
 598164224 1 11929.035 11929.035 11929.035 100.28711023146467 100.28711023146467 100.28711023146467 50.14355511573233 50.14355511573233 50.14355511573233
 657980544 1 13057.947 13057.947 13057.947 100.77855944736181 100.77855944736181 100.77855944736181 50.38927972368091 50.38927972368091 50.38927972368091
 723778560 1 14446.02 14446.02 14446.02 100.20456291767559 100.20456291767559 100.20456291767559 50.102281458837794 50.102281458837794 50.102281458837794
 796156416 1 15802.86 15802.86 15802.86 100.76105413830153 100.76105413830153 100.76105413830153 50.380527069150766 50.380527069150766 50.380527069150766
 875772032 1 17476.082 17476.082 17476.082 100.22521432435487 100.22521432435487 100.22521432435487 50.11260716217743 50.11260716217743 50.11260716217743
 963349120 1 19122.124 19122.124 19122.124 100.75754346117617 100.75754346117617 100.75754346117617 50.378771730588085 50.378771730588085 50.378771730588085
 1059683968 1 21080.017 21080.017 21080.017 100.53919482133246 100.53919482133246 100.53919482133246 50.26959741066623 50.26959741066623 50.26959741066623
 
META_DATA
 MPI startup(): shm:tmi fabric is unknown or has been removed from the product, please use ofi or shm:ofi instead
 FLOPS          8
 MPI_PROCS      8
 OPENMP_THREADS 2
 ERT_VERSION  1.1.0
 HOSTNAME  ('shas0420.rc.int.colorado.edu', [], ['10.225.6.135'])
 UNAME  uname_result(system='Linux', node='shas0420.rc.int.colorado.edu', release='3.10.0-957.27.2.el7.x86_64', version='#1 SMP Mon Jul 29 17:46:05 UTC 2019', machine='x86_64', processor='x86_64')
 TIMESTAMP_DATA  1664555434.3642657
 CONFIG  {'ERT_RESULTS': ['lab5_results'], 'ERT_DRIVER': ['driver1'], 'ERT_KERNEL': ['kernel1'], 'ERT_MPI': ['True'], 'ERT_MPI_CFLAGS': ['-I/usr/include/mpi'], 'ERT_MPI_LDFLAGS': ['-lmpi'], 'ERT_OPENMP': ['True'], 'ERT_OPENMP_CFLAGS': ['-qopenmp'], 'ERT_OPENMP_LDFLAGS': ['-qopenmp'], 'ERT_FLOPS': ['1,2,4,8,16'], 'ERT_ALIGN': ['32'], 'ERT_CC': ['mpicc'], 'ERT_CFLAGS': ['-O3', '-msse3', '-axSSE3', '-xSSE3', '-fno-alias', '-fno-fnalias', '-DERT_INTEL', '-std=c++11'], 'ERT_LD': ['mpicc'], 'ERT_LDFLAGS': [], 'ERT_LDLIBS': [], 'ERT_PRECISION': ['FP64'], 'ERT_RUN': ['export', 'OMP_NUM_THREADS=ERT_OPENMP_THREADS;', 'mpirun', '-np', 'ERT_MPI_PROCS', 'ERT_CODE'], 'ERT_PROCS_THREADS': ['1-24'], 'ERT_MPI_PROCS': ['1,2,4,8,12,24'], 'ERT_OPENMP_THREADS': ['1,2,4,8,12,24'], 'ERT_NUM_EXPERIMENTS': ['1'], 'ERT_MEMORY_MAX': ['1073741824'], 'ERT_WORKING_SET_MIN': ['1'], 'ERT_TRIALS_MIN': ['1'], 'ERT_GNUPLOT': ['gnuplot'], 'ERT_GPU': [False], 'ERT_HIP': [False], 'ERT_OCL': [False], 'ERT_SYCL': [False], 'ERT_WSS_MULT': [1.1]}
 