fp64
 96 8388608 49597.025 49597.025 49597.025 32.473978751749726 32.473978751749726 32.473978751749726 8.118494687937432 8.118494687937432 8.118494687937432
 192 4194304 26229.143 26229.143 26229.143 61.40546551597206 61.40546551597206 61.40546551597206 15.351366378993015 15.351366378993015 15.351366378993015
 288 2097152 13119.936 13119.936 13119.936 92.07053692944842 92.07053692944842 92.07053692944842 23.017634232362106 23.017634232362106 23.017634232362106
 384 2097152 13130.188 13130.188 13130.188 122.66486481381683 122.66486481381683 122.66486481381683 30.66621620345421 30.66621620345421 30.66621620345421
 480 2097152 13221.979 13221.979 13221.979 152.2666100135237 152.2666100135237 152.2666100135237 38.06665250338092 38.06665250338092 38.06665250338092
 576 1048576 6709.099 6709.099 6709.099 180.0479545763149 180.0479545763149 180.0479545763149 45.01198864407873 45.01198864407873 45.01198864407873
 672 1048576 6608.009 6608.009 6608.009 213.26940444542373 213.26940444542373 213.26940444542373 53.31735111135593 53.31735111135593 53.31735111135593
 768 1048576 6653.07 6653.07 6653.07 242.08564407108298 242.08564407108298 242.08564407108298 60.521411017770745 60.521411017770745 60.521411017770745
 864 1048576 7658.005 7658.005 7658.005 236.6072270780706 236.6072270780706 236.6072270780706 59.15180676951765 59.15180676951765 59.15180676951765
 960 1048576 7518.053 7518.053 7518.053 267.7908655339354 267.7908655339354 267.7908655339354 66.94771638348385 66.94771638348385 66.94771638348385
 1056 524288 4369.02 4369.02 4369.02 253.44270706016448 253.44270706016448 253.44270706016448 63.36067676504112 63.36067676504112 63.36067676504112
 1152 524288 4326.82 4326.82 4326.82 279.17952491668245 279.17952491668245 279.17952491668245 69.79488122917061 69.79488122917061 69.79488122917061
 1248 524288 4925.013 4925.013 4925.013 265.7095215789278 265.7095215789278 265.7095215789278 66.42738039473195 66.42738039473195 66.42738039473195
 1344 524288 4838.943 4838.943 4838.943 291.23842624308656 291.23842624308656 291.23842624308656 72.80960656077164 72.80960656077164 72.80960656077164
 1440 524288 5474.806 5474.806 5474.806 275.79962468076496 275.79962468076496 275.79962468076496 68.94990617019124 68.94990617019124 68.94990617019124
 1536 524288 3721.952 3721.952 3721.952 432.73334422367617 432.73334422367617 432.73334422367617 108.18333605591904 108.18333605591904 108.18333605591904
 1632 524288 4375.935 4375.935 4375.935 391.0652310877561 391.0652310877561 391.0652310877561 97.76630777193903 97.76630777193903 97.76630777193903
 1728 524288 4512.072 4512.072 4512.072 401.5758897464402 401.5758897464402 401.5758897464402 100.39397243661006 100.39397243661006 100.39397243661006
 1824 524288 5069.971 5069.971 5069.971 377.2413341220295 377.2413341220295 377.2413341220295 94.31033353050738 94.31033353050738 94.31033353050738
 1920 524288 5069.017 5069.017 5069.017 397.17087553661787 397.17087553661787 397.17087553661787 99.29271888415447 99.29271888415447 99.29271888415447
 2112 262144 2829.075 2829.075 2829.075 391.3986925055009 391.3986925055009 391.3986925055009 97.84967312637522 97.84967312637522 97.84967312637522
 2304 262144 3038.168 3038.168 3038.168 397.5947189227192 397.5947189227192 397.5947189227192 99.3986797306798 99.3986797306798 99.3986797306798
 2496 262144 3284.931 3284.931 3284.931 398.37148725498344 398.37148725498344 398.37148725498344 99.59287181374586 99.59287181374586 99.59287181374586
 2688 262144 3551.96 3551.96 3551.96 396.76295453777635 396.76295453777635 396.76295453777635 99.19073863444409 99.19073863444409 99.19073863444409
 2880 262144 3795.147 3795.147 3795.147 397.8632290132635 397.8632290132635 397.8632290132635 99.46580725331587 99.46580725331587 99.46580725331587
 3168 262144 3814.936 3814.936 3814.936 435.3793573470171 435.3793573470171 435.3793573470171 108.84483933675428 108.84483933675428 108.84483933675428
 3456 262144 4156.113 4156.113 4156.113 435.96969764777805 435.96969764777805 435.96969764777805 108.99242441194451 108.99242441194451 108.99242441194451
 3744 262144 4792.213 4792.213 4792.213 409.6091455033405 409.6091455033405 409.6091455033405 102.40228637583513 102.40228637583513 102.40228637583513
 4032 262144 4897.118 4897.118 4897.118 431.66801698468356 431.66801698468356 431.66801698468356 107.91700424617089 107.91700424617089 107.91700424617089
 4416 131072 2698.898 2698.898 2698.898 428.92614096568303 428.92614096568303 428.92614096568303 107.23153524142076 107.23153524142076 107.23153524142076
 4800 131072 2641.916 2641.916 2641.916 476.2797908790438 476.2797908790438 476.2797908790438 119.06994771976095 119.06994771976095 119.06994771976095
 5280 131072 3149.986 3149.986 3149.986 439.4052291026056 439.4052291026056 439.4052291026056 109.8513072756514 109.8513072756514 109.8513072756514
 5760 131072 3317.118 3317.118 3317.118 455.19919399912817 455.19919399912817 455.19919399912817 113.79979849978204 113.79979849978204 113.79979849978204
 6336 131072 3388.882 3388.882 3388.882 490.11573256312846 490.11573256312846 490.11573256312846 122.52893314078212 122.52893314078212 122.52893314078212
 6912 131072 3883.839 3883.839 3883.839 466.533068955742 466.533068955742 466.533068955742 116.6332672389355 116.6332672389355 116.6332672389355
 7584 131072 4411.936 4411.936 4411.936 450.6185257447071 450.6185257447071 450.6185257447071 112.65463143617677 112.65463143617677 112.65463143617677
 8256 65536 2276.897 2276.897 2276.897 475.2654301007029 475.2654301007029 475.2654301007029 118.81635752517572 118.81635752517572 118.81635752517572
 9024 65536 2483.13 2483.13 2483.13 476.3317780382018 476.3317780382018 476.3317780382018 119.08294450955044 119.08294450955044 119.08294450955044
 9888 65536 2677.917 2677.917 2677.917 483.9731537609269 483.9731537609269 483.9731537609269 120.99328844023172 120.99328844023172 120.99328844023172
 10848 65536 2804.995 2804.995 2804.995 506.906092880736 506.906092880736 506.906092880736 126.726523220184 126.726523220184 126.726523220184
 11904 65536 3145.933 3145.933 3145.933 495.9676789047955 495.9676789047955 495.9676789047955 123.99191972619887 123.99191972619887 123.99191972619887
 13056 65536 3422.022 3422.022 3422.022 500.0774489468507 500.0774489468507 500.0774489468507 125.01936223671268 125.01936223671268 125.01936223671268
 14304 65536 3772.974 3772.974 3772.974 496.91672616879947 496.91672616879947 496.91672616879947 124.22918154219987 124.22918154219987 124.22918154219987
 15648 65536 4029.989 4029.989 4029.989 508.93802836682676 508.93802836682676 508.93802836682676 127.23450709170669 127.23450709170669 127.23450709170669
 17184 32768 2206.087 2206.087 2206.087 510.48332364045484 510.48332364045484 510.48332364045484 127.62083091011371 127.62083091011371 127.62083091011371
 18816 32768 2382.994 2382.994 2382.994 517.4689386544825 517.4689386544825 517.4689386544825 129.36723466362062 129.36723466362062 129.36723466362062
 20640 32768 3359.079 3359.079 3359.079 402.6886655538616 402.6886655538616 402.6886655538616 100.6721663884654 100.6721663884654 100.6721663884654
 22656 32768 2913.952 2913.952 2913.952 509.54292177770947 509.54292177770947 509.54292177770947 127.38573044442737 127.38573044442737 127.38573044442737
 24864 32768 3140.926 3140.926 3140.926 518.791943522388 518.791943522388 518.791943522388 129.697985880597 129.697985880597 129.697985880597
 27264 32768 3448.009 3448.009 3448.009 518.2044200000638 518.2044200000638 518.2044200000638 129.55110500001595 129.55110500001595 129.55110500001595
 29952 32768 3758.192 3758.192 3758.192 522.3081396586443 522.3081396586443 522.3081396586443 130.57703491466108 130.57703491466108 130.57703491466108
 32928 16384 2072.096 2072.096 2072.096 520.7213874260652 520.7213874260652 520.7213874260652 130.1803468565163 130.1803468565163 130.1803468565163
 36192 16384 2269.03 2269.03 2269.03 522.6636298330124 522.6636298330124 522.6636298330124 130.6659074582531 130.6659074582531 130.6659074582531
 39744 16384 2493.143 2493.143 2493.143 522.3653003457883 522.3653003457883 522.3653003457883 130.59132508644709 130.59132508644709 130.59132508644709
 43680 16384 2726.078 2726.078 2726.078 525.042291526508 525.042291526508 525.042291526508 131.260572881627 131.260572881627 131.260572881627
 48000 16384 2966.166 2966.166 2966.166 530.2683666389541 530.2683666389541 530.2683666389541 132.56709165973854 132.56709165973854 132.56709165973854
 52800 16384 3268.003 3268.003 3268.003 529.4213010208375 529.4213010208375 529.4213010208375 132.35532525520938 132.35532525520938 132.35532525520938
 58080 16384 3710.985 3710.985 3710.985 512.8464383445365 512.8464383445365 512.8464383445365 128.21160958613413 128.21160958613413 128.21160958613413
 63840 16384 4036.903 4036.903 4036.903 518.1965283783138 518.1965283783138 518.1965283783138 129.54913209457845 129.54913209457845 129.54913209457845
 70176 8192 2172.947 2172.947 2172.947 529.1263818215539 529.1263818215539 529.1263818215539 132.28159545538847 132.28159545538847 132.28159545538847
 77184 8192 2370.119 2370.119 2370.119 533.552389563562 533.552389563562 533.552389563562 133.3880973908905 133.3880973908905 133.3880973908905
 84864 8192 2601.862 2601.862 2601.862 534.3910537914771 534.3910537914771 534.3910537914771 133.59776344786928 133.59776344786928 133.59776344786928
 93312 8192 2879.858 2879.858 2879.858 530.8677747305596 530.8677747305596 530.8677747305596 132.7169436826399 132.7169436826399 132.7169436826399
 102624 8192 3151.894 3151.894 3151.894 533.4543661684055 533.4543661684055 533.4543661684055 133.36359154210137 133.36359154210137 133.36359154210137
 112800 8192 3458.977 3458.977 3458.977 534.2953133252983 534.2953133252983 534.2953133252983 133.57382833132456 133.57382833132456 133.57382833132456
 124032 8192 3844.023 3844.023 3844.023 528.6493571968741 528.6493571968741 528.6493571968741 132.16233929921853 132.16233929921853 132.16233929921853
 136416 4096 2089.024 2089.024 2089.024 534.9483165344199 534.9483165344199 534.9483165344199 133.73707913360496 133.73707913360496 133.73707913360496
 150048 4096 2319.813 2319.813 2319.813 529.8673712062136 529.8673712062136 529.8673712062136 132.4668428015534 132.4668428015534 132.4668428015534
 165024 4096 2547.979 2547.979 2547.979 530.568190711148 530.568190711148 530.568190711148 132.642047677787 132.642047677787 132.642047677787
 181440 4096 2799.988 2799.988 2799.988 530.8438750451788 530.8438750451788 530.8438750451788 132.7109687612947 132.7109687612947 132.7109687612947
 199584 4096 3077.984 3077.984 3077.984 531.1892875336584 531.1892875336584 531.1892875336584 132.7973218834146 132.7973218834146 132.7973218834146
 219456 4096 3399.849 3399.849 3399.849 528.7833524371229 528.7833524371229 528.7833524371229 132.19583810928071 132.19583810928071 132.19583810928071
 241344 4096 3711.939 3711.939 3711.939 532.6299941890209 532.6299941890209 532.6299941890209 133.15749854725522 133.15749854725522 133.15749854725522
 265440 2048 2064.943 2064.943 2064.943 526.5240929168505 526.5240929168505 526.5240929168505 131.63102322921262 131.63102322921262 131.63102322921262
 291936 2048 2240.896 2240.896 2240.896 533.6123836179814 533.6123836179814 533.6123836179814 133.40309590449536 133.40309590449536 133.40309590449536
 321120 2048 2466.917 2466.917 2466.917 533.1786679486987 533.1786679486987 533.1786679486987 133.29466698717468 133.29466698717468 133.29466698717468
 353184 2048 2727.985 2727.985 2727.985 530.2967809573732 530.2967809573732 530.2967809573732 132.5741952393433 132.5741952393433 132.5741952393433
 388416 2048 2994.061 2994.061 2994.061 531.3692459839663 531.3692459839663 531.3692459839663 132.84231149599157 132.84231149599157 132.84231149599157
 427200 2048 3575.087 3575.087 3575.087 489.445767333774 489.445767333774 489.445767333774 122.3614418334435 122.3614418334435 122.3614418334435
 469920 2048 4025.221 4025.221 4025.221 478.1830165349927 478.1830165349927 478.1830165349927 119.54575413374818 119.54575413374818 119.54575413374818
 516864 2048 4431.009 4431.009 4431.009 477.78619813229903 477.78619813229903 477.78619813229903 119.44654953307476 119.44654953307476 119.44654953307476
 568512 1024 2434.015 2434.015 2434.015 478.3506165738502 478.3506165738502 478.3506165738502 119.58765414346254 119.58765414346254 119.58765414346254
 625344 1024 2685.785 2685.785 2685.785 476.84550773796116 476.84550773796116 476.84550773796116 119.21137693449029 119.21137693449029 119.21137693449029
 687840 1024 2944.946 2944.946 2944.946 478.3436844003252 478.3436844003252 478.3436844003252 119.5859211000813 119.5859211000813 119.5859211000813
 756576 1024 3233.91 3233.91 3233.91 479.1313450281548 479.1313450281548 479.1313450281548 119.7828362570387 119.7828362570387 119.7828362570387
 832224 1024 3563.881 3563.881 3563.881 478.24120726814397 478.24120726814397 478.24120726814397 119.56030181703599 119.56030181703599 119.56030181703599
 915360 1024 3921.032 3921.032 3921.032 478.1030300186277 478.1030300186277 478.1030300186277 119.52575750465692 119.52575750465692 119.52575750465692
 1006848 1024 4297.972 4297.972 4297.972 479.7669002962328 479.7669002962328 479.7669002962328 119.9417250740582 119.9417250740582 119.9417250740582
 1107456 512 2363.92 2363.92 2363.92 479.72644759551923 479.72644759551923 479.72644759551923 119.93161189887981 119.93161189887981 119.93161189887981
 1218144 512 2597.809 2597.809 2597.809 480.1659613928506 480.1659613928506 480.1659613928506 120.04149034821265 120.04149034821265 120.04149034821265
 1339872 512 2863.884 2863.884 2863.884 479.0797839577301 479.0797839577301 479.0797839577301 119.76994598943253 119.76994598943253 119.76994598943253
 1473792 512 3163.099 3163.099 3163.099 477.11532519216127 477.11532519216127 477.11532519216127 119.27883129804032 119.27883129804032 119.27883129804032
 1621152 512 3472.09 3472.09 3472.09 478.1153852578706 478.1153852578706 478.1153852578706 119.52884631446766 119.52884631446766 119.52884631446766
 1783200 512 3829.002 3829.002 3829.002 476.88583082484683 476.88583082484683 476.88583082484683 119.22145770621171 119.22145770621171 119.22145770621171
 1961472 512 4212.856 4212.856 4212.856 476.7661956639392 476.7661956639392 476.7661956639392 119.1915489159848 119.1915489159848 119.1915489159848
 2157600 256 2317.19 2317.19 2317.19 476.73742766022633 476.73742766022633 476.73742766022633 119.18435691505658 119.18435691505658 119.18435691505658
 2373312 256 2544.88 2544.88 2544.88 477.4825311998993 477.4825311998993 477.4825311998993 119.37063279997483 119.37063279997483 119.37063279997483
 2610624 256 2809.048 2809.048 2809.048 475.83362334855093 475.83362334855093 475.83362334855093 118.95840583713773 118.95840583713773 118.95840583713773
 2871648 256 3089.905 3089.905 3089.905 475.83462145276314 475.83462145276314 475.83462145276314 118.95865536319079 118.95865536319079 118.95865536319079
 3158784 256 3440.857 3440.857 3440.857 470.0274983819438 470.0274983819438 470.0274983819438 117.50687459548595 117.50687459548595 117.50687459548595
 3474624 256 4736.185 4736.185 4736.185 375.6203543569349 375.6203543569349 375.6203543569349 93.90508858923373 93.90508858923373 93.90508858923373
 3822048 256 5248.07 5248.07 5248.07 372.8777581091716 372.8777581091716 372.8777581091716 93.2194395272929 93.2194395272929 93.2194395272929
 4204224 128 2963.066 2963.066 2963.066 363.23232219599566 363.23232219599566 363.23232219599566 90.80808054899892 90.80808054899892 90.80808054899892
 4624608 128 3253.937 3253.937 3253.937 363.8360693522954 363.8360693522954 363.8360693522954 90.95901733807385 90.95901733807385 90.95901733807385
 5087040 128 3592.014 3592.014 3592.014 362.54932191244245 362.54932191244245 362.54932191244245 90.63733047811061 90.63733047811061 90.63733047811061
 5595744 128 3944.874 3944.874 3944.874 363.1321213301109 363.1321213301109 363.1321213301109 90.78303033252773 90.78303033252773 90.78303033252773
 6155232 128 4336.119 4336.119 4336.119 363.3985580192795 363.3985580192795 363.3985580192795 90.84963950481988 90.84963950481988 90.84963950481988
 6770688 128 4975.08 4975.08 4975.08 348.39562941701445 348.39562941701445 348.39562941701445 87.09890735425361 87.09890735425361 87.09890735425361
 7447680 128 5254.03 5254.03 5254.03 362.88450579840617 362.88450579840617 362.88450579840617 90.72112644960154 90.72112644960154 90.72112644960154
 8192448 128 5809.069 5809.069 5809.069 361.0331858685101 361.0331858685101 361.0331858685101 90.25829646712752 90.25829646712752 90.25829646712752
 9011616 64 3175.02 3175.02 3175.02 363.3006557439008 363.3006557439008 363.3006557439008 90.8251639359752 90.8251639359752 90.8251639359752
 9912768 64 3494.978 3494.978 3494.978 363.0450045751361 363.0450045751361 363.0450045751361 90.76125114378402 90.76125114378402 90.76125114378402
 10903968 64 3843.069 3843.069 3843.069 363.17534345597227 363.17534345597227 363.17534345597227 90.79383586399307 90.79383586399307 90.79383586399307
 11994336 64 4235.029 4235.029 4235.029 362.5181806311125 362.5181806311125 362.5181806311125 90.62954515777813 90.62954515777813 90.62954515777813
 13193760 64 4646.063 4646.063 4646.063 363.4908265342076 363.4908265342076 363.4908265342076 90.8727066335519 90.8727066335519 90.8727066335519
 14513088 64 5115.032 5115.032 5115.032 363.17959770339655 363.17959770339655 363.17959770339655 90.79489942584914 90.79489942584914 90.79489942584914
 15964320 64 5633.116 5633.116 5633.116 362.7535736881684 362.7535736881684 362.7535736881684 90.6883934220421 90.6883934220421 90.6883934220421
 17560704 32 3118.038 3118.038 3118.038 360.4462344589771 360.4462344589771 360.4462344589771 90.11155861474427 90.11155861474427 90.11155861474427
 19316736 32 3509.998 3509.998 3509.998 352.2141904354362 352.2141904354362 352.2141904354362 88.05354760885905 88.05354760885905 88.05354760885905
 21248352 32 3748.178 3748.178 3748.178 362.81482042741834 362.81482042741834 362.81482042741834 90.70370510685458 90.70370510685458 90.70370510685458
 23373120 32 4131.079 4131.079 4131.079 362.10386681058395 362.10386681058395 362.10386681058395 90.52596670264599 90.52596670264599 90.52596670264599
 25710432 32 4534.006 4534.006 4534.006 362.9169542342908 362.9169542342908 362.9169542342908 90.7292385585727 90.7292385585727 90.7292385585727
 28281408 32 5051.851 5051.851 5051.851 358.28651953511695 358.28651953511695 358.28651953511695 89.57162988377924 89.57162988377924 89.57162988377924
 31109472 32 5497.932 5497.932 5497.932 362.13729234919606 362.13729234919606 362.13729234919606 90.53432308729901 90.53432308729901 90.53432308729901
 34220352 16 3019.81 3019.81 3019.81 362.62257029415764 362.62257029415764 362.62257029415764 90.65564257353941 90.65564257353941 90.65564257353941
 37642368 16 3395.081 3395.081 3395.081 354.79441462515916 354.79441462515916 354.79441462515916 88.69860365628979 88.69860365628979 88.69860365628979
 41406528 16 3771.067 3771.067 3771.067 351.36180184547237 351.36180184547237 351.36180184547237 87.84045046136809 87.84045046136809 87.84045046136809
 45547104 16 4088.879 4088.879 4088.879 356.4564586039352 356.4564586039352 356.4564586039352 89.1141146509838 89.1141146509838 89.1141146509838
 50101728 16 4605.055 4605.055 4605.055 348.15117213583767 348.15117213583767 348.15117213583767 87.03779303395942 87.03779303395942 87.03779303395942
 55111872 16 5528.927 5528.927 5528.927 318.9732662413521 318.9732662413521 318.9732662413521 79.74331656033803 79.74331656033803 79.74331656033803
 60623040 16 6999.969 6999.969 6999.969 277.1351244555512 277.1351244555512 277.1351244555512 69.2837811138878 69.2837811138878 69.2837811138878
 66685344 16 9829.998 9829.998 9829.998 217.08356481862967 217.08356481862967 217.08356481862967 54.27089120465742 54.27089120465742 54.27089120465742
 73353792 8 8572.102 8572.102 8572.102 136.91632134101994 136.91632134101994 136.91632134101994 34.229080335254984 34.229080335254984 34.229080335254984
 80689152 8 10987.997 10987.997 10987.997 117.4942468586404 117.4942468586404 117.4942468586404 29.3735617146601 29.3735617146601 29.3735617146601
 88758048 8 12748.957 12748.957 12748.957 111.39176075344831 111.39176075344831 111.39176075344831 27.847940188362077 27.847940188362077 27.847940188362077
 97633824 8 14527.082 14527.082 14527.082 107.53303271778874 107.53303271778874 107.53303271778874 26.883258179447186 26.883258179447186 26.883258179447186
 107397120 8 16319.99 16319.99 16319.99 105.29135863441093 105.29135863441093 105.29135863441093 26.32283965860273 26.32283965860273 26.32283965860273
 118136832 8 18565.893 18565.893 18565.893 101.80977085239046 101.80977085239046 101.80977085239046 25.452442713097614 25.452442713097614 25.452442713097614
 129950496 8 20483.017 20483.017 20483.017 101.50887127614062 101.50887127614062 101.50887127614062 25.377217819035156 25.377217819035156 25.377217819035156
 142945536 4 11323.929 11323.929 11323.929 100.98652932211074 100.98652932211074 100.98652932211074 25.246632330527685 25.246632330527685 25.246632330527685
 157240032 4 12361.05 12361.05 12361.05 101.76483842392031 101.76483842392031 101.76483842392031 25.441209605980077 25.441209605980077 25.441209605980077
 172963968 4 13509.989 13509.989 13509.989 102.42138198632138 102.42138198632138 102.42138198632138 25.605345496580345 25.605345496580345 25.605345496580345
 190260288 4 14756.203 14756.203 14756.203 103.14864223540434 103.14864223540434 103.14864223540434 25.787160558851085 25.787160558851085 25.787160558851085
 209286240 4 16422.033 16422.033 16422.033 101.95387623444674 101.95387623444674 101.95387623444674 25.488469058611685 25.488469058611685 25.488469058611685
 230214816 4 18033.028 18033.028 18033.028 102.13029825052121 102.13029825052121 102.13029825052121 25.532574562630302 25.532574562630302 25.532574562630302
 253236288 4 19870.043 19870.043 19870.043 101.95701660031635 101.95701660031635 101.95701660031635 25.489254150079088 25.489254150079088 25.489254150079088
 278559840 2 10864.973 10864.973 10864.973 102.55334826878999 102.55334826878999 102.55334826878999 25.638337067197497 25.638337067197497 25.638337067197497
 306415776 2 11920.929 11920.929 11920.929 102.81607280774844 102.81607280774844 102.81607280774844 25.70401820193711 25.70401820193711 25.70401820193711
 337057344 2 13136.148 13136.148 13136.148 102.63506288144744 102.63506288144744 102.63506288144744 25.65876572036186 25.65876572036186 25.65876572036186
 370763040 2 14906.883 14906.883 14906.883 99.48774401731066 99.48774401731066 99.48774401731066 24.871936004327665 24.871936004327665 24.871936004327665
 407839296 2 15900.85 15900.85 15900.85 102.59559608448605 102.59559608448605 102.59559608448605 25.64889902112151 25.64889902112151 25.64889902112151
 448623168 2 17522.097 17522.097 17522.097 102.4131228128688 102.4131228128688 102.4131228128688 25.6032807032172 25.6032807032172 25.6032807032172
 493485408 2 19300.938 19300.938 19300.938 102.27179798204628 102.27179798204628 102.27179798204628 25.56794949551157 25.56794949551157 25.56794949551157
 542833920 1 10641.098 10641.098 10641.098 102.02592251288354 102.02592251288354 102.02592251288354 25.506480628220885 25.506480628220885 25.506480628220885
 597117312 1 11723.042 11723.042 11723.042 101.87071103217066 101.87071103217066 101.87071103217066 25.467677758042665 25.467677758042665 25.467677758042665
 656829024 1 12881.994 12881.994 12881.994 101.97629714778627 101.97629714778627 101.97629714778627 25.494074286946567 25.494074286946567 25.494074286946567
 722511840 1 14119.864 14119.864 14119.864 102.33977324427488 102.33977324427488 102.33977324427488 25.58494331106872 25.58494331106872 25.58494331106872
 794762976 1 15718.937 15718.937 15718.937 101.1217203809647 101.1217203809647 101.1217203809647 25.280430095241176 25.280430095241176 25.280430095241176
 874239264 1 17215.014 17215.014 17215.014 101.56706976828481 101.56706976828481 101.56706976828481 25.391767442071203 25.391767442071203 25.391767442071203
 961663104 1 18728.018 18728.018 18728.018 102.69779791967308 102.69779791967308 102.69779791967308 25.67444947991827 25.67444947991827 25.67444947991827
 1057829376 1 20693.064 20693.064 20693.064 102.23999461848666 102.23999461848666 102.23999461848666 25.559998654621666 25.559998654621666 25.559998654621666
 
META_DATA
 MPI startup(): shm:tmi fabric is unknown or has been removed from the product, please use ofi or shm:ofi instead
 FLOPS          4
 MPI_PROCS      1
 OPENMP_THREADS 12
 ERT_VERSION  1.1.0
 HOSTNAME  ('shas0420.rc.int.colorado.edu', [], ['10.225.6.135'])
 UNAME  uname_result(system='Linux', node='shas0420.rc.int.colorado.edu', release='3.10.0-957.27.2.el7.x86_64', version='#1 SMP Mon Jul 29 17:46:05 UTC 2019', machine='x86_64', processor='x86_64')
 TIMESTAMP_DATA  1664555099.891992
 CONFIG  {'ERT_RESULTS': ['lab5_results'], 'ERT_DRIVER': ['driver1'], 'ERT_KERNEL': ['kernel1'], 'ERT_MPI': ['True'], 'ERT_MPI_CFLAGS': ['-I/usr/include/mpi'], 'ERT_MPI_LDFLAGS': ['-lmpi'], 'ERT_OPENMP': ['True'], 'ERT_OPENMP_CFLAGS': ['-qopenmp'], 'ERT_OPENMP_LDFLAGS': ['-qopenmp'], 'ERT_FLOPS': ['1,2,4,8,16'], 'ERT_ALIGN': ['32'], 'ERT_CC': ['mpicc'], 'ERT_CFLAGS': ['-O3', '-msse3', '-axSSE3', '-xSSE3', '-fno-alias', '-fno-fnalias', '-DERT_INTEL', '-std=c++11'], 'ERT_LD': ['mpicc'], 'ERT_LDFLAGS': [], 'ERT_LDLIBS': [], 'ERT_PRECISION': ['FP64'], 'ERT_RUN': ['export', 'OMP_NUM_THREADS=ERT_OPENMP_THREADS;', 'mpirun', '-np', 'ERT_MPI_PROCS', 'ERT_CODE'], 'ERT_PROCS_THREADS': ['1-24'], 'ERT_MPI_PROCS': ['1,2,4,8,12,24'], 'ERT_OPENMP_THREADS': ['1,2,4,8,12,24'], 'ERT_NUM_EXPERIMENTS': ['1'], 'ERT_MEMORY_MAX': ['1073741824'], 'ERT_WORKING_SET_MIN': ['1'], 'ERT_TRIALS_MIN': ['1'], 'ERT_GNUPLOT': ['gnuplot'], 'ERT_GPU': [False], 'ERT_HIP': [False], 'ERT_OCL': [False], 'ERT_SYCL': [False], 'ERT_WSS_MULT': [1.1]}
 