fp64
 96 8388608 127696.037 127696.037 127696.037 12.612863905870471 12.612863905870471 12.612863905870471 0.7883039941169044 0.7883039941169044 0.7883039941169044
 192 4194304 75989.008 75989.008 75989.008 21.195338357358214 21.195338357358214 21.195338357358214 1.3247086473348884 1.3247086473348884 1.3247086473348884
 288 2097152 49999.952 49999.952 49999.952 24.159214232845663 24.159214232845663 24.159214232845663 1.509950889552854 1.509950889552854 1.509950889552854
 384 2097152 78998.089 78998.089 78998.089 20.387996170388373 20.387996170388373 20.387996170388373 1.2742497606492733 1.2742497606492733 1.2742497606492733
 480 2097152 80346.107 80346.107 80346.107 25.057417156502677 25.057417156502677 25.057417156502677 1.5660885722814173 1.5660885722814173 1.5660885722814173
 576 1048576 82998.991 82998.991 82998.991 14.553906468573818 14.553906468573818 14.553906468573818 0.9096191542858636 0.9096191542858636 0.9096191542858636
 672 1048576 79001.904 79001.904 79001.904 17.838635180235656 17.838635180235656 17.838635180235656 1.1149146987647285 1.1149146987647285 1.1149146987647285
 768 1048576 72538.853 72538.853 72538.853 22.20344917778063 22.20344917778063 22.20344917778063 1.3877155736112894 1.3877155736112894 1.3877155736112894
 864 1048576 75004.101 75004.101 75004.101 24.15787008766361 24.15787008766361 24.15787008766361 1.5098668804789757 1.5098668804789757 1.5098668804789757
 960 1048576 78999.043 78999.043 78999.043 25.48468745374548 25.48468745374548 25.48468745374548 1.5927929658590925 1.5927929658590925 1.5927929658590925
 1056 524288 51794.052 51794.052 51794.052 21.378830449488678 21.378830449488678 21.378830449488678 1.3361769030930424 1.3361769030930424 1.3361769030930424
 1152 524288 92000.008 92000.008 92000.008 13.129993988696173 13.129993988696173 13.129993988696173 0.8206246242935108 0.8206246242935108 0.8206246242935108
 1248 524288 72999.001 72999.001 72999.001 17.926585707659203 17.926585707659203 17.926585707659203 1.1204116067287002 1.1204116067287002 1.1204116067287002
 1344 524288 73998.928 73998.928 73998.928 19.044683241897772 19.044683241897772 19.044683241897772 1.1902927026186108 1.1902927026186108 1.1902927026186108
 1440 524288 75305.939 75305.939 75305.939 20.050867966735 20.050867966735 20.050867966735 1.2531792479209376 1.2531792479209376 1.2531792479209376
 1536 524288 75881.958 75881.958 75881.958 21.225239549037468 21.225239549037468 21.225239549037468 1.3265774718148418 1.3265774718148418 1.3265774718148418
 1632 524288 68001.032 68001.032 68001.032 25.16544207740847 25.16544207740847 25.16544207740847 1.5728401298380295 1.5728401298380295 1.5728401298380295
 1728 524288 80175.877 80175.877 80175.877 22.599557320713814 22.599557320713814 22.599557320713814 1.4124723325446134 1.4124723325446134 1.4124723325446134
 1824 524288 53995.848 53995.848 53995.848 35.42129061478949 35.42129061478949 35.42129061478949 2.213830663424343 2.213830663424343 2.213830663424343
 1920 524288 73998.928 73998.928 73998.928 27.206690345568244 27.206690345568244 27.206690345568244 1.7004181465980153 1.7004181465980153 1.7004181465980153
 2112 262144 74002.028 74002.028 74002.028 14.963052850389449 14.963052850389449 14.963052850389449 0.9351908031493406 0.9351908031493406 0.9351908031493406
 2304 262144 51568.031 51568.031 51568.031 23.424581636634525 23.424581636634525 23.424581636634525 1.4640363522896578 1.4640363522896578 1.4640363522896578
 2496 262144 50346.851 50346.851 50346.851 25.992148903215412 25.992148903215412 25.992148903215412 1.6245093064509633 1.6245093064509633 1.6245093064509633
 2688 262144 51999.092 51999.092 51999.092 27.10212986026756 27.10212986026756 27.10212986026756 1.6938831162667225 1.6938831162667225 1.6938831162667225
 2880 262144 65574.169 65574.169 65574.169 23.026589021661874 23.026589021661874 23.026589021661874 1.439161813853867 1.439161813853867 1.439161813853867
 3168 262144 77998.877 77998.877 77998.877 21.29446535493069 21.29446535493069 21.29446535493069 1.3309040846831681 1.3309040846831681 1.3309040846831681
 3456 262144 74342.012 74342.012 74342.012 24.373019767073295 24.373019767073295 24.373019767073295 1.523313735442081 1.523313735442081 1.523313735442081
 3744 262144 76314.211 76314.211 76314.211 25.721739716341958 25.721739716341958 25.721739716341958 1.6076087322713724 1.6076087322713724 1.6076087322713724
 4032 262144 73999.882 73999.882 73999.882 28.566656579263192 28.566656579263192 28.566656579263192 1.7854160362039495 1.7854160362039495 1.7854160362039495
 4416 131072 47801.018 47801.018 47801.018 24.21764122261999 24.21764122261999 24.21764122261999 1.5136025764137493 1.5136025764137493 1.5136025764137493
 4800 131072 74655.056 74655.056 74655.056 16.854735197037424 16.854735197037424 16.854735197037424 1.053420949814839 1.053420949814839 1.053420949814839
 5280 131072 38229.942 38229.942 38229.942 36.20513784718794 36.20513784718794 36.20513784718794 2.2628211154492464 2.2628211154492464 2.2628211154492464
 5760 131072 81000.09 81000.09 81000.09 18.64133039852178 18.64133039852178 18.64133039852178 1.1650831499076113 1.1650831499076113 1.1650831499076113
 6336 131072 63000.917 63000.917 63000.917 26.363812831486246 26.363812831486246 26.363812831486246 1.6477383019678904 1.6477383019678904 1.6477383019678904
 6912 131072 53998.947 53998.947 53998.947 33.55508632418332 33.55508632418332 33.55508632418332 2.0971928952614576 2.0971928952614576 2.0971928952614576
 7584 131072 82998.991 82998.991 82998.991 23.953304396194408 23.953304396194408 23.953304396194408 1.4970815247621505 1.4970815247621505 1.4970815247621505
 8256 65536 38864.136 38864.136 38864.136 27.84393385202234 27.84393385202234 27.84393385202234 1.7402458657513962 1.7402458657513962 1.7402458657513962
 9024 65536 82648.993 82648.993 82648.993 14.31104826649249 14.31104826649249 14.31104826649249 0.8944405166557806 0.8944405166557806 0.8944405166557806
 9888 65536 65689.087 65689.087 65689.087 19.729912458670647 19.729912458670647 19.729912458670647 1.2331195286669154 1.2331195286669154 1.2331195286669154
 10848 65536 74995.041 74995.041 74995.041 18.959507682647978 18.959507682647978 18.959507682647978 1.1849692301654986 1.1849692301654986 1.1849692301654986
 11904 65536 74800.014 74800.014 74800.014 20.85936893006464 20.85936893006464 20.85936893006464 1.30371055812904 1.30371055812904 1.30371055812904
 13056 65536 93879.938 93879.938 93879.938 18.228346422640374 18.228346422640374 18.228346422640374 1.1392716514150234 1.1392716514150234 1.1392716514150234
 14304 65536 51002.026 51002.026 51002.026 36.76038061703667 36.76038061703667 36.76038061703667 2.2975237885647917 2.2975237885647917 2.2975237885647917
 15648 65536 81999.063 81999.063 81999.063 25.012659669050123 25.012659669050123 25.012659669050123 1.5632912293156327 1.5632912293156327 1.5632912293156327
 17184 32768 52000.046 52000.046 52000.046 21.65710822640426 21.65710822640426 21.65710822640426 1.3535692641502663 1.3535692641502663 1.3535692641502663
 18816 32768 59000.015 59000.015 59000.015 20.900424788027596 20.900424788027596 20.900424788027596 1.3062765492517248 1.3062765492517248 1.3062765492517248
 20640 32768 74001.074 74001.074 74001.074 18.278964978265044 18.278964978265044 18.278964978265044 1.1424353111415653 1.1424353111415653 1.1424353111415653
 22656 32768 76999.903 76999.903 76999.903 19.28292839537733 19.28292839537733 19.28292839537733 1.205183024711083 1.205183024711083 1.205183024711083
 24864 32768 60999.87 60999.87 60999.87 26.712960273521894 26.712960273521894 26.712960273521894 1.6695600170951184 1.6695600170951184 1.6695600170951184
 27264 32768 53999.901 53999.901 53999.901 33.08845888439684 33.08845888439684 33.08845888439684 2.0680286802748027 2.0680286802748027 2.0680286802748027
 29952 32768 51000.118 51000.118 51000.118 38.488818241557794 38.488818241557794 38.488818241557794 2.405551140097362 2.405551140097362 2.405551140097362
 32928 16384 82999.945 82999.945 82999.945 12.999824325184793 12.999824325184793 12.999824325184793 0.8124890203240496 0.8124890203240496 0.8124890203240496
 36192 16384 93002.081 93002.081 93002.081 12.751751823703817 12.751751823703817 12.751751823703817 0.7969844889814885 0.7969844889814885 0.7969844889814885
 39744 16384 77998.877 77998.877 77998.877 16.696796698752472 16.696796698752472 16.696796698752472 1.0435497936720295 1.0435497936720295 1.0435497936720295
 43680 16384 58998.823 58998.823 58998.823 24.25991176129056 24.25991176129056 24.25991176129056 1.51624448508066 1.51624448508066 1.51624448508066
 48000 16384 50998.926 50998.926 50998.926 30.841120065940213 30.841120065940213 30.841120065940213 1.9275700041212633 1.9275700041212633 1.9275700041212633
 52800 16384 77652.931 77652.931 77652.931 22.280554999269768 22.280554999269768 22.280554999269768 1.3925346874543605 1.3925346874543605 1.3925346874543605
 58080 16384 74001.074 74001.074 74001.074 25.718078632210123 25.718078632210123 25.718078632210123 1.6073799145131327 1.6073799145131327 1.6073799145131327
 63840 16384 80999.851 80999.851 80999.851 25.826086025763182 25.826086025763182 25.826086025763182 1.6141303766101989 1.6141303766101989 1.6141303766101989
 70176 8192 49224.854 49224.854 49224.854 23.357379262110154 23.357379262110154 23.357379262110154 1.4598362038818846 1.4598362038818846 1.4598362038818846
 77184 8192 73999.882 73999.882 73999.882 17.08898206080923 17.08898206080923 17.08898206080923 1.0680613788005768 1.0680613788005768 1.0680613788005768
 84864 8192 76997.995 76997.995 76997.995 18.05776599767306 18.05776599767306 18.05776599767306 1.1286103748545662 1.1286103748545662 1.1286103748545662
 93312 8192 67997.932 67997.932 67997.932 22.48338681829324 22.48338681829324 22.48338681829324 1.4052116761433275 1.4052116761433275 1.4052116761433275
 102624 8192 74012.041 74012.041 74012.041 22.717811767952732 22.717811767952732 22.717811767952732 1.4198632354970457 1.4198632354970457 1.4198632354970457
 112800 8192 65989.017 65989.017 65989.017 28.006405975103398 28.006405975103398 28.006405975103398 1.7504003734439624 1.7504003734439624 1.7504003734439624
 124032 8192 81987.858 81987.858 81987.858 24.78586875632243 24.78586875632243 24.78586875632243 1.5491167972701518 1.5491167972701518 1.5491167972701518
 136416 4096 60999.87 60999.87 60999.87 18.320036944341027 18.320036944341027 18.320036944341027 1.1450023090213142 1.1450023090213142 1.1450023090213142
 150048 4096 50001.144 50001.144 50001.144 24.583301854053584 24.583301854053584 24.583301854053584 1.536456365878349 1.536456365878349 1.536456365878349
 165024 4096 73999.882 73999.882 73999.882 18.268631941872556 18.268631941872556 18.268631941872556 1.1417894963670348 1.1417894963670348 1.1417894963670348
 181440 4096 53987.98 53987.98 53987.98 27.531248251925703 27.531248251925703 27.531248251925703 1.7207030157453564 1.7207030157453564 1.7207030157453564
 199584 4096 83346.844 83346.844 83346.844 19.61672511559046 19.61672511559046 19.61672511559046 1.2260453197244037 1.2260453197244037 1.2260453197244037
 219456 4096 80003.977 80003.977 80003.977 22.471177301598395 22.471177301598395 22.471177301598395 1.4044485813498997 1.4044485813498997 1.4044485813498997
 241344 4096 49999.952 49999.952 49999.952 39.54183892016536 39.54183892016536 39.54183892016536 2.471364932510335 2.471364932510335 2.471364932510335
 265440 2048 77998.877 77998.877 77998.877 13.939203765715755 13.939203765715755 13.939203765715755 0.8712002353572347 0.8712002353572347 0.8712002353572347
 291936 2048 74001.074 74001.074 74001.074 16.1588175868907 16.1588175868907 16.1588175868907 1.0099260991806687 1.0099260991806687 1.0099260991806687
 321120 2048 50999.88 50999.88 50999.88 25.790404212715796 25.790404212715796 25.790404212715796 1.6119002632947372 1.6119002632947372 1.6119002632947372
 353184 2048 64997.911 64997.911 64997.911 22.2567408974113 22.2567408974113 22.2567408974113 1.3910463060882063 1.3910463060882063 1.3910463060882063
 388416 2048 51001.072 51001.072 51001.072 31.194480304257134 31.194480304257134 31.194480304257134 1.9496550190160709 1.9496550190160709 1.9496550190160709
 427200 2048 77996.969 77996.969 77996.969 22.43434869885777 22.43434869885777 22.43434869885777 1.4021467936786107 1.4021467936786107 1.4021467936786107
 469920 2048 51000.118 51000.118 51000.118 37.74093856018136 37.74093856018136 37.74093856018136 2.358808660011335 2.358808660011335 2.358808660011335
 516864 2048 53994.894 53994.894 53994.894 39.20879896532439 39.20879896532439 39.20879896532439 2.4505499353327744 2.4505499353327744 2.4505499353327744
 568512 1024 73998.928 73998.928 73998.928 15.734181662739761 15.734181662739761 15.734181662739761 0.9833863539212351 0.9833863539212351 0.9833863539212351
 625344 1024 74347.019 74347.019 74347.019 17.226037159606896 17.226037159606896 17.226037159606896 1.076627322475431 1.076627322475431 1.076627322475431
 687840 1024 49458.027 49458.027 49458.027 28.48266308722748 28.48266308722748 28.48266308722748 1.7801664429517174 1.7801664429517174 1.7801664429517174
 756576 1024 74234.009 74234.009 74234.009 20.872746452370638 20.872746452370638 20.872746452370638 1.3045466532731649 1.3045466532731649 1.3045466532731649
 832224 1024 51115.99 51115.99 51115.99 33.3436709726252 33.3436709726252 33.3436709726252 2.083979435789075 2.083979435789075 2.083979435789075
 915360 1024 54999.828 54999.828 54999.828 34.08478441059852 34.08478441059852 34.08478441059852 2.1302990256624077 2.1302990256624077 2.1302990256624077
 1006848 1024 48007.965 48007.965 48007.965 42.951720698846536 42.951720698846536 42.951720698846536 2.6844825436779085 2.6844825436779085 2.6844825436779085
 1107456 512 77000.141 77000.141 77000.141 14.727699576550124 14.727699576550124 14.727699576550124 0.9204812235343828 0.9204812235343828 0.9204812235343828
 1218144 512 76904.058 76904.058 76904.058 16.219943244087325 16.219943244087325 16.219943244087325 1.0137464527554578 1.0137464527554578 1.0137464527554578
 1339872 512 82999.945 82999.945 82999.945 16.5304799659807 16.5304799659807 16.5304799659807 1.0331549978737937 1.0331549978737937 1.0331549978737937
 1473792 512 65000.057 65000.057 65000.057 23.217872070481416 23.217872070481416 23.217872070481416 1.4511170044050885 1.4511170044050885 1.4511170044050885
 1621152 512 58988.094 58988.094 58988.094 28.142283220746208 28.142283220746208 28.142283220746208 1.758892701296638 1.758892701296638 1.758892701296638
 1783200 512 54998.875 54998.875 54998.875 33.20062092179158 33.20062092179158 33.20062092179158 2.075038807611974 2.075038807611974 2.075038807611974
 1961472 512 74799.061 74799.061 74799.061 26.852574098490354 26.852574098490354 26.852574098490354 1.6782858811556471 1.6782858811556471 1.6782858811556471
 2157600 256 53777.218 53777.218 53777.218 20.54199233586237 20.54199233586237 20.54199233586237 1.2838745209913982 1.2838745209913982 1.2838745209913982
 2373312 256 76078.892 76078.892 76078.892 15.972048383669938 15.972048383669938 15.972048383669938 0.9982530239793711 0.9982530239793711 0.9982530239793711
 2610624 256 48995.018 48995.018 48995.018 27.28113066516274 27.28113066516274 27.28113066516274 1.7050706665726711 1.7050706665726711 1.7050706665726711
 2871648 256 74000.12 74000.12 74000.12 19.86866745621494 19.86866745621494 19.86866745621494 1.2417917160134337 1.2417917160134337 1.2417917160134337
 3158784 256 80999.136 80999.136 80999.136 19.966847646374895 19.966847646374895 19.966847646374895 1.247927977898431 1.247927977898431 1.247927977898431
 3474624 256 73657.99 73657.99 73657.99 24.152267635866792 24.152267635866792 24.152267635866792 1.5095167272416745 1.5095167272416745 1.5095167272416745
 3822048 256 81423.998 81423.998 81423.998 24.033314797438464 24.033314797438464 24.033314797438464 1.502082174839904 1.502082174839904 1.502082174839904
 4204224 128 55000.067 55000.067 55000.067 19.568727870822414 19.568727870822414 19.568727870822414 1.2230454919264009 1.2230454919264009 1.2230454919264009
 4624608 128 57991.028 57991.028 57991.028 20.415220920036113 20.415220920036113 20.415220920036113 1.275951307502257 1.275951307502257 1.275951307502257
 5087040 128 77997.923 77997.923 77997.923 16.696370748231335 16.696370748231335 16.696370748231335 1.0435231717644584 1.0435231717644584 1.0435231717644584
 5595744 128 55001.02 55001.02 55001.02 26.045161780636068 26.045161780636068 26.045161780636068 1.6278226112897543 1.6278226112897543 1.6278226112897543
 6155232 128 82000.017 82000.017 82000.017 19.21633006490718 19.21633006490718 19.21633006490718 1.2010206290566987 1.2010206290566987 1.2010206290566987
 6770688 128 74000.12 74000.12 74000.12 23.422882665595683 23.422882665595683 23.422882665595683 1.4639301665997302 1.4639301665997302 1.4639301665997302
 7447680 128 50998.926 50998.926 50998.926 37.3852202299319 37.3852202299319 37.3852202299319 2.336576264370744 2.336576264370744 2.336576264370744
 8192448 128 83000.898 83000.898 83000.898 25.26799996790396 25.26799996790396 25.26799996790396 1.5792499979939976 1.5792499979939976 1.5792499979939976
 9011616 64 91020.107 91020.107 91020.107 12.67287949903201 12.67287949903201 12.67287949903201 0.7920549686895006 0.7920549686895006 0.7920549686895006
 9912768 64 77998.877 77998.877 77998.877 16.267340669532974 16.267340669532974 16.267340669532974 1.0167087918458109 1.0167087918458109 1.0167087918458109
 10903968 64 65001.011 65001.011 65001.011 21.472095318640505 21.472095318640505 21.472095318640505 1.3420059574150316 1.3420059574150316 1.3420059574150316
 11994336 64 83000.898 83000.898 83000.898 18.49708912787907 18.49708912787907 18.49708912787907 1.156068070492442 1.156068070492442 1.156068070492442
 13193760 64 77365.16 77365.16 77365.16 21.828963838503018 21.828963838503018 21.828963838503018 1.3643102399064386 1.3643102399064386 1.3643102399064386
 14513088 64 77002.048 77002.048 77002.048 24.125011116587448 24.125011116587448 24.125011116587448 1.5078131947867155 1.5078131947867155 1.5078131947867155
 15964320 64 77999.115 77999.115 77999.115 26.19815570984363 26.19815570984363 26.19815570984363 1.6373847318652268 1.6373847318652268 1.6373847318652268
 17560704 32 73230.982 73230.982 73230.982 15.34712529186076 15.34712529186076 15.34712529186076 0.9591953307412975 0.9591953307412975 0.9591953307412975
 19316736 32 51000.118 51000.118 51000.118 24.240553796365724 24.240553796365724 24.240553796365724 1.5150346122728577 1.5150346122728577 1.5150346122728577
 21248352 32 82998.991 82998.991 82998.991 16.38447060157635 16.38447060157635 16.38447060157635 1.0240294125985219 1.0240294125985219 1.0240294125985219
 23373120 32 76534.986 76534.986 76534.986 19.545044144909102 19.545044144909102 19.545044144909102 1.221565259056819 1.221565259056819 1.221565259056819
 25710432 32 57998.896 57998.896 57998.896 28.370671883133774 28.370671883133774 28.370671883133774 1.7731669926958609 1.7731669926958609 1.7731669926958609
 28281408 32 79004.049 79004.049 79004.049 22.910346177320612 22.910346177320612 22.910346177320612 1.4318966360825383 1.4318966360825383 1.4318966360825383
 31109472 32 59000.015 59000.015 59000.015 33.74585935274762 33.74585935274762 33.74585935274762 2.1091162095467264 2.1091162095467264 2.1091162095467264
 34220352 16 53653.002 53653.002 53653.002 20.40987872402741 20.40987872402741 20.40987872402741 1.2756174202517132 1.2756174202517132 1.2756174202517132
 37642368 16 75002.909 75002.909 75002.909 16.060120761449397 16.060120761449397 16.060120761449397 1.0037575475905873 1.0037575475905873 1.0037575475905873
 41406528 16 74000.12 74000.12 74000.12 17.905496585681213 17.905496585681213 17.905496585681213 1.1190935366050758 1.1190935366050758 1.1190935366050758
 45547104 16 53657.055 53657.055 53657.055 27.16338658541733 27.16338658541733 27.16338658541733 1.6977116615885832 1.6977116615885832 1.6977116615885832
 50101728 16 50552.13 50552.13 50552.13 31.714891063937365 31.714891063937365 31.714891063937365 1.9821806914960853 1.9821806914960853 1.9821806914960853
 55111872 16 50581.932 50581.932 50581.932 34.86580749821893 34.86580749821893 34.86580749821893 2.179112968638683 2.179112968638683 2.179112968638683
 60623040 16 65011.978 65011.978 65011.978 29.839690156789263 29.839690156789263 29.839690156789263 1.864980634799329 1.864980634799329 1.864980634799329
 66685344 16 52987.814 52987.814 52987.814 40.272108753155955 40.272108753155955 40.272108753155955 2.517006797072247 2.517006797072247 2.517006797072247
 73353792 8 81001.997 81001.997 81001.997 14.489280702548605 14.489280702548605 14.489280702548605 0.9055800439092878 0.9055800439092878 0.9055800439092878
 80689152 8 71012.02 71012.02 71012.02 18.180393009521485 18.180393009521485 18.180393009521485 1.1362745630950928 1.1362745630950928 1.1362745630950928
 88758048 8 74002.028 74002.028 74002.028 19.19040337651287 19.19040337651287 19.19040337651287 1.1994002110320543 1.1994002110320543 1.1994002110320543
 97633824 8 75013.876 75013.876 75013.876 20.824696273526776 20.824696273526776 20.824696273526776 1.3015435170954235 1.3015435170954235 1.3015435170954235
 107397120 8 74002.028 74002.028 74002.028 23.22036255546942 23.22036255546942 23.22036255546942 1.4512726597168388 1.4512726597168388 1.4512726597168388
 118136832 8 81013.918 81013.918 81013.918 23.331661505372445 23.331661505372445 23.331661505372445 1.4582288440857778 1.4582288440857778 1.4582288440857778
 129950496 8 64002.991 64002.991 64002.991 32.48610578215009 32.48610578215009 32.48610578215009 2.0303816113843807 2.0303816113843807 2.0303816113843807
 142945536 4 74353.933 74353.933 74353.933 15.380010738638397 15.380010738638397 15.380010738638397 0.9612506711648998 0.9612506711648998 0.9612506711648998
 157240032 4 77003.002 77003.002 77003.002 16.33598980985183 16.33598980985183 16.33598980985183 1.0209993631157395 1.0209993631157395 1.0209993631157395
 172963968 4 102000.952 102000.952 102000.952 13.565674798799916 13.565674798799916 13.565674798799916 0.8478546749249948 0.8478546749249948 0.8478546749249948
 190260288 4 51017.046 51017.046 51017.046 29.834779222615122 29.834779222615122 29.834779222615122 1.8646737014134451 1.8646737014134451 1.8646737014134451
 209286240 4 78002.93 78002.93 78002.93 21.46444909184822 21.46444909184822 21.46444909184822 1.3415280682405137 1.3415280682405137 1.3415280682405137
 230214816 4 82002.878 82002.878 82002.878 22.459193785857124 22.459193785857124 22.459193785857124 1.4036996116160703 1.4036996116160703 1.4036996116160703
 253236288 4 73992.968 73992.968 73992.968 27.379497792276695 27.379497792276695 27.379497792276695 1.7112186120172934 1.7112186120172934 1.7112186120172934
 278559840 2 60008.049 60008.049 60008.049 18.56816508065443 18.56816508065443 18.56816508065443 1.160510317540902 1.160510317540902 1.160510317540902
 306415776 2 50149.918 50149.918 50149.918 24.439982214926054 24.439982214926054 24.439982214926054 1.5274988884328784 1.5274988884328784 1.5274988884328784
 337057344 2 74004.889 74004.889 74004.889 18.218112265528838 18.218112265528838 18.218112265528838 1.1386320165955524 1.1386320165955524 1.1386320165955524
 370763040 2 101001.978 101001.978 101001.978 14.683397190498585 14.683397190498585 14.683397190498585 0.9177123244061616 0.9177123244061616 0.9177123244061616
 407839296 2 76652.05 76652.05 76652.05 21.282629544806696 21.282629544806696 21.282629544806696 1.3301643465504185 1.3301643465504185 1.3301643465504185
 448623168 2 76285.124 76285.124 76285.124 23.52349420052067 23.52349420052067 23.52349420052067 1.4702183875325419 1.4702183875325419 1.4702183875325419
 493485408 2 72334.051 72334.051 72334.051 27.289244895187743 27.289244895187743 27.289244895187743 1.705577805949234 1.705577805949234 1.705577805949234
 542833920 1 80999.136 80999.136 80999.136 13.403449636796125 13.403449636796125 13.403449636796125 0.8377156022997578 0.8377156022997578 0.8377156022997578
 597117312 1 56016.922 56016.922 56016.922 21.319176087540118 21.319176087540118 21.319176087540118 1.3324485054712574 1.3324485054712574 1.3324485054712574
 656829024 1 81001.043 81001.043 81001.043 16.21779176349618 16.21779176349618 16.21779176349618 1.0136119852185113 1.0136119852185113 1.0136119852185113
 722511840 1 74997.902 74997.902 74997.902 19.26752137679798 19.26752137679798 19.26752137679798 1.2042200860498737 1.2042200860498737 1.2042200860498737
 794762976 1 81001.043 81001.043 81001.043 19.623524502024004 19.623524502024004 19.623524502024004 1.2264702813765003 1.2264702813765003 1.2264702813765003
 874239264 1 73989.153 73989.153 73989.153 23.631552154678673 23.631552154678673 23.631552154678673 1.476972009667417 1.476972009667417 1.476972009667417
 961663104 1 79253.912 79253.912 79253.912 24.2679024853688 24.2679024853688 24.2679024853688 1.51674390533555 1.51674390533555 1.51674390533555
 1057829376 1 97000.122 97000.122 97000.122 21.81088753682186 21.81088753682186 21.81088753682186 1.3631804710513662 1.3631804710513662 1.3631804710513662
 
META_DATA
 MPI startup(): shm:tmi fabric is unknown or has been removed from the product, please use ofi or shm:ofi instead
 FLOPS          1
 MPI_PROCS      12
 OPENMP_THREADS 1
 ERT_VERSION  1.1.0
 HOSTNAME  ('shas0642.rc.int.colorado.edu', [], ['10.225.7.27'])
 UNAME  uname_result(system='Linux', node='shas0642.rc.int.colorado.edu', release='3.10.0-957.27.2.el7.x86_64', version='#1 SMP Mon Jul 29 17:46:05 UTC 2019', machine='x86_64', processor='x86_64')
 TIMESTAMP_DATA  1664551594.7957258
 CONFIG  {'ERT_RESULTS': ['lab5_results'], 'ERT_DRIVER': ['driver1'], 'ERT_KERNEL': ['kernel1'], 'ERT_MPI': ['True'], 'ERT_MPI_CFLAGS': ['-I/usr/include/mpi'], 'ERT_MPI_LDFLAGS': ['-lmpi'], 'ERT_OPENMP': ['True'], 'ERT_OPENMP_CFLAGS': ['-qopenmp'], 'ERT_OPENMP_LDFLAGS': ['-qopenmp'], 'ERT_FLOPS': ['1,2,4,8,16'], 'ERT_ALIGN': ['32'], 'ERT_CC': ['mpicc'], 'ERT_CFLAGS': ['-O3', '-msse3', '-axSSE3', '-xSSE3', '-fno-alias', '-fno-fnalias', '-DERT_INTEL', '-std=c++11'], 'ERT_LD': ['mpicc'], 'ERT_LDFLAGS': [], 'ERT_LDLIBS': [], 'ERT_PRECISION': ['FP64'], 'ERT_RUN': ['export', 'OMP_NUM_THREADS=ERT_OPENMP_THREADS;', 'mpirun', '-np', 'ERT_MPI_PROCS', 'ERT_CODE'], 'ERT_PROCS_THREADS': ['1-24'], 'ERT_MPI_PROCS': ['1,2,4,8,12,24'], 'ERT_OPENMP_THREADS': ['1,2,4,8,12,24'], 'ERT_NUM_EXPERIMENTS': ['1'], 'ERT_MEMORY_MAX': ['1073741824'], 'ERT_WORKING_SET_MIN': ['1'], 'ERT_TRIALS_MIN': ['1'], 'ERT_GNUPLOT': ['gnuplot'], 'ERT_GPU': [False], 'ERT_HIP': [False], 'ERT_OCL': [False], 'ERT_SYCL': [False], 'ERT_WSS_MULT': [1.1]}
 