fp64
 192 4194304 156900.883 156900.883 156900.883 10.265160432526056 10.265160432526056 10.265160432526056 0.6415725270328785 0.6415725270328785 0.6415725270328785
 384 2097152 113885.164 113885.164 113885.164 14.142428033909665 14.142428033909665 14.142428033909665 0.8839017521193541 0.8839017521193541 0.8839017521193541
 576 1048576 81955.194 81955.194 81955.194 14.739267800403228 14.739267800403228 14.739267800403228 0.9212042375252018 0.9212042375252018 0.9212042375252018
 768 1048576 113022.804 113022.804 113022.804 14.250334259978189 14.250334259978189 14.250334259978189 0.8906458912486368 0.8906458912486368 0.8906458912486368
 960 1048576 103008.032 103008.032 103008.032 19.544746957208147 19.544746957208147 19.544746957208147 1.2215466848255092 1.2215466848255092 1.2215466848255092
 1152 524288 105015.039 105015.039 105015.039 11.502729166248272 11.502729166248272 11.502729166248272 0.718920572890517 0.718920572890517 0.718920572890517
 1344 524288 86381.912 86381.912 86381.912 16.314597713465755 16.314597713465755 16.314597713465755 1.0196623570916097 1.0196623570916097 1.0196623570916097
 1536 524288 81911.087 81911.087 81911.087 19.662939352764297 19.662939352764297 19.662939352764297 1.2289337095477686 1.2289337095477686 1.2289337095477686
 1728 524288 78953.028 78953.028 78953.028 22.949586278058895 22.949586278058895 22.949586278058895 1.434349142378681 1.434349142378681 1.434349142378681
 1920 524288 94478.13 94478.13 94478.13 21.30933285830276 21.30933285830276 21.30933285830276 1.3318333036439225 1.3318333036439225 1.3318333036439225
 2112 262144 88325.977 88325.977 88325.977 12.536473341245916 12.536473341245916 12.536473341245916 0.7835295838278697 0.7835295838278697 0.7835295838278697
 2304 262144 98724.842 98724.842 98724.842 12.23561899445734 12.23561899445734 12.23561899445734 0.7647261871535838 0.7647261871535838 0.7647261871535838
 2496 262144 84312.916 84312.916 84312.916 15.52102465534462 15.52102465534462 15.52102465534462 0.9700640409590388 0.9700640409590388 0.9700640409590388
 2688 262144 83232.88 83232.88 83232.88 16.93184405009174 16.93184405009174 16.93184405009174 1.0582402531307338 1.0582402531307338 1.0582402531307338
 2880 262144 82530.975 82530.975 82530.975 18.295548307771718 18.295548307771718 18.295548307771718 1.1434717692357323 1.1434717692357323 1.1434717692357323
 3072 262144 81136.227 81136.227 81136.227 19.850722612477405 19.850722612477405 19.850722612477405 1.2406701632798378 1.2406701632798378 1.2406701632798378
 3264 262144 94576.836 94576.836 94576.836 18.094029197593372 18.094029197593372 18.094029197593372 1.1308768248495857 1.1308768248495857 1.1308768248495857
 3456 262144 107840.061 107840.061 107840.061 16.80209850771505 16.80209850771505 16.80209850771505 1.0501311567321907 1.0501311567321907 1.0501311567321907
 3648 262144 89549.065 89549.065 89549.065 21.3581529187379 21.3581529187379 21.3581529187379 1.3348845574211188 1.3348845574211188 1.3348845574211188
 3840 262144 79537.868 79537.868 79537.868 25.312042812110576 25.312042812110576 25.312042812110576 1.582002675756911 1.582002675756911 1.582002675756911
 4224 131072 77048.063 77048.063 77048.063 14.37150024134935 14.37150024134935 14.37150024134935 0.8982187650843344 0.8982187650843344 0.8982187650843344
 4608 131072 103735.924 103735.924 103735.924 11.644563478318274 11.644563478318274 11.644563478318274 0.7277852173948921 0.7277852173948921 0.7277852173948921
 4992 131072 88829.994 88829.994 88829.994 14.731767830582086 14.731767830582086 14.731767830582086 0.9207354894113804 0.9207354894113804 0.9207354894113804
 5376 131072 76636.076 76636.076 76636.076 18.389330685459417 18.389330685459417 18.389330685459417 1.1493331678412135 1.1493331678412135 1.1493331678412135
 5760 131072 99725.008 99725.008 99725.008 15.1411312997839 15.1411312997839 15.1411312997839 0.9463207062364938 0.9463207062364938 0.9463207062364938
 6336 131072 91477.871 91477.871 91477.871 18.15678880414696 18.15678880414696 18.15678880414696 1.134799300259185 1.134799300259185 1.134799300259185
 6912 131072 100771.904 100771.904 100771.904 17.980600307006206 17.980600307006206 17.980600307006206 1.1237875191878879 1.1237875191878879 1.1237875191878879
 7488 131072 102538.109 102538.109 102538.109 19.143460818065215 19.143460818065215 19.143460818065215 1.196466301129076 1.196466301129076 1.196466301129076
 8064 131072 82797.05 82797.05 82797.05 25.53145572215435 25.53145572215435 25.53145572215435 1.595715982634647 1.595715982634647 1.595715982634647
 8832 65536 78481.197 78481.197 78481.197 14.750385420344696 14.750385420344696 14.750385420344696 0.9218990887715435 0.9218990887715435 0.9218990887715435
 9600 65536 69531.918 69531.918 69531.918 18.096598457128707 18.096598457128707 18.096598457128707 1.1310374035705442 1.1310374035705442 1.1310374035705442
 10560 65536 57176.113 57176.113 57176.113 24.208017078740557 24.208017078740557 24.208017078740557 1.5130010674212848 1.5130010674212848 1.5130010674212848
 11520 65536 73651.791 73651.791 73651.791 20.50119107083221 20.50119107083221 20.50119107083221 1.2813244419270131 1.2813244419270131 1.2813244419270131
 12672 65536 88819.981 88819.981 88819.981 18.700120910856757 18.700120910856757 18.700120910856757 1.1687575569285473 1.1687575569285473 1.1687575569285473
 13824 65536 78999.043 78999.043 78999.043 22.936218708370934 22.936218708370934 22.936218708370934 1.4335136692731834 1.4335136692731834 1.4335136692731834
 15168 65536 91073.036 91073.036 91073.036 21.829733402101585 21.829733402101585 21.829733402101585 1.364358337631349 1.364358337631349 1.364358337631349
 16512 32768 108228.922 108228.922 108228.922 9.99853285058129 9.99853285058129 9.99853285058129 0.6249083031613306 0.6249083031613306 0.6249083031613306
 18048 32768 89637.041 89637.041 89637.041 13.195367839061086 13.195367839061086 13.195367839061086 0.8247104899413179 0.8247104899413179 0.8247104899413179
 19776 32768 105247.974 105247.974 105247.974 12.31415567201322 12.31415567201322 12.31415567201322 0.7696347295008262 0.7696347295008262 0.7696347295008262
 21696 32768 101227.999 101227.999 101227.999 14.04620332364764 14.04620332364764 14.04620332364764 0.8778877077279775 0.8778877077279775 0.8778877077279775
 23808 32768 123133.898 123133.898 123133.898 12.671417971353428 12.671417971353428 12.671417971353428 0.7919636232095892 0.7919636232095892 0.7919636232095892
 26112 32768 90402.126 90402.126 90402.126 18.929599421146357 18.929599421146357 18.929599421146357 1.1830999638216473 1.1830999638216473 1.1830999638216473
 28608 32768 108533.859 108533.859 108533.859 17.274368618921034 17.274368618921034 17.274368618921034 1.0796480386825646 1.0796480386825646 1.0796480386825646
 31296 32768 75029.85 75029.85 75029.85 27.335982359021106 27.335982359021106 27.335982359021106 1.708498897438819 1.708498897438819 1.708498897438819
 34368 16384 81380.129 81380.129 81380.129 13.83839811804673 13.83839811804673 13.83839811804673 0.8648998823779206 0.8648998823779206 0.8648998823779206
 37632 16384 105413.914 105413.914 105413.914 11.697937484799208 11.697937484799208 11.697937484799208 0.7311210927999505 0.7311210927999505 0.7311210927999505
 41280 16384 82920.074 82920.074 82920.074 16.31285374877982 16.31285374877982 16.31285374877982 1.0195533592987387 1.0195533592987387 1.0195533592987387
 45312 16384 81005.096 81005.096 81005.096 18.32950875090624 18.32950875090624 18.32950875090624 1.14559429693164 1.14559429693164 1.14559429693164
 49728 16384 99013.805 99013.805 99013.805 16.457170835925357 16.457170835925357 16.457170835925357 1.0285731772453348 1.0285731772453348 1.0285731772453348
 54528 16384 84388.971 84388.971 84388.971 21.17306897840951 21.17306897840951 21.17306897840951 1.3233168111505944 1.3233168111505944 1.3233168111505944
 59904 16384 108108.044 108108.044 108108.044 18.157152783191602 18.157152783191602 18.157152783191602 1.1348220489494751 1.1348220489494751 1.1348220489494751
 65856 8192 85889.101 85889.101 85889.101 12.56253344647303 12.56253344647303 12.56253344647303 0.7851583404045643 0.7851583404045643 0.7851583404045643
 72384 8192 89257.956 89257.956 89257.956 13.28665263183934 13.28665263183934 13.28665263183934 0.8304157894899588 0.8304157894899588 0.8304157894899588
 79488 8192 95325.947 95325.947 95325.947 13.661877306081207 13.661877306081207 13.661877306081207 0.8538673316300754 0.8538673316300754 0.8538673316300754
 87360 8192 85077.047 85077.047 85077.047 16.8236473934033 16.8236473934033 16.8236473934033 1.0514779620877062 1.0514779620877062 1.0514779620877062
 96000 8192 82213.879 82213.879 82213.879 19.131368317994095 19.131368317994095 19.131368317994095 1.195710519874631 1.195710519874631 1.195710519874631
 105600 8192 97316.027 97316.027 97316.027 17.77867894257541 17.77867894257541 17.77867894257541 1.1111674339109632 1.1111674339109632 1.1111674339109632
 116160 8192 72609.901 72609.901 72609.901 26.21082543550087 26.21082543550087 26.21082543550087 1.6381765897188043 1.6381765897188043 1.6381765897188043
 127680 8192 113343.954 113343.954 113343.954 18.456292075358515 18.456292075358515 18.456292075358515 1.1535182547099072 1.1535182547099072 1.1535182547099072
 140352 4096 118825.912 118825.912 118825.912 9.676034163322896 9.676034163322896 9.676034163322896 0.604752135207681 0.604752135207681 0.604752135207681
 154368 4096 95173.12 95173.12 95173.12 13.287182935686042 13.287182935686042 13.287182935686042 0.8304489334803776 0.8304489334803776 0.8304489334803776
 169728 4096 79316.139 79316.139 79316.139 17.529998226464354 17.529998226464354 17.529998226464354 1.0956248891540221 1.0956248891540221 1.0956248891540221
 186624 4096 102533.102 102533.102 102533.102 14.910538920396654 14.910538920396654 14.910538920396654 0.9319086825247909 0.9319086825247909 0.9319086825247909
 205248 4096 106755.018 106755.018 106755.018 15.750000772797398 15.750000772797398 15.750000772797398 0.9843750482998374 0.9843750482998374 0.9843750482998374
 225600 4096 84536.076 84536.076 84536.076 21.861852210883317 21.861852210883317 21.861852210883317 1.3663657631802073 1.3663657631802073 1.3663657631802073
 248064 4096 93592.882 93592.882 93592.882 21.712551687424263 21.712551687424263 21.712551687424263 1.3570344804640164 1.3570344804640164 1.3570344804640164
 272832 2048 85856.915 85856.915 85856.915 13.016072986083882 13.016072986083882 13.016072986083882 0.8135045616302427 0.8135045616302427 0.8135045616302427
 300096 2048 78860.998 78860.998 78860.998 15.586833126306619 15.586833126306619 15.586833126306619 0.9741770703941637 0.9741770703941637 0.9741770703941637
 330048 2048 110836.983 110836.983 110836.983 12.196981290982993 12.196981290982993 12.196981290982993 0.7623113306864371 0.7623113306864371 0.7623113306864371
 362880 2048 93419.075 93419.075 93419.075 15.910631527875866 15.910631527875866 15.910631527875866 0.9944144704922416 0.9944144704922416 0.9944144704922416
 399168 2048 103127.003 103127.003 103127.003 15.854161184146891 15.854161184146891 15.854161184146891 0.9908850740091807 0.9908850740091807 0.9908850740091807
 438912 2048 81122.16 81122.16 81122.16 22.161435938096325 22.161435938096325 22.161435938096325 1.3850897461310203 1.3850897461310203 1.3850897461310203
 482688 2048 77213.049 77213.049 77213.049 25.605646631050664 25.605646631050664 25.605646631050664 1.6003529144406665 1.6003529144406665 1.6003529144406665
 530880 1024 87331.057 87331.057 87331.057 12.449663124998017 12.449663124998017 12.449663124998017 0.778103945312376 0.778103945312376 0.778103945312376
 583872 1024 91565.847 91565.847 91565.847 13.059125156129449 13.059125156129449 13.059125156129449 0.8161953222580905 0.8161953222580905 0.8161953222580905
 642240 1024 71525.097 71525.097 71525.097 18.389454543487023 18.389454543487023 18.389454543487023 1.149340908967939 1.149340908967939 1.149340908967939
 706368 1024 130238.771 130238.771 130238.771 11.107611450049694 11.107611450049694 11.107611450049694 0.6942257156281059 0.6942257156281059 0.6942257156281059
 776832 1024 80068.111 80068.111 80068.111 19.86998214557603 19.86998214557603 19.86998214557603 1.241873884098502 1.241873884098502 1.241873884098502
 854400 1024 78736.067 78736.067 78736.067 22.223756744161477 22.223756744161477 22.223756744161477 1.3889847965100923 1.3889847965100923 1.3889847965100923
 939840 1024 78923.941 78923.941 78923.941 24.387939776094044 24.387939776094044 24.387939776094044 1.5242462360058777 1.5242462360058777 1.5242462360058777
 1033728 1024 85319.996 85319.996 85319.996 24.813350249102218 24.813350249102218 24.813350249102218 1.5508343905688886 1.5508343905688886 1.5508343905688886
 1137024 512 73665.857 73665.857 73665.857 15.805321806003017 15.805321806003017 15.805321806003017 0.9878326128751885 0.9878326128751885 0.9878326128751885
 1250688 512 84800.959 84800.959 84800.959 15.102476753830105 15.102476753830105 15.102476753830105 0.9439047971143816 0.9439047971143816 0.9439047971143816
 1375680 512 83220.959 83220.959 83220.959 16.927182009522387 16.927182009522387 16.927182009522387 1.0579488755951492 1.0579488755951492 1.0579488755951492
 1513152 512 84373.951 84373.951 84373.951 18.364289329060814 18.364289329060814 18.364289329060814 1.1477680830663008 1.1477680830663008 1.1477680830663008
 1664448 512 85723.877 85723.877 85723.877 19.882380634744276 19.882380634744276 19.882380634744276 1.2426487896715173 1.2426487896715173 1.2426487896715173
 1830720 512 97774.982 97774.982 97774.982 19.173179494934605 19.173179494934605 19.173179494934605 1.1983237184334128 1.1983237184334128 1.1983237184334128
 2013696 512 76164.007 76164.007 76164.007 27.07347978684998 27.07347978684998 27.07347978684998 1.6920924866781237 1.6920924866781237 1.6920924866781237
 2214912 256 103797.913 103797.913 103797.913 10.925411804763357 10.925411804763357 10.925411804763357 0.6828382377977098 0.6828382377977098 0.6828382377977098
 2436288 256 76581.001 76581.001 76581.001 16.288367084676782 16.288367084676782 16.288367084676782 1.0180229427922989 1.0180229427922989 1.0180229427922989
 2679744 256 83312.988 83312.988 83312.988 16.46836778918552 16.46836778918552 16.46836778918552 1.029272986824095 1.029272986824095 1.029272986824095
 2947584 256 70820.808 70820.808 70820.808 21.30959883993416 21.30959883993416 21.30959883993416 1.331849927495885 1.331849927495885 1.331849927495885
 3242304 256 75445.175 75445.175 75445.175 22.003523061613947 22.003523061613947 22.003523061613947 1.3752201913508717 1.3752201913508717 1.3752201913508717
 3566400 256 94620.943 94620.943 94620.943 19.298019467001083 19.298019467001083 19.298019467001083 1.2061262166875677 1.2061262166875677 1.2061262166875677
 3922944 256 97265.959 97265.959 97265.959 20.650054229147116 20.650054229147116 20.650054229147116 1.2906283893216948 1.2906283893216948 1.2906283893216948
 4315200 128 74851.036 74851.036 74851.036 14.758529193904545 14.758529193904545 14.758529193904545 0.9224080746190341 0.9224080746190341 0.9224080746190341
 4746624 128 96592.903 96592.903 96592.903 12.579969192974765 12.579969192974765 12.579969192974765 0.7862480745609228 0.7862480745609228 0.7862480745609228
 5221248 128 88315.964 88315.964 88315.964 15.134743793319178 15.134743793319178 15.134743793319178 0.9459214870824486 0.9459214870824486 0.9459214870824486
 5743296 128 109680.176 109680.176 109680.176 13.405191618219138 13.405191618219138 13.405191618219138 0.8378244761386962 0.8378244761386962 0.8378244761386962
 6317568 128 96998.93 96998.93 96998.93 16.673353077193738 16.673353077193738 16.673353077193738 1.0420845673246086 1.0420845673246086 1.0420845673246086
 6949248 128 107991.934 107991.934 107991.934 16.473521883588084 16.473521883588084 16.473521883588084 1.0295951177242553 1.0295951177242553 1.0295951177242553
 7644096 128 88085.175 88085.175 88085.175 22.21586749416119 22.21586749416119 22.21586749416119 1.3884917183850745 1.3884917183850745 1.3884917183850745
 8408448 64 79666.138 79666.138 79666.138 13.509897316724452 13.509897316724452 13.509897316724452 0.8443685822952782 0.8443685822952782 0.8443685822952782
 9249216 64 105420.828 105420.828 105420.828 11.230225283375692 11.230225283375692 11.230225283375692 0.7018890802109807 0.7018890802109807 0.7018890802109807
 10174080 64 107574.94 107574.94 107574.94 12.105814235174103 12.105814235174103 12.105814235174103 0.7566133896983814 0.7566133896983814 0.7566133896983814
 11191488 64 82039.118 82039.118 82039.118 17.46130990828058 17.46130990828058 17.46130990828058 1.0913318692675362 1.0913318692675362 1.0913318692675362
 12310464 64 77425.957 77425.957 77425.957 20.351564940940932 20.351564940940932 20.351564940940932 1.2719728088088083 1.2719728088088083 1.2719728088088083
 13541376 64 70560.932 70560.932 70560.932 24.564529958306107 24.564529958306107 24.564529958306107 1.5352831223941317 1.5352831223941317 1.5352831223941317
 14895360 64 91871.023 91871.023 91871.023 20.75307336024766 20.75307336024766 20.75307336024766 1.2970670850154788 1.2970670850154788 1.2970670850154788
 16384896 64 99224.806 99224.806 99224.806 21.136515882933548 21.136515882933548 21.136515882933548 1.3210322426833467 1.3210322426833467 1.3210322426833467
 18023232 32 91101.885 91101.885 91101.885 12.661503634090558 12.661503634090558 12.661503634090558 0.7913439771306598 0.7913439771306598 0.7913439771306598
 19825536 32 91125.011 91125.011 91125.011 13.924105907652512 13.924105907652512 13.924105907652512 0.870256619228282 0.870256619228282 0.870256619228282
 21807936 32 84959.03 84959.03 84959.03 16.428011289676917 16.428011289676917 16.428011289676917 1.0267507056048073 1.0267507056048073 1.0267507056048073
 23988672 32 108578.92 108578.92 108578.92 14.13971522280752 14.13971522280752 14.13971522280752 0.88373220142547 0.88373220142547 0.88373220142547
 26387520 32 81072.092 81072.092 81072.092 20.830858540075667 20.830858540075667 20.830858540075667 1.3019286587547292 1.3019286587547292 1.3019286587547292
 29026176 32 86853.027 86853.027 86853.027 21.388722168543417 21.388722168543417 21.388722168543417 1.3367951355339636 1.3367951355339636 1.3367951355339636
 31928640 32 92066.05 92066.05 92066.05 22.195293053193875 22.195293053193875 22.195293053193875 1.3872058158246172 1.3872058158246172 1.3872058158246172
 35121408 16 95650.911 95650.911 95650.911 11.74986253920781 11.74986253920781 11.74986253920781 0.7343664087004881 0.7343664087004881 0.7343664087004881
 38633472 16 108559.132 108559.132 108559.132 11.387997317443547 11.387997317443547 11.387997317443547 0.7117498323402217 0.7117498323402217 0.7117498323402217
 42496704 16 84699.154 84699.154 84699.154 16.055585726393442 16.055585726393442 16.055585726393442 1.0034741078995901 1.0034741078995901 1.0034741078995901
 46746240 16 78914.165 78914.165 78914.165 18.955781639455985 18.955781639455985 18.955781639455985 1.184736352465999 1.184736352465999 1.184736352465999
 51420864 16 87044.001 87044.001 87044.001 18.903860450991903 18.903860450991903 18.903860450991903 1.181491278186994 1.181491278186994 1.181491278186994
 56562816 16 97501.04 97501.04 97501.04 18.564008260834964 18.564008260834964 18.564008260834964 1.1602505163021852 1.1602505163021852 1.1602505163021852
 62218944 16 90065.956 90065.956 90065.956 22.10609087411452 22.10609087411452 22.10609087411452 1.3816306796321576 1.3816306796321576 1.3816306796321576
 68440704 8 92541.933 92541.933 92541.933 11.83302777995787 11.83302777995787 11.83302777995787 0.7395642362473669 0.7395642362473669 0.7395642362473669
 75284736 8 92733.86 92733.86 92733.86 12.989384632538751 12.989384632538751 12.989384632538751 0.811836539533672 0.811836539533672 0.811836539533672
 82813056 8 100549.936 100549.936 100549.936 13.177620481031434 13.177620481031434 13.177620481031434 0.8236012800644646 0.8236012800644646 0.8236012800644646
 91094208 8 81216.812 81216.812 81216.812 17.945882042254993 17.945882042254993 17.945882042254993 1.121617627640937 1.121617627640937 1.121617627640937
 100203456 8 92003.822 92003.822 92003.822 17.4259640648407 17.4259640648407 17.4259640648407 1.0891227540525437 1.0891227540525437 1.0891227540525437
 110223744 8 91080.904 91080.904 91080.904 19.362784365864442 19.362784365864442 19.362784365864442 1.2101740228665276 1.2101740228665276 1.2101740228665276
 121246080 8 81726.074 81726.074 81726.074 23.737066826432898 23.737066826432898 23.737066826432898 1.483566676652056 1.483566676652056 1.483566676652056
 133370688 8 102782.011 102782.011 102782.011 20.761716833892265 20.761716833892265 20.761716833892265 1.2976073021182666 1.2976073021182666 1.2976073021182666
 146707584 4 118946.075 118946.075 118946.075 9.867166041418349 9.867166041418349 9.867166041418349 0.6166978775886468 0.6166978775886468 0.6166978775886468
 161378304 4 92571.02 92571.02 92571.02 13.946334738452704 13.946334738452704 13.946334738452704 0.871645921153294 0.871645921153294 0.871645921153294
 177516096 4 81828.117 81828.117 81828.117 17.355021966349295 17.355021966349295 17.355021966349295 1.084688872896831 1.084688872896831 1.084688872896831
 195267648 4 106209.04 106209.04 106209.04 14.708175349292302 14.708175349292302 14.708175349292302 0.9192609593307689 0.9192609593307689 0.9192609593307689
 214794240 4 109487.057 109487.057 109487.057 15.694584977290969 15.694584977290969 15.694584977290969 0.9809115610806856 0.9809115610806856 0.9809115610806856
 236273664 4 97949.028 97949.028 97949.028 19.297683199061453 19.297683199061453 19.297683199061453 1.2061051999413408 1.2061051999413408 1.2061051999413408
 259900992 4 103425.026 103425.026 103425.026 20.10352828917829 20.10352828917829 20.10352828917829 1.256470518073643 1.256470518073643 1.256470518073643
 285891072 2 99699.02 99699.02 99699.02 11.470165784979633 11.470165784979633 11.470165784979633 0.7168853615612271 0.7168853615612271 0.7168853615612271
 314480064 2 111117.125 111117.125 111117.125 11.320669572759375 11.320669572759375 11.320669572759375 0.7075418482974609 0.7075418482974609 0.7075418482974609
 345927936 2 107985.973 107985.973 107985.973 12.813810030678706 12.813810030678706 12.813810030678706 0.8008631269174191 0.8008631269174191 0.8008631269174191
 380520576 2 89514.971 89514.971 89514.971 17.003661923769155 17.003661923769155 17.003661923769155 1.0627288702355722 1.0627288702355722 1.0627288702355722
 418572480 2 83858.013 83858.013 83858.013 19.965771428426283 19.965771428426283 19.965771428426283 1.2478607142766427 1.2478607142766427 1.2478607142766427
 460429632 2 85870.981 85870.981 85870.981 21.447507720914473 21.447507720914473 21.447507720914473 1.3404692325571546 1.3404692325571546 1.3404692325571546
 506472576 2 99210.978 99210.978 99210.978 20.42002150205595 20.42002150205595 20.42002150205595 1.2762513438784968 1.2762513438784968 1.2762513438784968
 557119680 1 87752.104 87752.104 87752.104 12.697579991928169 12.697579991928169 12.697579991928169 0.7935987494955106 0.7935987494955106 0.7935987494955106
 612831552 1 89643.955 89643.955 89643.955 13.672568373405657 13.672568373405657 13.672568373405657 0.8545355233378535 0.8545355233378535 0.8545355233378535
 674114688 1 109529.018 109529.018 109529.018 12.309335011110937 12.309335011110937 12.309335011110937 0.7693334381944336 0.7693334381944336 0.7693334381944336
 741526080 1 84156.99 84156.99 84156.99 17.62244776102377 17.62244776102377 17.62244776102377 1.1014029850639857 1.1014029850639857 1.1014029850639857
 815678592 1 98365.068 98365.068 98365.068 16.58472074659675 16.58472074659675 16.58472074659675 1.036545046662297 1.036545046662297 1.036545046662297
 897246336 1 99334.955 99334.955 99334.955 18.065067548477774 18.065067548477774 18.065067548477774 1.129066721779861 1.129066721779861 1.129066721779861
 986970816 1 119118.929 119118.929 119118.929 16.57118351022112 16.57118351022112 16.57118351022112 1.03569896938882 1.03569896938882 1.03569896938882
 
META_DATA
 MPI startup(): shm:tmi fabric is unknown or has been removed from the product, please use ofi or shm:ofi instead
 FLOPS          1
 MPI_PROCS      12
 OPENMP_THREADS 2
 ERT_VERSION  1.1.0
 HOSTNAME  ('shas0642.rc.int.colorado.edu', [], ['10.225.7.27'])
 UNAME  uname_result(system='Linux', node='shas0642.rc.int.colorado.edu', release='3.10.0-957.27.2.el7.x86_64', version='#1 SMP Mon Jul 29 17:46:05 UTC 2019', machine='x86_64', processor='x86_64')
 TIMESTAMP_DATA  1664551826.5519981
 CONFIG  {'ERT_RESULTS': ['lab5_results'], 'ERT_DRIVER': ['driver1'], 'ERT_KERNEL': ['kernel1'], 'ERT_MPI': ['True'], 'ERT_MPI_CFLAGS': ['-I/usr/include/mpi'], 'ERT_MPI_LDFLAGS': ['-lmpi'], 'ERT_OPENMP': ['True'], 'ERT_OPENMP_CFLAGS': ['-qopenmp'], 'ERT_OPENMP_LDFLAGS': ['-qopenmp'], 'ERT_FLOPS': ['1,2,4,8,16'], 'ERT_ALIGN': ['32'], 'ERT_CC': ['mpicc'], 'ERT_CFLAGS': ['-O3', '-msse3', '-axSSE3', '-xSSE3', '-fno-alias', '-fno-fnalias', '-DERT_INTEL', '-std=c++11'], 'ERT_LD': ['mpicc'], 'ERT_LDFLAGS': [], 'ERT_LDLIBS': [], 'ERT_PRECISION': ['FP64'], 'ERT_RUN': ['export', 'OMP_NUM_THREADS=ERT_OPENMP_THREADS;', 'mpirun', '-np', 'ERT_MPI_PROCS', 'ERT_CODE'], 'ERT_PROCS_THREADS': ['1-24'], 'ERT_MPI_PROCS': ['1,2,4,8,12,24'], 'ERT_OPENMP_THREADS': ['1,2,4,8,12,24'], 'ERT_NUM_EXPERIMENTS': ['1'], 'ERT_MEMORY_MAX': ['1073741824'], 'ERT_WORKING_SET_MIN': ['1'], 'ERT_TRIALS_MIN': ['1'], 'ERT_GNUPLOT': ['gnuplot'], 'ERT_GPU': [False], 'ERT_HIP': [False], 'ERT_OCL': [False], 'ERT_SYCL': [False], 'ERT_WSS_MULT': [1.1]}
 