fp64
 192 4194304 13206.005 13206.005 13206.005 121.96063351482906 121.96063351482906 121.96063351482906 7.622539594676816 7.622539594676816 7.622539594676816
 384 2097152 7347.107 7347.107 7347.107 219.21726960012967 219.21726960012967 219.21726960012967 13.701079350008104 13.701079350008104 13.701079350008104
 576 1048576 4904.032 4904.032 4904.032 246.31967164977715 246.31967164977715 246.31967164977715 15.394979478111072 15.394979478111072 15.394979478111072
 768 1048576 8798.838 8798.838 8798.838 183.04834524740653 183.04834524740653 183.04834524740653 11.440521577962908 11.440521577962908 11.440521577962908
 960 1048576 4188.061 4188.061 4188.061 480.7155196641118 480.7155196641118 480.7155196641118 30.044719979006988 30.044719979006988 30.044719979006988
 1152 524288 3023.863 3023.863 3023.863 399.475621746091 399.475621746091 399.475621746091 24.967226359130688 24.967226359130688 24.967226359130688
 1344 524288 2438.068 2438.068 2438.068 578.0339777233448 578.0339777233448 578.0339777233448 36.12712360770905 36.12712360770905 36.12712360770905
 1536 524288 3328.085 3328.085 3328.085 483.9457934517898 483.9457934517898 483.9457934517898 30.246612090736864 30.246612090736864 30.246612090736864
 1728 524288 3215.075 3215.075 3215.075 563.5760683654347 563.5760683654347 563.5760683654347 35.22350427283967 35.22350427283967 35.22350427283967
 1920 524288 3677.845 3677.845 3677.845 547.4036888449622 547.4036888449622 547.4036888449622 34.212730552810136 34.212730552810136 34.212730552810136
 2112 262144 1757.86 1757.86 1757.86 629.9115151377242 629.9115151377242 629.9115151377242 39.369469696107764 39.369469696107764 39.369469696107764
 2304 262144 2019.882 2019.882 2019.882 598.0347129188734 598.0347129188734 598.0347129188734 37.37716955742959 37.37716955742959 37.37716955742959
 2496 262144 1969.099 1969.099 1969.099 664.5795097148493 664.5795097148493 664.5795097148493 41.536219357178084 41.536219357178084 41.536219357178084
 2688 262144 2201.796 2201.796 2201.796 640.0620874958444 640.0620874958444 640.0620874958444 40.00388046849027 40.00388046849027 40.00388046849027
 2880 262144 2168.179 2168.179 2168.179 696.4136448143811 696.4136448143811 696.4136448143811 43.52585280089882 43.52585280089882 43.52585280089882
 3072 262144 1187.086 1187.086 1187.086 1356.7784777177053 1356.7784777177053 1356.7784777177053 84.79865485735658 84.79865485735658 84.79865485735658
 3264 262144 1533.985 1533.985 1533.985 1115.5754665136883 1115.5754665136883 1115.5754665136883 69.72346665710552 69.72346665710552 69.72346665710552
 3456 262144 1528.978 1528.978 1528.978 1185.065663469324 1185.065663469324 1185.065663469324 74.06660396683274 74.06660396683274 74.06660396683274
 3648 262144 1658.916 1658.916 1658.916 1152.923128114986 1152.923128114986 1152.923128114986 72.05769550718662 72.05769550718662 72.05769550718662
 3840 262144 1830.816 1830.816 1830.816 1099.654973520004 1099.654973520004 1099.654973520004 68.72843584500025 68.72843584500025 68.72843584500025
 4224 131072 1070.976 1070.976 1070.976 1033.9132305485834 1033.9132305485834 1033.9132305485834 64.61957690928647 64.61957690928647 64.61957690928647
 4608 131072 1112.938 1112.938 1112.938 1085.3790166208717 1085.3790166208717 1085.3790166208717 67.83618853880448 67.83618853880448 67.83618853880448
 4992 131072 1214.981 1214.981 1214.981 1077.0726850872566 1077.0726850872566 1077.0726850872566 67.31704281795353 67.31704281795353 67.31704281795353
 5376 131072 1306.057 1306.057 1306.057 1079.0387739585638 1079.0387739585638 1079.0387739585638 67.43992337241023 67.43992337241023 67.43992337241023
 5760 131072 1387.835 1387.835 1387.835 1087.9891629768667 1087.9891629768667 1087.9891629768667 67.99932268605417 67.99932268605417 67.99932268605417
 6336 131072 1251.936 1251.936 1251.936 1326.7007131354958 1326.7007131354958 1326.7007131354958 82.91879457096849 82.91879457096849 82.91879457096849
 6912 131072 1501.083 1501.083 1501.083 1207.0880344391348 1207.0880344391348 1207.0880344391348 75.44300215244593 75.44300215244593 75.44300215244593
 7488 131072 1593.113 1593.113 1593.113 1232.1375018595668 1232.1375018595668 1232.1375018595668 77.00859386622292 77.00859386622292 77.00859386622292
 8064 131072 1713.991 1713.991 1713.991 1233.3374072559307 1233.3374072559307 1233.3374072559307 77.08358795349567 77.08358795349567 77.08358795349567
 8832 65536 949.86 949.86 949.86 1218.7352915166446 1218.7352915166446 1218.7352915166446 76.17095571979029 76.17095571979029 76.17095571979029
 9600 65536 928.879 928.879 928.879 1354.6341342629125 1354.6341342629125 1354.6341342629125 84.66463339143203 84.66463339143203 84.66463339143203
 10560 65536 1103.878 1103.878 1103.878 1253.8707357153598 1253.8707357153598 1253.8707357153598 78.36692098220999 78.36692098220999 78.36692098220999
 11520 65536 1161.098 1161.098 1161.098 1300.4496089046747 1300.4496089046747 1300.4496089046747 81.27810055654217 81.27810055654217 81.27810055654217
 12672 65536 1194.0 1194.0 1194.0 1391.0756984924624 1391.0756984924624 1391.0756984924624 86.9422311557789 86.9422311557789 86.9422311557789
 13824 65536 1352.072 1352.072 1352.072 1340.1204432900024 1340.1204432900024 1340.1204432900024 83.75752770562515 83.75752770562515 83.75752770562515
 15168 65536 1546.86 1546.86 1546.86 1285.2488887164966 1285.2488887164966 1285.2488887164966 80.32805554478104 80.32805554478104 80.32805554478104
 16512 32768 791.073 791.073 791.073 1367.9273998733368 1367.9273998733368 1367.9273998733368 85.49546249208355 85.49546249208355 85.49546249208355
 18048 32768 880.003 880.003 880.003 1344.079199730001 1344.079199730001 1344.079199730001 84.00494998312506 84.00494998312506 84.00494998312506
 19776 32768 946.045 946.045 946.045 1369.9559069600282 1369.9559069600282 1369.9559069600282 85.62224418500176 85.62224418500176 85.62224418500176
 21696 32768 1008.034 1008.034 1008.034 1410.53680332211 1410.53680332211 1410.53680332211 88.15855020763188 88.15855020763188 88.15855020763188
 23808 32768 1126.051 1126.051 1126.051 1385.6220437617835 1385.6220437617835 1385.6220437617835 86.60137773511147 86.60137773511147 86.60137773511147
 26112 32768 1227.14 1227.14 1227.14 1394.523878286096 1394.523878286096 1394.523878286096 87.157742392881 87.157742392881 87.157742392881
 28608 32768 1343.012 1343.012 1343.012 1396.006802619783 1396.006802619783 1396.006802619783 87.25042516373644 87.25042516373644 87.25042516373644
 31296 32768 1455.069 1455.069 1455.069 1409.5652206184036 1409.5652206184036 1409.5652206184036 88.09782628865023 88.09782628865023 88.09782628865023
 34368 16384 797.033 797.033 797.033 1412.9535715585175 1412.9535715585175 1412.9535715585175 88.30959822240735 88.30959822240735 88.30959822240735
 37632 16384 868.082 868.082 868.082 1420.5171585172832 1420.5171585172832 1420.5171585172832 88.7823224073302 88.7823224073302 88.7823224073302
 41280 16384 957.012 957.012 957.012 1413.423279958872 1413.423279958872 1413.423279958872 88.3389549974295 88.3389549974295 88.3389549974295
 45312 16384 1047.134 1047.134 1047.134 1417.949962468987 1417.949962468987 1417.949962468987 88.62187265431169 88.62187265431169 88.62187265431169
 49728 16384 1137.018 1137.018 1137.018 1433.123401740342 1433.123401740342 1433.123401740342 89.57021260877137 89.57021260877137 89.57021260877137
 54528 16384 2320.051 2320.051 2320.051 770.1440632124035 770.1440632124035 770.1440632124035 48.13400395077522 48.13400395077522 48.13400395077522
 59904 16384 1373.053 1373.053 1373.053 1429.6128933114744 1429.6128933114744 1429.6128933114744 89.35080583196715 89.35080583196715 89.35080583196715
 65856 8192 756.979 756.979 756.979 1425.3826116708653 1425.3826116708653 1425.3826116708653 89.08641322942908 89.08641322942908 89.08641322942908
 72384 8192 836.849 836.849 836.849 1417.1486803473506 1417.1486803473506 1417.1486803473506 88.57179252170941 88.57179252170941 88.57179252170941
 79488 8192 910.997 910.997 910.997 1429.5671577403657 1429.5671577403657 1429.5671577403657 89.34794735877286 89.34794735877286 89.34794735877286
 87360 8192 995.159 995.159 995.159 1438.2688997436592 1438.2688997436592 1438.2688997436592 89.8918062339787 89.8918062339787 89.8918062339787
 96000 8192 1102.924 1102.924 1102.924 1426.0855689059265 1426.0855689059265 1426.0855689059265 89.1303480566204 89.1303480566204 89.1303480566204
 105600 8192 1254.082 1254.082 1254.082 1379.6150490956732 1379.6150490956732 1379.6150490956732 86.22594056847957 86.22594056847957 86.22594056847957
 116160 8192 1660.109 1660.109 1660.109 1146.4099285046946 1146.4099285046946 1146.4099285046946 71.65062053154341 71.65062053154341 71.65062053154341
 127680 8192 1499.176 1499.176 1499.176 1395.3726046841732 1395.3726046841732 1395.3726046841732 87.21078779276083 87.21078779276083 87.21078779276083
 140352 4096 827.074 827.074 827.074 1390.1580559901533 1390.1580559901533 1390.1580559901533 86.88487849938458 86.88487849938458 86.88487849938458
 154368 4096 944.853 944.853 944.853 1338.3908989017339 1338.3908989017339 1338.3908989017339 83.64943118135837 83.64943118135837 83.64943118135837
 169728 4096 987.053 987.053 987.053 1408.6495618776296 1408.6495618776296 1408.6495618776296 88.04059761735185 88.04059761735185 88.04059761735185
 186624 4096 1089.096 1089.096 1089.096 1403.7548645849404 1403.7548645849404 1403.7548645849404 87.73467903655877 87.73467903655877 87.73467903655877
 205248 4096 1187.801 1187.801 1187.801 1415.5499246085835 1415.5499246085835 1415.5499246085835 88.47187028803647 88.47187028803647 88.47187028803647
 225600 4096 1297.951 1297.951 1297.951 1423.8713171760721 1423.8713171760721 1423.8713171760721 88.99195732350451 88.99195732350451 88.99195732350451
 248064 4096 1439.095 1439.095 1439.095 1412.0959964422084 1412.0959964422084 1412.0959964422084 88.25599977763802 88.25599977763802 88.25599977763802
 272832 2048 778.198 778.198 778.198 1436.0353945910936 1436.0353945910936 1436.0353945910936 89.75221216194335 89.75221216194335 89.75221216194335
 300096 2048 862.122 862.122 862.122 1425.776416794839 1425.776416794839 1425.776416794839 89.11102604967743 89.11102604967743 89.11102604967743
 330048 2048 944.853 944.853 944.853 1430.779822893085 1430.779822893085 1430.779822893085 89.42373893081782 89.42373893081782 89.42373893081782
 362880 2048 1033.068 1033.068 1033.068 1438.7789380757122 1438.7789380757122 1438.7789380757122 89.92368362973201 89.92368362973201 89.92368362973201
 399168 2048 1147.985 1147.985 1147.985 1424.2277799797037 1424.2277799797037 1424.2277799797037 89.01423624873148 89.01423624873148 89.01423624873148
 438912 2048 1250.982 1250.982 1250.982 1437.09785752313 1437.09785752313 1437.09785752313 89.81861609519562 89.81861609519562 89.81861609519562
 482688 2048 1374.96 1374.96 1374.96 1437.9255018327806 1437.9255018327806 1437.9255018327806 89.87034386454879 89.87034386454879 89.87034386454879
 530880 1024 749.111 749.111 749.111 1451.3766851641478 1451.3766851641478 1451.3766851641478 90.71104282275924 90.71104282275924 90.71104282275924
 583872 1024 831.842 831.842 831.842 1437.4963707050138 1437.4963707050138 1437.4963707050138 89.84352316906336 89.84352316906336 89.84352316906336
 642240 1024 913.143 913.143 913.143 1440.4178973063363 1440.4178973063363 1440.4178973063363 90.02611858164602 90.02611858164602 90.02611858164602
 706368 1024 1006.126 1006.126 1006.126 1437.8334960034827 1437.8334960034827 1437.8334960034827 89.86459350021767 89.86459350021767 89.86459350021767
 776832 1024 1103.163 1103.163 1103.163 1442.1730387984367 1442.1730387984367 1442.1730387984367 90.13581492490229 90.13581492490229 90.13581492490229
 854400 1024 1291.037 1291.037 1291.037 1355.3532547866557 1355.3532547866557 1355.3532547866557 84.70957842416598 84.70957842416598 84.70957842416598
 939840 1024 1483.917 1483.917 1483.917 1297.10241206213 1297.10241206213 1297.10241206213 81.06890075388313 81.06890075388313 81.06890075388313
 1033728 1024 1640.797 1640.797 1640.797 1290.2723152224194 1290.2723152224194 1290.2723152224194 80.64201970140121 80.64201970140121 80.64201970140121
 1137024 512 906.944 906.944 906.944 1283.7755980523605 1283.7755980523605 1283.7755980523605 80.23597487827253 80.23597487827253 80.23597487827253
 1250688 512 998.02 998.02 998.02 1283.245337768782 1283.245337768782 1283.245337768782 80.20283361054888 80.20283361054888 80.20283361054888
 1375680 512 1085.997 1085.997 1085.997 1297.1456827228803 1297.1456827228803 1297.1456827228803 81.07160517018002 81.07160517018002 81.07160517018002
 1513152 512 1204.014 1204.014 1204.014 1286.9182982922125 1286.9182982922125 1286.9182982922125 80.43239364326328 80.43239364326328 80.43239364326328
 1664448 512 1315.117 1315.117 1315.117 1296.0023724124926 1296.0023724124926 1296.0023724124926 81.00014827578079 81.00014827578079 81.00014827578079
 1830720 512 1448.87 1448.87 1448.87 1293.8754201550175 1293.8754201550175 1293.8754201550175 80.8672137596886 80.8672137596886 80.8672137596886
 2013696 512 1592.875 1592.875 1592.875 1294.530144549949 1294.530144549949 1294.530144549949 80.90813403437181 80.90813403437181 80.90813403437181
 2214912 256 882.864 882.864 882.864 1284.4956233349642 1284.4956233349642 1284.4956233349642 80.28097645843526 80.28097645843526 80.28097645843526
 2436288 256 976.801 976.801 976.801 1277.0046877511386 1277.0046877511386 1277.0046877511386 79.81279298444616 79.81279298444616 79.81279298444616
 2679744 256 1072.168 1072.168 1072.168 1279.6771849187814 1279.6771849187814 1279.6771849187814 79.97982405742384 79.97982405742384 79.97982405742384
 2947584 256 1181.126 1181.126 1181.126 1277.7324417547325 1277.7324417547325 1277.7324417547325 79.85827760967078 79.85827760967078 79.85827760967078
 3242304 256 1325.846 1325.846 1325.846 1252.0757674722404 1252.0757674722404 1252.0757674722404 78.25473546701502 78.25473546701502 78.25473546701502
 3566400 256 1517.773 1517.773 1517.773 1203.0763493618613 1203.0763493618613 1203.0763493618613 75.19227183511633 75.19227183511633 75.19227183511633
 3922944 256 1797.915 1797.915 1797.915 1117.153662992967 1117.153662992967 1117.153662992967 69.82210393706043 69.82210393706043 69.82210393706043
 4315200 128 1015.186 1015.186 1015.186 1088.1663064699474 1088.1663064699474 1088.1663064699474 68.01039415437171 68.01039415437171 68.01039415437171
 4746624 128 1137.972 1137.972 1137.972 1067.8081218167056 1067.8081218167056 1067.8081218167056 66.7380076135441 66.7380076135441 66.7380076135441
 5221248 128 1286.03 1286.03 1286.03 1039.3532716966167 1039.3532716966167 1039.3532716966167 64.95957948103855 64.95957948103855 64.95957948103855
 5743296 128 1458.883 1458.883 1458.883 1007.8147294882455 1007.8147294882455 1007.8147294882455 62.98842059301534 62.98842059301534 62.98842059301534
 6317568 128 1620.054 1620.054 1620.054 998.2984567181094 998.2984567181094 998.2984567181094 62.393653544881836 62.393653544881836 62.393653544881836
 6949248 128 2042.055 2042.055 2042.055 871.1849034428553 871.1849034428553 871.1849034428553 54.44905646517846 54.44905646517846 54.44905646517846
 7644096 128 2290.964 2290.964 2290.964 854.1769211563343 854.1769211563343 854.1769211563343 53.38605757227089 53.38605757227089 53.38605757227089
 8408448 64 1343.966 1343.966 1343.966 800.8248303900547 800.8248303900547 800.8248303900547 50.05155189937842 50.05155189937842 50.05155189937842
 9249216 64 1496.077 1496.077 1496.077 791.3360395220299 791.3360395220299 791.3360395220299 49.45850247012687 49.45850247012687 49.45850247012687
 10174080 64 1658.916 1658.916 1658.916 785.0200010127096 785.0200010127096 785.0200010127096 49.06375006329435 49.06375006329435 49.06375006329435
 11191488 64 1806.974 1806.974 1806.974 792.7676125943151 792.7676125943151 792.7676125943151 49.54797578714469 49.54797578714469 49.54797578714469
 12310464 64 1992.941 1992.941 1992.941 790.6603316405251 790.6603316405251 790.6603316405251 49.41627072753282 49.41627072753282 49.41627072753282
 13541376 64 2227.068 2227.068 2227.068 778.2861268717435 778.2861268717435 778.2861268717435 48.64288292948397 48.64288292948397 48.64288292948397
 14895360 64 2415.18 2415.18 2415.18 789.4260800437235 789.4260800437235 789.4260800437235 49.339130002732716 49.339130002732716 49.339130002732716
 16384896 64 2650.023 2650.023 2650.023 791.414522817349 791.414522817349 791.414522817349 49.463407676084316 49.463407676084316 49.463407676084316
 18023232 32 1455.069 1455.069 1455.069 792.7368722720365 792.7368722720365 792.7368722720365 49.54605451700228 49.54605451700228 49.54605451700228
 19825536 32 1595.02 1595.02 1595.02 795.4974257376084 795.4974257376084 795.4974257376084 49.718589108600526 49.718589108600526 49.718589108600526
 21807936 32 1781.94 1781.94 1781.94 783.251907471632 783.251907471632 783.251907471632 48.953244216977 48.953244216977 48.953244216977
 23988672 32 1939.058 1939.058 1939.058 791.7633242533229 791.7633242533229 791.7633242533229 49.48520776583268 49.48520776583268 49.48520776583268
 26387520 32 2125.978 2125.978 2125.978 794.3644195753672 794.3644195753672 794.3644195753672 49.64777622346045 49.64777622346045 49.64777622346045
 29026176 32 2351.999 2351.999 2351.999 789.8282541786797 789.8282541786797 789.8282541786797 49.36426588616748 49.36426588616748 49.36426588616748
 31928640 32 2570.152 2570.152 2570.152 795.0630779813802 795.0630779813802 795.0630779813802 49.69144237383626 49.69144237383626 49.69144237383626
 35121408 16 1427.889 1427.889 1427.889 787.0955347369439 787.0955347369439 787.0955347369439 49.193470921058996 49.193470921058996 49.193470921058996
 38633472 16 1597.881 1597.881 1597.881 773.6941011251777 773.6941011251777 773.6941011251777 48.355881320323604 48.355881320323604 48.355881320323604
 42496704 16 1732.111 1732.111 1732.111 785.1081876392449 785.1081876392449 785.1081876392449 49.069261727452805 49.069261727452805 49.069261727452805
 46746240 16 1944.065 1944.065 1944.065 769.4597042794351 769.4597042794351 769.4597042794351 48.09123151746469 48.09123151746469 48.09123151746469
 51420864 16 2259.97 2259.97 2259.97 728.0926950357749 728.0926950357749 728.0926950357749 45.50579343973593 45.50579343973593 45.50579343973593
 56562816 16 2940.893 2940.893 2940.893 615.46275638046 615.46275638046 615.46275638046 38.46642227377875 38.46642227377875 38.46642227377875
 62218944 16 4380.226 4380.226 4380.226 454.54417374811254 454.54417374811254 454.54417374811254 28.409010859257034 28.409010859257034 28.409010859257034
 68440704 8 4137.993 4137.993 4137.993 264.63342591444695 264.63342591444695 264.63342591444695 16.539589119652934 16.539589119652934 16.539589119652934
 75284736 8 7720.947 7720.947 7720.947 156.01140326439233 156.01140326439233 156.01140326439233 9.75071270402452 9.75071270402452 9.75071270402452
 82813056 8 10488.033 10488.033 10488.033 126.3353095856964 126.3353095856964 126.3353095856964 7.895956849106025 7.895956849106025 7.895956849106025
 91094208 8 12706.995 12706.995 12706.995 114.70118057022923 114.70118057022923 114.70118057022923 7.168823785639327 7.168823785639327 7.168823785639327
 100203456 8 14842.987 14842.987 14842.987 108.01432999975006 108.01432999975006 108.01432999975006 6.750895624984379 6.750895624984379 6.750895624984379
 110223744 8 16650.915 16650.915 16650.915 105.91489440670377 105.91489440670377 105.91489440670377 6.619680900418985 6.619680900418985 6.619680900418985
 121246080 8 18522.978 18522.978 18522.978 104.73139254389874 104.73139254389874 104.73139254389874 6.545712033993671 6.545712033993671 6.545712033993671
 133370688 8 20514.011 20514.011 20514.011 104.02309952938994 104.02309952938994 104.02309952938994 6.501443720586871 6.501443720586871 6.501443720586871
 146707584 4 11322.975 11322.975 11322.975 103.65303040941095 103.65303040941095 103.65303040941095 6.478314400588184 6.478314400588184 6.478314400588184
 161378304 4 12632.847 12632.847 12632.847 102.1959999990501 102.1959999990501 102.1959999990501 6.387249999940631 6.387249999940631 6.387249999940631
 177516096 4 13859.034 13859.034 13859.034 102.46953488966115 102.46953488966115 102.46953488966115 6.404345930603822 6.404345930603822 6.404345930603822
 195267648 4 15200.853 15200.853 15200.853 102.76667921201528 102.76667921201528 102.76667921201528 6.422917450750955 6.422917450750955 6.422917450750955
 214794240 4 16713.142 16713.142 16713.142 102.81453481338218 102.81453481338218 102.81453481338218 6.425908425836386 6.425908425836386 6.425908425836386
 236273664 4 18360.853 18360.853 18360.853 102.94670470919843 102.94670470919843 102.94670470919843 6.434169044324902 6.434169044324902 6.434169044324902
 259900992 4 20153.046 20153.046 20153.046 103.17090210581568 103.17090210581568 103.17090210581568 6.44818138161348 6.44818138161348 6.44818138161348
 285891072 2 11061.907 11061.907 11061.907 103.37858454243018 103.37858454243018 103.37858454243018 6.461161533901886 6.461161533901886 6.461161533901886
 314480064 2 12253.046 12253.046 12253.046 102.66184065578469 102.66184065578469 102.66184065578469 6.416365040986543 6.416365040986543 6.416365040986543
 345927936 2 13519.049 13519.049 13519.049 102.35274271141408 102.35274271141408 102.35274271141408 6.39704641946338 6.39704641946338 6.39704641946338
 380520576 2 14958.858 14958.858 14958.858 101.75123689254887 101.75123689254887 101.75123689254887 6.359452305784305 6.359452305784305 6.359452305784305
 418572480 2 16520.977 16520.977 16520.977 101.34327527966416 101.34327527966416 101.34327527966416 6.33395470497901 6.33395470497901 6.33395470497901
 460429632 2 18190.861 18190.861 18190.861 101.24416474844153 101.24416474844153 101.24416474844153 6.327760296777596 6.327760296777596 6.327760296777596
 506472576 2 20004.988 20004.988 20004.988 101.26925864689345 101.26925864689345 101.26925864689345 6.3293286654308405 6.3293286654308405 6.3293286654308405
 557119680 1 11013.985 11013.985 11013.985 101.1658686660641 101.1658686660641 101.1658686660641 6.322866791629006 6.322866791629006 6.322866791629006
 612831552 1 12081.146 12081.146 12081.146 101.45255292833973 101.45255292833973 101.45255292833973 6.340784558021233 6.340784558021233 6.340784558021233
 674114688 1 13254.881 13254.881 13254.881 101.71569069537478 101.71569069537478 101.71569069537478 6.357230668460923 6.357230668460923 6.357230668460923
 741526080 1 14564.037 14564.037 14564.037 101.82974404692874 101.82974404692874 101.82974404692874 6.364359002933046 6.364359002933046 6.364359002933046
 815678592 1 16245.127 16245.127 16245.127 100.42132536113752 100.42132536113752 100.42132536113752 6.276332835071095 6.276332835071095 6.276332835071095
 897246336 1 17631.054 17631.054 17631.054 101.78022663874775 101.78022663874775 101.78022663874775 6.361264164921734 6.361264164921734 6.361264164921734
 986970816 1 19361.019 19361.019 19361.019 101.95442874158638 101.95442874158638 101.95442874158638 6.372151796349149 6.372151796349149 6.372151796349149
 
META_DATA
 MPI startup(): shm:tmi fabric is unknown or has been removed from the product, please use ofi or shm:ofi instead
 FLOPS          1
 MPI_PROCS      24
 OPENMP_THREADS 1
 ERT_VERSION  1.1.0
 HOSTNAME  ('shas0420.rc.int.colorado.edu', [], ['10.225.6.135'])
 UNAME  uname_result(system='Linux', node='shas0420.rc.int.colorado.edu', release='3.10.0-957.27.2.el7.x86_64', version='#1 SMP Mon Jul 29 17:46:05 UTC 2019', machine='x86_64', processor='x86_64')
 TIMESTAMP_DATA  1664554799.1428363
 CONFIG  {'ERT_RESULTS': ['lab5_results'], 'ERT_DRIVER': ['driver1'], 'ERT_KERNEL': ['kernel1'], 'ERT_MPI': ['True'], 'ERT_MPI_CFLAGS': ['-I/usr/include/mpi'], 'ERT_MPI_LDFLAGS': ['-lmpi'], 'ERT_OPENMP': ['True'], 'ERT_OPENMP_CFLAGS': ['-qopenmp'], 'ERT_OPENMP_LDFLAGS': ['-qopenmp'], 'ERT_FLOPS': ['1,2,4,8,16'], 'ERT_ALIGN': ['32'], 'ERT_CC': ['mpicc'], 'ERT_CFLAGS': ['-O3', '-msse3', '-axSSE3', '-xSSE3', '-fno-alias', '-fno-fnalias', '-DERT_INTEL', '-std=c++11'], 'ERT_LD': ['mpicc'], 'ERT_LDFLAGS': [], 'ERT_LDLIBS': [], 'ERT_PRECISION': ['FP64'], 'ERT_RUN': ['export', 'OMP_NUM_THREADS=ERT_OPENMP_THREADS;', 'mpirun', '-np', 'ERT_MPI_PROCS', 'ERT_CODE'], 'ERT_PROCS_THREADS': ['1-24'], 'ERT_MPI_PROCS': ['1,2,4,8,12,24'], 'ERT_OPENMP_THREADS': ['1,2,4,8,12,24'], 'ERT_NUM_EXPERIMENTS': ['1'], 'ERT_MEMORY_MAX': ['1073741824'], 'ERT_WORKING_SET_MIN': ['1'], 'ERT_TRIALS_MIN': ['1'], 'ERT_GNUPLOT': ['gnuplot'], 'ERT_GPU': [False], 'ERT_HIP': [False], 'ERT_OCL': [False], 'ERT_SYCL': [False], 'ERT_WSS_MULT': [1.1]}
 