fp64
 8 134217728 368381.023 368381.023 368381.023 5.82951757533938 5.82951757533938 5.82951757533938 0.36434484845871123 0.36434484845871123 0.36434484845871123
 16 67108864 206825.972 206825.972 206825.972 10.383046322634955 10.383046322634955 10.383046322634955 0.6489403951646847 0.6489403951646847 0.6489403951646847
 24 33554432 105530.977 105530.977 105530.977 15.261990192699534 15.261990192699534 15.261990192699534 0.9538743870437209 0.9538743870437209 0.9538743870437209
 32 33554432 119828.939 119828.939 119828.939 17.921243949260038 17.921243949260038 17.921243949260038 1.1200777468287524 1.1200777468287524 1.1200777468287524
 40 16777216 56648.97 56648.97 56648.97 23.692880558993394 23.692880558993394 23.692880558993394 1.4808050349370872 1.4808050349370872 1.4808050349370872
 48 16777216 86051.941 86051.941 86051.941 18.716750805191015 18.716750805191015 18.716750805191015 1.1697969253244385 1.1697969253244385 1.1697969253244385
 56 16777216 66373.11 66373.11 66373.11 28.310383406774218 28.310383406774218 28.310383406774218 1.7693989629233886 1.7693989629233886 1.7693989629233886
 64 16777216 92070.103 92070.103 92070.103 23.324440595010522 23.324440595010522 23.324440595010522 1.4577775371881576 1.4577775371881576 1.4577775371881576
 72 8388608 43406.01 43406.01 43406.01 27.829315617814213 27.829315617814213 27.829315617814213 1.7393322261133883 1.7393322261133883 1.7393322261133883
 80 8388608 51096.916 51096.916 51096.916 26.26728548548801 26.26728548548801 26.26728548548801 1.6417053428430006 1.6417053428430006 1.6417053428430006
 88 8388608 48511.028 48511.028 48511.028 30.434214010059733 30.434214010059733 30.434214010059733 1.9021383756287333 1.9021383756287333 1.9021383756287333
 96 8388608 56272.984 56272.984 56272.984 28.621420467057515 28.621420467057515 28.621420467057515 1.7888387791910947 1.7888387791910947 1.7888387791910947
 104 8388608 56332.111 56332.111 56332.111 30.97399392683864 30.97399392683864 30.97399392683864 1.935874620427415 1.935874620427415 1.935874620427415
 112 8388608 61273.813 61273.813 61273.813 30.66641522700733 30.66641522700733 30.66641522700733 1.9166509516879582 1.9166509516879582 1.9166509516879582
 120 8388608 58718.92 58718.92 58718.92 34.28649437012806 34.28649437012806 34.28649437012806 2.142905898133004 2.142905898133004 2.142905898133004
 128 8388608 33033.133 33033.133 33033.133 65.00999006058554 65.00999006058554 65.00999006058554 4.063124378786596 4.063124378786596 4.063124378786596
 136 4194304 20424.843 20424.843 20424.843 55.85603218590223 55.85603218590223 55.85603218590223 3.4910020116188893 3.4910020116188893 3.4910020116188893
 144 4194304 20560.026 20560.026 20560.026 58.75282219973845 58.75282219973845 58.75282219973845 3.6720513874836533 3.6720513874836533 3.6720513874836533
 152 4194304 22980.928 22980.928 22980.928 55.48376532053014 55.48376532053014 55.48376532053014 3.4677353325331337 3.4677353325331337 3.4677353325331337
 160 4194304 24255.037 24255.037 24255.037 55.336022781577284 55.336022781577284 55.336022781577284 3.4585014238485803 3.4585014238485803 3.4585014238485803
 176 4194304 26813.984 26813.984 26813.984 55.06063582345689 55.06063582345689 55.06063582345689 3.4412897389660557 3.4412897389660557 3.4412897389660557
 192 4194304 29488.087 29488.087 29488.087 54.61909875672844 54.61909875672844 54.61909875672844 3.4136936722955276 3.4136936722955276 3.4136936722955276
 208 4194304 32186.985 32186.985 32186.985 54.209192442224705 54.209192442224705 54.209192442224705 3.388074527639044 3.388074527639044 3.388074527639044
 224 4194304 34542.084 34542.084 34542.084 54.39880790053084 54.39880790053084 54.39880790053084 3.3999254937831775 3.3999254937831775 3.3999254937831775
 240 4194304 37192.106 37192.106 37192.106 54.131538558209094 54.131538558209094 54.131538558209094 3.3832211598880684 3.3832211598880684 3.3832211598880684
 264 2097152 17271.996 17271.996 17271.996 64.10933953435377 64.10933953435377 64.10933953435377 4.00683372089711 4.00683372089711 4.00683372089711
 288 2097152 19054.89 19054.89 19054.89 63.39367752844546 63.39367752844546 63.39367752844546 3.962104845527841 3.962104845527841 3.962104845527841
 312 2097152 21665.096 21665.096 21665.096 60.40235630619868 60.40235630619868 60.40235630619868 3.7751472691374177 3.7751472691374177 3.7751472691374177
 336 2097152 23041.964 23041.964 23041.964 61.16171972146124 61.16171972146124 61.16171972146124 3.8226074825913274 3.8226074825913274 3.8226074825913274
 368 2097152 25681.973 25681.973 25681.973 60.10067341788733 60.10067341788733 60.10067341788733 3.756292088617958 3.756292088617958 3.756292088617958
 400 2097152 25771.856 25771.856 25771.856 65.09898239381751 65.09898239381751 65.09898239381751 4.068686399613594 4.068686399613594 4.068686399613594
 440 2097152 28931.141 28931.141 28931.141 63.7891799704685 63.7891799704685 63.7891799704685 3.9868237481542814 3.9868237481542814 3.9868237481542814
 480 2097152 32038.927 32038.927 32038.927 62.83811939145152 62.83811939145152 62.83811939145152 3.92738246196572 3.92738246196572 3.92738246196572
 528 1048576 16709.089 16709.089 16709.089 66.26909797416243 66.26909797416243 66.26909797416243 4.141818623385152 4.141818623385152 4.141818623385152
 576 1048576 18509.15 18509.15 18509.15 65.26283227484784 65.26283227484784 65.26283227484784 4.07892701717799 4.07892701717799 4.07892701717799
 632 1048576 21323.204 21323.204 21323.204 62.15764122502416 62.15764122502416 62.15764122502416 3.88485257656401 3.88485257656401 3.88485257656401
 688 1048576 21699.19 21699.19 21699.19 66.49283111489416 66.49283111489416 66.49283111489416 4.155801944680885 4.155801944680885 4.155801944680885
 752 1048576 24268.15 24268.15 24268.15 64.98469409493512 64.98469409493512 64.98469409493512 4.061543380933445 4.061543380933445 4.061543380933445
 824 1048576 26093.96 26093.96 26093.96 66.22426216641705 66.22426216641705 66.22426216641705 4.1390163854010655 4.1390163854010655 4.1390163854010655
 904 1048576 27966.022 27966.022 27966.022 67.79031383154887 67.79031383154887 67.79031383154887 4.2368946144718045 4.2368946144718045 4.2368946144718045
 992 1048576 31352.043 31352.043 31352.043 66.35531802504863 66.35531802504863 66.35531802504863 4.1472073765655395 4.1472073765655395 4.1472073765655395
 1088 524288 16911.983 16911.983 16911.983 67.45812646571369 67.45812646571369 67.45812646571369 4.216132904107106 4.216132904107106 4.216132904107106
 1192 524288 18512.011 18512.011 18512.011 67.51846636219048 67.51846636219048 67.51846636219048 4.219904147636905 4.219904147636905 4.219904147636905
 1304 524288 20121.813 20121.813 20121.813 67.95327558207603 67.95327558207603 67.95327558207603 4.247079723879752 4.247079723879752 4.247079723879752
 1432 524288 22032.976 22032.976 22032.976 68.15061351675779 68.15061351675779 68.15061351675779 4.259413344797362 4.259413344797362 4.259413344797362
 1568 524288 23953.199 23953.199 23953.199 68.64081778805411 68.64081778805411 68.64081778805411 4.290051111753382 4.290051111753382 4.290051111753382
 1720 524288 26383.162 26383.162 26383.162 68.35991531265282 68.35991531265282 68.35991531265282 4.272494707040801 4.272494707040801 4.272494707040801
 1888 524288 29112.101 29112.101 29112.101 68.00304409496243 68.00304409496243 68.00304409496243 4.250190255935152 4.250190255935152 4.250190255935152
 2072 262144 15791.893 15791.893 15791.893 68.79002637619188 68.79002637619188 68.79002637619188 4.299376648511992 4.299376648511992 4.299376648511992
 2272 262144 17404.079 17404.079 17404.079 68.44271024051315 68.44271024051315 68.44271024051315 4.277669390032072 4.277669390032072 4.277669390032072
 2496 262144 18988.132 18988.132 18988.132 68.91793505543356 68.91793505543356 68.91793505543356 4.3073709409645975 4.3073709409645975 4.3073709409645975
 2744 262144 20855.904 20855.904 20855.904 68.98028836342937 68.98028836342937 68.98028836342937 4.311268022714335 4.311268022714335 4.311268022714335
 3016 262144 22914.886 22914.886 22914.886 69.00547565455923 69.00547565455923 69.00547565455923 4.312842228409952 4.312842228409952 4.312842228409952
 3312 262144 25231.838 25231.838 25231.838 68.81947545795117 68.81947545795117 68.81947545795117 4.301217216121948 4.301217216121948 4.301217216121948
 3640 262144 27583.838 27583.838 27583.838 69.18574275269452 69.18574275269452 69.18574275269452 4.324108922043408 4.324108922043408 4.324108922043408
 4000 262144 30300.856 30300.856 30300.856 69.21098202638235 69.21098202638235 69.21098202638235 4.325686376648897 4.325686376648897 4.325686376648897
 4400 131072 17338.991 17338.991 17338.991 66.52253294323758 66.52253294323758 66.52253294323758 4.157658308952349 4.157658308952349 4.157658308952349
 4840 131072 20334.959 20334.959 20334.959 62.39387844352182 62.39387844352182 62.39387844352182 3.899617402720114 3.899617402720114 3.899617402720114
 5320 131072 22169.828 22169.828 22169.828 62.90558862251885 62.90558862251885 62.90558862251885 3.931599288907428 3.931599288907428 3.931599288907428
 5848 131072 24305.105 24305.105 24305.105 63.073914389590165 63.073914389590165 63.073914389590165 3.9421196493493853 3.9421196493493853 3.9421196493493853
 6432 131072 24929.047 24929.047 24929.047 67.63636845002539 67.63636845002539 67.63636845002539 4.227273028126587 4.227273028126587 4.227273028126587
 7072 131072 27392.149 27392.149 27392.149 67.67933278984427 67.67933278984427 67.67933278984427 4.229958299365267 4.229958299365267 4.229958299365267
 7776 131072 30225.039 30225.039 30225.039 67.44182344975634 67.44182344975634 67.44182344975634 4.215113965609771 4.215113965609771 4.215113965609771
 8552 65536 16803.026 16803.026 16803.026 66.709873804873 66.709873804873 66.709873804873 4.169367112804562 4.169367112804562 4.169367112804562
 9400 65536 18040.895 18040.895 18040.895 68.29355195515521 68.29355195515521 68.29355195515521 4.268346997197201 4.268346997197201 4.268346997197201
 10336 65536 19933.939 19933.939 19933.939 67.9624931128765 67.9624931128765 67.9624931128765 4.247655819554781 4.247655819554781 4.247655819554781
 11368 65536 21753.073 21753.073 21753.073 68.49728753266263 68.49728753266263 68.49728753266263 4.281080470791414 4.281080470791414 4.281080470791414
 12504 65536 23838.043 23838.043 23838.043 68.75246797734192 68.75246797734192 68.75246797734192 4.29702924858387 4.29702924858387 4.29702924858387
 13752 65536 26149.035 26149.035 26149.035 68.93188004834595 68.93188004834595 68.93188004834595 4.308242503021622 4.308242503021622 4.308242503021622
 15120 65536 28707.981 28707.981 28707.981 69.03336880430567 69.03336880430567 69.03336880430567 4.314585550269104 4.314585550269104 4.314585550269104
 16632 32768 15785.933 15785.933 15785.933 69.04848462235331 69.04848462235331 69.04848462235331 4.315530288897082 4.315530288897082 4.315530288897082
 18288 32768 17337.084 17337.084 17337.084 69.1305624406042 69.1305624406042 69.1305624406042 4.320660152537762 4.320660152537762 4.320660152537762
 20112 32768 18997.192 18997.192 18997.192 69.38183453638833 69.38183453638833 69.38183453638833 4.33636465852427 4.33636465852427 4.33636465852427
 22120 32768 20951.033 20951.033 20951.033 69.19259398808641 69.19259398808641 69.19259398808641 4.324537124255401 4.324537124255401 4.324537124255401
 24328 32768 23000.002 23000.002 23000.002 69.31998562434907 69.31998562434907 69.31998562434907 4.332499101521817 4.332499101521817 4.332499101521817
 26760 32768 25249.958 25249.958 25249.958 69.45529810386219 69.45529810386219 69.45529810386219 4.340956131491387 4.340956131491387 4.340956131491387
 29432 32768 27809.858 27809.858 27809.858 69.35869834358736 69.35869834358736 69.35869834358736 4.33491864647421 4.33491864647421 4.33491864647421
 32368 32768 30563.831 30563.831 30563.831 69.40456018095375 69.40456018095375 69.40456018095375 4.3377850113096095 4.3377850113096095 4.3377850113096095
 35600 16384 17964.84 17964.84 17964.84 64.93466126055117 64.93466126055117 64.93466126055117 4.058416328784448 4.058416328784448 4.058416328784448
 39160 16384 20052.91 20052.91 20052.91 63.990457245357405 63.990457245357405 63.990457245357405 3.999403577834838 3.999403577834838 3.999403577834838
 43072 16384 22560.12 22560.12 22560.12 62.56098354086769 62.56098354086769 62.56098354086769 3.9100614713042305 3.9100614713042305 3.9100614713042305
 47376 16384 24890.9 24890.9 24890.9 62.36884837430547 62.36884837430547 62.36884837430547 3.898053023394092 3.898053023394092 3.898053023394092
 52112 16384 27238.846 27238.846 27238.846 62.69010133542368 62.69010133542368 62.69010133542368 3.91813133346398 3.91813133346398 3.91813133346398
 57320 16384 30090.094 30090.094 30090.094 62.42126594885347 62.42126594885347 62.42126594885347 3.9013291218033417 3.9013291218033417 3.9013291218033417
 63048 16384 32984.972 32984.972 32984.972 62.63327626896272 62.63327626896272 62.63327626896272 3.91457976681017 3.91457976681017 3.91457976681017
 69352 8192 18162.012 18162.012 18162.012 62.56262621123695 62.56262621123695 62.56262621123695 3.9101641382023096 3.9101641382023096 3.9101641382023096
 76280 8192 19994.02 19994.02 19994.02 62.50726567243605 62.50726567243605 62.50726567243605 3.906704104527253 3.906704104527253 3.906704104527253
 83904 8192 22341.967 22341.967 22341.967 61.52919015590704 61.52919015590704 61.52919015590704 3.84557438474419 3.84557438474419 3.84557438474419
 92288 8192 24165.154 24165.154 24165.154 62.571361721924056 62.571361721924056 62.571361721924056 3.9107101076202535 3.9107101076202535 3.9107101076202535
 101512 8192 26616.096 26616.096 26616.096 62.48747404578041 62.48747404578041 62.48747404578041 3.9054671278612756 3.9054671278612756 3.9054671278612756
 111656 8192 29298.067 29298.067 29298.067 62.44002049691538 62.44002049691538 62.44002049691538 3.9025012810572113 3.9025012810572113 3.9025012810572113
 122816 8192 32245.874 32245.874 32245.874 62.40231987509472 62.40231987509472 62.40231987509472 3.90014499219342 3.90014499219342 3.90014499219342
 135096 4096 17795.086 17795.086 17795.086 62.191687750202505 62.191687750202505 62.191687750202505 3.8869804843876565 3.8869804843876565 3.8869804843876565
 148600 4096 19573.927 19573.927 19573.927 62.19146520777358 62.19146520777358 62.19146520777358 3.886966575485849 3.886966575485849 3.886966575485849
 163456 4096 21672.964 21672.964 21672.964 61.78349910976644 61.78349910976644 61.78349910976644 3.8614686943604024 3.8614686943604024 3.8614686943604024
 179800 4096 23734.093 23734.093 23734.093 62.05931694967236 62.05931694967236 62.05931694967236 3.8787073093545223 3.8787073093545223 3.8787073093545223
 197776 4096 26225.805 26225.805 26225.805 61.778122425603335 61.778122425603335 61.778122425603335 3.8611326516002085 3.8611326516002085 3.8611326516002085
 217552 4096 28860.092 28860.092 28860.092 61.7526092432415 61.7526092432415 61.7526092432415 3.859538077702594 3.859538077702594 3.859538077702594
 239304 4096 31727.076 31727.076 31727.076 61.7888130630128 61.7888130630128 61.7888130630128 3.8618008164383 3.8618008164383 3.8618008164383
 263232 2048 17832.041 17832.041 17832.041 60.464097856212874 60.464097856212874 60.464097856212874 3.7790061160133046 3.7790061160133046 3.7790061160133046
 289552 2048 28492.928 28492.928 28492.928 41.62453897331997 41.62453897331997 41.62453897331997 2.601533685832498 2.601533685832498 2.601533685832498
 318504 2048 31464.1 31464.1 31464.1 41.46288576504651 41.46288576504651 41.46288576504651 2.5914303603154067 2.5914303603154067 2.5914303603154067
 350352 2048 36929.131 36929.131 36929.131 38.85934364391082 38.85934364391082 38.85934364391082 2.428708977744426 2.428708977744426 2.428708977744426
 385384 2048 40644.884 40644.884 40644.884 38.83718462574527 38.83718462574527 38.83718462574527 2.4273240391090796 2.4273240391090796 2.4273240391090796
 423920 2048 44758.797 44758.797 44758.797 38.794079295741575 38.794079295741575 38.794079295741575 2.4246299559838485 2.4246299559838485 2.4246299559838485
 466312 2048 49168.11 49168.11 49168.11 38.84660101842434 38.84660101842434 38.84660101842434 2.427912563651521 2.427912563651521 2.427912563651521
 512936 2048 54301.023 54301.023 54301.023 38.69145993805678 38.69145993805678 38.69145993805678 2.418216246128549 2.418216246128549 2.418216246128549
 564224 1024 30642.033 30642.033 30642.033 37.710642502082024 37.710642502082024 37.710642502082024 2.3569151563801265 2.3569151563801265 2.3569151563801265
 620640 1024 32768.965 32768.965 32768.965 38.78885768897492 38.78885768897492 38.78885768897492 2.4243036055609326 2.4243036055609326 2.4243036055609326
 682704 1024 36058.903 36058.903 36058.903 38.774828840466945 38.774828840466945 38.774828840466945 2.423426802529184 2.423426802529184 2.423426802529184
 750968 1024 39709.806 39709.806 39709.806 38.73054590092936 38.73054590092936 38.73054590092936 2.420659118808085 2.420659118808085 2.420659118808085
 826064 1024 43620.11 43620.11 43620.11 38.78438344149063 38.78438344149063 38.78438344149063 2.4240239650931645 2.4240239650931645 2.4240239650931645
 908664 1024 47936.916 47936.916 47936.916 38.820684084057476 38.820684084057476 38.820684084057476 2.4262927552535922 2.4262927552535922 2.4262927552535922
 999528 1024 52778.006 52778.006 52778.006 38.78572722129744 38.78572722129744 38.78572722129744 2.42410795133109 2.42410795133109 2.42410795133109
 1099480 512 28967.142 28967.142 28967.142 38.86705564532393 38.86705564532393 38.86705564532393 2.4291909778327456 2.4291909778327456 2.4291909778327456
 1209424 512 33032.179 33032.179 33032.179 37.492233739711814 37.492233739711814 37.492233739711814 2.3432646087319884 2.3432646087319884 2.3432646087319884
 1330360 512 36493.063 36493.063 36493.063 37.33007119736702 37.33007119736702 37.33007119736702 2.3331294498354387 2.3331294498354387 2.3331294498354387
 1463392 512 38650.036 38650.036 38650.036 38.77133278737438 38.77133278737438 38.77133278737438 2.4232082992108985 2.4232082992108985 2.4232082992108985
 1609728 512 43750.048 43750.048 43750.048 37.676792308890725 37.676792308890725 37.676792308890725 2.3547995193056703 2.3547995193056703 2.3547995193056703
 1770696 512 46784.878 46784.878 46784.878 38.75595665761916 38.75595665761916 38.75595665761916 2.4222472911011974 2.4222472911011974 2.4222472911011974
 1947760 512 51563.978 51563.978 51563.978 38.68022440006471 38.68022440006471 38.68022440006471 2.4175140250040443 2.4175140250040443 2.4175140250040443
 2142536 256 28337.955 28337.955 28337.955 38.71057145796159 38.71057145796159 38.71057145796159 2.4194107161225995 2.4194107161225995 2.4194107161225995
 2356784 256 31151.772 31151.772 31151.772 38.73530558711074 38.73530558711074 38.73530558711074 2.420956599194421 2.420956599194421 2.420956599194421
 2592456 256 34296.036 34296.036 34296.036 38.702358255047315 38.702358255047315 38.702358255047315 2.418897390940457 2.418897390940457 2.418897390940457
 2851696 256 37811.995 37811.995 37811.995 38.61389360704189 38.61389360704189 38.61389360704189 2.413368350440118 2.413368350440118 2.413368350440118
 3136864 256 41421.175 41421.175 41421.175 38.77423486900118 38.77423486900118 38.77423486900118 2.4233896793125735 2.4233896793125735 2.4233896793125735
 3450544 256 45610.905 45610.905 45610.905 38.73368721800192 38.73368721800192 38.73368721800192 2.42085545112512 2.42085545112512 2.42085545112512
 3795592 256 50673.008 50673.008 50673.008 38.35065611261917 38.35065611261917 38.35065611261917 2.396916007038698 2.396916007038698 2.396916007038698
 4175144 256 55766.106 55766.106 55766.106 38.33284913241029 38.33284913241029 38.33284913241029 2.395803070775643 2.395803070775643 2.395803070775643
 4592656 128 31059.98 31059.98 31059.98 37.85320969298756 37.85320969298756 37.85320969298756 2.3658256058117226 2.3658256058117226 2.3658256058117226
 5051920 128 34440.994 34440.994 34440.994 37.550934795900496 37.550934795900496 37.550934795900496 2.346933424743781 2.346933424743781 2.346933424743781
 5557112 128 36773.205 36773.205 36773.205 38.6863389253126 38.6863389253126 38.6863389253126 2.4178961828320373 2.4178961828320373 2.4178961828320373
 6112816 128 40618.896 40618.896 40618.896 38.52593374275854 38.52593374275854 38.52593374275854 2.4078708589224087 2.4078708589224087 2.4078708589224087
 6724096 128 45878.887 45878.887 45878.887 37.51984166485992 37.51984166485992 37.51984166485992 2.344990104053745 2.344990104053745 2.344990104053745
 7396504 128 50676.107 50676.107 50676.107 37.36484777727697 37.36484777727697 37.36484777727697 2.3353029860798107 2.3353029860798107 2.3353029860798107
 8136152 128 54049.015 54049.015 54049.015 38.53640833232576 38.53640833232576 38.53640833232576 2.40852552077036 2.40852552077036 2.40852552077036
 8949760 64 30561.924 30561.924 30561.924 37.483545865764206 37.483545865764206 37.483545865764206 2.342721616610263 2.342721616610263 2.342721616610263
 9844736 64 33698.082 33698.082 33698.082 37.394597354235174 37.394597354235174 37.394597354235174 2.3371623346396984 2.3371623346396984 2.3371623346396984
 10829208 64 36725.998 36725.998 36725.998 37.742708149142736 37.742708149142736 37.742708149142736 2.358919259321421 2.358919259321421 2.358919259321421
 11912128 64 39839.029 39839.029 39839.029 38.27282999291975 38.27282999291975 38.27282999291975 2.3920518745574846 2.3920518745574846 2.3920518745574846
 13103336 64 44367.075 44367.075 44367.075 37.803416339706864 37.803416339706864 37.803416339706864 2.362713521231679 2.362713521231679 2.362713521231679
 14413664 64 48889.875 48889.875 48889.875 37.73683184913032 37.73683184913032 37.73683184913032 2.358551990570645 2.358551990570645 2.358551990570645
 15855024 64 53808.928 53808.928 53808.928 37.71573133737211 37.71573133737211 37.71573133737211 2.357233208585757 2.357233208585757 2.357233208585757
 17440520 32 29794.931 29794.931 29794.931 37.46252273583047 37.46252273583047 37.46252273583047 2.3414076709894043 2.3414076709894043 2.3414076709894043
 19184568 32 32495.022 32495.022 32495.022 37.78462904256535 37.78462904256535 37.78462904256535 2.3615393151603343 2.3615393151603343 2.3615393151603343
 21103024 32 35876.036 35876.036 35876.036 37.646119431923864 37.646119431923864 37.646119431923864 2.3528824644952415 2.3528824644952415 2.3528824644952415
 23213320 32 39977.074 39977.074 39977.074 37.16261175092504 37.16261175092504 37.16261175092504 2.322663234432815 2.322663234432815 2.322663234432815
 25534648 32 43524.027 43524.027 43524.027 37.5474785915375 37.5474785915375 37.5474785915375 2.3467174119710936 2.3467174119710936 2.3467174119710936
 28088112 32 58509.111 58509.111 58509.111 30.724089586662835 30.724089586662835 30.724089586662835 1.9202555991664272 1.9202555991664272 1.9202555991664272
 30896920 32 73496.819 73496.819 73496.819 26.904604946235835 26.904604946235835 26.904604946235835 1.6815378091397397 1.6815378091397397 1.6815378091397397
 33986608 16 50375.938 50375.938 50375.938 21.589105814764185 21.589105814764185 21.589105814764185 1.3493191134227616 1.3493191134227616 1.3493191134227616
 37385264 16 61793.089 61793.089 61793.089 19.36023052675033 19.36023052675033 19.36023052675033 1.2100144079218955 1.2100144079218955 1.2100144079218955
 41123784 16 70951.939 70951.939 70951.939 18.54721811055791 18.54721811055791 18.54721811055791 1.1592011319098694 1.1592011319098694 1.1592011319098694
 45236160 16 79787.97 79787.97 79787.97 18.14254855713211 18.14254855713211 18.14254855713211 1.1339092848207568 1.1339092848207568 1.1339092848207568
 49759776 16 90122.938 90122.938 90122.938 17.66823038991472 17.66823038991472 17.66823038991472 1.10426439936967 1.10426439936967 1.10426439936967
 54735752 16 99453.926 99453.926 99453.926 17.611613080010535 17.611613080010535 17.611613080010535 1.1007258175006585 1.1007258175006585 1.1007258175006585
 60209320 16 111109.972 111109.972 111109.972 17.340461934415753 17.340461934415753 17.340461934415753 1.0837788709009846 1.0837788709009846 1.0837788709009846
 66230248 16 122224.092 122224.092 122224.092 17.340017841981595 17.340017841981595 17.340017841981595 1.0837511151238497 1.0837511151238497 1.0837511151238497
 72853272 8 67435.026 67435.026 67435.026 17.28556243160639 17.28556243160639 17.28556243160639 1.0803476519753994 1.0803476519753994 1.0803476519753994
 80138592 8 73514.938 73514.938 73514.938 17.44159087776147 17.44159087776147 17.44159087776147 1.090099429860092 1.090099429860092 1.090099429860092
 88152448 8 81464.052 81464.052 81464.052 17.313638756883833 17.313638756883833 17.313638756883833 1.0821024223052396 1.0821024223052396 1.0821024223052396
 96967688 8 89533.806 89533.806 89533.806 17.328460358314267 17.328460358314267 17.328460358314267 1.0830287723946417 1.0830287723946417 1.0830287723946417
 106664456 8 98441.124 98441.124 98441.124 17.336568566608406 17.336568566608406 17.336568566608406 1.0835355354130254 1.0835355354130254 1.0835355354130254
 117330896 8 108200.073 108200.073 108200.073 17.350213211039144 17.350213211039144 17.350213211039144 1.0843883256899465 1.0843883256899465 1.0843883256899465
 129063984 8 118400.097 118400.097 118400.097 17.441064630208874 17.441064630208874 17.441064630208874 1.0900665393880546 1.0900665393880546 1.0900665393880546
 141970376 4 65268.04 65268.04 65268.04 17.401518538016465 17.401518538016465 17.401518538016465 1.087594908626029 1.087594908626029 1.087594908626029
 156167408 4 70848.942 70848.942 70848.942 17.63384503328222 17.63384503328222 17.63384503328222 1.1021153145801388 1.1021153145801388 1.1021153145801388
 171784144 4 78275.919 78275.919 78275.919 17.556780802535197 17.556780802535197 17.556780802535197 1.0972988001584498 1.0972988001584498 1.0972988001584498
 188962552 4 86873.055 86873.055 86873.055 17.40125768571164 17.40125768571164 17.40125768571164 1.0875786053569776 1.0875786053569776 1.0875786053569776
 207858800 4 94001.055 94001.055 94001.055 17.689912097263168 17.689912097263168 17.689912097263168 1.105619506078948 1.105619506078948 1.105619506078948
 228644680 4 105232.954 105232.954 105232.954 17.381983214117508 17.381983214117508 17.381983214117508 1.0863739508823442 1.0863739508823442 1.0863739508823442
 251509144 4 114500.999 114500.999 114500.999 17.57253796536745 17.57253796536745 17.57253796536745 1.0982836228354655 1.0982836228354655 1.0982836228354655
 276660056 2 64202.07 64202.07 64202.07 17.23683089968906 17.23683089968906 17.23683089968906 1.0773019312305663 1.0773019312305663 1.0773019312305663
 304326056 2 70647.001 70647.001 70647.001 17.23079828965422 17.23079828965422 17.23079828965422 1.0769248931033888 1.0769248931033888 1.0769248931033888
 334758656 2 77282.906 77282.906 77282.906 17.326401054328883 17.326401054328883 17.326401054328883 1.0829000658955552 1.0829000658955552 1.0829000658955552
 368234520 2 84106.922 84106.922 84106.922 17.51268557895865 17.51268557895865 17.51268557895865 1.0945428486849156 1.0945428486849156 1.0945428486849156
 405057968 2 91513.872 91513.872 91513.872 17.704767994080722 17.704767994080722 17.704767994080722 1.1065479996300451 1.1065479996300451 1.1065479996300451
 445563760 2 101624.966 101624.966 101624.966 17.537570836678064 17.537570836678064 17.537570836678064 1.096098177292379 1.096098177292379 1.096098177292379
 490120136 2 114857.197 114857.197 114857.197 17.068852411573303 17.068852411573303 17.068852411573303 1.0668032757233314 1.0668032757233314 1.0668032757233314
 539132144 1 61378.956 61378.956 61378.956 17.567328580825 17.567328580825 17.567328580825 1.0979580363015624 1.0979580363015624 1.0979580363015624
 593045352 1 67831.039 67831.039 67831.039 17.4859580729701 17.4859580729701 17.4859580729701 1.0928723795606312 1.0928723795606312 1.0928723795606312
 652349880 1 74269.056 74269.056 74269.056 17.567205378239898 17.567205378239898 17.567205378239898 1.0979503361399936 1.0979503361399936 1.0979503361399936
 717584864 1 130193.949 130193.949 130193.949 11.023321275860523 11.023321275860523 11.023321275860523 0.6889575797412827 0.6889575797412827 0.6889575797412827
 789343344 1 90764.999 90764.999 90764.999 17.393121857468426 17.393121857468426 17.393121857468426 1.0870701160917766 1.0870701160917766 1.0870701160917766
 868277672 1 99379.063 99379.063 99379.063 17.47405632109854 17.47405632109854 17.47405632109854 1.0921285200686588 1.0921285200686588 1.0921285200686588
 955105432 1 109014.988 109014.988 109014.988 17.522460893175534 17.522460893175534 17.522460893175534 1.0951538058234709 1.0951538058234709 1.0951538058234709
 1050615968 1 120290.041 120290.041 120290.041 17.468045721258004 17.468045721258004 17.468045721258004 1.0917528575786253 1.0917528575786253 1.0917528575786253
 
META_DATA
 MPI startup(): shm:tmi fabric is unknown or has been removed from the product, please use ofi or shm:ofi instead
 FLOPS          1
 MPI_PROCS      1
 OPENMP_THREADS 1
 ERT_VERSION  1.1.0
 HOSTNAME  shas0105.rc.int.colorado.edu
 UNAME  uname_result(system='Linux', node='shas0105.rc.int.colorado.edu', release='3.10.0-957.27.2.el7.x86_64', version='#1 SMP Mon Jul 29 17:46:05 UTC 2019', machine='x86_64', processor='x86_64')
 TIMESTAMP_DATA  1664512437.7233458
 CONFIG  {'ERT_RESULTS': ['lab5_results'], 'ERT_DRIVER': ['driver1'], 'ERT_KERNEL': ['kernel1'], 'ERT_MPI': ['True'], 'ERT_MPI_CFLAGS': ['-I/usr/include/mpi'], 'ERT_MPI_LDFLAGS': ['-lmpi'], 'ERT_OPENMP': ['True'], 'ERT_OPENMP_CFLAGS': ['-qopenmp'], 'ERT_OPENMP_LDFLAGS': ['-qopenmp'], 'ERT_FLOPS': ['1,2,4,8,16'], 'ERT_ALIGN': ['32'], 'ERT_CC': ['mpicc'], 'ERT_CFLAGS': ['-O3', '-msse3', '-axSSE3', '-xSSE3', '-fno-alias', '-fno-fnalias', '-DERT_INTEL', '-std=c++11'], 'ERT_LD': ['mpicc'], 'ERT_LDFLAGS': [], 'ERT_LDLIBS': [], 'ERT_PRECISION': ['FP64'], 'ERT_RUN': ['export', 'OMP_NUM_THREADS=ERT_OPENMP_THREADS;', 'mpirun', '-np', 'ERT_MPI_PROCS', 'ERT_CODE'], 'ERT_PROCS_THREADS': ['1-24'], 'ERT_MPI_PROCS': ['1'], 'ERT_OPENMP_THREADS': ['1'], 'ERT_NUM_EXPERIMENTS': ['1'], 'ERT_MEMORY_MAX': ['1073741824'], 'ERT_WORKING_SET_MIN': ['1'], 'ERT_TRIALS_MIN': ['1'], 'ERT_GNUPLOT': ['gnuplot'], 'ERT_GPU': [False], 'ERT_HIP': [False], 'ERT_OCL': [False], 'ERT_SYCL': [False], 'ERT_WSS_MULT': [1.1]}
 