fp64
 16 67108864 3673707.008 3673707.008 3673707.008 0.5845549586081744 0.5845549586081744 0.5845549586081744 0.5845549586081744 0.5845549586081744 0.5845549586081744
 32 33554432 1863941.908 1863941.908 1863941.908 1.1521194082192394 1.1521194082192394 1.1521194082192394 1.1521194082192394 1.1521194082192394 1.1521194082192394
 48 16777216 932528.973 932528.973 932528.973 1.7271449816927027 1.7271449816927027 1.7271449816927027 1.7271449816927027 1.7271449816927027 1.7271449816927027
 64 16777216 932195.902 932195.902 932195.902 2.303682781047025 2.303682781047025 2.303682781047025 2.303682781047025 2.303682781047025 2.303682781047025
 80 8388608 468664.885 468664.885 468664.885 2.863831541379508 2.863831541379508 2.863831541379508 2.863831541379508 2.863831541379508 2.863831541379508
 96 8388608 468651.056 468651.056 468651.056 3.436699257112098 3.436699257112098 3.436699257112098 3.436699257112098 3.436699257112098 3.436699257112098
 112 8388608 480015.993 480015.993 480015.993 3.914553305310392 3.914553305310392 3.914553305310392 3.914553305310392 3.914553305310392 3.914553305310392
 128 8388608 479623.079 479623.079 479623.079 4.477440185900646 4.477440185900646 4.477440185900646 4.477440185900646 4.477440185900646 4.477440185900646
 144 4194304 243014.097 243014.097 243014.097 4.970738598757092 4.970738598757092 4.970738598757092 4.970738598757092 4.970738598757092 4.970738598757092
 160 4194304 243119.955 243119.955 243119.955 5.520638073497505 5.520638073497505 5.520638073497505 5.520638073497505 5.520638073497505 5.520638073497505
 176 4194304 276228.905 276228.905 276228.905 5.34482445998908 5.34482445998908 5.34482445998908 5.34482445998908 5.34482445998908 5.34482445998908
 192 4194304 276903.152 276903.152 276903.152 5.81652005174719 5.81652005174719 5.81652005174719 5.81652005174719 5.81652005174719 5.81652005174719
 208 4194304 322224.855 322224.855 322224.855 5.414946851322193 5.414946851322193 5.414946851322193 5.414946851322193 5.414946851322193 5.414946851322193
 224 4194304 323782.921 323782.921 323782.921 5.803419730097501 5.803419730097501 5.803419730097501 5.803419730097501 5.803419730097501 5.803419730097501
 240 4194304 366733.074 366733.074 366733.074 5.489730986194061 5.489730986194061 5.489730986194061 5.489730986194061 5.489730986194061 5.489730986194061
 256 4194304 249437.094 249437.094 249437.094 8.609319542505576 8.609319542505576 8.609319542505576 8.609319542505576 8.609319542505576 8.609319542505576
 272 2097152 153157.949 153157.949 153157.949 7.448850650252571 7.448850650252571 7.448850650252571 7.448850650252571 7.448850650252571 7.448850650252571
 288 2097152 155539.989 155539.989 155539.989 7.76623143518417 7.76623143518417 7.76623143518417 7.76623143518417 7.76623143518417 7.76623143518417
 304 2097152 185127.02 185127.02 185127.02 6.887532765341332 6.887532765341332 6.887532765341332 6.887532765341332 6.887532765341332 6.887532765341332
 320 2097152 180192.947 180192.947 180192.947 7.44855613022412 7.44855613022412 7.44855613022412 7.44855613022412 7.44855613022412 7.44855613022412
 352 2097152 206432.819 206432.819 206432.819 7.151939382274288 7.151939382274288 7.151939382274288 7.151939382274288 7.151939382274288 7.151939382274288
 384 2097152 228065.968 228065.968 228065.968 7.0620476615783385 7.0620476615783385 7.0620476615783385 7.0620476615783385 7.0620476615783385 7.0620476615783385
 416 2097152 247159.004 247159.004 247159.004 7.059546428662579 7.059546428662579 7.059546428662579 7.059546428662579 7.059546428662579 7.059546428662579
 448 2097152 272244.93 272244.93 272244.93 6.902050267749706 6.902050267749706 6.902050267749706 6.902050267749706 6.902050267749706 6.902050267749706
 480 2097152 294244.051 294244.051 294244.051 6.842163548108574 6.842163548108574 6.842163548108574 6.842163548108574 6.842163548108574 6.842163548108574
 528 1048576 138648.033 138648.033 138648.033 7.986382727838627 7.986382727838627 7.986382727838627 7.986382727838627 7.986382727838627 7.986382727838627
 576 1048576 154488.802 154488.802 154488.802 7.819075145653598 7.819075145653598 7.819075145653598 7.819075145653598 7.819075145653598 7.819075145653598
 624 1048576 175689.936 175689.936 175689.936 7.448479279997006 7.448479279997006 7.448479279997006 7.448479279997006 7.448479279997006 7.448479279997006
 672 1048576 185887.098 185887.098 185887.098 7.581409141155133 7.581409141155133 7.581409141155133 7.581409141155133 7.581409141155133 7.581409141155133
 736 1048576 210664.034 210664.034 210664.034 7.32685044852032 7.32685044852032 7.32685044852032 7.32685044852032 7.32685044852032 7.32685044852032
 800 1048576 203355.074 203355.074 203355.074 8.250207713036952 8.250207713036952 8.250207713036952 8.250207713036952 8.250207713036952 8.250207713036952
 880 1048576 237027.884 237027.884 237027.884 7.7859774506530215 7.7859774506530215 7.7859774506530215 7.7859774506530215 7.7859774506530215 7.7859774506530215
 960 1048576 260290.861 260290.861 260290.861 7.734677707336025 7.734677707336025 7.734677707336025 7.734677707336025 7.734677707336025 7.734677707336025
 1056 524288 133708.954 133708.954 133708.954 8.281391955246319 8.281391955246319 8.281391955246319 8.281391955246319 8.281391955246319 8.281391955246319
 1152 524288 151249.886 151249.886 151249.886 7.986515454299251 7.986515454299251 7.986515454299251 7.986515454299251 7.986515454299251 7.986515454299251
 1264 524288 174002.886 174002.886 174002.886 7.617115408074325 7.617115408074325 7.617115408074325 7.617115408074325 7.617115408074325 7.617115408074325
 1376 524288 177187.204 177187.204 177187.204 8.143029199783525 8.143029199783525 8.143029199783525 8.143029199783525 8.143029199783525 8.143029199783525
 1504 524288 199205.16 199205.16 199205.16 7.916754284878966 7.916754284878966 7.916754284878966 7.916754284878966 7.916754284878966 7.916754284878966
 1648 524288 214076.996 214076.996 214076.996 8.072110877340599 8.072110877340599 8.072110877340599 8.072110877340599 8.072110877340599 8.072110877340599
 1808 524288 226775.169 226775.169 226775.169 8.359933833849333 8.359933833849333 8.359933833849333 8.359933833849333 8.359933833849333 8.359933833849333
 1984 524288 256003.857 256003.857 256003.857 8.126341565236652 8.126341565236652 8.126341565236652 8.126341565236652 8.126341565236652 8.126341565236652
 2176 262144 142949.104 142949.104 142949.104 7.98081734041509 7.98081734041509 7.98081734041509 7.98081734041509 7.98081734041509 7.98081734041509
 2384 262144 151891.947 151891.947 151891.947 8.228893082791283 8.228893082791283 8.228893082791283 8.228893082791283 8.228893082791283 8.228893082791283
 2608 262144 165332.079 165332.079 165332.079 8.270283131200449 8.270283131200449 8.270283131200449 8.270283131200449 8.270283131200449 8.270283131200449
 2864 262144 180763.006 180763.006 180763.006 8.306792773738229 8.306792773738229 8.306792773738229 8.306792773738229 8.306792773738229 8.306792773738229
 3136 262144 196716.07 196716.07 196716.07 8.358072464542424 8.358072464542424 8.358072464542424 8.358072464542424 8.358072464542424 8.358072464542424
 3440 262144 217158.079 217158.079 217158.079 8.30524348117852 8.30524348117852 8.30524348117852 8.30524348117852 8.30524348117852 8.30524348117852
 3776 262144 239383.936 239383.936 239383.936 8.2700264732885 8.2700264732885 8.2700264732885 8.2700264732885 8.2700264732885 8.2700264732885
 4144 131072 130047.798 130047.798 130047.798 8.353272817429788 8.353272817429788 8.353272817429788 8.353272817429788 8.353272817429788 8.353272817429788
 4544 131072 142812.967 142812.967 142812.967 8.340855603119007 8.340855603119007 8.340855603119007 8.340855603119007 8.340855603119007 8.340855603119007
 4992 131072 155804.157 155804.157 155804.157 8.399152328137175 8.399152328137175 8.399152328137175 8.399152328137175 8.399152328137175 8.399152328137175
 5488 131072 171692.133 171692.133 171692.133 8.379220683337891 8.379220683337891 8.379220683337891 8.379220683337891 8.379220683337891 8.379220683337891
 6032 131072 188645.84 188645.84 188645.84 8.382122860488204 8.382122860488204 8.382122860488204 8.382122860488204 8.382122860488204 8.382122860488204
 6624 131072 207560.062 207560.062 207560.062 8.365972910530349 8.365972910530349 8.365972910530349 8.365972910530349 8.365972910530349 8.365972910530349
 7280 131072 227151.871 227151.871 227151.871 8.401464234472451 8.401464234472451 8.401464234472451 8.401464234472451 8.401464234472451 8.401464234472451
 8000 131072 247843.981 247843.981 247843.981 8.4615813203872 8.4615813203872 8.4615813203872 8.4615813203872 8.4615813203872 8.4615813203872
 8800 65536 136574.984 136574.984 136574.984 8.445423650937421 8.445423650937421 8.445423650937421 8.445423650937421 8.445423650937421 8.445423650937421
 9680 65536 151632.071 151632.071 151632.071 8.367471021351413 8.367471021351413 8.367471021351413 8.367471021351413 8.367471021351413 8.367471021351413
 10640 65536 166178.942 166178.942 166178.942 8.392194962945425 8.392194962945425 8.392194962945425 8.392194962945425 8.392194962945425 8.392194962945425
 11696 65536 181943.893 181943.893 181943.893 8.425773939002172 8.425773939002172 8.425773939002172 8.425773939002172 8.425773939002172 8.425773939002172
 12864 65536 199185.848 199185.848 199185.848 8.465010064369634 8.465010064369634 8.465010064369634 8.465010064369634 8.465010064369634 8.465010064369634
 14144 65536 218681.812 218681.812 218681.812 8.477533412792464 8.477533412792464 8.477533412792464 8.477533412792464 8.477533412792464 8.477533412792464
 15552 65536 241625.786 241625.786 241625.786 8.436317074204986 8.436317074204986 8.436317074204986 8.436317074204986 8.436317074204986 8.436317074204986
 17104 32768 133080.959 133080.959 133080.959 8.422901010203873 8.422901010203873 8.422901010203873 8.422901010203873 8.422901010203873 8.422901010203873
 18800 32768 145656.109 145656.109 145656.109 8.458806214574906 8.458806214574906 8.458806214574906 8.458806214574906 8.458806214574906 8.458806214574906
 20672 32768 160476.923 160476.923 160476.923 8.442087290021131 8.442087290021131 8.442087290021131 8.442087290021131 8.442087290021131 8.442087290021131
 22736 32768 176404.953 176404.953 176404.953 8.44662505593026 8.44662505593026 8.44662505593026 8.44662505593026 8.44662505593026 8.44662505593026
 25008 32768 194324.017 194324.017 194324.017 8.43397699009073 8.43397699009073 8.43397699009073 8.43397699009073 8.43397699009073 8.43397699009073
 27504 32768 213152.885 213152.885 213152.885 8.456381643626356 8.456381643626356 8.456381643626356 8.456381643626356 8.456381643626356 8.456381643626356
 30240 32768 234218.121 234218.121 234218.121 8.46138049241715 8.46138049241715 8.46138049241715 8.46138049241715 8.46138049241715 8.46138049241715
 33264 16384 129680.872 129680.872 129680.872 8.405208379536498 8.405208379536498 8.405208379536498 8.405208379536498 8.405208379536498 8.405208379536498
 36576 16384 142304.897 142304.897 142304.897 8.422214507488102 8.422214507488102 8.422214507488102 8.422214507488102 8.422214507488102 8.422214507488102
 40224 16384 155965.09 155965.09 155965.09 8.45099394999227 8.45099394999227 8.45099394999227 8.45099394999227 8.45099394999227 8.45099394999227
 44240 16384 171525.002 171525.002 171525.002 8.451574424118066 8.451574424118066 8.451574424118066 8.451574424118066 8.451574424118066 8.451574424118066
 48656 16384 188795.805 188795.805 188795.805 8.444890012254247 8.444890012254247 8.444890012254247 8.444890012254247 8.444890012254247 8.444890012254247
 53520 16384 211685.181 211685.181 211685.181 8.284677045957222 8.284677045957222 8.284677045957222 8.284677045957222 8.284677045957222 8.284677045957222
 58864 16384 228667.974 228667.974 228667.974 8.435180135894324 8.435180135894324 8.435180135894324 8.435180135894324 8.435180135894324 8.435180135894324
 64736 16384 251411.915 251411.915 251411.915 8.43742528272775 8.43742528272775 8.43742528272775 8.43742528272775 8.43742528272775 8.43742528272775
 71200 8192 137977.839 137977.839 137977.839 8.454551893655907 8.454551893655907 8.454551893655907 8.454551893655907 8.454551893655907 8.454551893655907
 78320 8192 151829.958 151829.958 151829.958 8.451526279154999 8.451526279154999 8.451526279154999 8.451526279154999 8.451526279154999 8.451526279154999
 86144 8192 166883.945 166883.945 166883.945 8.457274281237778 8.457274281237778 8.457274281237778 8.457274281237778 8.457274281237778 8.457274281237778
 94752 8192 183675.766 183675.766 183675.766 8.45194116680586 8.45194116680586 8.45194116680586 8.45194116680586 8.45194116680586 8.45194116680586
 104224 8192 201789.141 201789.141 201789.141 8.462328584866714 8.462328584866714 8.462328584866714 8.462328584866714 8.462328584866714 8.462328584866714
 114640 8192 222085.953 222085.953 222085.953 8.457364072909195 8.457364072909195 8.457364072909195 8.457364072909195 8.457364072909195 8.457364072909195
 126096 8192 244078.875 244078.875 244078.875 8.464300173458271 8.464300173458271 8.464300173458271 8.464300173458271 8.464300173458271 8.464300173458271
 138704 4096 134195.089 134195.089 134195.089 8.467248514586101 8.467248514586101 8.467248514586101 8.467248514586101 8.467248514586101 8.467248514586101
 152560 4096 147739.172 147739.172 147739.172 8.459310439346444 8.459310439346444 8.459310439346444 8.459310439346444 8.459310439346444 8.459310439346444
 167808 4096 162398.1 162398.1 162398.1 8.464896670589125 8.464896670589125 8.464896670589125 8.464896670589125 8.464896670589125 8.464896670589125
 184576 4096 178627.968 178627.968 178627.968 8.464780789534592 8.464780789534592 8.464780789534592 8.464780789534592 8.464780789534592 8.464780789534592
 203024 4096 196555.138 196555.138 196555.138 8.46160840628852 8.46160840628852 8.46160840628852 8.46160840628852 8.46160840628852 8.46160840628852
 223312 4096 216070.175 216070.175 216070.175 8.466563717088674 8.466563717088674 8.466563717088674 8.466563717088674 8.466563717088674 8.466563717088674
 245632 4096 237727.88 237727.88 237727.88 8.464372559078894 8.464372559078894 8.464372559078894 8.464372559078894 8.464372559078894 8.464372559078894
 270192 2048 130851.984 130851.984 130851.984 8.457696996019562 8.457696996019562 8.457696996019562 8.457696996019562 8.457696996019562 8.457696996019562
 297200 2048 143906.116 143906.116 143906.116 8.45920405495483 8.45920405495483 8.45920405495483 8.45920405495483 8.45920405495483 8.45920405495483
 326912 2048 158293.009 158293.009 158293.009 8.459195769031089 8.459195769031089 8.459195769031089 8.459195769031089 8.459195769031089 8.459195769031089
 359600 2048 174204.111 174204.111 174204.111 8.455148340328202 8.455148340328202 8.455148340328202 8.455148340328202 8.455148340328202 8.455148340328202
 395552 2048 195868.969 195868.969 195868.969 8.271759433215784 8.271759433215784 8.271759433215784 8.271759433215784 8.271759433215784 8.271759433215784
 435104 2048 211046.219 211046.219 211046.219 8.444529318954537 8.444529318954537 8.444529318954537 8.444529318954537 8.444529318954537 8.444529318954537
 478608 2048 232198.954 232198.954 232198.954 8.442666662486344 8.442666662486344 8.442666662486344 8.442666662486344 8.442666662486344 8.442666662486344
 526464 1024 127887.011 127887.011 127887.011 8.430866149495042 8.430866149495042 8.430866149495042 8.430866149495042 8.430866149495042 8.430866149495042
 579104 1024 140783.072 140783.072 140783.072 8.424343744963885 8.424343744963885 8.424343744963885 8.424343744963885 8.424343744963885 8.424343744963885
 637008 1024 154649.973 154649.973 154649.973 8.435775051832696 8.435775051832696 8.435775051832696 8.435775051832696 8.435775051832696 8.435775051832696
 700704 1024 170476.913 170476.913 170476.913 8.41780723704212 8.41780723704212 8.41780723704212 8.41780723704212 8.41780723704212 8.41780723704212
 770768 1024 187571.049 187571.049 187571.049 8.415653014767754 8.415653014767754 8.415653014767754 8.415653014767754 8.415653014767754 8.415653014767754
 847840 1024 206159.115 206159.115 206159.115 8.422505694206148 8.422505694206148 8.422505694206148 8.422505694206148 8.422505694206148 8.422505694206148
 932624 1024 226655.006 226655.006 226655.006 8.42696565898924 8.42696565898924 8.42696565898924 8.42696565898924 8.42696565898924 8.42696565898924
 1025872 1024 249217.033 249217.033 249217.033 8.430346155352872 8.430346155352872 8.430346155352872 8.430346155352872 8.430346155352872 8.430346155352872
 1128448 512 137382.03 137382.03 137382.03 8.411076412249841 8.411076412249841 8.411076412249841 8.411076412249841 8.411076412249841 8.411076412249841
 1241280 512 150931.12 150931.12 150931.12 8.421528442908262 8.421528442908262 8.421528442908262 8.421528442908262 8.421528442908262 8.421528442908262
 1365408 512 166116.953 166116.953 166116.953 8.416827823708035 8.416827823708035 8.416827823708035 8.416827823708035 8.416827823708035 8.416827823708035
 1501936 512 182543.039 182543.039 182543.039 8.425314229593821 8.425314229593821 8.425314229593821 8.425314229593821 8.425314229593821 8.425314229593821
 1652128 512 201012.85 201012.85 201012.85 8.41627324820279 8.41627324820279 8.41627324820279 8.41627324820279 8.41627324820279 8.41627324820279
 1817328 512 220789.909 220789.909 220789.909 8.428573028670437 8.428573028670437 8.428573028670437 8.428573028670437 8.428573028670437 8.428573028670437
 1999056 512 242883.921 242883.921 242883.921 8.428031528690612 8.428031528690612 8.428031528690612 8.428031528690612 8.428031528690612 8.428031528690612
 2198960 256 133626.938 133626.938 133626.938 8.42545325703714 8.42545325703714 8.42545325703714 8.42545325703714 8.42545325703714 8.42545325703714
 2418848 256 147192.955 147192.955 147192.955 8.413787032130717 8.413787032130717 8.413787032130717 8.413787032130717 8.413787032130717 8.413787032130717
 2660720 256 161701.918 161701.918 161701.918 8.424690670644983 8.424690670644983 8.424690670644983 8.424690670644983 8.424690670644983 8.424690670644983
 2926784 256 178169.012 178169.012 178169.012 8.410628712472178 8.410628712472178 8.410628712472178 8.410628712472178 8.410628712472178 8.410628712472178
 3219456 256 196177.006 196177.006 196177.006 8.402419353876773 8.402419353876773 8.402419353876773 8.402419353876773 8.402419353876773 8.402419353876773
 3541392 256 215420.008 215420.008 215420.008 8.417011589749825 8.417011589749825 8.417011589749825 8.417011589749825 8.417011589749825 8.417011589749825
 3895520 256 237271.786 237271.786 237271.786 8.4059983431827 8.4059983431827 8.4059983431827 8.4059983431827 8.4059983431827 8.4059983431827
 4285072 128 130280.972 130280.972 130280.972 8.420097080638914 8.420097080638914 8.420097080638914 8.420097080638914 8.420097080638914 8.420097080638914
 4713568 128 143599.033 143599.033 143599.033 8.403074747724798 8.403074747724798 8.403074747724798 8.403074747724798 8.403074747724798 8.403074747724798
 5184912 128 157814.026 157814.026 157814.026 8.410769978075331 8.410769978075331 8.410769978075331 8.410769978075331 8.410769978075331 8.410769978075331
 5703392 128 173799.992 173799.992 173799.992 8.400853965516868 8.400853965516868 8.400853965516868 8.400853965516868 8.400853965516868 8.400853965516868
 6273728 128 191210.985 191210.985 191210.985 8.39948796874824 8.39948796874824 8.39948796874824 8.39948796874824 8.39948796874824 8.39948796874824
 6901088 128 210415.84 210415.84 210415.84 8.396128960633382 8.396128960633382 8.396128960633382 8.396128960633382 8.396128960633382 8.396128960633382
 7591184 128 231225.967 231225.967 231225.967 8.40451930729735 8.40451930729735 8.40451930729735 8.40451930729735 8.40451930729735 8.40451930729735
 8350288 128 254513.979 254513.979 254513.979 8.399042506030682 8.399042506030682 8.399042506030682 8.399042506030682 8.399042506030682 8.399042506030682
 9185312 64 140014.887 140014.887 140014.887 8.397106630525654 8.397106630525654 8.397106630525654 8.397106630525654 8.397106630525654 8.397106630525654
 10103840 64 154057.026 154057.026 154057.026 8.394888266894103 8.394888266894103 8.394888266894103 8.394888266894103 8.394888266894103 8.394888266894103
 11114224 64 169431.925 169431.925 169431.925 8.396414500986165 8.396414500986165 8.396414500986165 8.396414500986165 8.396414500986165 8.396414500986165
 12225632 64 186427.116 186427.116 186427.116 8.39406267487397 8.39406267487397 8.39406267487397 8.39406267487397 8.39406267487397 8.39406267487397
 13448192 64 205123.901 205123.901 205123.901 8.391847890997353 8.391847890997353 8.391847890997353 8.391847890997353 8.391847890997353 8.391847890997353
 14793008 64 225548.983 225548.983 225548.983 8.39509448818929 8.39509448818929 8.39509448818929 8.39509448818929 8.39509448818929 8.39509448818929
 16272304 64 248194.933 248194.933 248194.933 8.392012225326132 8.392012225326132 8.392012225326132 8.392012225326132 8.392012225326132 8.392012225326132
 17899520 32 136527.777 136527.777 136527.777 8.390741467943187 8.390741467943187 8.390741467943187 8.390741467943187 8.390741467943187 8.390741467943187
 19689472 32 150187.016 150187.016 150187.016 8.390380484022666 8.390380484022666 8.390380484022666 8.390380484022666 8.390380484022666 8.390380484022666
 21658416 32 165138.006 165138.006 165138.006 8.393819554778927 8.393819554778927 8.393819554778927 8.393819554778927 8.393819554778927 8.393819554778927
 23824256 32 181738.853 181738.853 181738.853 8.389798652465359 8.389798652465359 8.389798652465359 8.389798652465359 8.389798652465359 8.389798652465359
 26206672 32 199880.123 199880.123 199880.123 8.391164578180693 8.391164578180693 8.391164578180693 8.391164578180693 8.391164578180693 8.391164578180693
 28827328 32 219871.044 219871.044 219871.044 8.391050310381026 8.391050310381026 8.391050310381026 8.391050310381026 8.391050310381026 8.391050310381026
 31710048 32 241910.934 241910.934 241910.934 8.38921597483477 8.38921597483477 8.38921597483477 8.38921597483477 8.38921597483477 8.38921597483477
 34881040 16 133062.124 133062.124 133062.124 8.388512421461122 8.388512421461122 8.388512421461122 8.388512421461122 8.388512421461122 8.388512421461122
 38369136 16 146326.065 146326.065 146326.065 8.390933987051453 8.390933987051453 8.390933987051453 8.390933987051453 8.390933987051453 8.390933987051453
 42206048 16 161278.009 161278.009 161278.009 8.374319253903984 8.374319253903984 8.374319253903984 8.374319253903984 8.374319253903984 8.374319253903984
 46426640 16 177922.964 177922.964 177922.964 8.349976004221691 8.349976004221691 8.349976004221691 8.349976004221691 8.349976004221691 8.349976004221691
 51069296 16 197211.027 197211.027 197211.027 8.286643484697231 8.286643484697231 8.286643484697231 8.286643484697231 8.286643484697231 8.286643484697231
 56176224 16 219156.027 219156.027 219156.027 8.20255410087353 8.20255410087353 8.20255410087353 8.20255410087353 8.20255410087353 8.20255410087353
 61793840 16 244660.139 244660.139 244660.139 8.082243752832987 8.082243752832987 8.082243752832987 8.082243752832987 8.082243752832987 8.082243752832987
 67973216 8 136730.909 136730.909 136730.909 7.954100970688346 7.954100970688346 7.954100970688346 7.954100970688346 7.954100970688346 7.954100970688346
 74770528 8 152147.055 152147.055 152147.055 7.8629747253405595 7.8629747253405595 7.8629747253405595 7.8629747253405595 7.8629747253405595 7.8629747253405595
 82247568 8 168092.966 168092.966 168092.966 7.828769515554863 7.828769515554863 7.828769515554863 7.828769515554863 7.828769515554863 7.828769515554863
 90472320 8 185942.888 185942.888 185942.888 7.784955561193606 7.784955561193606 7.784955561193606 7.784955561193606 7.784955561193606 7.784955561193606
 99519552 8 204661.131 204661.131 204661.131 7.7802405577442055 7.7802405577442055 7.7802405577442055 7.7802405577442055 7.7802405577442055 7.7802405577442055
 109471504 8 225460.052 225460.052 225460.052 7.768755699568454 7.768755699568454 7.768755699568454 7.768755699568454 7.768755699568454 7.768755699568454
 120418640 8 248240.948 248240.948 248240.948 7.761403811590341 7.761403811590341 7.761403811590341 7.761403811590341 7.761403811590341 7.761403811590341
 132460496 8 273488.045 273488.045 273488.045 7.749398830212123 7.749398830212123 7.749398830212123 7.749398830212123 7.749398830212123 7.749398830212123
 145706544 4 150620.937 150620.937 150620.937 7.738979555013656 7.738979555013656 7.738979555013656 7.738979555013656 7.738979555013656 7.738979555013656
 160277184 4 165642.023 165642.023 165642.023 7.7408947848940475 7.7408947848940475 7.7408947848940475 7.7408947848940475 7.7408947848940475 7.7408947848940475
 176304896 4 182128.906 182128.906 182128.906 7.744180750748045 7.744180750748045 7.744180750748045 7.744180750748045 7.744180750748045 7.744180750748045
 193935376 4 200373.888 200373.888 200373.888 7.742940078100395 7.742940078100395 7.742940078100395 7.742940078100395 7.742940078100395 7.742940078100395
 213328912 4 220549.107 220549.107 220549.107 7.738101138627599 7.738101138627599 7.738101138627599 7.738101138627599 7.738101138627599 7.738101138627599
 234661792 4 242555.141 242555.141 242555.141 7.739660055277905 7.739660055277905 7.739660055277905 7.739660055277905 7.739660055277905 7.739660055277905
 258127968 4 266921.997 266921.997 266921.997 7.736431493879465 7.736431493879465 7.736431493879465 7.736431493879465 7.736431493879465 7.736431493879465
 283940752 2 146734.953 146734.953 146734.953 7.740234925485001 7.740234925485001 7.740234925485001 7.740234925485001 7.740234925485001 7.740234925485001
 312334816 2 161534.071 161534.071 161534.071 7.7342151799046785 7.7342151799046785 7.7342151799046785 7.7342151799046785 7.7342151799046785 7.7342151799046785
 343568288 2 177544.832 177544.832 177544.832 7.74042891882091 7.74042891882091 7.74042891882091 7.74042891882091 7.74042891882091 7.74042891882091
 377925104 2 195514.917 195514.917 195514.917 7.731892989014235 7.731892989014235 7.731892989014235 7.731892989014235 7.731892989014235 7.731892989014235
 415717600 2 215044.975 215044.975 215044.975 7.732663364954239 7.732663364954239 7.732663364954239 7.732663364954239 7.732663364954239 7.732663364954239
 457289360 2 236429.214 236429.214 236429.214 7.736596544283229 7.736596544283229 7.736596544283229 7.736596544283229 7.736596544283229 7.736596544283229
 503018288 2 260311.127 260311.127 260311.127 7.729493453424293 7.729493453424293 7.729493453424293 7.729493453424293 7.729493453424293 7.729493453424293
 553320112 1 143254.995 143254.995 143254.995 7.7249678030424 7.7249678030424 7.7249678030424 7.7249678030424 7.7249678030424 7.7249678030424
 608652112 1 157527.924 157527.924 157527.924 7.727545650890442 7.727545650890442 7.727545650890442 7.727545650890442 7.727545650890442 7.727545650890442
 669517312 1 173360.109 173360.109 173360.109 7.724006587928484 7.724006587928484 7.724006587928484 7.724006587928484 7.724006587928484 7.724006587928484
 736469040 1 190239.906 190239.906 190239.906 7.742529477490386 7.742529477490386 7.742529477490386 7.742529477490386 7.742529477490386 7.742529477490386
 810115936 1 209733.963 209733.963 209733.963 7.725176451274131 7.725176451274131 7.725176451274131 7.725176451274131 7.725176451274131 7.725176451274131
 891127520 1 230714.083 230714.083 230714.083 7.724951233254364 7.724951233254364 7.724951233254364 7.724951233254364 7.724951233254364 7.724951233254364
 980240272 1 253485.918 253485.918 253485.918 7.734080691614592 7.734080691614592 7.734080691614592 7.734080691614592 7.734080691614592 7.734080691614592
 
META_DATA
 MPI startup(): shm:tmi fabric is unknown or has been removed from the product, please use ofi or shm:ofi instead
 FLOPS          16
 MPI_PROCS      2
 OPENMP_THREADS 1
 ERT_VERSION  1.1.0
 HOSTNAME  ('shas0543.rc.int.colorado.edu', [], ['10.225.6.221'])
 UNAME  uname_result(system='Linux', node='shas0543.rc.int.colorado.edu', release='3.10.0-957.27.2.el7.x86_64', version='#1 SMP Mon Jul 29 17:46:05 UTC 2019', machine='x86_64', processor='x86_64')
 TIMESTAMP_DATA  1664516663.7518015
 CONFIG  {'ERT_RESULTS': ['lab5_results'], 'ERT_DRIVER': ['driver1'], 'ERT_KERNEL': ['kernel1'], 'ERT_MPI': ['True'], 'ERT_MPI_CFLAGS': ['-I/usr/include/mpi'], 'ERT_MPI_LDFLAGS': ['-lmpi'], 'ERT_OPENMP': ['True'], 'ERT_OPENMP_CFLAGS': ['-qopenmp'], 'ERT_OPENMP_LDFLAGS': ['-qopenmp'], 'ERT_FLOPS': ['1,2,4,8,16'], 'ERT_ALIGN': ['32'], 'ERT_CC': ['mpicc'], 'ERT_CFLAGS': ['-O3', '-msse3', '-axSSE3', '-xSSE3', '-fno-alias', '-fno-fnalias', '-DERT_INTEL', '-std=c++11'], 'ERT_LD': ['mpicc'], 'ERT_LDFLAGS': [], 'ERT_LDLIBS': [], 'ERT_PRECISION': ['FP64'], 'ERT_RUN': ['export', 'OMP_NUM_THREADS=ERT_OPENMP_THREADS;', 'mpirun', '-np', 'ERT_MPI_PROCS', 'ERT_CODE'], 'ERT_PROCS_THREADS': ['1-24'], 'ERT_MPI_PROCS': ['2'], 'ERT_OPENMP_THREADS': ['1'], 'ERT_NUM_EXPERIMENTS': ['1'], 'ERT_MEMORY_MAX': ['1073741824'], 'ERT_WORKING_SET_MIN': ['1'], 'ERT_TRIALS_MIN': ['1'], 'ERT_GNUPLOT': ['gnuplot'], 'ERT_GPU': [False], 'ERT_HIP': [False], 'ERT_OCL': [False], 'ERT_SYCL': [False], 'ERT_WSS_MULT': [1.1]}
 