fp64
 16 67108864 184647.083 184647.083 184647.083 11.630206191776125 11.630206191776125 11.630206191776125 1.4537757739720156 1.4537757739720156 1.4537757739720156
 32 33554432 102990.866 102990.866 102990.866 20.851204882576674 20.851204882576674 20.851204882576674 2.6064006103220843 2.6064006103220843 2.6064006103220843
 48 16777216 50809.86 50809.86 50809.86 31.698822551370935 31.698822551370935 31.698822551370935 3.962352818921367 3.962352818921367 3.962352818921367
 64 16777216 69144.011 69144.011 69144.011 31.058129503074387 31.058129503074387 31.058129503074387 3.8822661878842983 3.8822661878842983 3.8822661878842983
 80 8388608 26937.008 26937.008 26937.008 49.826516738607346 49.826516738607346 49.826516738607346 6.228314592325918 6.228314592325918 6.228314592325918
 96 8388608 41436.911 41436.911 41436.911 38.86903480812071 38.86903480812071 38.86903480812071 4.858629351015089 4.858629351015089 4.858629351015089
 112 8388608 30744.076 30744.076 30744.076 61.119032882952794 61.119032882952794 61.119032882952794 7.639879110369099 7.639879110369099 7.639879110369099
 128 8388608 46039.104 46039.104 46039.104 46.64477501560413 46.64477501560413 46.64477501560413 5.8305968769505165 5.8305968769505165 5.8305968769505165
 144 4194304 23555.994 23555.994 23555.994 51.28034724410271 51.28034724410271 51.28034724410271 6.410043405512838 6.410043405512838 6.410043405512838
 160 4194304 25981.903 25981.903 25981.903 51.658159142538565 51.658159142538565 51.658159142538565 6.457269892817321 6.457269892817321 6.457269892817321
 176 4194304 27464.151 27464.151 27464.151 53.75716904556779 53.75716904556779 53.75716904556779 6.719646130695974 6.719646130695974 6.719646130695974
 192 4194304 30055.046 30055.046 30055.046 53.58876296512739 53.58876296512739 53.58876296512739 6.698595370640923 6.698595370640923 6.698595370640923
 208 4194304 30833.006 30833.006 30833.006 56.58969689818761 56.58969689818761 56.58969689818761 7.073712112273451 7.073712112273451 7.073712112273451
 224 4194304 33808.947 33808.947 33808.947 55.578429934537745 55.578429934537745 55.578429934537745 6.947303741817218 6.947303741817218 6.947303741817218
 240 4194304 35347.939 35347.939 35347.939 56.95568049950521 56.95568049950521 56.95568049950521 7.119460062438152 7.119460062438152 7.119460062438152
 256 4194304 16047.001 16047.001 16047.001 133.82460984454355 133.82460984454355 133.82460984454355 16.728076230567943 16.728076230567943 16.728076230567943
 272 2097152 10228.872 10228.872 10228.872 111.53240435504522 111.53240435504522 111.53240435504522 13.941550544380652 13.941550544380652 13.941550544380652
 288 2097152 10231.972 10231.972 10231.972 118.0573551217693 118.0573551217693 118.0573551217693 14.757169390221163 14.757169390221163 14.757169390221163
 304 2097152 11487.007 11487.007 11487.007 111.00092617685355 111.00092617685355 111.00092617685355 13.875115772106694 13.875115772106694 13.875115772106694
 320 2097152 12650.967 12650.967 12650.967 106.09286072756335 106.09286072756335 106.09286072756335 13.261607590945419 13.261607590945419 13.261607590945419
 352 2097152 14554.024 14554.024 14554.024 101.44239201474451 101.44239201474451 101.44239201474451 12.680299001843064 12.680299001843064 12.680299001843064
 384 2097152 16125.917 16125.917 16125.917 99.8772805292251 99.8772805292251 99.8772805292251 12.484660066153138 12.484660066153138 12.484660066153138
 416 2097152 18176.079 18176.079 18176.079 95.99597713016102 95.99597713016102 95.99597713016102 11.999497141270128 11.999497141270128 11.999497141270128
 448 2097152 19927.979 19927.979 19927.979 94.29195966133847 94.29195966133847 94.29195966133847 11.786494957667308 11.786494957667308 11.786494957667308
 480 2097152 21832.943 21832.943 21832.943 92.21230138328121 92.21230138328121 92.21230138328121 11.526537672910152 11.526537672910152 11.526537672910152
 528 1048576 8383.989 8383.989 8383.989 132.0727229007576 132.0727229007576 132.0727229007576 16.5090903625947 16.5090903625947 16.5090903625947
 576 1048576 9398.937 9398.937 9398.937 128.52086911530526 128.52086911530526 128.52086911530526 16.065108639413157 16.065108639413157 16.065108639413157
 624 1048576 10737.896 10737.896 10737.896 121.86957742932134 121.86957742932134 121.86957742932134 15.233697178665167 15.233697178665167 15.233697178665167
 672 1048576 11971.951 11971.951 11971.951 117.71566255157576 117.71566255157576 117.71566255157576 14.71445781894697 14.71445781894697 14.71445781894697
 736 1048576 13788.939 13788.939 13788.939 111.93782726865352 111.93782726865352 111.93782726865352 13.99222840858169 13.99222840858169 13.99222840858169
 800 1048576 12539.148 12539.148 12539.148 133.79869190474503 133.79869190474503 133.79869190474503 16.72483648809313 16.72483648809313 16.72483648809313
 880 1048576 14315.844 14315.844 14315.844 128.91267605318976 128.91267605318976 128.91267605318976 16.11408450664872 16.11408450664872 16.11408450664872
 960 1048576 15712.976 15712.976 15712.976 128.12760103496626 128.12760103496626 128.12760103496626 16.015950129370783 16.015950129370783 16.015950129370783
 1056 524288 8313.894 8313.894 8313.894 133.1862369185847 133.1862369185847 133.1862369185847 16.64827961482309 16.64827961482309 16.64827961482309
 1152 524288 9238.005 9238.005 9238.005 130.75978547316222 130.75978547316222 130.75978547316222 16.344973184145278 16.344973184145278 16.344973184145278
 1264 524288 10442.019 10442.019 10442.019 126.9294821240988 126.9294821240988 126.9294821240988 15.86618526551235 15.86618526551235 15.86618526551235
 1376 524288 10845.184 10845.184 10845.184 133.0397507317534 133.0397507317534 133.0397507317534 16.629968841469175 16.629968841469175 16.629968841469175
 1504 524288 11937.141 11937.141 11937.141 132.1135692373911 132.1135692373911 132.1135692373911 16.514196154673886 16.514196154673886 16.514196154673886
 1648 524288 12934.923 12934.923 12934.923 133.59594394183867 133.59594394183867 133.59594394183867 16.699492992729834 16.699492992729834 16.699492992729834
 1808 524288 13995.886 13995.886 13995.886 135.45590525673043 135.45590525673043 135.45590525673043 16.931988157091304 16.931988157091304 16.931988157091304
 1984 524288 15461.922 15461.922 15461.922 134.54826534501984 134.54826534501984 134.54826534501984 16.81853316812748 16.81853316812748 16.81853316812748
 2176 262144 8455.992 8455.992 8455.992 134.91624495387413 134.91624495387413 134.91624495387413 16.864530619234266 16.864530619234266 16.864530619234266
 2384 262144 9294.987 9294.987 9294.987 134.4706121697642 134.4706121697642 134.4706121697642 16.808826521220524 16.808826521220524 16.808826521220524
 2608 262144 10132.074 10132.074 10132.074 134.95194606750798 134.95194606750798 134.95194606750798 16.868993258438497 16.868993258438497 16.868993258438497
 2864 262144 11006.117 11006.117 11006.117 136.42966288655663 136.42966288655663 136.42966288655663 17.05370786081958 17.05370786081958 17.05370786081958
 3136 262144 12737.036 12737.036 12737.036 129.0855398383109 129.0855398383109 129.0855398383109 16.13569247978886 16.13569247978886 16.13569247978886
 3440 262144 14050.007 14050.007 14050.007 128.36653533339876 128.36653533339876 128.36653533339876 16.045816916674845 16.045816916674845 16.045816916674845
 3776 262144 15383.959 15383.959 15383.959 128.68673713964006 128.68673713964006 128.68673713964006 16.085842142455007 16.085842142455007 16.085842142455007
 4144 131072 8651.018 8651.018 8651.018 125.57189639415846 125.57189639415846 125.57189639415846 15.696487049269807 15.696487049269807 15.696487049269807
 4544 131072 9241.104 9241.104 9241.104 128.90043613836616 128.90043613836616 128.90043613836616 16.11255451729577 16.11255451729577 16.11255451729577
 4992 131072 9578.943 9578.943 9578.943 136.61453544509035 136.61453544509035 136.61453544509035 17.076816930636294 17.076816930636294 17.076816930636294
 5488 131072 10473.013 10473.013 10473.013 137.36698999609757 137.36698999609757 137.36698999609757 17.170873749512197 17.170873749512197 17.170873749512197
 6032 131072 11447.191 11447.191 11447.191 138.1345526601242 138.1345526601242 138.1345526601242 17.266819082515525 17.266819082515525 17.266819082515525
 6624 131072 12565.136 12565.136 12565.136 138.1952297213496 138.1952297213496 138.1952297213496 17.2744037151687 17.2744037151687 17.2744037151687
 7280 131072 13784.885 13784.885 13784.885 138.4420921901053 138.4420921901053 138.4420921901053 17.305261523763164 17.305261523763164 17.305261523763164
 8000 131072 15156.984 15156.984 15156.984 138.36209103341403 138.36209103341403 138.36209103341403 17.295261379176754 17.295261379176754 17.295261379176754
 8800 65536 8677.006 8677.006 8677.006 132.92990692872635 132.92990692872635 132.92990692872635 16.616238366090794 16.616238366090794 16.616238366090794
 9680 65536 9576.082 9576.082 9576.082 132.49437087109322 132.49437087109322 132.49437087109322 16.561796358886653 16.561796358886653 16.561796358886653
 10640 65536 10463.953 10463.953 10463.953 133.27717354999587 133.27717354999587 133.27717354999587 16.659646693749483 16.659646693749483 16.659646693749483
 11696 65536 11447.191 11447.191 11447.191 133.92089919701698 133.92089919701698 133.92089919701698 16.740112399627122 16.740112399627122 16.740112399627122
 12864 65536 12510.061 12510.061 12510.061 134.78033464425155 134.78033464425155 134.78033464425155 16.847541830531444 16.847541830531444 16.847541830531444
 14144 65536 13671.16 13671.16 13671.16 135.60534497438402 135.60534497438402 135.60534497438402 16.950668121798003 16.950668121798003 16.950668121798003
 15552 65536 15077.829 15077.829 15077.829 135.19398210445283 135.19398210445283 135.19398210445283 16.899247763056604 16.899247763056604 16.899247763056604
 17104 32768 8274.078 8274.078 8274.078 135.47464067899773 135.47464067899773 135.47464067899773 16.934330084874716 16.934330084874716 16.934330084874716
 18800 32768 9023.905 9023.905 9023.905 136.53477070071105 136.53477070071105 136.53477070071105 17.06684633758888 17.06684633758888 17.06684633758888
 20672 32768 9985.924 9985.924 9985.924 135.6669840467442 135.6669840467442 135.6669840467442 16.958373005843026 16.958373005843026 16.958373005843026
 22736 32768 10905.981 10905.981 10905.981 136.62471042265707 136.62471042265707 136.62471042265707 17.078088802832134 17.078088802832134 17.078088802832134
 25008 32768 11986.971 11986.971 11986.971 136.72547368305138 136.72547368305138 136.72547368305138 17.090684210381422 17.090684210381422 17.090684210381422
 27504 32768 13182.878 13182.878 13182.878 136.73054882249536 136.73054882249536 136.73054882249536 17.09131860281192 17.09131860281192 17.09131860281192
 30240 32768 14343.023 14343.023 14343.023 138.17231137396905 138.17231137396905 138.17231137396905 17.27153892174613 17.27153892174613 17.27153892174613
 33264 16384 7929.087 7929.087 7929.087 137.46787644025093 137.46787644025093 137.46787644025093 17.183484555031367 17.183484555031367 17.183484555031367
 36576 16384 8698.225 8698.225 8698.225 137.7893039097057 137.7893039097057 137.7893039097057 17.22366298871321 17.22366298871321 17.22366298871321
 40224 16384 9533.882 9533.882 9533.882 138.25008868370722 138.25008868370722 138.25008868370722 17.281261085463402 17.281261085463402 17.281261085463402
 44240 16384 10530.949 10530.949 10530.949 137.65676008876312 137.65676008876312 137.65676008876312 17.20709501109539 17.20709501109539 17.20709501109539
 48656 16384 11513.948 11513.948 11513.948 138.47203478772008 138.47203478772008 138.47203478772008 17.30900434846501 17.30900434846501 17.30900434846501
 53520 16384 12642.145 12642.145 12642.145 138.72197795548144 138.72197795548144 138.72197795548144 17.34024724443518 17.34024724443518 17.34024724443518
 58864 16384 13978.004 13978.004 13978.004 137.99220203399568 137.99220203399568 137.99220203399568 17.24902525424946 17.24902525424946 17.24902525424946
 64736 16384 15406.847 15406.847 15406.847 137.6835408309046 137.6835408309046 137.6835408309046 17.210442603863076 17.210442603863076 17.210442603863076
 71200 8192 9018.183 9018.183 9018.183 129.354305628972 129.354305628972 129.354305628972 16.1692882036215 16.1692882036215 16.1692882036215
 78320 8192 10151.148 10151.148 10151.148 126.40884361059459 126.40884361059459 126.40884361059459 15.801105451324323 15.801105451324323 15.801105451324323
 86144 8192 11337.996 11337.996 11337.996 124.48260662642674 124.48260662642674 124.48260662642674 15.560325828303343 15.560325828303343 15.560325828303343
 94752 8192 12463.093 12463.093 12463.093 124.56111560749807 124.56111560749807 124.56111560749807 15.570139450937258 15.570139450937258 15.570139450937258
 104224 8192 13692.141 13692.141 13692.141 124.71431721306405 124.71431721306405 124.71431721306405 15.589289651633006 15.589289651633006 15.589289651633006
 114640 8192 15052.08 15052.08 15052.08 124.78419992452869 124.78419992452869 124.78419992452869 15.598024990566087 15.598024990566087 15.598024990566087
 126096 8192 16530.037 16530.037 16530.037 124.98198667068922 124.98198667068922 124.98198667068922 15.622748333836153 15.622748333836153 15.622748333836153
 138704 4096 9111.881 9111.881 9111.881 124.7012738643097 124.7012738643097 124.7012738643097 15.587659233038712 15.587659233038712 15.587659233038712
 152560 4096 10632.992 10632.992 10632.992 117.53714476602633 117.53714476602633 117.53714476602633 14.692143095753291 14.692143095753291 14.692143095753291
 167808 4096 11668.921 11668.921 11668.921 117.80721936501241 117.80721936501241 117.80721936501241 14.725902420626552 14.725902420626552 14.725902420626552
 184576 4096 12834.072 12834.072 12834.072 117.81503111405327 117.81503111405327 117.81503111405327 14.726878889256659 14.726878889256659 14.726878889256659
 203024 4096 13329.983 13329.983 13329.983 124.76929700510496 124.76929700510496 124.76929700510496 15.59616212563812 15.59616212563812 15.59616212563812
 223312 4096 14686.823 14686.823 14686.823 124.55872205990363 124.55872205990363 124.55872205990363 15.569840257487954 15.569840257487954 15.569840257487954
 245632 4096 16211.987 16211.987 16211.987 124.1191066832215 124.1191066832215 124.1191066832215 15.514888335402688 15.514888335402688 15.514888335402688
 270192 2048 8910.179 8910.179 8910.179 124.20698080251809 124.20698080251809 124.20698080251809 15.525872600314761 15.525872600314761 15.525872600314761
 297200 2048 9838.104 9838.104 9838.104 123.73636220962904 123.73636220962904 123.73636220962904 15.46704527620363 15.46704527620363 15.46704527620363
 326912 2048 10847.092 10847.092 10847.092 123.44613210619029 123.44613210619029 123.44613210619029 15.430766513273786 15.430766513273786 15.430766513273786
 359600 2048 11955.976 11955.976 11955.976 123.19542963284637 123.19542963284637 123.19542963284637 15.399428704105796 15.399428704105796 15.399428704105796
 395552 2048 13149.023 13149.023 13149.023 123.21683458915543 123.21683458915543 123.21683458915543 15.402104323644428 15.402104323644428 15.402104323644428
 435104 2048 14542.818 14542.818 14542.818 122.54749966615825 122.54749966615825 122.54749966615825 15.31843745826978 15.31843745826978 15.31843745826978
 478608 2048 16027.927 16027.927 16027.927 122.3101632544246 122.3101632544246 122.3101632544246 15.288770406803074 15.288770406803074 15.288770406803074
 526464 1024 8934.975 8934.975 8934.975 120.6716607489109 120.6716607489109 120.6716607489109 15.083957593613862 15.083957593613862 15.083957593613862
 579104 1024 14145.136 14145.136 14145.136 83.84542870425565 83.84542870425565 83.84542870425565 10.480678588031957 10.480678588031957 10.480678588031957
 637008 1024 15678.167 15678.167 15678.167 83.21077227969316 83.21077227969316 83.21077227969316 10.401346534961645 10.401346534961645 10.401346534961645
 700704 1024 18404.961 18404.961 18404.961 77.97037939933695 77.97037939933695 77.97037939933695 9.746297424917119 9.746297424917119 9.746297424917119
 770768 1024 20384.073 20384.073 20384.073 77.4395217285574 77.4395217285574 77.4395217285574 9.679940216069674 9.679940216069674 9.679940216069674
 847840 1024 22354.126 22354.126 22354.126 77.67587603290775 77.67587603290775 77.67587603290775 9.709484504113469 9.709484504113469 9.709484504113469
 932624 1024 25436.878 25436.878 25436.878 75.08837963526813 75.08837963526813 75.08837963526813 9.386047454408516 9.386047454408516 9.386047454408516
 1025872 1024 28141.022 28141.022 28141.022 74.65918814178106 74.65918814178106 74.65918814178106 9.332398517722632 9.332398517722632 9.332398517722632
 1128448 512 15873.194 15873.194 15873.194 72.7976204411034 72.7976204411034 72.7976204411034 9.099702555137926 9.099702555137926 9.099702555137926
 1241280 512 16947.031 16947.031 16947.031 75.00256062551607 75.00256062551607 75.00256062551607 9.375320078189509 9.375320078189509 9.375320078189509
 1365408 512 18780.947 18780.947 18780.947 74.44660761781608 74.44660761781608 74.44660761781608 9.30582595222701 9.30582595222701 9.30582595222701
 1501936 512 20518.78 20518.78 20518.78 74.9548688567254 74.9548688567254 74.9548688567254 9.369358607090675 9.369358607090675 9.369358607090675
 1652128 512 22563.934 22563.934 22563.934 74.97713262235212 74.97713262235212 74.97713262235212 9.372141577794014 9.372141577794014 9.372141577794014
 1817328 512 24816.99 24816.99 24816.99 74.98668742663796 74.98668742663796 74.98668742663796 9.373335928329745 9.373335928329745 9.373335928329745
 1999056 512 27347.803 27347.803 27347.803 74.85183888446176 74.85183888446176 74.85183888446176 9.35647986055772 9.35647986055772 9.35647986055772
 2198960 256 15020.132 15020.132 15020.132 74.95723206693522 74.95723206693522 74.95723206693522 9.369654008366902 9.369654008366902 9.369654008366902
 2418848 256 16523.123 16523.123 16523.123 74.95254837720448 74.95254837720448 74.95254837720448 9.36906854715056 9.36906854715056 9.36906854715056
 2660720 256 18193.007 18193.007 18193.007 74.87979529717106 74.87979529717106 74.87979529717106 9.359974412146382 9.359974412146382 9.359974412146382
 2926784 256 20061.97 20061.97 20061.97 74.69423032733076 74.69423032733076 74.69423032733076 9.336778790916345 9.336778790916345 9.336778790916345
 3219456 256 22648.096 22648.096 22648.096 72.78145906834727 72.78145906834727 72.78145906834727 9.09768238354341 9.09768238354341 9.09768238354341
 3541392 256 23420.095 23420.095 23420.095 77.42038211202815 77.42038211202815 77.42038211202815 9.677547764003519 9.677547764003519 9.677547764003519
 3895520 256 25701.046 25701.046 25701.046 77.6040881760221 77.6040881760221 77.6040881760221 9.700511022002763 9.700511022002763 9.700511022002763
 4285072 128 14161.11 14161.11 14161.11 77.46415584654028 77.46415584654028 77.46415584654028 9.683019480817535 9.683019480817535 9.683019480817535
 4713568 128 15595.913 15595.913 15595.913 77.37112973123149 77.37112973123149 77.37112973123149 9.671391216403936 9.671391216403936 9.671391216403936
 5184912 128 17199.993 17199.993 17199.993 77.17081466254085 77.17081466254085 77.17081466254085 9.646351832817606 9.646351832817606 9.646351832817606
 5703392 128 18827.915 18827.915 18827.915 77.5480637128434 77.5480637128434 77.5480637128434 9.693507964105425 9.693507964105425 9.693507964105425
 6273728 128 20721.912 20721.912 20721.912 77.5060895925048 77.5060895925048 77.5060895925048 9.6882611990631 9.6882611990631 9.6882611990631
 6901088 128 22818.089 22818.089 22818.089 77.42447353939237 77.42447353939237 77.42447353939237 9.678059192424046 9.678059192424046 9.678059192424046
 7591184 128 25406.122 25406.122 25406.122 76.49113485324521 76.49113485324521 76.49113485324521 9.561391856655652 9.561391856655652 9.561391856655652
 8350288 128 27622.938 27622.938 27622.938 77.38763081609929 77.38763081609929 77.38763081609929 9.673453852012411 9.673453852012411 9.673453852012411
 9185312 64 15293.837 15293.837 15293.837 76.8754064790935 76.8754064790935 76.8754064790935 9.609425809886687 9.609425809886687 9.609425809886687
 10103840 64 16775.131 16775.131 16775.131 77.09576276930414 77.09576276930414 77.09576276930414 9.636970346163018 9.636970346163018 9.636970346163018
 11114224 64 18441.916 18441.916 18441.916 77.14061120330446 77.14061120330446 77.14061120330446 9.642576400413057 9.642576400413057 9.642576400413057
 12225632 64 20252.943 20252.943 20252.943 77.26683949093226 77.26683949093226 77.26683949093226 9.658354936366532 9.658354936366532 9.658354936366532
 13448192 64 23011.923 23011.923 23011.923 74.8033346018062 74.8033346018062 74.8033346018062 9.350416825225775 9.350416825225775 9.350416825225775
 14793008 64 24572.849 24572.849 24572.849 77.05679646670194 77.05679646670194 77.05679646670194 9.632099558337742 9.632099558337742 9.632099558337742
 16272304 64 27031.898 27031.898 27031.898 77.05174501620272 77.05174501620272 77.05174501620272 9.63146812702534 9.63146812702534 9.63146812702534
 17899520 32 15325.069 15325.069 15325.069 74.75132934148616 74.75132934148616 74.75132934148616 9.34391616768577 9.34391616768577 9.34391616768577
 19689472 32 16680.002 16680.002 16680.002 75.5471257137739 75.5471257137739 75.5471257137739 9.443390714221737 9.443390714221737 9.443390714221737
 21658416 32 18045.902 18045.902 18045.902 76.81182265092652 76.81182265092652 76.81182265092652 9.601477831365814 9.601477831365814 9.601477831365814
 23824256 32 19911.051 19911.051 19911.051 76.57819690181095 76.57819690181095 76.57819690181095 9.57227461272637 9.57227461272637 9.57227461272637
 26206672 32 22015.095 22015.095 22015.095 76.18531775583979 76.18531775583979 76.18531775583979 9.523164719479974 9.523164719479974 9.523164719479974
 28827328 32 24283.171 24283.171 24283.171 75.97644442729494 75.97644442729494 75.97644442729494 9.497055553411867 9.497055553411867 9.497055553411867
 31710048 32 26692.867 26692.867 26692.867 76.02941534905186 76.02941534905186 76.02941534905186 9.503676918631482 9.503676918631482 9.503676918631482
 34881040 16 14744.043 14744.043 14744.043 75.70469510974704 75.70469510974704 75.70469510974704 9.46308688871838 9.46308688871838 9.46308688871838
 38369136 16 15913.01 15913.01 15913.01 77.15776914612633 77.15776914612633 77.15776914612633 9.64472114326579 9.64472114326579 9.64472114326579
 42206048 16 17824.888 17824.888 17824.888 75.77009942502865 75.77009942502865 75.77009942502865 9.47126242812858 9.47126242812858 9.47126242812858
 46426640 16 19684.076 19684.076 19684.076 75.4748396622732 75.4748396622732 75.4748396622732 9.43435495778415 9.43435495778415 9.43435495778415
 51069296 16 22010.088 22010.088 22010.088 74.24856602118084 74.24856602118084 74.24856602118084 9.281070752647604 9.281070752647604 9.281070752647604
 56176224 16 31068.087 31068.087 31068.087 57.86127636374907 57.86127636374907 57.86127636374907 7.232659545468634 7.232659545468634 7.232659545468634
 61793840 16 40364.981 40364.981 40364.981 48.988079048024325 48.988079048024325 48.988079048024325 6.123509881003041 6.123509881003041 6.123509881003041
 67973216 8 25582.075 25582.075 25582.075 42.51302742252144 42.51302742252144 42.51302742252144 5.31412842781518 5.31412842781518 5.31412842781518
 74770528 8 32077.074 32077.074 32077.074 37.2954356123629 37.2954356123629 37.2954356123629 4.661929451545363 4.661929451545363 4.661929451545363
 82247568 8 36874.056 36874.056 36874.056 35.687993965187886 35.687993965187886 35.687993965187886 4.460999245648486 4.460999245648486 4.460999245648486
 90472320 8 41275.024 41275.024 41275.024 35.071018250649594 35.071018250649594 35.071018250649594 4.383877281331199 4.383877281331199 4.383877281331199
 99519552 8 46036.959 46036.959 46036.959 34.58770662936272 34.58770662936272 34.58770662936272 4.32346332867034 4.32346332867034 4.32346332867034
 109471504 8 50534.964 50534.964 50534.964 34.660043766925405 34.660043766925405 34.660043766925405 4.332505470865676 4.332505470865676 4.332505470865676
 120418640 8 56086.063 56086.063 56086.063 34.35253139447495 34.35253139447495 34.35253139447495 4.294066424309369 4.294066424309369 4.294066424309369
 132460496 8 62021.017 62021.017 62021.017 34.171770127535964 34.171770127535964 34.171770127535964 4.2714712659419956 4.2714712659419956 4.2714712659419956
 145706544 4 34129.143 34129.143 34129.143 34.154164140599725 34.154164140599725 34.154164140599725 4.269270517574966 4.269270517574966 4.269270517574966
 160277184 4 37576.914 37576.914 37576.914 34.12247934995407 34.12247934995407 34.12247934995407 4.265309918744259 4.265309918744259 4.265309918744259
 176304896 4 41365.862 41365.862 41365.862 34.096694709275 34.096694709275 34.096694709275 4.262086838659375 4.262086838659375 4.262086838659375
 193935376 4 45495.033 45495.033 45495.033 34.102250414896936 34.102250414896936 34.102250414896936 4.262781301862117 4.262781301862117 4.262781301862117
 213328912 4 49964.19 49964.19 49964.19 34.157089227304596 34.157089227304596 34.157089227304596 4.2696361534130745 4.2696361534130745 4.2696361534130745
 234661792 4 55086.851 55086.851 55086.851 34.07881013202225 34.07881013202225 34.07881013202225 4.259851266502781 4.259851266502781 4.259851266502781
 258127968 4 60681.105 60681.105 60681.105 34.0307537906569 34.0307537906569 34.0307537906569 4.253844223832113 4.253844223832113 4.253844223832113
 283940752 2 33324.003 33324.003 33324.003 34.08243025305214 34.08243025305214 34.08243025305214 4.260303781631517 4.260303781631517 4.260303781631517
 312334816 2 36581.039 36581.039 36581.039 34.15264569166557 34.15264569166557 34.15264569166557 4.269080711458196 4.269080711458196 4.269080711458196
 343568288 2 40087.938 40087.938 40087.938 34.28146271828698 34.28146271828698 34.28146271828698 4.285182839785873 4.285182839785873 4.285182839785873
 377925104 2 44277.191 44277.191 44277.191 34.14174164752231 34.14174164752231 34.14174164752231 4.267717705940289 4.267717705940289 4.267717705940289
 415717600 2 48642.874 48642.874 48642.874 34.185282719931394 34.185282719931394 34.185282719931394 4.273160339991424 4.273160339991424 4.273160339991424
 457289360 2 53466.797 53466.797 53466.797 34.21109066997224 34.21109066997224 34.21109066997224 4.27638633374653 4.27638633374653 4.27638633374653
 503018288 2 58928.967 58928.967 58928.967 34.144042470657936 34.144042470657936 34.144042470657936 4.268005308832242 4.268005308832242 4.268005308832242
 553320112 1 32278.061 32278.061 32278.061 34.284594232596554 34.284594232596554 34.284594232596554 4.285574279074569 4.285574279074569 4.285574279074569
 608652112 1 35629.988 35629.988 35629.988 34.16515952797964 34.16515952797964 34.16515952797964 4.270644940997455 4.270644940997455 4.270644940997455
 669517312 1 39191.961 39191.961 39191.961 34.16605318626439 34.16605318626439 34.16605318626439 4.270756648283049 4.270756648283049 4.270756648283049
 736469040 1 43117.046 43117.046 43117.046 34.16138665900257 34.16138665900257 34.16138665900257 4.270173332375321 4.270173332375321 4.270173332375321
 810115936 1 47369.003 47369.003 47369.003 34.20447485457948 34.20447485457948 34.20447485457948 4.275559356822435 4.275559356822435 4.275559356822435
 891127520 1 52184.105 52184.105 52184.105 34.153216578113195 34.153216578113195 34.153216578113195 4.269152072264149 4.269152072264149 4.269152072264149
 980240272 1 57267.904 57267.904 57267.904 34.233495676740674 34.233495676740674 34.233495676740674 4.279186959592584 4.279186959592584 4.279186959592584
 
META_DATA
 MPI startup(): shm:tmi fabric is unknown or has been removed from the product, please use ofi or shm:ofi instead
 FLOPS          2
 MPI_PROCS      1
 OPENMP_THREADS 2
 ERT_VERSION  1.1.0
 HOSTNAME  ('shas0816.rc.int.colorado.edu', [], ['10.225.7.65'])
 UNAME  uname_result(system='Linux', node='shas0816.rc.int.colorado.edu', release='3.10.0-957.27.2.el7.x86_64', version='#1 SMP Mon Jul 29 17:46:05 UTC 2019', machine='x86_64', processor='x86_64')
 TIMESTAMP_DATA  1664512836.8349335
 CONFIG  {'ERT_RESULTS': ['lab5_results'], 'ERT_DRIVER': ['driver1'], 'ERT_KERNEL': ['kernel1'], 'ERT_MPI': ['True'], 'ERT_MPI_CFLAGS': ['-I/usr/include/mpi'], 'ERT_MPI_LDFLAGS': ['-lmpi'], 'ERT_OPENMP': ['True'], 'ERT_OPENMP_CFLAGS': ['-qopenmp'], 'ERT_OPENMP_LDFLAGS': ['-qopenmp'], 'ERT_FLOPS': ['1,2,4,8,16'], 'ERT_ALIGN': ['32'], 'ERT_CC': ['mpicc'], 'ERT_CFLAGS': ['-O3', '-msse3', '-axSSE3', '-xSSE3', '-fno-alias', '-fno-fnalias', '-DERT_INTEL', '-std=c++11'], 'ERT_LD': ['mpicc'], 'ERT_LDFLAGS': [], 'ERT_LDLIBS': [], 'ERT_PRECISION': ['FP64'], 'ERT_RUN': ['export', 'OMP_NUM_THREADS=ERT_OPENMP_THREADS;', 'mpirun', '-np', 'ERT_MPI_PROCS', 'ERT_CODE'], 'ERT_PROCS_THREADS': ['1-24'], 'ERT_MPI_PROCS': ['1'], 'ERT_OPENMP_THREADS': ['2'], 'ERT_NUM_EXPERIMENTS': ['1'], 'ERT_MEMORY_MAX': ['1073741824'], 'ERT_WORKING_SET_MIN': ['1'], 'ERT_TRIALS_MIN': ['1'], 'ERT_GNUPLOT': ['gnuplot'], 'ERT_GPU': [False], 'ERT_HIP': [False], 'ERT_OCL': [False], 'ERT_SYCL': [False], 'ERT_WSS_MULT': [1.1]}
 