fp64
 16 67108864 1332905.054 1332905.054 1332905.054 1.611130246340862 1.611130246340862 1.611130246340862 1.611130246340862 1.611130246340862 1.611130246340862
 32 33554432 676059.961 676059.961 676059.961 3.1764692067010314 3.1764692067010314 3.1764692067010314 3.1764692067010314 3.1764692067010314 3.1764692067010314
 48 16777216 339201.927 339201.927 339201.927 4.748241704416968 4.748241704416968 4.748241704416968 4.748241704416968 4.748241704416968 4.748241704416968
 64 16777216 337633.133 337633.133 337633.133 6.360405535199652 6.360405535199652 6.360405535199652 6.360405535199652 6.360405535199652 6.360405535199652
 80 8388608 169951.916 169951.916 169951.916 7.897394225317236 7.897394225317236 7.897394225317236 7.897394225317236 7.897394225317236 7.897394225317236
 96 8388608 179544.21 179544.21 179544.21 8.970563495197089 8.970563495197089 8.970563495197089 8.970563495197089 8.970563495197089 8.970563495197089
 112 8388608 173727.989 173727.989 173727.989 10.816036050471983 10.816036050471983 10.816036050471983 10.816036050471983 10.816036050471983 10.816036050471983
 128 8388608 174032.927 174032.927 174032.927 12.339524968168812 12.339524968168812 12.339524968168812 12.339524968168812 12.339524968168812 12.339524968168812
 144 4194304 88012.934 88012.934 88012.934 13.724795857845168 13.724795857845168 13.724795857845168 13.724795857845168 13.724795857845168 13.724795857845168
 160 4194304 88006.02 88006.02 88006.02 15.25097124037651 15.25097124037651 15.25097124037651 15.25097124037651 15.25097124037651 15.25097124037651
 176 4194304 100037.098 100037.098 100037.098 14.758474980951565 14.758474980951565 14.758474980951565 14.758474980951565 14.758474980951565 14.758474980951565
 192 4194304 100430.965 100430.965 100430.965 16.03701344500673 16.03701344500673 16.03701344500673 16.03701344500673 16.03701344500673 16.03701344500673
 208 4194304 116768.837 116768.837 116768.837 14.942603770216536 14.942603770216536 14.942603770216536 14.942603770216536 14.942603770216536 14.942603770216536
 224 4194304 117345.095 117345.095 117345.095 16.013010104938772 16.013010104938772 16.013010104938772 16.013010104938772 16.013010104938772 16.013010104938772
 240 4194304 132778.168 132778.168 132778.168 15.162627639206468 15.162627639206468 15.162627639206468 15.162627639206468 15.162627639206468 15.162627639206468
 256 4194304 90554.953 90554.953 90554.953 23.714701149477712 23.714701149477712 23.714701149477712 23.714701149477712 23.714701149477712 23.714701149477712
 272 2097152 55552.959 55552.959 55552.959 20.53627220829047 20.53627220829047 20.53627220829047 20.53627220829047 20.53627220829047 20.53627220829047
 288 2097152 56366.92 56366.92 56366.92 21.430291951378575 21.430291951378575 21.430291951378575 21.430291951378575 21.430291951378575 21.430291951378575
 304 2097152 67066.908 67066.908 67066.908 19.0118861003701 19.0118861003701 19.0118861003701 19.0118861003701 19.0118861003701 19.0118861003701
 320 2097152 65257.072 65257.072 65257.072 20.56753756895498 20.56753756895498 20.56753756895498 20.56753756895498 20.56753756895498 20.56753756895498
 352 2097152 74768.066 74768.066 74768.066 19.746331381635574 19.746331381635574 19.746331381635574 19.746331381635574 19.746331381635574 19.746331381635574
 384 2097152 81896.067 81896.067 81896.067 19.666545598581678 19.666545598581678 19.666545598581678 19.666545598581678 19.666545598581678 19.666545598581678
 416 2097152 89437.962 89437.962 89437.962 19.50883523039132 19.50883523039132 19.50883523039132 19.50883523039132 19.50883523039132 19.50883523039132
 448 2097152 98593.95 98593.95 98593.95 19.05845330266208 19.05845330266208 19.05845330266208 19.05845330266208 19.05845330266208 19.05845330266208
 480 2097152 106559.038 106559.038 106559.038 18.893431826965255 18.893431826965255 18.893431826965255 18.893431826965255 18.893431826965255 18.893431826965255
 528 1048576 50236.94 50236.94 50236.94 22.041474978372488 22.041474978372488 22.041474978372488 22.041474978372488 22.041474978372488 22.041474978372488
 576 1048576 55953.026 55953.026 55953.026 21.588815446728475 21.588815446728475 21.588815446728475 21.588815446728475 21.588815446728475 21.588815446728475
 624 1048576 63595.057 63595.057 63595.057 20.57743022386158 20.57743022386158 20.57743022386158 20.57743022386158 20.57743022386158 20.57743022386158
 672 1048576 67331.076 67331.076 67331.076 20.93069393395703 20.93069393395703 20.93069393395703 20.93069393395703 20.93069393395703 20.93069393395703
 736 1048576 76286.077 76286.077 76286.077 20.233100622017826 20.233100622017826 20.233100622017826 20.233100622017826 20.233100622017826 20.233100622017826
 800 1048576 73607.922 73607.922 73607.922 22.79267712516052 22.79267712516052 22.79267712516052 22.79267712516052 22.79267712516052 22.79267712516052
 880 1048576 85854.053 85854.053 85854.053 21.495709235765492 21.495709235765492 21.495709235765492 21.495709235765492 21.495709235765492 21.495709235765492
 960 1048576 94216.108 94216.108 94216.108 21.368595697033037 21.368595697033037 21.368595697033037 21.368595697033037 21.368595697033037 21.368595697033037
 1056 524288 48483.849 48483.849 48483.849 22.838456080498062 22.838456080498062 22.838456080498062 22.838456080498062 22.838456080498062 22.838456080498062
 1152 524288 54871.082 54871.082 54871.082 22.01450213793852 22.01450213793852 22.01450213793852 22.01450213793852 22.01450213793852 22.01450213793852
 1264 524288 63070.059 63070.059 63070.059 21.014726876979775 21.014726876979775 21.014726876979775 21.014726876979775 21.014726876979775 21.014726876979775
 1376 524288 64519.882 64519.882 64519.882 22.36272806574569 22.36272806574569 22.36272806574569 22.36272806574569 22.36272806574569 22.36272806574569
 1504 524288 72063.923 72063.923 72063.923 21.884158374225613 21.884158374225613 21.884158374225613 21.884158374225613 21.884158374225613 21.884158374225613
 1648 524288 77620.983 77620.983 77620.983 22.26270759802153 22.26270759802153 22.26270759802153 22.26270759802153 22.26270759802153 22.26270759802153
 1808 524288 82180.977 82180.977 82180.977 23.06890812456513 23.06890812456513 23.06890812456513 23.06890812456513 23.06890812456513 23.06890812456513
 1984 524288 92732.906 92732.906 92732.906 22.43405144663535 22.43405144663535 22.43405144663535 22.43405144663535 22.43405144663535 22.43405144663535
 2176 262144 50204.992 50204.992 50204.992 22.72384961240508 22.72384961240508 22.72384961240508 22.72384961240508 22.72384961240508 22.72384961240508
 2384 262144 55397.987 55397.987 55397.987 22.562238443790385 22.562238443790385 22.562238443790385 22.562238443790385 22.562238443790385 22.562238443790385
 2608 262144 59885.979 59885.979 59885.979 22.832441363278036 22.832441363278036 22.832441363278036 22.832441363278036 22.832441363278036 22.832441363278036
 2864 262144 65502.882 65502.882 65502.882 22.923584217256273 22.923584217256273 22.923584217256273 22.923584217256273 22.923584217256273 22.923584217256273
 3136 262144 71298.838 71298.838 71298.838 23.060223898740116 23.060223898740116 23.060223898740116 23.060223898740116 23.060223898740116 23.060223898740116
 3440 262144 78661.919 78661.919 78661.919 22.92787593956359 22.92787593956359 22.92787593956359 22.92787593956359 22.92787593956359 22.92787593956359
 3776 262144 86930.037 86930.037 86930.037 22.773618375429887 22.773618375429887 22.773618375429887 22.773618375429887 22.773618375429887 22.773618375429887
 4144 131072 50093.889 50093.889 50093.889 21.685773608034303 21.685773608034303 21.685773608034303 21.685773608034303 21.685773608034303 21.685773608034303
 4544 131072 51753.998 51753.998 51753.998 23.01623801121606 23.01623801121606 23.01623801121606 23.01623801121606 23.01623801121606 23.01623801121606
 4992 131072 58058.977 58058.977 58058.977 22.539543678146448 22.539543678146448 22.539543678146448 22.539543678146448 22.539543678146448 22.539543678146448
 5488 131072 62217.951 62217.951 62217.951 23.122688048662997 23.122688048662997 23.122688048662997 23.122688048662997 23.122688048662997 23.122688048662997
 6032 131072 68441.153 68441.153 68441.153 23.103827721897087 23.103827721897087 23.103827721897087 23.103827721897087 23.103827721897087 23.103827721897087
 6624 131072 75406.075 75406.075 75406.075 23.027877475389083 23.027877475389083 23.027877475389083 23.027877475389083 23.027877475389083 23.027877475389083
 7280 131072 82269.907 82269.907 82269.907 23.196918406629532 23.196918406629532 23.196918406629532 23.196918406629532 23.196918406629532 23.196918406629532
 8000 131072 89766.979 89766.979 89766.979 23.362176419014833 23.362176419014833 23.362176419014833 23.362176419014833 23.362176419014833 23.362176419014833
 8800 65536 49473.047 49473.047 49473.047 23.314383688556724 23.314383688556724 23.314383688556724 23.314383688556724 23.314383688556724 23.314383688556724
 9680 65536 55155.039 55155.039 55155.039 23.003826721979113 23.003826721979113 23.003826721979113 23.003826721979113 23.003826721979113 23.003826721979113
 10640 65536 60223.103 60223.103 60223.103 23.157326848468767 23.157326848468767 23.157326848468767 23.157326848468767 23.157326848468767 23.157326848468767
 11696 65536 65907.955 65907.955 65907.955 23.259986021414257 23.259986021414257 23.259986021414257 23.259986021414257 23.259986021414257 23.259986021414257
 12864 65536 72297.812 72297.812 72297.812 23.321732170815903 23.321732170815903 23.321732170815903 23.321732170815903 23.321732170815903 23.321732170815903
 14144 65536 79144.001 79144.001 79144.001 23.424167903768222 23.424167903768222 23.424167903768222 23.424167903768222 23.424167903768222 23.424167903768222
 15552 65536 87453.127 87453.127 87453.127 23.3088491392652 23.3088491392652 23.3088491392652 23.3088491392652 23.3088491392652 23.3088491392652
 17104 32768 48150.778 48150.778 48150.778 23.27953546254227 23.27953546254227 23.27953546254227 23.27953546254227 23.27953546254227 23.27953546254227
 18800 32768 52772.999 52772.999 52772.999 23.346726988170598 23.346726988170598 23.346726988170598 23.346726988170598 23.346726988170598 23.346726988170598
 20672 32768 58106.899 58106.899 58106.899 23.314962858369025 23.314962858369025 23.314962858369025 23.314962858369025 23.314962858369025 23.314962858369025
 22736 32768 64110.994 64110.994 64110.994 23.241356950416336 23.241356950416336 23.241356950416336 23.241356950416336 23.241356950416336 23.241356950416336
 25008 32768 70377.111 70377.111 70377.111 23.28774604004418 23.28774604004418 23.28774604004418 23.28774604004418 23.28774604004418 23.28774604004418
 27504 32768 77473.879 77473.879 77473.879 23.265933851072568 23.265933851072568 23.265933851072568 23.265933851072568 23.265933851072568 23.265933851072568
 30240 32768 85050.106 85050.106 85050.106 23.301659847431583 23.301659847431583 23.301659847431583 23.301659847431583 23.301659847431583 23.301659847431583
 33264 16384 46927.929 46927.929 46927.929 23.226994568628847 23.226994568628847 23.226994568628847 23.226994568628847 23.226994568628847 23.226994568628847
 36576 16384 51488.161 51488.161 51488.161 23.277630133265003 23.277630133265003 23.277630133265003 23.277630133265003 23.277630133265003 23.277630133265003
 40224 16384 56510.21 56510.21 56510.21 23.32428125820095 23.32428125820095 23.32428125820095 23.32428125820095 23.32428125820095 23.32428125820095
 44240 16384 62163.115 62163.115 62163.115 23.32020073318398 23.32020073318398 23.32020073318398 23.32020073318398 23.32020073318398 23.32020073318398
 48656 16384 69298.983 69298.983 69298.983 23.00697267086878 23.00697267086878 23.00697267086878 23.00697267086878 23.00697267086878 23.00697267086878
 53520 16384 80070.972 80070.972 80070.972 21.902361320154828 21.902361320154828 21.902361320154828 21.902361320154828 21.902361320154828 21.902361320154828
 58864 16384 82864.046 82864.046 82864.046 23.277351820354028 23.277351820354028 23.277351820354028 23.277351820354028 23.277351820354028 23.277351820354028
 64736 16384 91305.017 91305.017 91305.017 23.232778632525743 23.232778632525743 23.232778632525743 23.232778632525743 23.232778632525743 23.232778632525743
 71200 8192 49926.043 49926.043 49926.043 23.36537666323766 23.36537666323766 23.36537666323766 23.36537666323766 23.36537666323766 23.36537666323766
 78320 8192 55025.816 55025.816 55025.816 23.319870076983502 23.319870076983502 23.319870076983502 23.319870076983502 23.319870076983502 23.319870076983502
 86144 8192 60352.087 60352.087 60352.087 23.38582418864819 23.38582418864819 23.38582418864819 23.38582418864819 23.38582418864819 23.38582418864819
 94752 8192 66455.841 66455.841 66455.841 23.360125229624284 23.360125229624284 23.360125229624284 23.360125229624284 23.360125229624284 23.360125229624284
 104224 8192 73076.963 73076.963 73076.963 23.36722745306205 23.36722745306205 23.36722745306205 23.36722745306205 23.36722745306205 23.36722745306205
 114640 8192 81146.002 81146.002 81146.002 23.146695015239324 23.146695015239324 23.146695015239324 23.146695015239324 23.146695015239324 23.146695015239324
 126096 8192 88433.027 88433.027 88433.027 23.36182458166902 23.36182458166902 23.36182458166902 23.36182458166902 23.36182458166902 23.36182458166902
 138704 4096 48666.0 48666.0 48666.0 23.348193153330865 23.348193153330865 23.348193153330865 23.348193153330865 23.348193153330865 23.348193153330865
 152560 4096 53737.164 53737.164 53737.164 23.25711717871825 23.25711717871825 23.25711717871825 23.25711717871825 23.25711717871825 23.25711717871825
 167808 4096 58825.97 58825.97 58825.97 23.36864374697094 23.36864374697094 23.36864374697094 23.36864374697094 23.36864374697094 23.36864374697094
 184576 4096 64689.159 64689.159 64689.159 23.374033847000547 23.374033847000547 23.374033847000547 23.374033847000547 23.374033847000547 23.374033847000547
 203024 4096 71146.011 71146.011 71146.011 23.376891896300414 23.376891896300414 23.376891896300414 23.376891896300414 23.376891896300414 23.376891896300414
 223312 4096 78275.919 78275.919 78275.919 23.370813493738734 23.370813493738734 23.370813493738734 23.370813493738734 23.370813493738734 23.370813493738734
 245632 4096 86034.06 86034.06 86034.06 23.388613114387493 23.388613114387493 23.388613114387493 23.388613114387493 23.388613114387493 23.388613114387493
 270192 2048 47534.943 47534.943 47534.943 23.281955592120937 23.281955592120937 23.281955592120937 23.281955592120937 23.281955592120937 23.281955592120937
 297200 2048 52087.069 52087.069 52087.069 23.371082753763705 23.371082753763705 23.371082753763705 23.371082753763705 23.371082753763705 23.371082753763705
 326912 2048 57285.07 57285.07 57285.07 23.374878515466595 23.374878515466595 23.374878515466595 23.374878515466595 23.374878515466595 23.374878515466595
 359600 2048 63088.179 63088.179 63088.179 23.3470298770234 23.3470298770234 23.3470298770234 23.3470298770234 23.3470298770234 23.3470298770234
 395552 2048 69303.989 69303.989 69303.989 23.37788943144384 23.37788943144384 23.37788943144384 23.37788943144384 23.37788943144384 23.37788943144384
 435104 2048 76247.931 76247.931 76247.931 23.373565165984637 23.373565165984637 23.373565165984637 23.373565165984637 23.373565165984637 23.373565165984637
 478608 2048 83903.074 83903.074 83903.074 23.364797909549775 23.364797909549775 23.364797909549775 23.364797909549775 23.364797909549775 23.364797909549775
 526464 1024 46204.09 46204.09 46204.09 23.335559081457944 23.335559081457944 23.335559081457944 23.335559081457944 23.335559081457944 23.335559081457944
 579104 1024 50837.04 50837.04 50837.04 23.329544599764265 23.329544599764265 23.329544599764265 23.329544599764265 23.329544599764265 23.329544599764265
 637008 1024 59596.062 59596.062 59596.062 21.89058035411803 21.89058035411803 21.89058035411803 21.89058035411803 21.89058035411803 21.89058035411803
 700704 1024 65458.059 65458.059 65458.059 21.923072787721985 21.923072787721985 21.923072787721985 21.923072787721985 21.923072787721985 21.923072787721985
 770768 1024 72035.074 72035.074 72035.074 21.913392689788868 21.913392689788868 21.913392689788868 21.913392689788868 21.913392689788868 21.913392689788868
 847840 1024 79157.114 79157.114 79157.114 21.935821460090118 21.935821460090118 21.935821460090118 21.935821460090118 21.935821460090118 21.935821460090118
 932624 1024 81835.985 81835.985 81835.985 23.33953641542898 23.33953641542898 23.33953641542898 23.33953641542898 23.33953641542898 23.33953641542898
 1025872 1024 90019.941 90019.941 90019.941 23.339116118727514 23.339116118727514 23.339116118727514 23.339116118727514 23.339116118727514 23.339116118727514
 1128448 512 49707.89 49707.89 49707.89 23.24642530592226 23.24642530592226 23.24642530592226 23.24642530592226 23.24642530592226 23.24642530592226
 1241280 512 54428.816 54428.816 54428.816 23.352900419513077 23.352900419513077 23.352900419513077 23.352900419513077 23.352900419513077 23.352900419513077
 1365408 512 60004.95 60004.95 60004.95 23.301040864128712 23.301040864128712 23.301040864128712 23.301040864128712 23.301040864128712 23.301040864128712
 1501936 512 65900.087 65900.087 65900.087 23.33809459158984 23.33809459158984 23.33809459158984 23.33809459158984 23.33809459158984 23.33809459158984
 1652128 512 72466.135 72466.135 72466.135 23.345788650105323 23.345788650105323 23.345788650105323 23.345788650105323 23.345788650105323 23.345788650105323
 1817328 512 79759.121 79759.121 79759.121 23.332050913650363 23.332050913650363 23.332050913650363 23.332050913650363 23.332050913650363 23.332050913650363
 1999056 512 87811.947 87811.947 87811.947 23.31155855136659 23.31155855136659 23.31155855136659 23.31155855136659 23.31155855136659 23.31155855136659
 2198960 256 48235.893 48235.893 48235.893 23.340866105661192 23.340866105661192 23.340866105661192 23.340866105661192 23.340866105661192 23.340866105661192
 2418848 256 53107.023 53107.023 53107.023 23.319894545774105 23.319894545774105 23.319894545774105 23.319894545774105 23.319894545774105 23.319894545774105
 2660720 256 58346.987 58346.987 58346.987 23.348054630481606 23.348054630481606 23.348054630481606 23.348054630481606 23.348054630481606 23.348054630481606
 2926784 256 64202.785 64202.785 64202.785 23.34031783823708 23.34031783823708 23.34031783823708 23.34031783823708 23.34031783823708 23.34031783823708
 3219456 256 70672.035 70672.035 70672.035 23.324098025477824 23.324098025477824 23.324098025477824 23.324098025477824 23.324098025477824 23.324098025477824
 3541392 256 77674.866 77674.866 77674.866 23.34336442884884 23.34336442884884 23.34336442884884 23.34336442884884 23.34336442884884 23.34336442884884
 3895520 256 85932.016 85932.016 85932.016 23.21028102028934 23.21028102028934 23.21028102028934 23.21028102028934 23.21028102028934 23.21028102028934
 4285072 128 47027.111 47027.111 47027.111 23.32651121179866 23.32651121179866 23.32651121179866 23.32651121179866 23.32651121179866 23.32651121179866
 4713568 128 51789.999 51789.999 51789.999 23.299351830456683 23.299351830456683 23.299351830456683 23.299351830456683 23.299351830456683 23.299351830456683
 5184912 128 56863.07 56863.07 56863.07 23.342698028790917 23.342698028790917 23.342698028790917 23.342698028790917 23.342698028790917 23.342698028790917
 5703392 128 62630.177 62630.177 62630.177 23.312537532825427 23.312537532825427 23.312537532825427 23.312537532825427 23.312537532825427 23.312537532825427
 6273728 128 68907.976 68907.976 68907.976 23.307524922804294 23.307524922804294 23.307524922804294 23.307524922804294 23.307524922804294 23.307524922804294
 6901088 128 75798.035 75798.035 75798.035 23.30770880801857 23.30770880801857 23.30770880801857 23.30770880801857 23.30770880801857 23.30770880801857
 7591184 128 83323.956 83323.956 83323.956 23.322741709479082 23.322741709479082 23.322741709479082 23.322741709479082 23.322741709479082 23.322741709479082
 8350288 128 91643.095 91643.095 91643.095 23.326075226944265 23.326075226944265 23.326075226944265 23.326075226944265 23.326075226944265 23.326075226944265
 9185312 64 50536.871 50536.871 50536.871 23.264596971189608 23.264596971189608 23.264596971189608 23.264596971189608 23.264596971189608 23.264596971189608
 10103840 64 55566.788 55566.788 55566.788 23.274541620077084 23.274541620077084 23.274541620077084 23.274541620077084 23.274541620077084 23.274541620077084
 11114224 64 61073.065 61073.065 61073.065 23.29374941310052 23.29374941310052 23.29374941310052 23.29374941310052 23.29374941310052 23.29374941310052
 12225632 64 67269.087 67269.087 67269.087 23.263001859977674 23.263001859977674 23.263001859977674 23.263001859977674 23.263001859977674 23.263001859977674
 13448192 64 74021.816 74021.816 74021.816 23.25488172297745 23.25488172297745 23.25488172297745 23.25488172297745 23.25488172297745 23.25488172297745
 14793008 64 81387.043 81387.043 81387.043 23.26543580161771 23.26543580161771 23.26543580161771 23.26543580161771 23.26543580161771 23.26543580161771
 16272304 64 89648.008 89648.008 89648.008 23.233699872059624 23.233699872059624 23.233699872059624 23.233699872059624 23.233699872059624 23.233699872059624
 17899520 32 49342.155 49342.155 49342.155 23.216847338751215 23.216847338751215 23.216847338751215 23.216847338751215 23.216847338751215 23.216847338751215
 19689472 32 54246.902 54246.902 54246.902 23.229459407654282 23.229459407654282 23.229459407654282 23.229459407654282 23.229459407654282 23.229459407654282
 21658416 32 59633.017 59633.017 59633.017 23.244482565757156 23.244482565757156 23.244482565757156 23.244482565757156 23.244482565757156 23.244482565757156
 23824256 32 65660.954 65660.954 65660.954 23.221599613066847 23.221599613066847 23.221599613066847 23.221599613066847 23.221599613066847 23.221599613066847
 26206672 32 72216.988 72216.988 72216.988 23.224826380186336 23.224826380186336 23.224826380186336 23.224826380186336 23.224826380186336 23.224826380186336
 28827328 32 79426.05 79426.05 79426.05 23.228512459073567 23.228512459073567 23.228512459073567 23.228512459073567 23.228512459073567 23.228512459073567
 31710048 32 87388.992 87388.992 87388.992 23.223097389657497 23.223097389657497 23.223097389657497 23.223097389657497 23.223097389657497 23.223097389657497
 34881040 16 48135.996 48135.996 48135.996 23.188328335410368 23.188328335410368 23.188328335410368 23.188328335410368 23.188328335410368 23.188328335410368
 38369136 16 52880.049 52880.049 52880.049 23.21882023974675 23.21882023974675 23.21882023974675 23.21882023974675 23.21882023974675 23.21882023974675
 42206048 16 58305.979 58305.979 58305.979 23.163894323770812 23.163894323770812 23.163894323770812 23.163894323770812 23.163894323770812 23.163894323770812
 46426640 16 63958.883 63958.883 63958.883 23.228243057340443 23.228243057340443 23.228243057340443 23.228243057340443 23.228243057340443 23.228243057340443
 51069296 16 70657.969 70657.969 70657.969 23.128565611615585 23.128565611615585 23.128565611615585 23.128565611615585 23.128565611615585 23.128565611615585
 56176224 16 80285.788 80285.788 80285.788 22.390502887011582 22.390502887011582 22.390502887011582 22.390502887011582 22.390502887011582 22.390502887011582
 61793840 16 91718.197 91718.197 91718.197 21.55954810145254 21.55954810145254 21.55954810145254 21.55954810145254 21.55954810145254 21.55954810145254
 67973216 8 52049.16 52049.16 52049.16 20.895081803433524 20.895081803433524 20.895081803433524 20.895081803433524 20.895081803433524 20.895081803433524
 74770528 8 58497.19 58497.19 58497.19 20.451041289333727 20.451041289333727 20.451041289333727 20.451041289333727 20.451041289333727 20.451041289333727
 82247568 8 64748.049 64748.049 64748.049 20.324335764927834 20.324335764927834 20.324335764927834 20.324335764927834 20.324335764927834 20.324335764927834
 90472320 8 71435.928 71435.928 71435.928 20.26371267970369 20.26371267970369 20.26371267970369 20.26371267970369 20.26371267970369 20.26371267970369
 99519552 8 78777.075 78777.075 78777.075 20.212896099531495 20.212896099531495 20.212896099531495 20.212896099531495 20.212896099531495 20.212896099531495
 109471504 8 87186.813 87186.813 87186.813 20.089552579470936 20.089552579470936 20.089552579470936 20.089552579470936 20.089552579470936 20.089552579470936
 120418640 8 96442.938 96442.938 96442.938 19.977597945014907 19.977597945014907 19.977597945014907 19.977597945014907 19.977597945014907 19.977597945014907
 132460496 8 105106.115 105106.115 105106.115 20.16407833169364 20.16407833169364 20.16407833169364 20.16407833169364 20.16407833169364 20.16407833169364
 145706544 4 57806.015 57806.015 57806.015 20.164897234310303 20.164897234310303 20.164897234310303 20.164897234310303 20.164897234310303 20.164897234310303
 160277184 4 63596.964 63596.964 63596.964 20.16161450725855 20.16161450725855 20.16161450725855 20.16161450725855 20.16161450725855 20.16161450725855
 176304896 4 69977.045 69977.045 69977.045 20.15574061465442 20.15574061465442 20.15574061465442 20.15574061465442 20.15574061465442 20.15574061465442
 193935376 4 77089.071 77089.071 77089.071 20.12584907139431 20.12584907139431 20.12584907139431 20.12584907139431 20.12584907139431 20.12584907139431
 213328912 4 84274.054 84274.054 84274.054 20.250969485815883 20.250969485815883 20.250969485815883 20.250969485815883 20.250969485815883 20.250969485815883
 234661792 4 93231.916 93231.916 93231.916 20.13574767679343 20.13574767679343 20.13574767679343 20.13574767679343 20.13574767679343 20.13574767679343
 258127968 4 102755.785 102755.785 102755.785 20.09642322327643 20.09642322327643 20.09642322327643 20.09642322327643 20.09642322327643 20.09642322327643
 283940752 2 56480.885 56480.885 56480.885 20.108803323460673 20.108803323460673 20.108803323460673 20.108803323460673 20.108803323460673 20.108803323460673
 312334816 2 61990.023 61990.023 61990.023 20.153876439116665 20.153876439116665 20.153876439116665 20.153876439116665 20.153876439116665 20.153876439116665
 343568288 2 68318.844 68318.844 68318.844 20.115579707408397 20.115579707408397 20.115579707408397 20.115579707408397 20.115579707408397 20.115579707408397
 377925104 2 75274.944 75274.944 75274.944 20.082385129373197 20.082385129373197 20.082385129373197 20.082385129373197 20.082385129373197 20.082385129373197
 415717600 2 82694.054 82694.054 82694.054 20.108705760150542 20.108705760150542 20.108705760150542 20.108705760150542 20.108705760150542 20.108705760150542
 457289360 2 90826.035 90826.035 90826.035 20.13913125239916 20.13913125239916 20.13913125239916 20.13913125239916 20.13913125239916 20.13913125239916
 503018288 2 100141.048 100141.048 100141.048 20.09239160349111 20.09239160349111 20.09239160349111 20.09239160349111 20.09239160349111 20.09239160349111
 553320112 1 55106.878 55106.878 55106.878 20.081707840534897 20.081707840534897 20.081707840534897 20.081707840534897 20.081707840534897 20.081707840534897
 608652112 1 60585.976 60585.976 60585.976 20.092178163474664 20.092178163474664 20.092178163474664 20.092178163474664 20.092178163474664 20.092178163474664
 669517312 1 66580.057 66580.057 66580.057 20.111647306039405 20.111647306039405 20.111647306039405 20.111647306039405 20.111647306039405 20.111647306039405
 736469040 1 73292.971 73292.971 73292.971 20.096580339197875 20.096580339197875 20.096580339197875 20.096580339197875 20.096580339197875 20.096580339197875
 810115936 1 80689.907 80689.907 80689.907 20.079734036624927 20.079734036624927 20.079734036624927 20.079734036624927 20.079734036624927 20.079734036624927
 891127520 1 88751.078 88751.078 88751.078 20.08150301002541 20.08150301002541 20.08150301002541 20.08150301002541 20.08150301002541 20.08150301002541
 980240272 1 97679.138 97679.138 97679.138 20.07061675749022 20.07061675749022 20.07061675749022 20.07061675749022 20.07061675749022 20.07061675749022
 
META_DATA
 MPI startup(): shm:tmi fabric is unknown or has been removed from the product, please use ofi or shm:ofi instead
 FLOPS          16
 MPI_PROCS      2
 OPENMP_THREADS 1
 ERT_VERSION  1.1.0
 HOSTNAME  ('shas0420.rc.int.colorado.edu', [], ['10.225.6.135'])
 UNAME  uname_result(system='Linux', node='shas0420.rc.int.colorado.edu', release='3.10.0-957.27.2.el7.x86_64', version='#1 SMP Mon Jul 29 17:46:05 UTC 2019', machine='x86_64', processor='x86_64')
 TIMESTAMP_DATA  1664555663.0795164
 CONFIG  {'ERT_RESULTS': ['lab5_results'], 'ERT_DRIVER': ['driver1'], 'ERT_KERNEL': ['kernel1'], 'ERT_MPI': ['True'], 'ERT_MPI_CFLAGS': ['-I/usr/include/mpi'], 'ERT_MPI_LDFLAGS': ['-lmpi'], 'ERT_OPENMP': ['True'], 'ERT_OPENMP_CFLAGS': ['-qopenmp'], 'ERT_OPENMP_LDFLAGS': ['-qopenmp'], 'ERT_FLOPS': ['1,2,4,8,16'], 'ERT_ALIGN': ['32'], 'ERT_CC': ['mpicc'], 'ERT_CFLAGS': ['-O3', '-msse3', '-axSSE3', '-xSSE3', '-fno-alias', '-fno-fnalias', '-DERT_INTEL', '-std=c++11'], 'ERT_LD': ['mpicc'], 'ERT_LDFLAGS': [], 'ERT_LDLIBS': [], 'ERT_PRECISION': ['FP64'], 'ERT_RUN': ['export', 'OMP_NUM_THREADS=ERT_OPENMP_THREADS;', 'mpirun', '-np', 'ERT_MPI_PROCS', 'ERT_CODE'], 'ERT_PROCS_THREADS': ['1-24'], 'ERT_MPI_PROCS': ['1,2,4,8,12,24'], 'ERT_OPENMP_THREADS': ['1,2,4,8,12,24'], 'ERT_NUM_EXPERIMENTS': ['1'], 'ERT_MEMORY_MAX': ['1073741824'], 'ERT_WORKING_SET_MIN': ['1'], 'ERT_TRIALS_MIN': ['1'], 'ERT_GNUPLOT': ['gnuplot'], 'ERT_GPU': [False], 'ERT_HIP': [False], 'ERT_OCL': [False], 'ERT_SYCL': [False], 'ERT_WSS_MULT': [1.1]}
 