fp64
 8 134217728 699683.905 699683.905 699683.905 3.0692197328735182 3.0692197328735182 3.0692197328735182 0.7673049332183796 0.7673049332183796 0.7673049332183796
 16 67108864 370260.954 370260.954 370260.954 5.799919286115165 5.799919286115165 5.799919286115165 1.4499798215287913 1.4499798215287913 1.4499798215287913
 24 33554432 183851.957 183851.957 183851.957 8.760378525641695 8.760378525641695 8.760378525641695 2.1900946314104237 2.1900946314104237 2.1900946314104237
 32 33554432 184056.997 184056.997 184056.997 11.667492586549155 11.667492586549155 11.667492586549155 2.916873146637289 2.916873146637289 2.916873146637289
 40 16777216 92314.959 92314.959 92314.959 14.539109311633881 14.539109311633881 14.539109311633881 3.6347773279084703 3.6347773279084703 3.6347773279084703
 48 16777216 92047.93 92047.93 92047.93 17.497544333696588 17.497544333696588 17.497544333696588 4.374386083424147 4.374386083424147 4.374386083424147
 56 16777216 94565.153 94565.153 94565.153 19.870408204172207 19.870408204172207 19.870408204172207 4.967602051043052 4.967602051043052 4.967602051043052
 64 16777216 93313.932 93313.932 93313.932 23.013537228288698 23.013537228288698 23.013537228288698 5.753384307072174 5.753384307072174 5.753384307072174
 72 8388608 56185.007 56185.007 56185.007 21.499677876697604 21.499677876697604 21.499677876697604 5.374919469174401 5.374919469174401 5.374919469174401
 80 8388608 52301.884 52301.884 52301.884 25.66212108152739 25.66212108152739 25.66212108152739 6.415530270381847 6.415530270381847 6.415530270381847
 88 8388608 61360.121 61360.121 61360.121 24.061148901580555 24.061148901580555 24.061148901580555 6.015287225395139 6.015287225395139 6.015287225395139
 96 8388608 60033.083 60033.083 60033.083 26.82875267292203 26.82875267292203 26.82875267292203 6.707188168230507 6.707188168230507 6.707188168230507
 104 8388608 68972.111 68972.111 68972.111 25.297623034910444 25.297623034910444 25.297623034910444 6.324405758727611 6.324405758727611 6.324405758727611
 112 8388608 67767.143 67767.143 67767.143 27.72801255617342 27.72801255617342 27.72801255617342 6.932003139043355 6.932003139043355 6.932003139043355
 120 8388608 76642.99 76642.99 76642.99 26.268102536187584 26.268102536187584 26.268102536187584 6.567025634046896 6.567025634046896 6.567025634046896
 128 8388608 51285.982 51285.982 51285.982 41.8727216337595 41.8727216337595 41.8727216337595 10.468180408439874 10.468180408439874 10.468180408439874
 136 4194304 30659.199 30659.199 30659.199 37.21071408290869 37.21071408290869 37.21071408290869 9.302678520727172 9.302678520727172 9.302678520727172
 144 4194304 30416.012 30416.012 30416.012 39.71459348451072 39.71459348451072 39.71459348451072 9.92864837112768 9.92864837112768 9.92864837112768
 152 4194304 35094.976 35094.976 35094.976 36.33193583035931 36.33193583035931 36.33193583035931 9.082983957589828 9.082983957589828 9.082983957589828
 160 4194304 33826.113 33826.113 33826.113 39.67873222678586 39.67873222678586 39.67873222678586 9.919683056696465 9.919683056696465 9.919683056696465
 176 4194304 37839.89 37839.89 37839.89 39.0168948165547 39.0168948165547 39.0168948165547 9.754223704138674 9.754223704138674 9.754223704138674
 192 4194304 41867.018 41867.018 41867.018 38.4697265995873 38.4697265995873 38.4697265995873 9.617431649896824 9.617431649896824 9.617431649896824
 208 4194304 45262.814 45262.814 45262.814 38.54887290039016 38.54887290039016 38.54887290039016 9.63721822509754 9.63721822509754 9.63721822509754
 224 4194304 48773.05 48773.05 48773.05 38.52636224308301 38.52636224308301 38.52636224308301 9.631590560770752 9.631590560770752 9.631590560770752
 240 4194304 52658.081 52658.081 52658.081 38.2328007737312 38.2328007737312 38.2328007737312 9.5582001934328 9.5582001934328 9.5582001934328
 264 2097152 25535.107 25535.107 25535.107 43.36368185181287 43.36368185181287 43.36368185181287 10.840920462953218 10.840920462953218 10.840920462953218
 288 2097152 28060.913 28060.913 28060.913 43.0477636989217 43.0477636989217 43.0477636989217 10.761940924730425 10.761940924730425 10.761940924730425
 312 2097152 33058.882 33058.882 33058.882 39.58460688416505 39.58460688416505 39.58460688416505 9.896151721041262 9.896151721041262 9.896151721041262
 336 2097152 34162.045 34162.045 34162.045 41.25297955669809 41.25297955669809 41.25297955669809 10.313244889174522 10.313244889174522 10.313244889174522
 368 2097152 37107.944 37107.944 37107.944 41.59497147025984 41.59497147025984 41.59497147025984 10.39874286756496 10.39874286756496 10.39874286756496
 400 2097152 35764.933 35764.933 35764.933 46.909681055462904 46.909681055462904 46.909681055462904 11.727420263865726 11.727420263865726 11.727420263865726
 440 2097152 43136.12 43136.12 43136.12 42.783026382530466 42.783026382530466 42.783026382530466 10.695756595632616 10.695756595632616 10.695756595632616
 480 2097152 46219.11 46219.11 46219.11 43.559166760242675 43.559166760242675 43.559166760242675 10.889791690060669 10.889791690060669 10.889791690060669
 528 1048576 23140.907 23140.907 23140.907 47.850166633485884 47.850166633485884 47.850166633485884 11.962541658371471 11.962541658371471 11.962541658371471
 576 1048576 29592.991 29592.991 29592.991 40.819109903422735 40.819109903422735 40.819109903422735 10.204777475855684 10.204777475855684 10.204777475855684
 632 1048576 32331.944 32331.944 32331.944 40.993516010048765 40.993516010048765 40.993516010048765 10.248379002512191 10.248379002512191 10.248379002512191
 688 1048576 33586.025 33586.025 33586.025 42.959551658762834 42.959551658762834 42.959551658762834 10.739887914690708 10.739887914690708 10.739887914690708
 752 1048576 36716.938 36716.938 36716.938 42.95179254871416 42.95179254871416 42.95179254871416 10.73794813717854 10.73794813717854 10.73794813717854
 824 1048576 39830.923 39830.923 39830.923 43.38471513703059 43.38471513703059 43.38471513703059 10.846178784257647 10.846178784257647 10.846178784257647
 904 1048576 39324.045 39324.045 39324.045 48.2103356356143 48.2103356356143 48.2103356356143 12.052583908903575 12.052583908903575 12.052583908903575
 992 1048576 44059.992 44059.992 44059.992 47.21686703892275 47.21686703892275 47.21686703892275 11.804216759730688 11.804216759730688 11.804216759730688
 1088 524288 23919.106 23919.106 23919.106 47.6962093817386 47.6962093817386 47.6962093817386 11.92405234543465 11.92405234543465 11.92405234543465
 1192 524288 26282.072 26282.072 26282.072 47.55723186512844 47.55723186512844 47.55723186512844 11.88930796628211 11.88930796628211 11.88930796628211
 1304 524288 28088.093 28088.093 28088.093 48.68052466217624 48.68052466217624 48.68052466217624 12.17013116554406 12.17013116554406 12.17013116554406
 1432 524288 30565.023 30565.023 30565.023 49.12676924862775 49.12676924862775 49.12676924862775 12.281692312156938 12.281692312156938 12.281692312156938
 1568 524288 33020.02 33020.02 33020.02 49.79303973771064 49.79303973771064 49.79303973771064 12.44825993442766 12.44825993442766 12.44825993442766
 1720 524288 36834.002 36834.002 36834.002 48.964289028381984 48.964289028381984 48.964289028381984 12.241072257095496 12.241072257095496 12.241072257095496
 1888 524288 40361.881 40361.881 40361.881 49.04903931509039 49.04903931509039 49.04903931509039 12.262259828772597 12.262259828772597 12.262259828772597
 2072 262144 21736.86 21736.86 21736.86 49.97615736587529 49.97615736587529 49.97615736587529 12.494039341468822 12.494039341468822 12.494039341468822
 2272 262144 23987.055 23987.055 23987.055 49.65938236269521 49.65938236269521 49.65938236269521 12.414845590673803 12.414845590673803 12.414845590673803
 2496 262144 26251.793 26251.793 26251.793 49.84889405458895 49.84889405458895 49.84889405458895 12.462223513647238 12.462223513647238 12.462223513647238
 2744 262144 28916.121 28916.121 28916.121 49.75239493568311 49.75239493568311 49.75239493568311 12.438098733920777 12.438098733920777 12.438098733920777
 3016 262144 31602.859 31602.859 31602.859 50.03511258269387 50.03511258269387 50.03511258269387 12.508778145673467 12.508778145673467 12.508778145673467
 3312 262144 34651.995 34651.995 34651.995 50.11087690622141 50.11087690622141 50.11087690622141 12.527719226555352 12.527719226555352 12.527719226555352
 3640 262144 37891.15 37891.15 37891.15 50.36554234959878 50.36554234959878 50.36554234959878 12.591385587399696 12.591385587399696 12.591385587399696
 4000 262144 41390.896 41390.896 41390.896 50.66698725246247 50.66698725246247 50.66698725246247 12.666746813115617 12.666746813115617 12.666746813115617
 4400 131072 25599.003 25599.003 25599.003 45.05775478834078 45.05775478834078 45.05775478834078 11.264438697085195 11.264438697085195 11.264438697085195
 4840 131072 25974.989 25974.989 25974.989 48.84610191750226 48.84610191750226 48.84610191750226 12.211525479375565 12.211525479375565 12.211525479375565
 5320 131072 28203.964 28203.964 28203.964 49.44716565373576 49.44716565373576 49.44716565373576 12.36179141343394 12.36179141343394 12.36179141343394
 5848 131072 30243.158 30243.158 30243.158 50.68974979398646 50.68974979398646 50.68974979398646 12.672437448496614 12.672437448496614 12.672437448496614
 6432 131072 33077.955 33077.955 33077.955 50.97383462792667 50.97383462792667 50.97383462792667 12.743458656981668 12.743458656981668 12.743458656981668
 7072 131072 36281.109 36281.109 36281.109 51.09773154949591 51.09773154949591 51.09773154949591 12.774432887373978 12.774432887373978 12.774432887373978
 7776 131072 40101.051 40101.051 40101.051 50.83237703670161 50.83237703670161 50.83237703670161 12.708094259175402 12.708094259175402 12.708094259175402
 8552 65536 22034.168 22034.168 22034.168 50.872251859021866 50.872251859021866 50.872251859021866 12.718062964755466 12.718062964755466 12.718062964755466
 9400 65536 24173.021 24173.021 24173.021 50.96908656969271 50.96908656969271 50.96908656969271 12.742271642423178 12.742271642423178 12.742271642423178
 10336 65536 26745.796 26745.796 26745.796 50.65320142275819 50.65320142275819 50.65320142275819 12.663300355689547 12.663300355689547 12.663300355689547
 11368 65536 29192.924 29192.924 29192.924 51.04067328096357 51.04067328096357 51.04067328096357 12.760168320240892 12.760168320240892 12.760168320240892
 12504 65536 32396.078 32396.078 32396.078 50.59020687627681 50.59020687627681 50.59020687627681 12.647551719069202 12.647551719069202 12.647551719069202
 13752 65536 35514.116 35514.116 35514.116 50.75452656628142 50.75452656628142 50.75452656628142 12.688631641570355 12.688631641570355 12.688631641570355
 15120 65536 38955.927 38955.927 38955.927 50.873096666394304 50.873096666394304 50.873096666394304 12.718274166598576 12.718274166598576 12.718274166598576
 16632 32768 21536.827 21536.827 21536.827 50.61074001290905 50.61074001290905 50.61074001290905 12.652685003227262 12.652685003227262 12.652685003227262
 18288 32768 23588.896 23588.896 23588.896 50.808752050117135 50.808752050117135 50.808752050117135 12.702188012529284 12.702188012529284 12.702188012529284
 20112 32768 26033.878 26033.878 26033.878 50.62864748770813 50.62864748770813 50.62864748770813 12.657161871927032 12.657161871927032 12.657161871927032
 22120 32768 28721.094 28721.094 28721.094 50.47357597172308 50.47357597172308 50.47357597172308 12.61839399293077 12.61839399293077 12.61839399293077
 24328 32768 31378.984 31378.984 31378.984 50.80979702848251 50.80979702848251 50.80979702848251 12.702449257120627 12.702449257120627 12.702449257120627
 26760 32768 34462.929 34462.929 34462.929 50.88782093942161 50.88782093942161 50.88782093942161 12.721955234855402 12.721955234855402 12.721955234855402
 29432 32768 38164.854 38164.854 38164.854 50.54010037612092 50.54010037612092 50.54010037612092 12.63502509403023 12.63502509403023 12.63502509403023
 32368 32768 41779.041 41779.041 41779.041 50.773526563235386 50.773526563235386 50.773526563235386 12.693381640808846 12.693381640808846 12.693381640808846
 35600 16384 25079.012 25079.012 25079.012 46.51462346283817 46.51462346283817 46.51462346283817 11.628655865709543 11.628655865709543 11.628655865709543
 39160 16384 28192.043 28192.043 28192.043 45.51620753416132 45.51620753416132 45.51620753416132 11.37905188354033 11.37905188354033 11.37905188354033
 43072 16384 31034.946 31034.946 31034.946 45.477227381030396 45.477227381030396 45.477227381030396 11.369306845257599 11.369306845257599 11.369306845257599
 47376 16384 34065.008 34065.008 34065.008 45.57218269257415 45.57218269257415 45.57218269257415 11.393045673143538 11.393045673143538 11.393045673143538
 52112 16384 37431.955 37431.955 37431.955 45.61893750940873 45.61893750940873 45.61893750940873 11.404734377352183 11.404734377352183 11.404734377352183
 57320 16384 41162.968 41162.968 41162.968 45.629891411134395 45.629891411134395 45.629891411134395 11.407472852783599 11.407472852783599 11.407472852783599
 63048 16384 45316.935 45316.935 45316.935 45.58906872232202 45.58906872232202 45.58906872232202 11.397267180580505 11.397267180580505 11.397267180580505
 69352 8192 24897.099 24897.099 24897.099 45.6383761015691 45.6383761015691 45.6383761015691 11.409594025392275 11.409594025392275 11.409594025392275
 76280 8192 27369.976 27369.976 27369.976 45.662134303661794 45.662134303661794 45.662134303661794 11.415533575915449 11.415533575915449 11.415533575915449
 83904 8192 30133.009 30133.009 30133.009 45.620506601249154 45.620506601249154 45.620506601249154 11.405126650312289 11.405126650312289 11.405126650312289
 92288 8192 33069.134 33069.134 33069.134 45.72380371375918 45.72380371375918 45.72380371375918 11.430950928439795 11.430950928439795 11.430950928439795
 101512 8192 36344.051 36344.051 36344.051 45.76189396168302 45.76189396168302 45.76189396168302 11.440473490420755 11.440473490420755 11.440473490420755
 111656 8192 40188.789 40188.789 40188.789 45.519458274794005 45.519458274794005 45.519458274794005 11.379864568698501 11.379864568698501 11.379864568698501
 122816 8192 44137.955 44137.955 44137.955 45.58927444644865 45.58927444644865 45.58927444644865 11.397318611612162 11.397318611612162 11.397318611612162
 135096 4096 24285.078 24285.078 24285.078 45.57145881927988 45.57145881927988 45.57145881927988 11.39286470481997 11.39286470481997 11.39286470481997
 148600 4096 26747.942 26747.942 26747.942 45.51120979700046 45.51120979700046 45.51120979700046 11.377802449250115 11.377802449250115 11.377802449250115
 163456 4096 29464.006 29464.006 29464.006 45.44635077796278 45.44635077796278 45.44635077796278 11.361587694490694 11.361587694490694 11.361587694490694
 179800 4096 35140.991 35140.991 35140.991 41.9146289869856 41.9146289869856 41.9146289869856 10.4786572467464 10.4786572467464 10.4786572467464
 197776 4096 35752.058 35752.058 35752.058 45.317139281884145 45.317139281884145 45.317139281884145 11.329284820471036 11.329284820471036 11.329284820471036
 217552 4096 39386.988 39386.988 39386.988 45.248090156068805 45.248090156068805 45.248090156068805 11.312022539017201 11.312022539017201 11.312022539017201
 239304 4096 43402.91 43402.91 43402.91 45.16698000203212 45.16698000203212 45.16698000203212 11.29174500050803 11.29174500050803 11.29174500050803
 263232 2048 24230.003 24230.003 24230.003 44.49847868363863 44.49847868363863 44.49847868363863 11.124619670909658 11.124619670909658 11.124619670909658
 289552 2048 33793.926 33793.926 33793.926 35.095211843690485 35.095211843690485 35.095211843690485 8.773802960922621 8.773802960922621 8.773802960922621
 318504 2048 37335.157 37335.157 37335.157 34.942731967084 34.942731967084 34.942731967084 8.735682991771 8.735682991771 8.735682991771
 350352 2048 42355.061 42355.061 42355.061 33.881235397111105 33.881235397111105 33.881235397111105 8.470308849277776 8.470308849277776 8.470308849277776
 385384 2048 46567.917 46567.917 46567.917 33.89743337671728 33.89743337671728 33.89743337671728 8.47435834417932 8.47435834417932 8.47435834417932
 423920 2048 51252.127 51252.127 51252.127 33.87910749538258 33.87910749538258 33.87910749538258 8.469776873845644 8.469776873845644 8.469776873845644
 466312 2048 56370.02 56370.02 56370.02 33.88350672928624 33.88350672928624 33.88350672928624 8.47087668232156 8.47087668232156 8.47087668232156
 512936 2048 62011.957 62011.957 62011.957 33.88033465868526 33.88033465868526 33.88033465868526 8.470083664671314 8.470083664671314 8.470083664671314
 564224 1024 34380.913 34380.913 34380.913 33.609658708016276 33.609658708016276 33.609658708016276 8.402414677004069 8.402414677004069 8.402414677004069
 620640 1024 37462.95 37462.95 37462.95 33.92874079590636 33.92874079590636 33.92874079590636 8.48218519897659 8.48218519897659 8.48218519897659
 682704 1024 41248.083 41248.083 41248.083 33.89679447648513 33.89679447648513 33.89679447648513 8.474198619121282 8.474198619121282 8.474198619121282
 750968 1024 45365.095 45365.095 45365.095 33.90233094408818 33.90233094408818 33.90233094408818 8.475582736022044 8.475582736022044 8.475582736022044
 826064 1024 49898.863 49898.863 49898.863 33.90416074209948 33.90416074209948 33.90416074209948 8.47604018552487 8.47604018552487 8.47604018552487
 908664 1024 54940.939 54940.939 54940.939 33.87171580740547 33.87171580740547 33.87171580740547 8.467928951851368 8.467928951851368 8.467928951851368
 999528 1024 60368.061 60368.061 60368.061 33.9092114288713 33.9092114288713 33.9092114288713 8.477302857217826 8.477302857217826 8.477302857217826
 1099480 512 33211.946 33211.946 33211.946 33.899474604709994 33.899474604709994 33.899474604709994 8.474868651177498 8.474868651177498 8.474868651177498
 1209424 512 36566.019 36566.019 36566.019 33.868881816202084 33.868881816202084 33.868881816202084 8.467220454050521 8.467220454050521 8.467220454050521
 1330360 512 40208.817 40208.817 40208.817 33.88034619372164 33.88034619372164 33.88034619372164 8.47008654843041 8.47008654843041 8.47008654843041
 1463392 512 44216.871 44216.871 44216.871 33.89008254338033 33.89008254338033 33.89008254338033 8.472520635845083 8.472520635845083 8.472520635845083
 1609728 512 49716.949 49716.949 49716.949 33.15492010581743 33.15492010581743 33.15492010581743 8.288730026454358 8.288730026454358 8.288730026454358
 1770696 512 53655.148 53655.148 53655.148 33.79345266180237 33.79345266180237 33.79345266180237 8.448363165450592 8.448363165450592 8.448363165450592
 1947760 512 58898.926 58898.926 58898.926 33.86320219149667 33.86320219149667 33.86320219149667 8.465800547874167 8.465800547874167 8.465800547874167
 2142536 256 32426.119 32426.119 32426.119 33.830087159058415 33.830087159058415 33.830087159058415 8.457521789764604 8.457521789764604 8.457521789764604
 2356784 256 35666.943 35666.943 35666.943 33.831702593631306 33.831702593631306 33.831702593631306 8.457925648407826 8.457925648407826 8.457925648407826
 2592456 256 39368.868 39368.868 39368.868 33.71540863201858 33.71540863201858 33.71540863201858 8.428852158004645 8.428852158004645 8.428852158004645
 2851696 256 43287.039 43287.039 43287.039 33.729919757274224 33.729919757274224 33.729919757274224 8.432479939318556 8.432479939318556 8.432479939318556
 3136864 256 50898.075 50898.075 50898.075 31.55471730512402 31.55471730512402 31.55471730512402 7.888679326281005 7.888679326281005 7.888679326281005
 3450544 256 52525.043 52525.043 52525.043 33.63497537736428 33.63497537736428 33.63497537736428 8.40874384434107 8.40874384434107 8.40874384434107
 3795592 256 57708.979 57708.979 57708.979 33.674882794235536 33.674882794235536 33.674882794235536 8.418720698558884 8.418720698558884 8.418720698558884
 4175144 256 64002.037 64002.037 64002.037 33.40008893779428 33.40008893779428 33.40008893779428 8.35002223444857 8.35002223444857 8.35002223444857
 4592656 128 34955.978 34955.978 34955.978 33.63430243605256 33.63430243605256 33.63430243605256 8.40857560901314 8.40857560901314 8.40857560901314
 5051920 128 38550.854 38550.854 38550.854 33.54767497498239 33.54767497498239 33.54767497498239 8.386918743745598 8.386918743745598 8.386918743745598
 5557112 128 42626.858 42626.858 42626.858 33.373810286463055 33.373810286463055 33.373810286463055 8.343452571615764 8.343452571615764 8.343452571615764
 6112816 128 46721.22 46721.22 46721.22 33.49400756230253 33.49400756230253 33.49400756230253 8.373501890575632 8.373501890575632 8.373501890575632
 6724096 128 54501.057 54501.057 54501.057 31.58413195545914 31.58413195545914 31.58413195545914 7.896032988864785 7.896032988864785 7.896032988864785
 7396504 128 56888.103 56888.103 56888.103 33.28472781031211 33.28472781031211 33.28472781031211 8.321181952578028 8.321181952578028 8.321181952578028
 8136152 128 62926.054 62926.054 62926.054 33.10004012010669 33.10004012010669 33.10004012010669 8.275010030026673 8.275010030026673 8.275010030026673
 8949760 64 36345.959 36345.959 36345.959 31.51847719852432 31.51847719852432 31.51847719852432 7.87961929963108 7.87961929963108 7.87961929963108
 9844736 64 40096.045 40096.045 40096.045 31.42769337973359 31.42769337973359 31.42769337973359 7.8569233449333975 7.8569233449333975 7.8569233449333975
 10829208 64 42006.969 42006.969 42006.969 32.99782528941805 32.99782528941805 32.99782528941805 8.249456322354513 8.249456322354513 8.249456322354513
 11912128 64 46337.128 46337.128 46337.128 32.90562988711773 32.90562988711773 32.90562988711773 8.226407471779433 8.226407471779433 8.226407471779433
 13103336 64 51177.025 51177.025 51177.025 32.77304626441259 32.77304626441259 32.77304626441259 8.193261566103148 8.193261566103148 8.193261566103148
 14413664 64 56716.919 56716.919 56716.919 32.529076411925686 32.529076411925686 32.529076411925686 8.132269102981422 8.132269102981422 8.132269102981422
 15855024 64 64042.807 64042.807 64042.807 31.68885261384623 31.68885261384623 31.68885261384623 7.922213153461557 7.922213153461557 7.922213153461557
 17440520 32 34459.829 34459.829 34459.829 32.39114390265837 32.39114390265837 32.39114390265837 8.097785975664593 8.097785975664593 8.097785975664593
 19184568 32 38545.847 38545.847 38545.847 31.853298021963298 31.853298021963298 31.853298021963298 7.963324505490824 7.963324505490824 7.963324505490824
 21103024 32 44128.895 44128.895 44128.895 30.605650470060496 30.605650470060496 30.605650470060496 7.651412617515124 7.651412617515124 7.651412617515124
 23213320 32 50830.841 50830.841 50830.841 29.22738343046498 29.22738343046498 29.22738343046498 7.306845857616245 7.306845857616245 7.306845857616245
 25534648 32 60654.879 60654.879 60654.879 26.942885699269137 26.942885699269137 26.942885699269137 6.735721424817284 6.735721424817284 6.735721424817284
 28088112 32 73149.204 73149.204 73149.204 24.57496554576315 24.57496554576315 24.57496554576315 6.143741386440787 6.143741386440787 6.143741386440787
 30896920 32 86662.054 86662.054 86662.054 22.817401489237724 22.817401489237724 22.817401489237724 5.704350372309431 5.704350372309431 5.704350372309431
 33986608 16 51951.17 51951.17 51951.17 20.934493987334648 20.934493987334648 20.934493987334648 5.233623496833662 5.233623496833662 5.233623496833662
 37385264 16 60441.971 60441.971 60441.971 19.79300853706442 19.79300853706442 19.79300853706442 4.948252134266105 4.948252134266105 4.948252134266105
 41123784 16 69468.975 69468.975 69468.975 18.943148189533527 18.943148189533527 18.943148189533527 4.735787047383382 4.735787047383382 4.735787047383382
 45236160 16 76510.191 76510.191 76510.191 18.919794880658444 18.919794880658444 18.919794880658444 4.729948720164611 4.729948720164611 4.729948720164611
 49759776 16 87040.901 87040.901 87040.901 18.293845924228197 18.293845924228197 18.293845924228197 4.573461481057049 4.573461481057049 4.573461481057049
 54735752 16 96306.086 96306.086 96306.086 18.187262474772364 18.187262474772364 18.187262474772364 4.546815618693091 4.546815618693091 4.546815618693091
 60209320 16 107023.954 107023.954 107023.954 18.002495403972834 18.002495403972834 18.002495403972834 4.500623850993208 4.500623850993208 4.500623850993208
 66230248 16 119274.139 119274.139 119274.139 17.768880612083063 17.768880612083063 17.768880612083063 4.442220153020766 4.442220153020766 4.442220153020766
 72853272 8 66118.956 66118.956 66118.956 17.62962427900404 17.62962427900404 17.62962427900404 4.40740606975101 4.40740606975101 4.40740606975101
 80138592 8 71178.913 71178.913 71178.913 18.0140074912355 18.0140074912355 18.0140074912355 4.503501872808875 4.503501872808875 4.503501872808875
 88152448 8 78804.97 78804.97 78804.97 17.89784537701112 17.89784537701112 17.89784537701112 4.47446134425278 4.47446134425278 4.47446134425278
 96967688 8 87908.983 87908.983 87908.983 17.64874254090734 17.64874254090734 17.64874254090734 4.412185635226835 4.412185635226835 4.412185635226835
 106664456 8 96441.984 96441.984 96441.984 17.695937238288256 17.695937238288256 17.695937238288256 4.423984309572064 4.423984309572064 4.423984309572064
 117330896 8 105287.075 105287.075 105287.075 17.830244937472145 17.830244937472145 17.830244937472145 4.457561234368036 4.457561234368036 4.457561234368036
 129063984 8 117673.159 117673.159 117673.159 17.548808594490097 17.548808594490097 17.548808594490097 4.387202148622524 4.387202148622524 4.387202148622524
 141970376 4 63807.011 63807.011 63807.011 17.799971981135428 17.799971981135428 17.799971981135428 4.449992995283857 4.449992995283857 4.449992995283857
 156167408 4 72462.082 72462.082 72462.082 17.24128302026983 17.24128302026983 17.24128302026983 4.310320755067457 4.310320755067457 4.310320755067457
 171784144 4 77973.843 77973.843 77973.843 17.62479697197944 17.62479697197944 17.62479697197944 4.40619924299486 4.40619924299486 4.40619924299486
 188962552 4 83342.075 83342.075 83342.075 18.1385022631126 18.1385022631126 18.1385022631126 4.53462556577815 4.53462556577815 4.53462556577815
 207858800 4 94428.062 94428.062 94428.062 17.609917695864603 17.609917695864603 17.609917695864603 4.402479423966151 4.402479423966151 4.402479423966151
 228644680 4 102646.112 102646.112 102646.112 17.820036281549562 17.820036281549562 17.820036281549562 4.455009070387391 4.455009070387391 4.455009070387391
 251509144 4 111552.954 111552.954 111552.954 18.036932952936418 18.036932952936418 18.036932952936418 4.5092332382341045 4.5092332382341045 4.5092332382341045
 276660056 2 63044.071 63044.071 63044.071 17.553438514463952 17.553438514463952 17.553438514463952 4.388359628615988 4.388359628615988 4.388359628615988
 304326056 2 68914.175 68914.175 68914.175 17.664061479369085 17.664061479369085 17.664061479369085 4.416015369842271 4.416015369842271 4.416015369842271
 334758656 2 76109.171 76109.171 76109.171 17.593604113753912 17.593604113753912 17.593604113753912 4.398401028438478 4.398401028438478 4.398401028438478
 368234520 2 81800.938 81800.938 81800.938 18.00637151617993 18.00637151617993 18.00637151617993 4.501592879044982 4.501592879044982 4.501592879044982
 405057968 2 90435.982 90435.982 90435.982 17.91578789955529 17.91578789955529 17.91578789955529 4.478946974888823 4.478946974888823 4.478946974888823
 445563760 2 100706.816 100706.816 100706.816 17.69746190764287 17.69746190764287 17.69746190764287 4.424365476910718 4.424365476910718 4.424365476910718
 490120136 2 112521.172 112521.172 112521.172 17.423214752864464 17.423214752864464 17.423214752864464 4.355803688216116 4.355803688216116 4.355803688216116
 539132144 1 61431.885 61431.885 61431.885 17.552192774159543 17.552192774159543 17.552192774159543 4.388048193539886 4.388048193539886 4.388048193539886
 593045352 1 65673.828 65673.828 65673.828 18.060325400858318 18.060325400858318 18.060325400858318 4.5150813502145795 4.5150813502145795 4.5150813502145795
 652349880 1 74700.832 74700.832 74700.832 17.46566571038995 17.46566571038995 17.46566571038995 4.366416427597487 4.366416427597487 4.366416427597487
 717584864 1 79931.021 79931.021 79931.021 17.955103163263736 17.955103163263736 17.955103163263736 4.488775790815934 4.488775790815934 4.488775790815934
 789343344 1 87085.962 87085.962 87085.962 18.12791237237524 18.12791237237524 18.12791237237524 4.53197809309381 4.53197809309381 4.53197809309381
 868277672 1 99024.773 99024.773 99024.773 17.536574852840108 17.536574852840108 17.536574852840108 4.384143713210027 4.384143713210027 4.384143713210027
 955105432 1 108445.168 108445.168 108445.168 17.614531834189236 17.614531834189236 17.614531834189236 4.403632958547309 4.403632958547309 4.403632958547309
 1050615968 1 115879.059 115879.059 115879.059 18.132973758442414 18.132973758442414 18.132973758442414 4.533243439610604 4.533243439610604 4.533243439610604
 
META_DATA
 MPI startup(): shm:tmi fabric is unknown or has been removed from the product, please use ofi or shm:ofi instead
 FLOPS          4
 MPI_PROCS      1
 OPENMP_THREADS 1
 ERT_VERSION  1.1.0
 HOSTNAME  ('shas0339.rc.int.colorado.edu', [], ['10.225.6.91'])
 UNAME  uname_result(system='Linux', node='shas0339.rc.int.colorado.edu', release='3.10.0-957.27.2.el7.x86_64', version='#1 SMP Mon Jul 29 17:46:05 UTC 2019', machine='x86_64', processor='x86_64')
 TIMESTAMP_DATA  1664517270.9790328
 CONFIG  {'ERT_RESULTS': ['lab5_results'], 'ERT_DRIVER': ['driver1'], 'ERT_KERNEL': ['kernel1'], 'ERT_MPI': ['True'], 'ERT_MPI_CFLAGS': ['-I/usr/include/mpi'], 'ERT_MPI_LDFLAGS': ['-lmpi'], 'ERT_OPENMP': ['True'], 'ERT_OPENMP_CFLAGS': ['-qopenmp'], 'ERT_OPENMP_LDFLAGS': ['-qopenmp'], 'ERT_FLOPS': ['1,2,4,8,16'], 'ERT_ALIGN': ['32'], 'ERT_CC': ['mpicc'], 'ERT_CFLAGS': ['-O3', '-msse3', '-axSSE3', '-xSSE3', '-fno-alias', '-fno-fnalias', '-DERT_INTEL', '-std=c++11'], 'ERT_LD': ['mpicc'], 'ERT_LDFLAGS': [], 'ERT_LDLIBS': [], 'ERT_PRECISION': ['FP64'], 'ERT_RUN': ['export', 'OMP_NUM_THREADS=ERT_OPENMP_THREADS;', 'mpirun', '-np', 'ERT_MPI_PROCS', 'ERT_CODE'], 'ERT_PROCS_THREADS': ['1-8'], 'ERT_MPI_PROCS': ['1,2'], 'ERT_OPENMP_THREADS': ['1'], 'ERT_NUM_EXPERIMENTS': ['1'], 'ERT_MEMORY_MAX': ['1073741824'], 'ERT_WORKING_SET_MIN': ['1'], 'ERT_TRIALS_MIN': ['1'], 'ERT_GNUPLOT': ['gnuplot'], 'ERT_GPU': [False], 'ERT_HIP': [False], 'ERT_OCL': [False], 'ERT_SYCL': [False], 'ERT_WSS_MULT': [1.1]}
 