fp64
 64 16777216 186505.079 186505.079 186505.079 11.514344057085975 11.514344057085975 11.514344057085975 5.757172028542987 5.757172028542987 5.757172028542987
 128 8388608 96148.014 96148.014 96148.014 22.335184666424833 22.335184666424833 22.335184666424833 11.167592333212417 11.167592333212417 11.167592333212417
 192 4194304 48073.053 48073.053 48073.053 33.503441855461105 33.503441855461105 33.503441855461105 16.751720927730553 16.751720927730553 16.751720927730553
 256 4194304 48181.057 48181.057 48181.057 44.57111947544032 44.57111947544032 44.57111947544032 22.28555973772016 22.28555973772016 22.28555973772016
 320 2097152 24467.945 24467.945 24467.945 54.85451597998933 54.85451597998933 54.85451597998933 27.427257989994665 27.427257989994665 27.427257989994665
 384 2097152 25205.851 25205.851 25205.851 63.89836772422404 63.89836772422404 63.89836772422404 31.94918386211202 31.94918386211202 31.94918386211202
 448 2097152 25294.065 25294.065 25294.065 74.28810639966332 74.28810639966332 74.28810639966332 37.14405319983166 37.14405319983166 37.14405319983166
 512 2097152 25054.932 25054.932 25054.932 85.71101482135333 85.71101482135333 85.71101482135333 42.855507410676665 42.855507410676665 42.855507410676665
 576 1048576 13477.087 13477.087 13477.087 89.63061171898646 89.63061171898646 89.63061171898646 44.81530585949323 44.81530585949323 44.81530585949323
 640 1048576 13472.08 13472.08 13472.08 99.62658178989437 99.62658178989437 99.62658178989437 49.81329089494719 49.81329089494719 49.81329089494719
 704 1048576 13834.0 13834.0 13834.0 106.7222067370247 106.7222067370247 106.7222067370247 53.36110336851235 53.36110336851235 53.36110336851235
 768 1048576 13689.041 13689.041 13689.041 117.65709051496012 117.65709051496012 117.65709051496012 58.82854525748006 58.82854525748006 58.82854525748006
 832 1048576 14003.038 14003.038 14003.038 124.60370842384346 124.60370842384346 124.60370842384346 62.30185421192173 62.30185421192173 62.30185421192173
 896 1048576 14058.113 14058.113 14058.113 133.66290283767103 133.66290283767103 133.66290283767103 66.83145141883551 66.83145141883551 66.83145141883551
 960 1048576 15969.038 15969.038 15969.038 126.07308718283466 126.07308718283466 126.07308718283466 63.03654359141733 63.03654359141733 63.03654359141733
 1024 1048576 13448.0 13448.0 13448.0 159.68795716835217 159.68795716835217 159.68795716835217 79.84397858417609 79.84397858417609 79.84397858417609
 1088 524288 7696.867 7696.867 7696.867 148.22273634194275 148.22273634194275 148.22273634194275 74.11136817097137 74.11136817097137 74.11136817097137
 1152 524288 7452.965 7452.965 7452.965 162.0777169891446 162.0777169891446 162.0777169891446 81.0388584945723 81.0388584945723 81.0388584945723
 1216 524288 8694.887 8694.887 8694.887 146.6457719347014 146.6457719347014 146.6457719347014 73.3228859673507 73.3228859673507 73.3228859673507
 1280 524288 8775.949 8775.949 8775.949 152.938135807307 152.938135807307 152.938135807307 76.4690679036535 76.4690679036535 76.4690679036535
 1408 524288 9648.085 9648.085 9648.085 153.0246684186551 153.0246684186551 153.0246684186551 76.51233420932755 76.51233420932755 76.51233420932755
 1536 524288 10689.02 10689.02 10689.02 150.67917694980457 150.67917694980457 150.67917694980457 75.33958847490229 75.33958847490229 75.33958847490229
 1664 524288 11575.937 11575.937 11575.937 150.72909121741074 150.72909121741074 150.72909121741074 75.36454560870537 75.36454560870537 75.36454560870537
 1792 524288 12475.014 12475.014 12475.014 150.62493653313737 150.62493653313737 150.62493653313737 75.31246826656869 75.31246826656869 75.31246826656869
 1920 524288 13309.002 13309.002 13309.002 151.27099086768487 151.27099086768487 151.27099086768487 75.63549543384244 75.63549543384244 75.63549543384244
 2112 262144 6646.872 6646.872 6646.872 166.58907468054144 166.58907468054144 166.58907468054144 83.29453734027072 83.29453734027072 83.29453734027072
 2304 262144 7380.962 7380.962 7380.962 163.65882279301803 163.65882279301803 163.65882279301803 81.82941139650902 81.82941139650902 81.82941139650902
 2496 262144 9096.146 9096.146 9096.146 143.86563804055035 143.86563804055035 143.86563804055035 71.93281902027518 71.93281902027518 71.93281902027518
 2688 262144 8859.158 8859.158 8859.158 159.07675921346026 159.07675921346026 159.07675921346026 79.53837960673013 79.53837960673013 79.53837960673013
 2944 262144 9735.107 9735.107 9735.107 158.55027294512533 158.55027294512533 158.55027294512533 79.27513647256266 79.27513647256266 79.27513647256266
 3200 262144 9640.932 9640.932 9640.932 174.02068596687536 174.02068596687536 174.02068596687536 87.01034298343768 87.01034298343768 87.01034298343768
 3520 262144 11329.174 11329.174 11329.174 162.89746807666648 162.89746807666648 162.89746807666648 81.44873403833324 81.44873403833324 81.44873403833324
 3840 262144 12089.014 12089.014 12089.014 166.53681764286154 166.53681764286154 166.53681764286154 83.26840882143077 83.26840882143077 83.26840882143077
 4224 131072 6291.866 6291.866 6291.866 175.98853122428227 175.98853122428227 175.98853122428227 87.99426561214113 87.99426561214113 87.99426561214113
 4608 131072 7116.079 7116.079 7116.079 169.75072255381087 169.75072255381087 169.75072255381087 84.87536127690544 84.87536127690544 84.87536127690544
 5056 131072 8360.147 8360.147 8360.147 158.53788982418612 158.53788982418612 158.53788982418612 79.26894491209306 79.26894491209306 79.26894491209306
 5504 131072 8301.973 8301.973 8301.973 173.79490104340258 173.79490104340258 173.79490104340258 86.89745052170129 86.89745052170129 86.89745052170129
 6016 131072 9218.931 9218.931 9218.931 171.06737256195973 171.06737256195973 171.06737256195973 85.53368628097986 85.53368628097986 85.53368628097986
 6592 131072 10087.013 10087.013 10087.013 171.31466450970171 171.31466450970171 171.31466450970171 85.65733225485086 85.65733225485086 85.65733225485086
 7232 131072 10648.966 10648.966 10648.966 178.02906009841706 178.02906009841706 178.02906009841706 89.01453004920853 89.01453004920853 89.01453004920853
 7936 131072 11913.061 11913.061 11913.061 174.62974327085206 174.62974327085206 174.62974327085206 87.31487163542603 87.31487163542603 87.31487163542603
 8704 65536 6474.972 6474.972 6474.972 176.19391836752345 176.19391836752345 176.19391836752345 88.09695918376173 88.09695918376173 88.09695918376173
 9536 65536 7080.078 7080.078 7080.078 176.53796921446346 176.53796921446346 176.53796921446346 88.26898460723173 88.26898460723173 88.26898460723173
 10432 65536 7696.867 7696.867 7696.867 177.64930899806373 177.64930899806373 177.64930899806373 88.82465449903187 88.82465449903187 88.82465449903187
 11456 65536 8428.097 8428.097 8428.097 178.1613135207153 178.1613135207153 178.1613135207153 89.08065676035766 89.08065676035766 89.08065676035766
 12544 65536 9126.902 9126.902 9126.902 180.14515418265697 180.14515418265697 180.14515418265697 90.07257709132848 90.07257709132848 90.07257709132848
 13760 65536 10154.009 10154.009 10154.009 177.6195707527933 177.6195707527933 177.6195707527933 88.80978537639665 88.80978537639665 88.80978537639665
 15104 65536 11080.98 11080.98 11080.98 178.65852009479306 178.65852009479306 178.65852009479306 89.32926004739653 89.32926004739653 89.32926004739653
 16576 32768 6027.937 6027.937 6027.937 180.2150115371146 180.2150115371146 180.2150115371146 90.1075057685573 90.1075057685573 90.1075057685573
 18176 32768 6631.136 6631.136 6631.136 179.6347316658865 179.6347316658865 179.6347316658865 89.81736583294325 89.81736583294325 89.81736583294325
 19968 32768 7266.998 7266.998 7266.998 180.07750215425958 180.07750215425958 180.07750215425958 90.03875107712979 90.03875107712979 90.03875107712979
 21952 32768 7998.943 7998.943 7998.943 179.85454728205966 179.85454728205966 179.85454728205966 89.92727364102983 89.92727364102983 89.92727364102983
 24128 32768 8795.023 8795.023 8795.023 179.78947957270836 179.78947957270836 179.78947957270836 89.89473978635418 89.89473978635418 89.89473978635418
 26496 32768 9590.864 9590.864 9590.864 181.05166083055707 181.05166083055707 181.05166083055707 90.52583041527853 90.52583041527853 90.52583041527853
 29120 32768 10557.89 10557.89 10557.89 180.7566019346669 180.7566019346669 180.7566019346669 90.37830096733344 90.37830096733344 90.37830096733344
 32000 32768 11499.882 11499.882 11499.882 182.36291468034193 182.36291468034193 182.36291468034193 91.18145734017097 91.18145734017097 91.18145734017097
 35200 16384 6328.106 6328.106 6328.106 182.27153590663622 182.27153590663622 182.27153590663622 91.13576795331811 91.13576795331811 91.13576795331811
 38720 16384 7066.965 7066.965 7066.965 179.53632995210816 179.53632995210816 179.53632995210816 89.76816497605408 89.76816497605408 89.76816497605408
 42560 16384 7743.12 7743.12 7743.12 180.1090619801837 180.1090619801837 180.1090619801837 90.05453099009185 90.05453099009185 90.05453099009185
 46784 16384 8422.852 8422.852 8422.852 182.0070104520416 182.0070104520416 182.0070104520416 91.0035052260208 91.0035052260208 91.0035052260208
 51456 16384 9217.024 9217.024 9217.024 182.93434062881906 182.93434062881906 182.93434062881906 91.46717031440953 91.46717031440953 91.46717031440953
 56576 16384 10117.054 10117.054 10117.054 183.24330066835662 183.24330066835662 183.24330066835662 91.62165033417831 91.62165033417831 91.62165033417831
 62208 16384 11147.976 11147.976 11147.976 182.8521826742361 182.8521826742361 182.8521826742361 91.42609133711805 91.42609133711805 91.42609133711805
 68416 8192 6186.008 6186.008 6186.008 181.20373332850525 181.20373332850525 181.20373332850525 90.60186666425263 90.60186666425263 90.60186666425263
 75200 8192 6736.994 6736.994 6736.994 182.88227657617034 182.88227657617034 182.88227657617034 91.44113828808517 91.44113828808517 91.44113828808517
 82688 8192 7432.938 7432.938 7432.938 182.26442787495336 182.26442787495336 182.26442787495336 91.13221393747668 91.13221393747668 91.13221393747668
 90944 8192 8136.034 8136.034 8136.034 183.1391678058376 183.1391678058376 183.1391678058376 91.5695839029188 91.5695839029188 91.5695839029188
 100032 8192 8985.996 8985.996 8985.996 182.3864920482938 182.3864920482938 182.3864920482938 91.1932460241469 91.1932460241469 91.1932460241469
 110016 8192 9883.165 9883.165 9883.165 182.38106355605717 182.38106355605717 182.38106355605717 91.19053177802859 91.19053177802859 91.19053177802859
 120960 8192 10827.065 10827.065 10827.065 183.04209312496045 183.04209312496045 183.04209312496045 91.52104656248022 91.52104656248022 91.52104656248022
 133056 4096 5966.187 5966.187 5966.187 182.6953717675963 182.6953717675963 182.6953717675963 91.34768588379815 91.34768588379815 91.34768588379815
 146304 4096 6549.12 6549.12 6549.12 183.0051011433597 183.0051011433597 183.0051011433597 91.50255057167985 91.50255057167985 91.50255057167985
 160896 4096 7197.142 7197.142 7197.142 183.13658838466714 183.13658838466714 183.13658838466714 91.56829419233357 91.56829419233357 91.56829419233357
 176960 4096 7945.061 7945.061 7945.061 182.46006166598346 182.46006166598346 182.46006166598346 91.23003083299173 91.23003083299173 91.23003083299173
 194624 4096 8746.147 8746.147 8746.147 182.292820827274 182.292820827274 182.292820827274 91.146410413637 91.146410413637 91.146410413637
 214080 4096 9344.816 9344.816 9344.816 187.6701863364672 187.6701863364672 187.6701863364672 93.8350931682336 93.8350931682336 93.8350931682336
 235456 4096 10292.053 10292.053 10292.053 187.41212778441772 187.41212778441772 187.41212778441772 93.70606389220886 93.70606389220886 93.70606389220886
 258944 4096 11307.001 11307.001 11307.001 187.60670915302828 187.60670915302828 187.60670915302828 93.80335457651414 93.80335457651414 93.80335457651414
 284800 2048 6227.016 6227.016 6227.016 187.33544285095783 187.33544285095783 187.33544285095783 93.66772142547892 93.66772142547892 93.66772142547892
 313280 2048 6865.978 6865.978 6865.978 186.8917843896383 186.8917843896383 186.8917843896383 93.44589219481915 93.44589219481915 93.44589219481915
 344576 2048 7541.895 7541.895 7541.895 187.1390805626437 187.1390805626437 187.1390805626437 93.56954028132185 93.56954028132185 93.56954028132185
 379008 2048 8271.933 8271.933 8271.933 187.67279280429375 187.67279280429375 187.67279280429375 93.83639640214687 93.83639640214687 93.83639640214687
 416896 2048 9110.928 9110.928 9110.928 187.4239392518523 187.4239392518523 187.4239392518523 93.71196962592614 93.71196962592614 93.71196962592614
 458560 2048 10034.8 10034.8 10034.8 187.1748076693108 187.1748076693108 187.1748076693108 93.5874038346554 93.5874038346554 93.5874038346554
 504384 2048 10997.057 10997.057 10997.057 187.86452266274512 187.86452266274512 187.86452266274512 93.93226133137256 93.93226133137256 93.93226133137256
 554816 1024 6071.091 6071.091 6071.091 187.1596337462245 187.1596337462245 187.1596337462245 93.57981687311225 93.57981687311225 93.57981687311225
 610240 1024 6685.019 6685.019 6685.019 186.95107972019224 186.95107972019224 186.95107972019224 93.47553986009612 93.47553986009612 93.47553986009612
 671232 1024 7313.013 7313.013 7313.013 187.97766884866743 187.97766884866743 187.97766884866743 93.98883442433372 93.98883442433372 93.98883442433372
 738304 1024 8077.145 8077.145 8077.145 187.2006249733043 187.2006249733043 187.2006249733043 93.60031248665214 93.60031248665214 93.60031248665214
 812096 1024 8886.099 8886.099 8886.099 187.1656626828038 187.1656626828038 187.1656626828038 93.5828313414019 93.5828313414019 93.5828313414019
 893248 1024 9734.154 9734.154 9734.154 187.93332260821023 187.93332260821023 187.93332260821023 93.96666130410512 93.96666130410512 93.96666130410512
 982528 1024 10743.141 10743.141 10743.141 187.3025164614334 187.3025164614334 187.3025164614334 93.6512582307167 93.6512582307167 93.6512582307167
 1080768 512 5887.985 5887.985 5887.985 187.96013101256202 187.96013101256202 187.96013101256202 93.98006550628101 93.98006550628101 93.98006550628101
 1188800 512 6478.071 6478.071 6478.071 187.91569280423138 187.91569280423138 187.91569280423138 93.95784640211569 93.95784640211569 93.95784640211569
 1307648 512 7139.206 7139.206 7139.206 187.56029059814213 187.56029059814213 187.56029059814213 93.78014529907107 93.78014529907107 93.78014529907107
 1438400 512 7941.008 7941.008 7941.008 185.48295128275907 185.48295128275907 185.48295128275907 92.74147564137954 92.74147564137954 92.74147564137954
 1582208 512 8746.147 8746.147 8746.147 185.24511330532175 185.24511330532175 185.24511330532175 92.62255665266088 92.62255665266088 92.62255665266088
 1740416 512 9742.022 9742.022 9742.022 182.93799623938438 182.93799623938438 182.93799623938438 91.46899811969219 91.46899811969219 91.46899811969219
 1914432 512 10748.863 10748.863 10748.863 182.38006829187424 182.38006829187424 182.38006829187424 91.19003414593712 91.19003414593712 91.19003414593712
 2105856 256 5895.138 5895.138 5895.138 182.89618868973042 182.89618868973042 182.89618868973042 91.44809434486521 91.44809434486521 91.44809434486521
 2316416 256 6687.88 6687.88 6687.88 177.33646417100783 177.33646417100783 177.33646417100783 88.66823208550392 88.66823208550392 88.66823208550392
 2548032 256 7282.972 7282.972 7282.972 179.12912256150375 179.12912256150375 179.12912256150375 89.56456128075187 89.56456128075187 89.56456128075187
 2802816 256 8043.051 8043.051 8043.051 178.42007864925884 178.42007864925884 178.42007864925884 89.21003932462942 89.21003932462942 89.21003932462942
 3083072 256 8862.972 8862.972 8862.972 178.10423681807862 178.10423681807862 178.10423681807862 89.05211840903931 89.05211840903931 89.05211840903931
 3391360 256 9743.929 9743.929 9743.929 178.20083869658737 178.20083869658737 178.20083869658737 89.10041934829368 89.10041934829368 89.10041934829368
 3730496 256 10683.06 10683.06 10683.06 178.7890316070489 178.7890316070489 178.7890316070489 89.39451580352446 89.39451580352446 89.39451580352446
 4103488 256 11768.818 11768.818 11768.818 178.52139917534626 178.52139917534626 178.52139917534626 89.26069958767313 89.26069958767313 89.26069958767313
 4513792 128 6677.866 6677.866 6677.866 173.03892471037904 173.03892471037904 173.03892471037904 86.51946235518952 86.51946235518952 86.51946235518952
 4965120 128 7333.04 7333.04 7333.04 173.33475884489926 173.33475884489926 173.33475884489926 86.66737942244963 86.66737942244963 86.66737942244963
 5461632 128 7881.88 7881.88 7881.88 177.39140814120486 177.39140814120486 177.39140814120486 88.69570407060243 88.69570407060243 88.69570407060243
 6007744 128 8604.05 8604.05 8604.05 178.75099098680275 178.75099098680275 178.75099098680275 89.37549549340137 89.37549549340137 89.37549549340137
 6608512 128 9477.139 9477.139 9477.139 178.5115816070652 178.5115816070652 178.5115816070652 89.2557908035326 89.2557908035326 89.2557908035326
 7269312 128 10438.919 10438.919 10438.919 178.2697875134389 178.2697875134389 178.2697875134389 89.13489375671945 89.13489375671945 89.13489375671945
 7996224 128 11487.007 11487.007 11487.007 178.2042392766018 178.2042392766018 178.2042392766018 89.1021196383009 89.1021196383009 89.1021196383009
 8795840 64 6567.001 6567.001 6567.001 171.44317779150632 171.44317779150632 171.44317779150632 85.72158889575316 85.72158889575316 85.72158889575316
 9675392 64 7118.94 7118.94 7118.94 173.9655308234091 173.9655308234091 173.9655308234091 86.98276541170455 86.98276541170455 86.98276541170455
 10642880 64 7812.023 7812.023 7812.023 174.38359308465937 174.38359308465937 174.38359308465937 87.19179654232968 87.19179654232968 87.19179654232968
 11707136 64 8782.864 8782.864 8782.864 170.6178540394113 170.6178540394113 170.6178540394113 85.30892701970565 85.30892701970565 85.30892701970565
 12877824 64 9755.85 9755.85 9755.85 168.9613382739587 168.9613382739587 168.9613382739587 84.48066913697934 84.48066913697934 84.48066913697934
 14165568 64 10421.038 10421.038 10421.038 173.99348356660823 173.99348356660823 173.99348356660823 86.99674178330412 86.99674178330412 86.99674178330412
 15582080 64 11812.925 11812.925 11812.925 168.84101439736563 168.84101439736563 168.84101439736563 84.42050719868281 84.42050719868281 84.42050719868281
 17140288 32 6305.218 6305.218 6305.218 173.97946145557538 173.97946145557538 173.97946145557538 86.98973072778769 86.98973072778769 86.98973072778769
 18854272 32 7075.071 7075.071 7075.071 170.552833745414 170.552833745414 170.552833745414 85.276416872707 85.276416872707 85.276416872707
 20739648 32 7575.989 7575.989 7575.989 175.20319419682366 175.20319419682366 175.20319419682366 87.60159709841183 87.60159709841183 87.60159709841183
 22813568 32 8366.823 8366.823 8366.823 174.5069008869914 174.5069008869914 174.5069008869914 87.2534504434957 87.2534504434957 87.2534504434957
 25094912 32 9215.117 9215.117 9215.117 174.28692093654374 174.28692093654374 174.28692093654374 87.14346046827187 87.14346046827187 87.14346046827187
 27604352 32 10102.987 10102.987 10102.987 174.86695053650965 174.86695053650965 174.86695053650965 87.43347526825482 87.43347526825482 87.43347526825482
 30364736 32 10936.022 10936.022 10936.022 177.70109679735464 177.70109679735464 177.70109679735464 88.85054839867732 88.85054839867732 88.85054839867732
 33401152 32 12033.939 12033.939 12033.939 177.6370752751863 177.6370752751863 177.6370752751863 88.81853763759315 88.81853763759315 88.81853763759315
 36741248 16 6641.865 6641.865 6641.865 177.01653616868154 177.01653616868154 177.01653616868154 88.50826808434077 88.50826808434077 88.50826808434077
 40415360 16 7330.894 7330.894 7330.894 176.41661712746082 176.41661712746082 176.41661712746082 88.20830856373041 88.20830856373041 88.20830856373041
 44456896 16 8188.963 8188.963 8188.963 173.7241543282098 173.7241543282098 173.7241543282098 86.8620771641049 86.8620771641049 86.8620771641049
 48902528 16 9408.951 9408.951 9408.951 166.31831710038668 166.31831710038668 166.31831710038668 83.15915855019334 83.15915855019334 83.15915855019334
 53792768 16 11262.178 11262.178 11262.178 152.84508698051124 152.84508698051124 152.84508698051124 76.42254349025562 76.42254349025562 76.42254349025562
 59172032 16 12873.888 12873.888 12873.888 147.08105461225077 147.08105461225077 147.08105461225077 73.54052730612538 73.54052730612538 73.54052730612538
 65089216 16 15366.077 15366.077 15366.077 135.54890503282004 135.54890503282004 135.54890503282004 67.77445251641002 67.77445251641002 67.77445251641002
 71598080 8 9819.984 9819.984 9819.984 116.65693956324164 116.65693956324164 116.65693956324164 58.32846978162082 58.32846978162082 58.32846978162082
 78757888 8 12243.986 12243.986 12243.986 102.91797197415939 102.91797197415939 102.91797197415939 51.45898598707969 51.45898598707969 51.45898598707969
 86633664 8 14117.002 14117.002 14117.002 98.18930563302321 98.18930563302321 98.18930563302321 49.094652816511605 49.094652816511605 49.094652816511605
 95297024 8 16014.814 16014.814 16014.814 95.20887248518778 95.20887248518778 95.20887248518778 47.60443624259389 47.60443624259389 47.60443624259389
 104826688 8 20198.107 20198.107 20198.107 83.03882180641978 83.03882180641978 83.03882180641978 41.51941090320989 41.51941090320989 41.51941090320989
 115309312 8 22188.902 22188.902 22188.902 83.1473766480198 83.1473766480198 83.1473766480198 41.5736883240099 41.5736883240099 41.5736883240099
 126840192 8 24883.986 24883.986 24883.986 81.55618926967729 81.55618926967729 81.55618926967729 40.778094634838645 40.778094634838645 40.778094634838645
 139524160 4 14194.012 14194.012 14194.012 78.63832156827823 78.63832156827823 78.63832156827823 39.319160784139115 39.319160784139115 39.319160784139115
 153476544 4 15952.826 15952.826 15952.826 76.96519425461044 76.96519425461044 76.96519425461044 38.48259712730522 38.48259712730522 38.48259712730522
 168824192 4 17617.941 17617.941 17617.941 76.66012367733552 76.66012367733552 76.66012367733552 38.33006183866776 38.33006183866776 38.33006183866776
 185706560 4 16278.028 16278.028 16278.028 91.26735007459135 91.26735007459135 91.26735007459135 45.633675037295674 45.633675037295674 45.633675037295674
 204277184 4 17806.053 17806.053 17806.053 91.7787604024317 91.7787604024317 91.7787604024317 45.88938020121585 45.88938020121585 45.88938020121585
 224704896 4 19603.968 19603.968 19603.968 91.69771997179346 91.69771997179346 91.69771997179346 45.84885998589673 45.84885998589673 45.84885998589673
 247175360 4 21445.99 21445.99 21445.99 92.20385162913905 92.20385162913905 92.20385162913905 46.101925814569526 46.101925814569526 46.101925814569526
 271892864 2 11852.026 11852.026 11852.026 91.76249326486459 91.76249326486459 91.76249326486459 45.881246632432294 45.881246632432294 45.881246632432294
 299082112 2 13011.932 13011.932 13011.932 91.94087764983709 91.94087764983709 91.94087764983709 45.970438824918546 45.970438824918546 45.970438824918546
 328990272 2 14300.823 14300.823 14300.823 92.01995493546069 92.01995493546069 92.01995493546069 46.009977467730344 46.009977467730344 46.009977467730344
 361889280 2 15677.929 15677.929 15677.929 92.33088885655752 92.33088885655752 92.33088885655752 46.16544442827876 46.16544442827876 46.16544442827876
 398078208 2 17377.853 17377.853 17377.853 91.62885840960907 91.62885840960907 91.62885840960907 45.81442920480453 45.81442920480453 45.81442920480453
 437886016 2 19070.864 19070.864 19070.864 91.84398063978642 91.84398063978642 91.84398063978642 45.92199031989321 45.92199031989321 45.92199031989321
 481674560 2 21024.942 21024.942 21024.942 91.63869465133365 91.63869465133365 91.63869465133365 45.819347325666826 45.819347325666826 45.819347325666826
 529841984 2 22935.867 22935.867 22935.867 92.4040907631702 92.4040907631702 92.4040907631702 46.2020453815851 46.2020453815851 46.2020453815851
 582826176 1 12610.912 12610.912 12610.912 92.43204234554963 92.43204234554963 92.43204234554963 46.216021172774816 46.216021172774816 46.216021172774816
 641108736 1 13809.919 13809.919 13809.919 92.84757368960672 92.84757368960672 92.84757368960672 46.42378684480336 46.42378684480336 46.42378684480336
 705219584 1 15298.843 15298.843 15298.843 92.19253822004708 92.19253822004708 92.19253822004708 46.09626911002354 46.09626911002354 46.09626911002354
 775741504 1 16772.985 16772.985 16772.985 92.49892061550165 92.49892061550165 92.49892061550165 46.24946030775082 46.24946030775082 46.24946030775082
 853315648 1 18409.967 18409.967 18409.967 92.70148588533593 92.70148588533593 92.70148588533593 46.350742942667964 46.350742942667964 46.350742942667964
 938647168 1 20235.062 20235.062 20235.062 92.77433081252728 92.77433081252728 92.77433081252728 46.38716540626364 46.38716540626364 46.38716540626364
 1032511872 1 22221.088 22221.088 22221.088 92.93081166862756 92.93081166862756 92.93081166862756 46.46540583431378 46.46540583431378 46.46540583431378
 
META_DATA
 MPI startup(): shm:tmi fabric is unknown or has been removed from the product, please use ofi or shm:ofi instead
 FLOPS          8
 MPI_PROCS      1
 OPENMP_THREADS 8
 ERT_VERSION  1.1.0
 HOSTNAME  ('shas0420.rc.int.colorado.edu', [], ['10.225.6.135'])
 UNAME  uname_result(system='Linux', node='shas0420.rc.int.colorado.edu', release='3.10.0-957.27.2.el7.x86_64', version='#1 SMP Mon Jul 29 17:46:05 UTC 2019', machine='x86_64', processor='x86_64')
 TIMESTAMP_DATA  1664555318.1318834
 CONFIG  {'ERT_RESULTS': ['lab5_results'], 'ERT_DRIVER': ['driver1'], 'ERT_KERNEL': ['kernel1'], 'ERT_MPI': ['True'], 'ERT_MPI_CFLAGS': ['-I/usr/include/mpi'], 'ERT_MPI_LDFLAGS': ['-lmpi'], 'ERT_OPENMP': ['True'], 'ERT_OPENMP_CFLAGS': ['-qopenmp'], 'ERT_OPENMP_LDFLAGS': ['-qopenmp'], 'ERT_FLOPS': ['1,2,4,8,16'], 'ERT_ALIGN': ['32'], 'ERT_CC': ['mpicc'], 'ERT_CFLAGS': ['-O3', '-msse3', '-axSSE3', '-xSSE3', '-fno-alias', '-fno-fnalias', '-DERT_INTEL', '-std=c++11'], 'ERT_LD': ['mpicc'], 'ERT_LDFLAGS': [], 'ERT_LDLIBS': [], 'ERT_PRECISION': ['FP64'], 'ERT_RUN': ['export', 'OMP_NUM_THREADS=ERT_OPENMP_THREADS;', 'mpirun', '-np', 'ERT_MPI_PROCS', 'ERT_CODE'], 'ERT_PROCS_THREADS': ['1-24'], 'ERT_MPI_PROCS': ['1,2,4,8,12,24'], 'ERT_OPENMP_THREADS': ['1,2,4,8,12,24'], 'ERT_NUM_EXPERIMENTS': ['1'], 'ERT_MEMORY_MAX': ['1073741824'], 'ERT_WORKING_SET_MIN': ['1'], 'ERT_TRIALS_MIN': ['1'], 'ERT_GNUPLOT': ['gnuplot'], 'ERT_GPU': [False], 'ERT_HIP': [False], 'ERT_OCL': [False], 'ERT_SYCL': [False], 'ERT_WSS_MULT': [1.1]}
 