fp64
 64 16777216 193970.919 193970.919 193970.919 11.071162930356587 11.071162930356587 11.071162930356587 2.767790732589147 2.767790732589147 2.767790732589147
 128 8388608 97660.065 97660.065 97660.065 21.989373527449526 21.989373527449526 21.989373527449526 5.497343381862382 5.497343381862382 5.497343381862382
 192 4194304 51526.785 51526.785 51526.785 31.257776630154584 31.257776630154584 31.257776630154584 7.814444157538646 7.814444157538646 7.814444157538646
 256 4194304 52361.012 52361.012 52361.012 41.01302793765712 41.01302793765712 41.01302793765712 10.25325698441428 10.25325698441428 10.25325698441428
 320 2097152 28690.1 28690.1 28690.1 46.78189619415757 46.78189619415757 46.78189619415757 11.695474048539392 11.695474048539392 11.695474048539392
 384 2097152 26010.99 26010.99 26010.99 61.92047038578693 61.92047038578693 61.92047038578693 15.480117596446732 15.480117596446732 15.480117596446732
 448 2097152 37534.952 37534.952 37534.952 50.061291992594 50.061291992594 50.061291992594 12.5153229981485 12.5153229981485 12.5153229981485
 512 2097152 25293.827 25293.827 25293.827 84.90149189365452 84.90149189365452 84.90149189365452 21.22537297341363 21.22537297341363 21.22537297341363
 576 1048576 15617.132 15617.132 15617.132 77.34836024950036 77.34836024950036 77.34836024950036 19.33709006237509 19.33709006237509 19.33709006237509
 640 1048576 19290.924 19290.924 19290.924 69.57558279738183 69.57558279738183 69.57558279738183 17.393895699345457 17.393895699345457 17.393895699345457
 704 1048576 37101.984 37101.984 37101.984 39.79288568503507 39.79288568503507 39.79288568503507 9.948221421258767 9.948221421258767 9.948221421258767
 768 1048576 36583.185 36583.185 36583.185 44.0260391761953 44.0260391761953 44.0260391761953 11.006509794048824 11.006509794048824 11.006509794048824
 832 1048576 25146.008 25146.008 25146.008 69.3879706075016 69.3879706075016 69.3879706075016 17.3469926518754 17.3469926518754 17.3469926518754
 896 1048576 17341.137 17341.137 17341.137 108.3578425105574 108.3578425105574 108.3578425105574 27.08946062763935 27.08946062763935 27.08946062763935
 960 1048576 55063.009 55063.009 55063.009 36.56294773138896 36.56294773138896 36.56294773138896 9.14073693284724 9.14073693284724 9.14073693284724
 1024 1048576 47432.899 47432.899 47432.899 45.27413869432691 45.27413869432691 45.27413869432691 11.318534673581727 11.318534673581727 11.318534673581727
 1088 524288 28728.962 28728.962 28728.962 39.71082171364214 39.71082171364214 39.71082171364214 9.927705428410535 9.927705428410535 9.927705428410535
 1152 524288 15924.931 15924.931 15924.931 75.85336175082956 75.85336175082956 75.85336175082956 18.96334043770739 18.96334043770739 18.96334043770739
 1216 524288 31610.966 31610.966 31610.966 40.336268622730486 40.336268622730486 40.336268622730486 10.084067155682622 10.084067155682622 10.084067155682622
 1280 524288 29570.103 29570.103 29570.103 45.3896721293125 45.3896721293125 45.3896721293125 11.347418032328125 11.347418032328125 11.347418032328125
 1408 524288 13619.184 13619.184 13619.184 108.40554088996815 108.40554088996815 108.40554088996815 27.101385222492038 27.101385222492038 27.101385222492038
 1536 524288 18328.905 18328.905 18328.905 87.8728290642567 87.8728290642567 87.8728290642567 21.968207266064177 21.968207266064177 21.968207266064177
 1664 524288 20264.864 20264.864 20264.864 86.1012669021613 86.1012669021613 86.1012669021613 21.525316725540325 21.525316725540325 21.525316725540325
 1792 524288 28043.032 28043.032 28043.032 67.00588552621556 67.00588552621556 67.00588552621556 16.75147138155389 16.75147138155389 16.75147138155389
 1920 524288 33714.056 33714.056 33714.056 59.71592145424448 59.71592145424448 59.71592145424448 14.92898036356112 14.92898036356112 14.92898036356112
 2112 262144 28017.044 28017.044 28017.044 39.52223710681255 39.52223710681255 39.52223710681255 9.880559276703137 9.880559276703137 9.880559276703137
 2304 262144 28609.037 28609.037 28609.037 42.22300638780676 42.22300638780676 42.22300638780676 10.55575159695169 10.55575159695169 10.55575159695169
 2496 262144 12987.137 12987.137 12987.137 100.76299711014059 100.76299711014059 100.76299711014059 25.190749277535147 25.190749277535147 25.190749277535147
 2688 262144 15614.986 15614.986 15614.986 90.2521554614266 90.2521554614266 90.2521554614266 22.56303886535665 22.56303886535665 22.56303886535665
 2944 262144 17297.029 17297.029 17297.029 89.23520172163671 89.23520172163671 89.23520172163671 22.30880043040918 22.30880043040918 22.30880043040918
 3200 262144 30145.884 30145.884 30145.884 55.65342187344714 55.65342187344714 55.65342187344714 13.913355468361784 13.913355468361784 13.913355468361784
 3520 262144 32238.96 32238.96 32238.96 57.24420887026133 57.24420887026133 57.24420887026133 14.311052217565333 14.311052217565333 14.311052217565333
 3840 262144 15014.887 15014.887 15014.887 134.08465345093836 134.08465345093836 134.08465345093836 33.52116336273459 33.52116336273459 33.52116336273459
 4224 131072 14775.038 14775.038 14775.038 74.94371628688873 74.94371628688873 74.94371628688873 18.735929071722182 18.735929071722182 18.735929071722182
 4608 131072 26002.884 26002.884 26002.884 46.45482985656514 46.45482985656514 46.45482985656514 11.613707464141285 11.613707464141285 11.613707464141285
 5056 131072 14664.888 14664.888 14664.888 90.37914670742798 90.37914670742798 90.37914670742798 22.594786676856994 22.594786676856994 22.594786676856994
 5504 131072 11822.939 11822.939 11822.939 122.03738647387082 122.03738647387082 122.03738647387082 30.509346618467706 30.509346618467706 30.509346618467706
 6016 131072 29962.778 29962.778 29962.778 52.63391478587199 52.63391478587199 52.63391478587199 13.158478696467997 13.158478696467997 13.158478696467997
 6592 131072 32610.893 32610.893 32610.893 52.99006218566293 52.99006218566293 52.99006218566293 13.247515546415732 13.247515546415732 13.247515546415732
 7232 131072 26008.844 26008.844 26008.844 72.89156749911685 72.89156749911685 72.89156749911685 18.22289187477921 18.22289187477921 18.22289187477921
 7936 131072 19596.815 19596.815 19596.815 106.15882142072576 106.15882142072576 106.15882142072576 26.53970535518144 26.53970535518144 26.53970535518144
 8704 65536 13278.008 13278.008 13278.008 85.92031937320719 85.92031937320719 85.92031937320719 21.480079843301798 21.480079843301798 21.480079843301798
 9536 65536 11910.915 11910.915 11910.915 104.93757969056112 104.93757969056112 104.93757969056112 26.23439492264028 26.23439492264028 26.23439492264028
 10432 65536 12433.052 12433.052 12433.052 109.9764646685303 109.9764646685303 109.9764646685303 27.494116167132574 27.494116167132574 27.494116167132574
 11456 65536 7819.891 7819.891 7819.891 192.01812812991898 192.01812812991898 192.01812812991898 48.004532032479744 48.004532032479744 48.004532032479744
 12544 65536 39958.0 39958.0 39958.0 41.14738395315081 41.14738395315081 41.14738395315081 10.286845988287702 10.286845988287702 10.286845988287702
 13760 65536 30303.001 30303.001 30303.001 59.51723131316268 59.51723131316268 59.51723131316268 14.87930782829067 14.87930782829067 14.87930782829067
 15104 65536 31345.844 31345.844 31345.844 63.15706439424633 63.15706439424633 63.15706439424633 15.789266098561583 15.789266098561583 15.789266098561583
 16576 32768 26015.043 26015.043 26015.043 41.75756065442597 41.75756065442597 41.75756065442597 10.439390163606493 10.439390163606493 10.439390163606493
 18176 32768 53563.833 53563.833 53563.833 22.238556676853204 22.238556676853204 22.238556676853204 5.559639169213301 5.559639169213301 5.559639169213301
 19968 32768 14279.127 14279.127 14279.127 91.64585818166614 91.64585818166614 91.64585818166614 22.911464545416536 22.911464545416536 22.911464545416536
 21952 32768 26417.971 26417.971 26417.971 54.45710694435995 54.45710694435995 54.45710694435995 13.614276736089987 13.614276736089987 13.614276736089987
 24128 32768 12583.971 12583.971 12583.971 125.65609122907229 125.65609122907229 125.65609122907229 31.414022807268072 31.414022807268072 31.414022807268072
 26496 32768 42497.873 42497.873 42497.873 40.85950033311079 40.85950033311079 40.85950033311079 10.214875083277697 10.214875083277697 10.214875083277697
 29120 32768 13852.119 13852.119 13852.119 137.77013610697395 137.77013610697395 137.77013610697395 34.44253402674349 34.44253402674349 34.44253402674349
 32000 32768 14076.948 14076.948 14076.948 148.9777471650815 148.9777471650815 148.9777471650815 37.244436791270374 37.244436791270374 37.244436791270374
 35200 16384 9552.002 9552.002 9552.002 120.75307354416383 120.75307354416383 120.75307354416383 30.188268386040956 30.188268386040956 30.188268386040956
 38720 16384 22260.904 22260.904 22260.904 56.995751834696385 56.995751834696385 56.995751834696385 14.248937958674096 14.248937958674096 14.248937958674096
 42560 16384 30571.938 30571.938 30571.938 45.61719574336439 45.61719574336439 45.61719574336439 11.404298935841098 11.404298935841098 11.404298935841098
 46784 16384 15913.01 15913.01 15913.01 96.33740643662009 96.33740643662009 96.33740643662009 24.08435160915502 24.08435160915502 24.08435160915502
 51456 16384 38727.045 38727.045 38727.045 43.53831303162945 43.53831303162945 43.53831303162945 10.884578257907362 10.884578257907362 10.884578257907362
 56576 16384 14802.933 14802.933 14802.933 125.23750313535838 125.23750313535838 125.23750313535838 31.309375783839595 31.309375783839595 31.309375783839595
 62208 16384 31414.986 31414.986 31414.986 64.88724024896908 64.88724024896908 64.88724024896908 16.22181006224227 16.22181006224227 16.22181006224227
 68416 8192 26557.922 26557.922 26557.922 42.206907001233006 42.206907001233006 42.206907001233006 10.551726750308251 10.551726750308251 10.551726750308251
 75200 8192 26007.175 26007.175 26007.175 47.37449569205421 47.37449569205421 47.37449569205421 11.843623923013553 11.843623923013553 11.843623923013553
 82688 8192 27948.141 27948.141 27948.141 48.47407174595262 48.47407174595262 48.47407174595262 12.118517936488155 12.118517936488155 12.118517936488155
 90944 8192 28945.923 28945.923 28945.923 51.47621293679252 51.47621293679252 51.47621293679252 12.86905323419813 12.86905323419813 12.86905323419813
 100032 8192 12710.094 12710.094 12710.094 128.94666931652904 128.94666931652904 128.94666931652904 32.23666732913226 32.23666732913226 32.23666732913226
 110016 8192 13024.092 13024.092 13024.092 138.39752851868676 138.39752851868676 138.39752851868676 34.59938212967169 34.59938212967169 34.59938212967169
 120960 8192 31211.853 31211.853 31211.853 63.4953855511238 63.4953855511238 63.4953855511238 15.87384638778095 15.87384638778095 15.87384638778095
 133056 4096 28048.992 28048.992 28048.992 38.86038942148082 38.86038942148082 38.86038942148082 9.715097355370204 9.715097355370204 9.715097355370204
 146304 4096 23573.16 23573.16 23573.16 50.84266886577786 50.84266886577786 50.84266886577786 12.710667216444465 12.710667216444465 12.710667216444465
 160896 4096 23021.936 23021.936 23021.936 57.25235410262629 57.25235410262629 57.25235410262629 14.313088525656573 14.313088525656573 14.313088525656573
 176960 4096 14796.019 14796.019 14796.019 97.97610559975627 97.97610559975627 97.97610559975627 24.494026399939067 24.494026399939067 24.494026399939067
 194624 4096 24464.846 24464.846 24464.846 65.16941933744442 65.16941933744442 65.16941933744442 16.292354834361106 16.292354834361106 16.292354834361106
 214080 4096 29768.944 29768.944 29768.944 58.91184316111449 58.91184316111449 58.91184316111449 14.727960790278622 14.727960790278622 14.727960790278622
 235456 4096 31296.968 31296.968 31296.968 61.63074812870051 61.63074812870051 61.63074812870051 15.407687032175128 15.407687032175128 15.407687032175128
 258944 4096 12382.984 12382.984 12382.984 171.30517555380837 171.30517555380837 171.30517555380837 42.82629388845209 42.82629388845209 42.82629388845209
 284800 2048 29431.82 29431.82 29431.82 39.6353606402866 39.6353606402866 39.6353606402866 9.90884016007165 9.90884016007165 9.90884016007165
 313280 2048 28778.076 28778.076 28778.076 44.58932139869253 44.58932139869253 44.58932139869253 11.147330349673133 11.147330349673133 11.147330349673133
 344576 2048 29434.919 29434.919 29434.919 47.94928418182499 47.94928418182499 47.94928418182499 11.987321045456248 11.987321045456248 11.987321045456248
 379008 2048 30405.045 30405.045 30405.045 51.0578677979263 51.0578677979263 51.0578677979263 12.764466949481575 12.764466949481575 12.764466949481575
 416896 2048 11780.024 11780.024 11780.024 144.9577705444403 144.9577705444403 144.9577705444403 36.23944263611008 36.23944263611008 36.23944263611008
 458560 2048 31897.068 31897.068 31897.068 58.885091256663465 58.885091256663465 58.885091256663465 14.721272814165866 14.721272814165866 14.721272814165866
 504384 2048 45024.872 45024.872 45024.872 45.884791499240684 45.884791499240684 45.884791499240684 11.471197874810171 11.471197874810171 11.471197874810171
 554816 1024 10596.991 10596.991 10596.991 107.22507625041862 107.22507625041862 107.22507625041862 26.806269062604656 26.806269062604656 26.806269062604656
 610240 1024 12208.939 12208.939 12208.939 102.36528497685178 102.36528497685178 102.36528497685178 25.591321244212946 25.591321244212946 25.591321244212946
 671232 1024 12197.971 12197.971 12197.971 112.69768849261898 112.69768849261898 112.69768849261898 28.174422123154745 28.174422123154745 28.174422123154745
 738304 1024 30488.968 30488.968 30488.968 49.59323621580107 49.59323621580107 49.59323621580107 12.398309053950268 12.398309053950268 12.398309053950268
 812096 1024 17346.144 17346.144 17346.144 95.88140211449875 95.88140211449875 95.88140211449875 23.97035052862469 23.97035052862469 23.97035052862469
 893248 1024 31997.919 31997.919 31997.919 57.17158993995829 57.17158993995829 57.17158993995829 14.292897484989572 14.292897484989572 14.292897484989572
 982528 1024 56814.909 56814.909 56814.909 35.41706533403055 35.41706533403055 35.41706533403055 8.854266333507638 8.854266333507638 8.854266333507638
 1080768 512 14565.945 14565.945 14565.945 75.97903411004229 75.97903411004229 75.97903411004229 18.994758527510573 18.994758527510573 18.994758527510573
 1188800 512 56246.996 56246.996 56246.996 21.64259936655106 21.64259936655106 21.64259936655106 5.410649841637765 5.410649841637765 5.410649841637765
 1307648 512 15460.014 15460.014 15460.014 86.61257046727125 86.61257046727125 86.61257046727125 21.653142616817814 21.653142616817814 21.653142616817814
 1438400 512 29551.983 29551.983 29551.983 49.8417178975773 49.8417178975773 49.8417178975773 12.460429474394324 12.460429474394324 12.460429474394324
 1582208 512 13004.065 13004.065 13004.065 124.59034863329275 124.59034863329275 124.59034863329275 31.147587158323187 31.147587158323187 31.147587158323187
 1740416 512 32892.942 32892.942 32892.942 54.18141022472237 54.18141022472237 54.18141022472237 13.545352556180593 13.545352556180593 13.545352556180593
 1914432 512 34751.177 34751.177 34751.177 56.41185528766407 56.41185528766407 56.41185528766407 14.102963821916017 14.102963821916017 14.102963821916017
 2105856 256 26007.891 26007.891 26007.891 41.456582234984 41.456582234984 41.456582234984 10.364145558746 10.364145558746 10.364145558746
 2316416 256 15720.129 15720.129 15720.129 75.44499106845753 75.44499106845753 75.44499106845753 18.86124776711438 18.86124776711438 18.86124776711438
 2548032 256 13669.014 13669.014 13669.014 95.44158664260642 95.44158664260642 95.44158664260642 23.860396660651606 23.860396660651606 23.860396660651606
 2802816 256 30038.118 30038.118 30038.118 47.77402472418545 47.77402472418545 47.77402472418545 11.943506181046363 11.943506181046363 11.943506181046363
 3083072 256 33647.06 33647.06 33647.06 46.91443662536935 46.91443662536935 46.91443662536935 11.728609156342337 11.728609156342337 11.728609156342337
 3391360 256 34778.118 34778.118 34778.118 49.92726518438979 49.92726518438979 49.92726518438979 12.481816296097447 12.481816296097447 12.481816296097447
 3730496 256 15462.875 15462.875 15462.875 123.52256304212509 123.52256304212509 123.52256304212509 30.88064076053127 30.88064076053127 30.88064076053127
 4103488 256 24653.912 24653.912 24653.912 85.21916748952458 85.21916748952458 85.21916748952458 21.304791872381145 21.304791872381145 21.304791872381145
 4513792 128 39648.771 39648.771 39648.771 29.144175792989902 29.144175792989902 29.144175792989902 7.2860439482474755 7.2860439482474755 7.2860439482474755
 4965120 128 40882.111 40882.111 40882.111 31.09112247163558 31.09112247163558 31.09112247163558 7.772780617908895 7.772780617908895 7.772780617908895
 5461632 128 40624.142 40624.142 40624.142 34.41741100648969 34.41741100648969 34.41741100648969 8.604352751622422 8.604352751622422 8.604352751622422
 6007744 128 19685.984 19685.984 19685.984 78.12576013472327 78.12576013472327 78.12576013472327 19.531440033680816 19.531440033680816 19.531440033680816
 6608512 128 18833.876 18833.876 18833.876 89.82638900245495 89.82638900245495 89.82638900245495 22.456597250613736 22.456597250613736 22.456597250613736
 7269312 128 22540.092 22540.092 22540.092 82.56150294328879 82.56150294328879 82.56150294328879 20.640375735822197 20.640375735822197 20.640375735822197
 7996224 128 30503.988 30503.988 30503.988 67.10707281946216 67.10707281946216 67.10707281946216 16.77676820486554 16.77676820486554 16.77676820486554
 8795840 64 17076.015 17076.015 17076.015 65.93268511417915 65.93268511417915 65.93268511417915 16.483171278544788 16.483171278544788 16.483171278544788
 9675392 64 13373.137 13373.137 13373.137 92.60730492778171 92.60730492778171 92.60730492778171 23.151826231945428 23.151826231945428 23.151826231945428
 10642880 64 31407.833 31407.833 31407.833 43.374168475742984 43.374168475742984 43.374168475742984 10.843542118935746 10.843542118935746 10.843542118935746
 11707136 64 26004.076 26004.076 26004.076 57.626097078011924 57.626097078011924 57.626097078011924 14.406524269502981 14.406524269502981 14.406524269502981
 12877824 64 33776.999 33776.999 33776.999 48.8013003168221 48.8013003168221 48.8013003168221 12.200325079205525 12.200325079205525 12.200325079205525
 14165568 64 59087.038 59087.038 59087.038 30.686809922677117 30.686809922677117 30.686809922677117 7.671702480669279 7.671702480669279 7.671702480669279
 15582080 64 36906.004 36906.004 36906.004 54.04286630435525 54.04286630435525 54.04286630435525 13.510716576088813 13.510716576088813 13.510716576088813
 17140288 32 12430.906 12430.906 12430.906 88.24605640168141 88.24605640168141 88.24605640168141 22.061514100420354 22.061514100420354 22.061514100420354
 18854272 32 17400.98 17400.98 17400.98 69.34514079092096 69.34514079092096 69.34514079092096 17.33628519773024 17.33628519773024 17.33628519773024
 20739648 32 17410.994 17410.994 17410.994 76.2355941309267 76.2355941309267 76.2355941309267 19.058898532731675 19.058898532731675 19.058898532731675
 22813568 32 19207.001 19207.001 19207.001 76.01750799096641 76.01750799096641 76.01750799096641 19.004376997741602 19.004376997741602 19.004376997741602
 25094912 32 33967.018 33967.018 33967.018 47.28334904170865 47.28334904170865 47.28334904170865 11.820837260427162 11.820837260427162 11.820837260427162
 27604352 32 27460.098 27460.098 27460.098 64.33620622912561 64.33620622912561 64.33620622912561 16.084051557281402 16.084051557281402 16.084051557281402
 30364736 32 26008.129 26008.129 26008.129 74.72060385427956 74.72060385427956 74.72060385427956 18.68015096356989 18.68015096356989 18.68015096356989
 33401152 32 37751.198 37751.198 37751.198 56.62532161231017 56.62532161231017 56.62532161231017 14.156330403077542 14.156330403077542 14.156330403077542
 36741248 16 12596.13 12596.13 12596.13 93.33977467682534 93.33977467682534 93.33977467682534 23.334943669206336 23.334943669206336 23.334943669206336
 40415360 16 12989.998 12989.998 12989.998 99.56056344273495 99.56056344273495 99.56056344273495 24.890140860683736 24.890140860683736 24.890140860683736
 44456896 16 32160.997 32160.997 32160.997 44.2343460931886 44.2343460931886 44.2343460931886 11.05858652329715 11.05858652329715 11.05858652329715
 48902528 16 14659.166 14659.166 14659.166 106.75101816842786 106.75101816842786 106.75101816842786 26.687754542106966 26.687754542106966 26.687754542106966
 53792768 16 22224.903 22224.903 22224.903 77.45224246872979 77.45224246872979 77.45224246872979 19.363060617182448 19.363060617182448 19.363060617182448
 59172032 16 36453.009 36453.009 36453.009 51.94372360317361 51.94372360317361 51.94372360317361 12.985930900793402 12.985930900793402 12.985930900793402
 65089216 16 37328.959 37328.959 37328.959 55.797294320476496 55.797294320476496 55.797294320476496 13.949323580119124 13.949323580119124 13.949323580119124
 71598080 8 26404.142 26404.142 26404.142 43.38596876202226 43.38596876202226 43.38596876202226 10.846492190505565 10.846492190505565 10.846492190505565
 78757888 8 27469.158 27469.158 27469.158 45.87422038928168 45.87422038928168 45.87422038928168 11.46855509732042 11.46855509732042 11.46855509732042
 86633664 8 31713.009 31713.009 31713.009 43.70883330560024 43.70883330560024 43.70883330560024 10.92720832640006 10.92720832640006 10.92720832640006
 95297024 8 60079.098 60079.098 60079.098 25.37908248888823 25.37908248888823 25.37908248888823 6.3447706222220575 6.3447706222220575 6.3447706222220575
 104826688 8 15005.112 15005.112 15005.112 111.777040251349 111.777040251349 111.777040251349 27.94426006283725 27.94426006283725 27.94426006283725
 115309312 8 43051.958 43051.958 43051.958 42.854008916388885 42.854008916388885 42.854008916388885 10.713502229097221 10.713502229097221 10.713502229097221
 126840192 8 40950.06 40950.06 40950.06 49.55897676340401 49.55897676340401 49.55897676340401 12.389744190851003 12.389744190851003 12.389744190851003
 139524160 4 16456.842 16456.842 16456.842 67.82548437908076 67.82548437908076 67.82548437908076 16.95637109477019 16.95637109477019 16.95637109477019
 153476544 4 32522.917 32522.917 32522.917 37.75222105692426 37.75222105692426 37.75222105692426 9.438055264231066 9.438055264231066 9.438055264231066
 168824192 4 33615.828 33615.828 33615.828 40.1773098077489 40.1773098077489 40.1773098077489 10.044327451937225 10.044327451937225 10.044327451937225
 185706560 4 42405.844 42405.844 42405.844 35.03414482211461 35.03414482211461 35.03414482211461 8.758536205528653 8.758536205528653 8.758536205528653
 204277184 4 44095.039 44095.039 44095.039 37.06125471393732 37.06125471393732 37.06125471393732 9.26531367848433 9.26531367848433 9.26531367848433
 224704896 4 43031.931 43031.931 43031.931 41.77454104952901 41.77454104952901 41.77454104952901 10.443635262382253 10.443635262382253 10.443635262382253
 247175360 4 47567.129 47567.129 47567.129 41.57078473245674 41.57078473245674 41.57078473245674 10.392696183114184 10.392696183114184 10.392696183114184
 271892864 2 19107.103 19107.103 19107.103 56.91974633726526 56.91974633726526 56.91974633726526 14.229936584316315 14.229936584316315 14.229936584316315
 299082112 2 40057.182 40057.182 40057.182 29.865516950243777 29.865516950243777 29.865516950243777 7.466379237560944 7.466379237560944 7.466379237560944
 328990272 2 36680.937 36680.937 36680.937 35.8758852861365 35.8758852861365 35.8758852861365 8.968971321534125 8.968971321534125 8.968971321534125
 361889280 2 25347.948 25347.948 25347.948 57.107467634066474 57.107467634066474 57.107467634066474 14.276866908516618 14.276866908516618 14.276866908516618
 398078208 2 45258.999 45258.999 45258.999 35.18223706184929 35.18223706184929 35.18223706184929 8.795559265462323 8.795559265462323 8.795559265462323
 437886016 2 46347.141 46347.141 46347.141 37.79184705265854 37.79184705265854 37.79184705265854 9.447961763164635 9.447961763164635 9.447961763164635
 481674560 2 52015.066 52015.066 52015.066 37.04115726778084 37.04115726778084 37.04115726778084 9.26028931694521 9.26028931694521 9.26028931694521
 529841984 2 44308.901 44308.901 44308.901 47.83165206467207 47.83165206467207 47.83165206467207 11.957913016168018 11.957913016168018 11.957913016168018
 582826176 1 17118.216 17118.216 17118.216 68.09426589780149 68.09426589780149 68.09426589780149 17.023566474450373 17.023566474450373 17.023566474450373
 641108736 1 45123.1 45123.1 45123.1 28.415988085924948 28.415988085924948 28.415988085924948 7.103997021481237 7.103997021481237 7.103997021481237
 705219584 1 45260.906 45260.906 45260.906 31.162415705951616 31.162415705951616 31.162415705951616 7.790603926487904 7.790603926487904 7.790603926487904
 775741504 1 44838.905 44838.905 44838.905 34.601268875767595 34.601268875767595 34.601268875767595 8.650317218941899 8.650317218941899 8.650317218941899
 853315648 1 46107.054 46107.054 46107.054 37.01453786225423 37.01453786225423 37.01453786225423 9.253634465563557 9.253634465563557 9.253634465563557
 938647168 1 34901.142 34901.142 34901.142 53.78890856923822 53.78890856923822 53.78890856923822 13.447227142309554 13.447227142309554 13.447227142309554
 1032511872 1 46450.138 46450.138 46450.138 44.456783831298836 44.456783831298836 44.456783831298836 11.114195957824709 11.114195957824709 11.114195957824709
 
META_DATA
 MPI startup(): shm:tmi fabric is unknown or has been removed from the product, please use ofi or shm:ofi instead
 FLOPS          4
 MPI_PROCS      4
 OPENMP_THREADS 2
 ERT_VERSION  1.1.0
 HOSTNAME  ('shas0116.rc.int.colorado.edu', [], ['10.225.5.195'])
 UNAME  uname_result(system='Linux', node='shas0116.rc.int.colorado.edu', release='3.10.0-957.27.2.el7.x86_64', version='#1 SMP Mon Jul 29 17:46:05 UTC 2019', machine='x86_64', processor='x86_64')
 TIMESTAMP_DATA  1664508342.998707
 CONFIG  {'ERT_RESULTS': ['lab5_results'], 'ERT_DRIVER': ['driver1'], 'ERT_KERNEL': ['kernel1'], 'ERT_MPI': ['True'], 'ERT_MPI_CFLAGS': ['-I/usr/include/mpi'], 'ERT_MPI_LDFLAGS': ['-lmpi'], 'ERT_OPENMP': ['True'], 'ERT_OPENMP_CFLAGS': ['-qopenmp'], 'ERT_OPENMP_LDFLAGS': ['-qopenmp'], 'ERT_FLOPS': ['1,2,4,8,16'], 'ERT_ALIGN': ['32'], 'ERT_CC': ['mpicc'], 'ERT_CFLAGS': ['-O3', '-msse3', '-axSSE3', '-xSSE3', '-fno-alias', '-fno-fnalias', '-DERT_INTEL', '-std=c++11'], 'ERT_LD': ['mpicc'], 'ERT_LDFLAGS': [], 'ERT_LDLIBS': [], 'ERT_PRECISION': ['FP64'], 'ERT_RUN': ['export', 'OMP_NUM_THREADS=ERT_OPENMP_THREADS;', 'mpirun', '-np', 'ERT_MPI_PROCS', 'ERT_CODE'], 'ERT_PROCS_THREADS': ['1-8'], 'ERT_MPI_PROCS': ['4'], 'ERT_OPENMP_THREADS': ['2'], 'ERT_NUM_EXPERIMENTS': ['1'], 'ERT_MEMORY_MAX': ['1073741824'], 'ERT_WORKING_SET_MIN': ['1'], 'ERT_TRIALS_MIN': ['1'], 'ERT_GNUPLOT': ['gnuplot'], 'ERT_GPU': [False], 'ERT_HIP': [False], 'ERT_OCL': [False], 'ERT_SYCL': [False], 'ERT_WSS_MULT': [1.1]}
 