fp64
 96 8388608 49584.866 49584.866 49584.866 32.48194188928533 32.48194188928533 32.48194188928533 8.120485472321333 8.120485472321333 8.120485472321333
 192 4194304 26260.138 26260.138 26260.138 61.33298827294815 61.33298827294815 61.33298827294815 15.333247068237037 15.333247068237037 15.333247068237037
 288 2097152 13139.009 13139.009 13139.009 91.93688443321714 91.93688443321714 91.93688443321714 22.984221108304286 22.984221108304286 22.984221108304286
 384 2097152 13125.896 13125.896 13125.896 122.7049746546826 122.7049746546826 122.7049746546826 30.67624366367065 30.67624366367065 30.67624366367065
 480 2097152 13263.941 13263.941 13263.941 151.7848971131581 151.7848971131581 151.7848971131581 37.94622427828953 37.94622427828953 37.94622427828953
 576 1048576 6719.112 6719.112 6719.112 179.77964230987664 179.77964230987664 179.77964230987664 44.94491057746916 44.94491057746916 44.94491057746916
 672 1048576 6563.902 6563.902 6563.902 214.70249616767586 214.70249616767586 214.70249616767586 53.675624041918965 53.675624041918965 53.675624041918965
 768 1048576 7039.07 7039.07 7039.07 228.81044456156852 228.81044456156852 228.81044456156852 57.20261114039213 57.20261114039213 57.20261114039213
 864 1048576 7654.905 7654.905 7654.905 236.70304569423135 236.70304569423135 236.70304569423135 59.17576142355784 59.17576142355784 59.17576142355784
 960 1048576 7470.846 7470.846 7470.846 269.4829902798157 269.4829902798157 269.4829902798157 67.37074756995392 67.37074756995392 67.37074756995392
 1056 524288 4443.884 4443.884 4443.884 249.17307832517676 249.17307832517676 249.17307832517676 62.29326958129419 62.29326958129419 62.29326958129419
 1152 524288 4235.983 4235.983 4235.983 285.16628891098003 285.16628891098003 285.16628891098003 71.29157222774501 71.29157222774501 71.29157222774501
 1248 524288 4951.0 4951.0 4951.0 264.3148551807716 264.3148551807716 264.3148551807716 66.0787137951929 66.0787137951929 66.0787137951929
 1344 524288 4876.852 4876.852 4876.852 288.97455653770095 288.97455653770095 288.97455653770095 72.24363913442524 72.24363913442524 72.24363913442524
 1440 524288 5481.958 5481.958 5481.958 275.4398045369921 275.4398045369921 275.4398045369921 68.85995113424802 68.85995113424802 68.85995113424802
 1536 524288 3680.944 3680.944 3680.944 437.55426216753096 437.55426216753096 437.55426216753096 109.38856554188274 109.38856554188274 109.38856554188274
 1632 524288 4379.034 4379.034 4379.034 390.7884780067933 390.7884780067933 390.7884780067933 97.69711950169832 97.69711950169832 97.69711950169832
 1728 524288 4369.02 4369.02 4369.02 414.72442973481463 414.72442973481463 414.72442973481463 103.68110743370366 103.68110743370366 103.68110743370366
 1824 524288 5036.116 5036.116 5036.116 379.77731728181004 379.77731728181004 379.77731728181004 94.94432932045251 94.94432932045251 94.94432932045251
 1920 524288 4836.082 4836.082 4836.082 416.3010304622626 416.3010304622626 416.3010304622626 104.07525761556565 104.07525761556565 104.07525761556565
 2112 262144 2732.038 2732.038 2732.038 405.30045921762434 405.30045921762434 405.30045921762434 101.32511480440608 101.32511480440608 101.32511480440608
 2304 262144 3001.928 3001.928 3001.928 402.3945784176036 402.3945784176036 402.3945784176036 100.5986446044009 100.5986446044009 100.5986446044009
 2496 262144 3268.003 3268.003 3268.003 400.43502040848796 400.43502040848796 400.43502040848796 100.10875510212199 100.10875510212199 100.10875510212199
 2688 262144 3528.118 3528.118 3528.118 399.4441637156127 399.4441637156127 399.4441637156127 99.86104092890318 99.86104092890318 99.86104092890318
 2880 262144 3779.173 3779.173 3779.173 399.5449374770618 399.5449374770618 399.5449374770618 99.88623436926545 99.88623436926545 99.88623436926545
 3168 262144 3647.089 3647.089 3647.089 455.4164661185948 455.4164661185948 455.4164661185948 113.8541165296487 113.8541165296487 113.8541165296487
 3456 262144 4008.055 4008.055 4008.055 452.0744670419942 452.0744670419942 452.0744670419942 113.01861676049855 113.01861676049855 113.01861676049855
 3744 262144 4753.113 4753.113 4753.113 412.9786672439725 412.9786672439725 412.9786672439725 103.24466681099312 103.24466681099312 103.24466681099312
 4032 262144 4887.819 4887.819 4887.819 432.4892587061836 432.4892587061836 432.4892587061836 108.1223146765459 108.1223146765459 108.1223146765459
 4416 131072 2650.976 2650.976 2650.976 436.6798884637205 436.6798884637205 436.6798884637205 109.16997211593012 109.16997211593012 109.16997211593012
 4800 131072 2571.106 2571.106 2571.106 489.3968587837296 489.3968587837296 489.3968587837296 122.3492146959324 122.3492146959324 122.3492146959324
 5280 131072 3096.819 3096.819 3096.819 446.94905320588646 446.94905320588646 446.94905320588646 111.73726330147161 111.73726330147161 111.73726330147161
 5760 131072 3310.919 3310.919 3310.919 456.0514588245741 456.0514588245741 456.0514588245741 114.01286470614353 114.01286470614353 114.01286470614353
 6336 131072 3314.018 3314.018 3314.018 501.18749626586214 501.18749626586214 501.18749626586214 125.29687406646553 125.29687406646553 125.29687406646553
 6912 131072 3860.95 3860.95 3860.95 469.2988326707158 469.2988326707158 469.2988326707158 117.32470816767895 117.32470816767895 117.32470816767895
 7584 131072 4302.979 4302.979 4302.979 462.0287703007614 462.0287703007614 462.0287703007614 115.50719257519034 115.50719257519034 115.50719257519034
 8256 65536 2256.87 2256.87 2256.87 479.48283773544784 479.48283773544784 479.48283773544784 119.87070943386196 119.87070943386196 119.87070943386196
 9024 65536 2487.898 2487.898 2487.898 475.41889900630974 475.41889900630974 475.41889900630974 118.85472475157744 118.85472475157744 118.85472475157744
 9888 65536 2680.063 2680.063 2680.063 483.5856231737836 483.5856231737836 483.5856231737836 120.8964057934459 120.8964057934459 120.8964057934459
 10848 65536 2763.987 2763.987 2763.987 514.4268247281916 514.4268247281916 514.4268247281916 128.6067061820479 128.6067061820479 128.6067061820479
 11904 65536 3142.118 3142.118 3142.118 496.5698576565234 496.5698576565234 496.5698576565234 124.14246441413086 124.14246441413086 124.14246441413086
 13056 65536 3427.029 3427.029 3427.029 499.34681965049026 499.34681965049026 499.34681965049026 124.83670491262257 124.83670491262257 124.83670491262257
 14304 65536 3744.125 3744.125 3744.125 500.74553814309087 500.74553814309087 500.74553814309087 125.18638453577272 125.18638453577272 125.18638453577272
 15648 65536 4018.068 4018.068 4018.068 510.44797051717387 510.44797051717387 510.44797051717387 127.61199262929347 127.61199262929347 127.61199262929347
 17184 32768 2191.067 2191.067 2191.067 513.9827417418089 513.9827417418089 513.9827417418089 128.49568543545223 128.49568543545223 128.49568543545223
 18816 32768 2371.073 2371.073 2371.073 520.0706076953346 520.0706076953346 520.0706076953346 130.01765192383365 130.01765192383365 130.01765192383365
 20640 32768 2648.83 2648.83 2648.83 510.6643461452792 510.6643461452792 510.6643461452792 127.6660865363198 127.6660865363198 127.6660865363198
 22656 32768 2894.878 2894.878 2894.878 512.9002382829259 512.9002382829259 512.9002382829259 128.22505957073147 128.22505957073147 128.22505957073147
 24864 32768 3128.052 3128.052 3128.052 520.9271150223846 520.9271150223846 520.9271150223846 130.23177875559614 130.23177875559614 130.23177875559614
 27264 32768 3438.95 3438.95 3438.95 519.5694918507103 519.5694918507103 519.5694918507103 129.89237296267757 129.89237296267757 129.89237296267757
 29952 32768 3756.046 3756.046 3756.046 522.6065580666477 522.6065580666477 522.6065580666477 130.65163951666193 130.65163951666193 130.65163951666193
 32928 16384 2063.99 2063.99 2063.99 522.7664397598826 522.7664397598826 522.7664397598826 130.69160993997065 130.69160993997065 130.69160993997065
 36192 16384 2264.977 2264.977 2264.977 523.5988957062257 523.5988957062257 523.5988957062257 130.89972392655642 130.89972392655642 130.89972392655642
 39744 16384 2490.997 2490.997 2490.997 522.8153193279638 522.8153193279638 522.8153193279638 130.70382983199096 130.70382983199096 130.70382983199096
 43680 16384 2712.011 2712.011 2712.011 527.7656469682461 527.7656469682461 527.7656469682461 131.94141174206152 131.94141174206152 131.94141174206152
 48000 16384 2966.166 2966.166 2966.166 530.2683666389541 530.2683666389541 530.2683666389541 132.56709165973854 132.56709165973854 132.56709165973854
 52800 16384 3265.142 3265.142 3265.142 529.885193354531 529.885193354531 529.885193354531 132.47129833863275 132.47129833863275 132.47129833863275
 58080 16384 3716.946 3716.946 3716.946 512.0239680641042 512.0239680641042 512.0239680641042 128.00599201602606 128.00599201602606 128.00599201602606
 63840 16384 4034.996 4034.996 4034.996 518.4414358775077 518.4414358775077 518.4414358775077 129.61035896937693 129.61035896937693 129.61035896937693
 70176 8192 2165.079 2165.079 2165.079 531.0492522443753 531.0492522443753 531.0492522443753 132.76231306109383 132.76231306109383 132.76231306109383
 77184 8192 2373.934 2373.934 2373.934 532.694951081201 532.694951081201 532.694951081201 133.17373777030025 133.17373777030025 133.17373777030025
 84864 8192 2596.14 2596.14 2596.14 535.5688737895492 535.5688737895492 535.5688737895492 133.8922184473873 133.8922184473873 133.8922184473873
 93312 8192 2874.851 2874.851 2874.851 531.7923634998822 531.7923634998822 531.7923634998822 132.94809087497055 132.94809087497055 132.94809087497055
 102624 8192 3153.086 3153.086 3153.086 533.2526978331705 533.2526978331705 533.2526978331705 133.31317445829262 133.31317445829262 133.31317445829262
 112800 8192 3465.891 3465.891 3465.891 533.2294639387102 533.2294639387102 533.2294639387102 133.30736598467755 133.30736598467755 133.30736598467755
 124032 8192 3849.983 3849.983 3849.983 527.830976916002 527.830976916002 527.830976916002 131.9577442290005 131.9577442290005 131.9577442290005
 136416 4096 2089.977 2089.977 2089.977 534.7043876559408 534.7043876559408 534.7043876559408 133.6760969139852 133.6760969139852 133.6760969139852
 150048 4096 2321.959 2321.959 2321.959 529.3776574004968 529.3776574004968 529.3776574004968 132.3444143501242 132.3444143501242 132.3444143501242
 165024 4096 2537.012 2537.012 2537.012 532.8617318325652 532.8617318325652 532.8617318325652 133.2154329581413 133.2154329581413 133.2154329581413
 181440 4096 2798.08 2798.08 2798.08 531.2058554437328 531.2058554437328 531.2058554437328 132.8014638609332 132.8014638609332 132.8014638609332
 199584 4096 3082.991 3082.991 3082.991 530.3265977746935 530.3265977746935 530.3265977746935 132.58164944367337 132.58164944367337 132.58164944367337
 219456 4096 3380.06 3380.06 3380.06 531.8791832097655 531.8791832097655 531.8791832097655 132.96979580244138 132.96979580244138 132.96979580244138
 241344 4096 3720.045 3720.045 3720.045 531.4693902896336 531.4693902896336 531.4693902896336 132.8673475724084 132.8673475724084 132.8673475724084
 265440 2048 2053.022 2053.022 2053.022 529.5813878273102 529.5813878273102 529.5813878273102 132.39534695682755 132.39534695682755 132.39534695682755
 291936 2048 2241.85 2241.85 2241.85 533.3853094542454 533.3853094542454 533.3853094542454 133.34632736356136 133.34632736356136 133.34632736356136
 321120 2048 2468.824 2468.824 2468.824 532.7668233944582 532.7668233944582 532.7668233944582 133.19170584861456 133.19170584861456 133.19170584861456
 353184 2048 2730.131 2730.131 2730.131 529.8799449550223 529.8799449550223 529.8799449550223 132.46998623875558 132.46998623875558 132.46998623875558
 388416 2048 2995.014 2995.014 2995.014 531.2001666770171 531.2001666770171 531.2001666770171 132.80004166925428 132.80004166925428 132.80004166925428
 427200 2048 3602.028 3602.028 3602.028 485.7850077789512 485.7850077789512 485.7850077789512 121.4462519447378 121.4462519447378 121.4462519447378
 469920 2048 4040.956 4040.956 4040.956 476.32102898423045 476.32102898423045 476.32102898423045 119.08025724605761 119.08025724605761 119.08025724605761
 516864 2048 4431.963 4431.963 4431.963 477.6833525009122 477.6833525009122 477.6833525009122 119.42083812522804 119.42083812522804 119.42083812522804
 568512 1024 2449.989 2449.989 2449.989 475.2317565507437 475.2317565507437 475.2317565507437 118.80793913768592 118.80793913768592 118.80793913768592
 625344 1024 2682.924 2682.924 2682.924 477.3540033187671 477.3540033187671 477.3540033187671 119.33850082969178 119.33850082969178 119.33850082969178
 687840 1024 2957.106 2957.106 2957.106 476.37667368028065 476.37667368028065 476.37667368028065 119.09416842007016 119.09416842007016 119.09416842007016
 756576 1024 3247.023 3247.023 3247.023 477.19638819928286 477.19638819928286 477.19638819928286 119.29909704982072 119.29909704982072 119.29909704982072
 832224 1024 3571.987 3571.987 3571.987 477.1559224599642 477.1559224599642 477.1559224599642 119.28898061499105 119.28898061499105 119.28898061499105
 915360 1024 3937.96 3937.96 3937.96 476.04782171479656 476.04782171479656 476.04782171479656 119.01195542869914 119.01195542869914 119.01195542869914
 1006848 1024 4316.092 4316.092 4316.092 477.7527226018353 477.7527226018353 477.7527226018353 119.43818065045882 119.43818065045882 119.43818065045882
 1107456 512 2372.026 2372.026 2372.026 478.0870631266268 478.0870631266268 478.0870631266268 119.5217657816567 119.5217657816567 119.5217657816567
 1218144 512 2609.968 2609.968 2609.968 477.9290228845718 477.9290228845718 477.9290228845718 119.48225572114295 119.48225572114295 119.48225572114295
 1339872 512 2880.096 2880.096 2880.096 476.3830538982034 476.3830538982034 476.3830538982034 119.09576347455085 119.09576347455085 119.09576347455085
 1473792 512 3166.914 3166.914 3166.914 476.540571673244 476.540571673244 476.540571673244 119.135142918311 119.135142918311 119.135142918311
 1621152 512 3484.011 3484.011 3484.011 476.479450839851 476.479450839851 476.479450839851 119.11986270996275 119.11986270996275 119.11986270996275
 1783200 512 3970.861 3970.861 3970.861 459.84908562651776 459.84908562651776 459.84908562651776 114.96227140662944 114.96227140662944 114.96227140662944
 1961472 512 4491.091 4491.091 4491.091 447.2292652275361 447.2292652275361 447.2292652275361 111.80731630688402 111.80731630688402 111.80731630688402
 2157600 256 2638.817 2638.817 2638.817 418.63122755386223 418.63122755386223 418.63122755386223 104.65780688846556 104.65780688846556 104.65780688846556
 2373312 256 2876.043 2876.043 2876.043 422.5026343486519 422.5026343486519 422.5026343486519 105.62565858716297 105.62565858716297 105.62565858716297
 2610624 256 3198.862 3198.862 3198.862 417.8484373505328 417.8484373505328 417.8484373505328 104.4621093376332 104.4621093376332 104.4621093376332
 2871648 256 3529.072 3529.072 3529.072 416.6205098677499 416.6205098677499 416.6205098677499 104.15512746693747 104.15512746693747 104.15512746693747
 3158784 256 3929.853 3929.853 3929.853 411.54145155047786 411.54145155047786 411.54145155047786 102.88536288761946 102.88536288761946 102.88536288761946
 3474624 256 4729.986 4729.986 4729.986 376.11263289151384 376.11263289151384 376.11263289151384 94.02815822287846 94.02815822287846 94.02815822287846
 3822048 256 5213.976 5213.976 5213.976 375.31599224852596 375.31599224852596 375.31599224852596 93.82899806213149 93.82899806213149 93.82899806213149
 4204224 128 2966.166 2966.166 2966.166 362.85270075916185 362.85270075916185 362.85270075916185 90.71317518979046 90.71317518979046 90.71317518979046
 4624608 128 3260.136 3260.136 3260.136 363.14425165085134 363.14425165085134 363.14425165085134 90.78606291271284 90.78606291271284 90.78606291271284
 5087040 128 3593.922 3593.922 3593.922 362.35684580800586 362.35684580800586 362.35684580800586 90.58921145200146 90.58921145200146 90.58921145200146
 5595744 128 3942.013 3942.013 3942.013 363.3956722111266 363.3956722111266 363.3956722111266 90.84891805278166 90.84891805278166 90.84891805278166
 6155232 128 4336.119 4336.119 4336.119 363.3985580192795 363.3985580192795 363.3985580192795 90.84963950481988 90.84963950481988 90.84963950481988
 6770688 128 4803.896 4803.896 4803.896 360.8105021424278 360.8105021424278 360.8105021424278 90.20262553560696 90.20262553560696 90.20262553560696
 7447680 128 5270.004 5270.004 5270.004 361.78456031532426 361.78456031532426 361.78456031532426 90.44614007883106 90.44614007883106 90.44614007883106
 8192448 128 5817.175 5817.175 5817.175 360.53010060725353 360.53010060725353 360.53010060725353 90.13252515181338 90.13252515181338 90.13252515181338
 9011616 64 3187.895 3187.895 3187.895 361.8333878625237 361.8333878625237 361.8333878625237 90.45834696563092 90.45834696563092 90.45834696563092
 9912768 64 3535.986 3535.986 3535.986 358.83465149466093 358.83465149466093 358.83465149466093 89.70866287366523 89.70866287366523 89.70866287366523
 10903968 64 3861.904 3861.904 3861.904 361.4040908318798 361.4040908318798 361.4040908318798 90.35102270796995 90.35102270796995 90.35102270796995
 11994336 64 4249.096 4249.096 4249.096 361.31803282392303 361.31803282392303 361.31803282392303 90.32950820598076 90.32950820598076 90.32950820598076
 13193760 64 4665.852 4665.852 4665.852 361.9491745559011 361.9491745559011 361.9491745559011 90.48729363897527 90.48729363897527 90.48729363897527
 14513088 64 5140.066 5140.066 5140.066 361.4107803285017 361.4107803285017 361.4107803285017 90.35269508212542 90.35269508212542 90.35269508212542
 15964320 64 5635.977 5635.977 5635.977 362.5694285125721 362.5694285125721 362.5694285125721 90.64235712814302 90.64235712814302 90.64235712814302
 17560704 32 3121.138 3121.138 3121.138 360.088229357369 360.088229357369 360.088229357369 90.02205733934225 90.02205733934225 90.02205733934225
 19316736 32 3485.918 3485.918 3485.918 354.64721315877193 354.64721315877193 354.64721315877193 88.66180328969298 88.66180328969298 88.66180328969298
 21248352 32 3753.901 3753.901 3753.901 362.26169203716347 362.26169203716347 362.26169203716347 90.56542300929087 90.56542300929087 90.56542300929087
 23373120 32 4154.921 4154.921 4154.921 360.0260221554152 360.0260221554152 360.0260221554152 90.0065055388538 90.0065055388538 90.0065055388538
 25710432 32 4557.133 4557.133 4557.133 361.07518652626555 361.07518652626555 361.07518652626555 90.26879663156639 90.26879663156639 90.26879663156639
 28281408 32 5034.924 5034.924 5034.924 359.49104931871864 359.49104931871864 359.49104931871864 89.87276232967966 89.87276232967966 89.87276232967966
 31109472 32 5522.013 5522.013 5522.013 360.5580443218804 360.5580443218804 360.5580443218804 90.1395110804701 90.1395110804701 90.1395110804701
 34220352 16 3030.062 3030.062 3030.062 361.39566253099775 361.39566253099775 361.39566253099775 90.34891563274944 90.34891563274944 90.34891563274944
 37642368 16 3406.048 3406.048 3406.048 353.65202604308575 353.65202604308575 353.65202604308575 88.41300651077144 88.41300651077144 88.41300651077144
 41406528 16 3765.106 3765.106 3765.106 351.9180857059535 351.9180857059535 351.9180857059535 87.97952142648838 87.97952142648838 87.97952142648838
 45547104 16 4082.203 4082.203 4082.203 357.0394044588179 357.0394044588179 357.0394044588179 89.25985111470447 89.25985111470447 89.25985111470447
 50101728 16 4635.811 4635.811 4635.811 345.8413848191826 345.8413848191826 345.8413848191826 86.46034620479566 86.46034620479566 86.46034620479566
 55111872 16 5558.014 5558.014 5558.014 317.3039693674755 317.3039693674755 317.3039693674755 79.32599234186887 79.32599234186887 79.32599234186887
 60623040 16 7004.976 7004.976 7004.976 276.9370344737798 276.9370344737798 276.9370344737798 69.23425861844495 69.23425861844495 69.23425861844495
 66685344 16 9919.882 9919.882 9919.882 215.11657174954297 215.11657174954297 215.11657174954297 53.77914293738574 53.77914293738574 53.77914293738574
 73353792 8 7920.98 7920.98 7920.98 148.17114447959725 148.17114447959725 148.17114447959725 37.04278611989931 37.04278611989931 37.04278611989931
 80689152 8 10834.932 10834.932 10834.932 119.15408716916728 119.15408716916728 119.15408716916728 29.78852179229182 29.78852179229182 29.78852179229182
 88758048 8 13005.972 13005.972 13005.972 109.19051401925209 109.19051401925209 109.19051401925209 27.297628504813023 27.297628504813023 27.297628504813023
 97633824 8 14871.12 14871.12 14871.12 105.04529477268692 105.04529477268692 105.04529477268692 26.26132369317173 26.26132369317173 26.26132369317173
 107397120 8 16729.832 16729.832 16729.832 102.71196506934439 102.71196506934439 102.71196506934439 25.677991267336097 25.677991267336097 25.677991267336097
 118136832 8 18594.027 18594.027 18594.027 101.6557258952028 101.6557258952028 101.6557258952028 25.4139314738007 25.4139314738007 25.4139314738007
 129950496 8 20810.127 20810.127 20810.127 99.91327472436856 99.91327472436856 99.91327472436856 24.97831868109214 24.97831868109214 24.97831868109214
 142945536 4 11323.929 11323.929 11323.929 100.98652932211074 100.98652932211074 100.98652932211074 25.246632330527685 25.246632330527685 25.246632330527685
 157240032 4 12429.953 12429.953 12429.953 101.20072505503441 101.20072505503441 101.20072505503441 25.300181263758603 25.300181263758603 25.300181263758603
 172963968 4 13614.893 13614.893 13614.893 101.63221583893461 101.63221583893461 101.63221583893461 25.408053959733653 25.408053959733653 25.408053959733653
 190260288 4 15024.9 15024.9 15024.9 101.30398897829603 101.30398897829603 101.30398897829603 25.32599724457401 25.32599724457401 25.32599724457401
 209286240 4 16639.948 16639.948 16639.948 100.61869904881914 100.61869904881914 100.61869904881914 25.154674762204785 25.154674762204785 25.154674762204785
 230214816 4 18463.135 18463.135 18463.135 99.7511272056452 99.7511272056452 99.7511272056452 24.9377818014113 24.9377818014113 24.9377818014113
 253236288 4 20213.842 20213.842 20213.842 100.22292169890315 100.22292169890315 100.22292169890315 25.055730424725787 25.055730424725787 25.055730424725787
 278559840 2 11198.044 11198.044 11198.044 99.50303463712056 99.50303463712056 99.50303463712056 24.87575865928014 24.87575865928014 24.87575865928014
 306415776 2 12217.045 12217.045 12217.045 100.32402303503015 100.32402303503015 100.32402303503015 25.081005758757538 25.081005758757538 25.081005758757538
 337057344 2 13334.99 13334.99 13334.99 101.10464094836216 101.10464094836216 101.10464094836216 25.27616023709054 25.27616023709054 25.27616023709054
 370763040 2 14683.008 14683.008 14683.008 101.00465517692288 101.00465517692288 101.00465517692288 25.25116379423072 25.25116379423072 25.25116379423072
 407839296 2 16147.852 16147.852 16147.852 101.02626553674136 101.02626553674136 101.02626553674136 25.25656638418534 25.25656638418534 25.25656638418534
 448623168 2 17632.961 17632.961 17632.961 101.76921913455149 101.76921913455149 101.76921913455149 25.442304783637873 25.442304783637873 25.442304783637873
 493485408 2 19397.02 19397.02 19397.02 101.7652006339118 101.7652006339118 101.7652006339118 25.44130015847795 25.44130015847795 25.44130015847795
 542833920 1 10742.188 10742.188 10742.188 101.06580149220996 101.06580149220996 101.06580149220996 25.26645037305249 25.26645037305249 25.26645037305249
 597117312 1 11754.99 11754.99 11754.99 101.59384431632863 101.59384431632863 101.59384431632863 25.398461079082157 25.398461079082157 25.398461079082157
 656829024 1 12921.095 12921.095 12921.095 101.66770293075007 101.66770293075007 101.66770293075007 25.416925732687517 25.416925732687517 25.416925732687517
 722511840 1 14192.82 14192.82 14192.82 101.81371144000981 101.81371144000981 101.81371144000981 25.453427860002453 25.453427860002453 25.453427860002453
 794762976 1 15522.957 15522.957 15522.957 102.39839948020213 102.39839948020213 102.39839948020213 25.599599870050533 25.599599870050533 25.599599870050533
 874239264 1 17030.954 17030.954 17030.954 102.6647437366104 102.6647437366104 102.6647437366104 25.6661859341526 25.6661859341526 25.6661859341526
 961663104 1 18636.942 18636.942 18636.942 103.1996669839934 103.1996669839934 103.1996669839934 25.79991674599835 25.79991674599835 25.79991674599835
 1057829376 1 20545.959 20545.959 20545.959 102.97201274469593 102.97201274469593 102.97201274469593 25.743003186173983 25.743003186173983 25.743003186173983
 
META_DATA
 MPI startup(): shm:tmi fabric is unknown or has been removed from the product, please use ofi or shm:ofi instead
 FLOPS          4
 MPI_PROCS      12
 OPENMP_THREADS 1
 ERT_VERSION  1.1.0
 HOSTNAME  ('shas0420.rc.int.colorado.edu', [], ['10.225.6.135'])
 UNAME  uname_result(system='Linux', node='shas0420.rc.int.colorado.edu', release='3.10.0-957.27.2.el7.x86_64', version='#1 SMP Mon Jul 29 17:46:05 UTC 2019', machine='x86_64', processor='x86_64')
 TIMESTAMP_DATA  1664555195.635
 CONFIG  {'ERT_RESULTS': ['lab5_results'], 'ERT_DRIVER': ['driver1'], 'ERT_KERNEL': ['kernel1'], 'ERT_MPI': ['True'], 'ERT_MPI_CFLAGS': ['-I/usr/include/mpi'], 'ERT_MPI_LDFLAGS': ['-lmpi'], 'ERT_OPENMP': ['True'], 'ERT_OPENMP_CFLAGS': ['-qopenmp'], 'ERT_OPENMP_LDFLAGS': ['-qopenmp'], 'ERT_FLOPS': ['1,2,4,8,16'], 'ERT_ALIGN': ['32'], 'ERT_CC': ['mpicc'], 'ERT_CFLAGS': ['-O3', '-msse3', '-axSSE3', '-xSSE3', '-fno-alias', '-fno-fnalias', '-DERT_INTEL', '-std=c++11'], 'ERT_LD': ['mpicc'], 'ERT_LDFLAGS': [], 'ERT_LDLIBS': [], 'ERT_PRECISION': ['FP64'], 'ERT_RUN': ['export', 'OMP_NUM_THREADS=ERT_OPENMP_THREADS;', 'mpirun', '-np', 'ERT_MPI_PROCS', 'ERT_CODE'], 'ERT_PROCS_THREADS': ['1-24'], 'ERT_MPI_PROCS': ['1,2,4,8,12,24'], 'ERT_OPENMP_THREADS': ['1,2,4,8,12,24'], 'ERT_NUM_EXPERIMENTS': ['1'], 'ERT_MEMORY_MAX': ['1073741824'], 'ERT_WORKING_SET_MIN': ['1'], 'ERT_TRIALS_MIN': ['1'], 'ERT_GNUPLOT': ['gnuplot'], 'ERT_GPU': [False], 'ERT_HIP': [False], 'ERT_OCL': [False], 'ERT_SYCL': [False], 'ERT_WSS_MULT': [1.1]}
 