fp64
 8 134217728 701331.139 701331.139 701331.139 3.0620109796664825 3.0620109796664825 3.0620109796664825 0.7655027449166206 0.7655027449166206 0.7655027449166206
 16 67108864 369292.021 369292.021 369292.021 5.8151368723994175 5.8151368723994175 5.8151368723994175 1.4537842180998544 1.4537842180998544 1.4537842180998544
 24 33554432 183901.072 183901.072 183901.072 8.758038865591821 8.758038865591821 8.758038865591821 2.1895097163979553 2.1895097163979553 2.1895097163979553
 32 33554432 184015.036 184015.036 184015.036 11.670153128138944 11.670153128138944 11.670153128138944 2.917538282034736 2.917538282034736 2.917538282034736
 40 16777216 92229.843 92229.843 92229.843 14.552526994977105 14.552526994977105 14.552526994977105 3.6381317487442764 3.6381317487442764 3.6381317487442764
 48 16777216 92011.929 92011.929 92011.929 17.5043905013664 17.5043905013664 17.5043905013664 4.3760976253416 4.3760976253416 4.3760976253416
 56 16777216 91949.94 91949.94 91949.94 20.435556477796503 20.435556477796503 20.435556477796503 5.108889119449126 5.108889119449126 5.108889119449126
 64 16777216 92628.956 92628.956 92628.956 23.183718577158526 23.183718577158526 23.183718577158526 5.7959296442896315 5.7959296442896315 5.7959296442896315
 72 8388608 53735.018 53735.018 53735.018 22.47993202495996 22.47993202495996 22.47993202495996 5.61998300623999 5.61998300623999 5.61998300623999
 80 8388608 52120.924 52120.924 52120.924 25.75121807126827 25.75121807126827 25.75121807126827 6.437804517817067 6.437804517817067 6.437804517817067
 88 8388608 61464.071 61464.071 61464.071 24.020455918059834 24.020455918059834 24.020455918059834 6.005113979514959 6.005113979514959 6.005113979514959
 96 8388608 59852.839 59852.839 59852.839 26.90954619546117 26.90954619546117 26.90954619546117 6.727386548865293 6.727386548865293 6.727386548865293
 104 8388608 68970.919 68970.919 68970.919 25.298060244782302 25.298060244782302 25.298060244782302 6.324515061195576 6.324515061195576 6.324515061195576
 112 8388608 68011.999 68011.999 68011.999 27.62818649103374 27.62818649103374 27.62818649103374 6.907046622758435 6.907046622758435 6.907046622758435
 120 8388608 76860.905 76860.905 76860.905 26.19362756657627 26.19362756657627 26.19362756657627 6.548406891644068 6.548406891644068 6.548406891644068
 128 8388608 51469.088 51469.088 51469.088 41.723755587042845 41.723755587042845 41.723755587042845 10.430938896760711 10.430938896760711 10.430938896760711
 136 4194304 30944.109 30944.109 30944.109 36.86810591314812 36.86810591314812 36.86810591314812 9.21702647828703 9.21702647828703 9.21702647828703
 144 4194304 30601.978 30601.978 30601.978 39.47325078137106 39.47325078137106 39.47325078137106 9.868312695342764 9.868312695342764 9.868312695342764
 152 4194304 35180.092 35180.092 35180.092 36.24403301730991 36.24403301730991 36.24403301730991 9.061008254327477 9.061008254327477 9.061008254327477
 160 4194304 33984.184 33984.184 33984.184 39.49417411346408 39.49417411346408 39.49417411346408 9.87354352836602 9.87354352836602 9.87354352836602
 176 4194304 37891.865 37891.865 37891.865 38.96337665089855 38.96337665089855 38.96337665089855 9.740844162724638 9.740844162724638 9.740844162724638
 192 4194304 43491.84 43491.84 43491.84 37.03252692918948 37.03252692918948 37.03252692918948 9.25813173229737 9.25813173229737 9.25813173229737
 208 4194304 45686.96 45686.96 45686.96 38.19099506730148 38.19099506730148 38.19099506730148 9.54774876682537 9.54774876682537 9.54774876682537
 224 4194304 48794.985 48794.985 48794.985 38.509043337138024 38.509043337138024 38.509043337138024 9.627260834284506 9.627260834284506 9.627260834284506
 240 4194304 52577.019 52577.019 52577.019 38.29174719852413 38.29174719852413 38.29174719852413 9.572936799631032 9.572936799631032 9.572936799631032
 264 2097152 25570.154 25570.154 25570.154 43.30424666194815 43.30424666194815 43.30424666194815 10.826061665487037 10.826061665487037 10.826061665487037
 288 2097152 28172.97 28172.97 28172.97 42.87654272872189 42.87654272872189 42.87654272872189 10.719135682180472 10.719135682180472 10.719135682180472
 312 2097152 33129.93 33129.93 33129.93 39.49971666103731 39.49971666103731 39.49971666103731 9.874929165259328 9.874929165259328 9.874929165259328
 336 2097152 34194.946 34194.946 34194.946 41.21328760103905 41.21328760103905 41.21328760103905 10.303321900259762 10.303321900259762 10.303321900259762
 368 2097152 37080.05 37080.05 37080.05 41.62626188476013 41.62626188476013 41.62626188476013 10.406565471190033 10.406565471190033 10.406565471190033
 400 2097152 35803.795 35803.795 35803.795 46.85876455275202 46.85876455275202 46.85876455275202 11.714691138188005 11.714691138188005 11.714691138188005
 440 2097152 43127.06 43127.06 43127.06 42.792014109007205 42.792014109007205 42.792014109007205 10.698003527251801 10.698003527251801 10.698003527251801
 480 2097152 46325.922 46325.922 46325.922 43.4587339675614 43.4587339675614 43.4587339675614 10.86468349189035 10.86468349189035 10.86468349189035
 528 1048576 23110.151 23110.151 23110.151 47.913847728645294 47.913847728645294 47.913847728645294 11.978461932161323 11.978461932161323 11.978461932161323
 576 1048576 26924.133 26924.133 26924.133 44.86530920048567 44.86530920048567 44.86530920048567 11.216327300121417 11.216327300121417 11.216327300121417
 632 1048576 30224.085 30224.085 30224.085 43.85244628580155 43.85244628580155 43.85244628580155 10.963111571450387 10.963111571450387 10.963111571450387
 688 1048576 31553.984 31553.984 31553.984 45.72609835892672 45.72609835892672 45.72609835892672 11.43152458973168 11.43152458973168 11.43152458973168
 752 1048576 34475.088 34475.088 34475.088 45.744866670101025 45.744866670101025 45.744866670101025 11.436216667525256 11.436216667525256 11.436216667525256
 824 1048576 37377.834 37377.834 37377.834 46.23203281388643 46.23203281388643 46.23203281388643 11.558008203471607 11.558008203471607 11.558008203471607
 904 1048576 38769.96 38769.96 38769.96 48.89933876640575 48.89933876640575 48.89933876640575 12.224834691601437 12.224834691601437 12.224834691601437
 992 1048576 44199.944 44199.944 44199.944 47.06736243828725 47.06736243828725 47.06736243828725 11.766840609571812 11.766840609571812 11.766840609571812
 1088 524288 24219.036 24219.036 24219.036 47.1055366530691 47.1055366530691 47.1055366530691 11.776384163267275 11.776384163267275 11.776384163267275
 1192 524288 26396.99 26396.99 26396.99 47.350193791034506 47.350193791034506 47.350193791034506 11.837548447758627 11.837548447758627 11.837548447758627
 1304 524288 28120.995 28120.995 28120.995 48.62356769381738 48.62356769381738 48.62356769381738 12.155891923454345 12.155891923454345 12.155891923454345
 1432 524288 30714.989 30714.989 30714.989 48.88690769187643 48.88690769187643 48.88690769187643 12.221726922969108 12.221726922969108 12.221726922969108
 1568 524288 33264.16 33264.16 33264.16 49.427587168892885 49.427587168892885 49.427587168892885 12.356896792223221 12.356896792223221 12.356896792223221
 1720 524288 36973.953 36973.953 36973.953 48.77895311869953 48.77895311869953 48.77895311869953 12.194738279674883 12.194738279674883 12.194738279674883
 1888 524288 40551.186 40551.186 40551.186 48.82006380775151 48.82006380775151 48.82006380775151 12.205015951937877 12.205015951937877 12.205015951937877
 2072 262144 21894.932 21894.932 21894.932 49.61535098624649 49.61535098624649 49.61535098624649 12.403837746561623 12.403837746561623 12.403837746561623
 2272 262144 24242.878 24242.878 24242.878 49.13535166905514 49.13535166905514 49.13535166905514 12.283837917263785 12.283837917263785 12.283837917263785
 2496 262144 26357.889 26357.889 26357.889 49.64824186034018 49.64824186034018 49.64824186034018 12.412060465085045 12.412060465085045 12.412060465085045
 2744 262144 29036.999 29036.999 29036.999 49.54528090179016 49.54528090179016 49.54528090179016 12.38632022544754 12.38632022544754 12.38632022544754
 3016 262144 31867.981 31867.981 31867.981 49.618851222485674 49.618851222485674 49.618851222485674 12.404712805621418 12.404712805621418 12.404712805621418
 3312 262144 34606.218 34606.218 34606.218 50.17716342190296 50.17716342190296 50.17716342190296 12.54429085547574 12.54429085547574 12.54429085547574
 3640 262144 37868.977 37868.977 37868.977 50.3950323242162 50.3950323242162 50.3950323242162 12.59875808105405 12.59875808105405 12.59875808105405
 4000 262144 41439.056 41439.056 41439.056 50.60810265562034 50.60810265562034 50.60810265562034 12.652025663905086 12.652025663905086 12.652025663905086
 4400 131072 24896.145 24896.145 24896.145 46.32980728542511 46.32980728542511 46.32980728542511 11.582451821356278 11.582451821356278 11.582451821356278
 4840 131072 27784.824 27784.824 27784.824 45.664387148898264 45.664387148898264 45.664387148898264 11.416096787224566 11.416096787224566 11.416096787224566
 5320 131072 30181.885 30181.885 30181.885 46.20672565679712 46.20672565679712 46.20672565679712 11.55168141419928 11.55168141419928 11.55168141419928
 5848 131072 30367.851 30367.851 30367.851 50.48161333510231 50.48161333510231 50.48161333510231 12.620403333775577 12.620403333775577 12.620403333775577
 6432 131072 35951.138 35951.138 35951.138 46.900051063752144 46.900051063752144 46.900051063752144 11.725012765938036 11.725012765938036 11.725012765938036
 7072 131072 36473.036 36473.036 36473.036 50.828847041962725 50.828847041962725 50.828847041962725 12.707211760490681 12.707211760490681 12.707211760490681
 7776 131072 40243.864 40243.864 40243.864 50.65198868577828 50.65198868577828 50.65198868577828 12.66299717144457 12.66299717144457 12.66299717144457
 8552 65536 22191.048 22191.048 22191.048 50.51260958923617 50.51260958923617 50.51260958923617 12.628152397309043 12.628152397309043 12.628152397309043
 9400 65536 24296.045 24296.045 24296.045 50.71100255206146 50.71100255206146 50.71100255206146 12.677750638015365 12.677750638015365 12.677750638015365
 10336 65536 26951.79 26951.79 26951.79 50.26605624338866 50.26605624338866 50.26605624338866 12.566514060847165 12.566514060847165 12.566514060847165
 11368 65536 29309.988 29309.988 29309.988 50.836816992214395 50.836816992214395 50.836816992214395 12.709204248053599 12.709204248053599 12.709204248053599
 12504 65536 32563.925 32563.925 32563.925 50.32944548299997 50.32944548299997 50.32944548299997 12.582361370749993 12.582361370749993 12.582361370749993
 13752 65536 35735.13 35735.13 35735.13 50.44062086803658 50.44062086803658 50.44062086803658 12.610155217009146 12.610155217009146 12.610155217009146
 15120 65536 39269.924 39269.924 39269.924 50.466322267392215 50.466322267392215 50.466322267392215 12.616580566848054 12.616580566848054 12.616580566848054
 16632 32768 21708.012 21708.012 21708.012 50.21163393497295 50.21163393497295 50.21163393497295 12.552908483743238 12.552908483743238 12.552908483743238
 18288 32768 23658.037 23658.037 23658.037 50.66026264140173 50.66026264140173 50.66026264140173 12.665065660350432 12.665065660350432 12.665065660350432
 20112 32768 26032.925 26032.925 26032.925 50.63050087533384 50.63050087533384 50.63050087533384 12.65762521883346 12.65762521883346 12.65762521883346
 22120 32768 28562.069 28562.069 28562.069 50.7545976448695 50.7545976448695 50.7545976448695 12.688649411217375 12.688649411217375 12.688649411217375
 24328 32768 31358.957 31358.957 31358.957 50.84224606067096 50.84224606067096 50.84224606067096 12.71056151516774 12.71056151516774 12.71056151516774
 26760 32768 34492.97 34492.97 34492.97 50.84350115400327 50.84350115400327 50.84350115400327 12.710875288500818 12.710875288500818 12.710875288500818
 29432 32768 38156.986 38156.986 38156.986 50.55052178387465 50.55052178387465 50.55052178387465 12.637630445968663 12.637630445968663 12.637630445968663
 32368 32768 41793.108 41793.108 41793.108 50.75643687471149 50.75643687471149 50.75643687471149 12.689109218677872 12.689109218677872 12.689109218677872
 35600 16384 25193.214 25193.214 25193.214 46.30377053122321 46.30377053122321 46.30377053122321 11.575942632805802 11.575942632805802 11.575942632805802
 39160 16384 28148.174 28148.174 28148.174 45.587144658122405 45.587144658122405 45.587144658122405 11.396786164530601 11.396786164530601 11.396786164530601
 43072 16384 31179.905 31179.905 31179.905 45.265798468597005 45.265798468597005 45.265798468597005 11.316449617149251 11.316449617149251 11.316449617149251
 47376 16384 34095.049 34095.049 34095.049 45.53202923978786 45.53202923978786 45.53202923978786 11.383007309946965 11.383007309946965 11.383007309946965
 52112 16384 37495.136 37495.136 37495.136 45.54206753643993 45.54206753643993 45.54206753643993 11.385516884109983 11.385516884109983 11.385516884109983
 57320 16384 41433.096 41433.096 41433.096 45.33240190402378 45.33240190402378 45.33240190402378 11.333100476005946 11.333100476005946 11.333100476005946
 63048 16384 45500.994 45500.994 45500.994 45.404653445592864 45.404653445592864 45.404653445592864 11.351163361398216 11.351163361398216 11.351163361398216
 69352 8192 24986.029 24986.029 24986.029 45.47594049458599 45.47594049458599 45.47594049458599 11.368985123646498 11.368985123646498 11.368985123646498
 76280 8192 27424.097 27424.097 27424.097 45.57202083992045 45.57202083992045 45.57202083992045 11.393005209980112 11.393005209980112 11.393005209980112
 83904 8192 30172.11 30172.11 30172.11 45.56138553120746 45.56138553120746 45.56138553120746 11.390346382801866 11.390346382801866 11.390346382801866
 92288 8192 33324.003 33324.003 33324.003 45.37409842388983 45.37409842388983 45.37409842388983 11.343524605972458 11.343524605972458 11.343524605972458
 101512 8192 36522.865 36522.865 36522.865 45.537846168420806 45.537846168420806 45.537846168420806 11.384461542105202 11.384461542105202 11.384461542105202
 111656 8192 40317.059 40317.059 40317.059 45.37463667674768 45.37463667674768 45.37463667674768 11.34365916918692 11.34365916918692 11.34365916918692
 122816 8192 44366.121 44366.121 44366.121 45.35481801530497 45.35481801530497 45.35481801530497 11.338704503826243 11.338704503826243 11.338704503826243
 135096 4096 27252.913 27252.913 27252.913 40.60873903644722 40.60873903644722 40.60873903644722 10.152184759111805 10.152184759111805 10.152184759111805
 148600 4096 27086.973 27086.973 27086.973 44.941573944050525 44.941573944050525 44.941573944050525 11.235393486012631 11.235393486012631 11.235393486012631
 163456 4096 31483.173 31483.173 31483.173 42.531658165458744 42.531658165458744 42.531658165458744 10.632914541364686 10.632914541364686 10.632914541364686
 179800 4096 35804.987 35804.987 35804.987 41.13733095336691 41.13733095336691 41.13733095336691 10.284332738341728 10.284332738341728 10.284332738341728
 197776 4096 37842.035 37842.035 37842.035 42.81431989585126 42.81431989585126 42.81431989585126 10.703579973962816 10.703579973962816 10.703579973962816
 217552 4096 42628.05 42628.05 42628.05 41.80782334636466 41.80782334636466 41.80782334636466 10.451955836591164 10.451955836591164 10.451955836591164
 239304 4096 48534.87 48534.87 48534.87 40.39113256098141 40.39113256098141 40.39113256098141 10.097783140245353 10.097783140245353 10.097783140245353
 263232 2048 26974.916 26974.916 26974.916 39.97040331840144 39.97040331840144 39.97040331840144 9.99260082960036 9.99260082960036 9.99260082960036
 289552 2048 30799.866 30799.866 30799.866 38.506823114100555 38.506823114100555 38.506823114100555 9.626705778525139 9.626705778525139 9.626705778525139
 318504 2048 35327.911 35327.911 35327.911 36.928093031031466 36.928093031031466 36.928093031031466 9.232023257757866 9.232023257757866 9.232023257757866
 350352 2048 39288.998 39288.998 39288.998 36.52528354120917 36.52528354120917 36.52528354120917 9.131320885302292 9.131320885302292 9.131320885302292
 385384 2048 45753.956 45753.956 45753.956 34.500467325710595 34.500467325710595 34.500467325710595 8.625116831427649 8.625116831427649 8.625116831427649
 423920 2048 53410.053 53410.053 53410.053 32.51029015080738 32.51029015080738 32.51029015080738 8.127572537701845 8.127572537701845 8.127572537701845
 466312 2048 57346.821 57346.821 57346.821 33.306361515662736 33.306361515662736 33.306361515662736 8.326590378915684 8.326590378915684 8.326590378915684
 512936 2048 63134.909 63134.909 63134.909 33.27772050799978 33.27772050799978 33.27772050799978 8.319430126999945 8.319430126999945 8.319430126999945
 564224 1024 34993.172 34993.172 34993.172 33.021606386525924 33.021606386525924 33.021606386525924 8.255401596631481 8.255401596631481 8.255401596631481
 620640 1024 38135.052 38135.052 38135.052 33.33077191031495 33.33077191031495 33.33077191031495 8.332692977578738 8.332692977578738 8.332692977578738
 682704 1024 41910.172 41910.172 41910.172 33.36129930461751 33.36129930461751 33.36129930461751 8.340324826154378 8.340324826154378 8.340324826154378
 750968 1024 46066.046 46066.046 46066.046 33.386465684508714 33.386465684508714 33.386465684508714 8.346616421127178 8.346616421127178 8.346616421127178
 826064 1024 50698.996 50698.996 50698.996 33.36908431086091 33.36908431086091 33.36908431086091 8.342271077715228 8.342271077715228 8.342271077715228
 908664 1024 55792.093 55792.093 55792.093 33.354975085806515 33.354975085806515 33.354975085806515 8.338743771451629 8.338743771451629 8.338743771451629
 999528 1024 61148.882 61148.882 61148.882 33.47621864942682 33.47621864942682 33.47621864942682 8.369054662356705 8.369054662356705 8.369054662356705
 1099480 512 33778.906 33778.906 33778.906 33.33049092827339 33.33049092827339 33.33049092827339 8.332622732068348 8.332622732068348 8.332622732068348
 1209424 512 37127.972 37127.972 37127.972 33.35625700213305 33.35625700213305 33.35625700213305 8.339064250533262 8.339064250533262 8.339064250533262
 1330360 512 40879.965 40879.965 40879.965 33.32411463659522 33.32411463659522 33.32411463659522 8.331028659148805 8.331028659148805 8.331028659148805
 1463392 512 44842.005 44842.005 44842.005 33.417627244812095 33.417627244812095 33.417627244812095 8.354406811203024 8.354406811203024 8.354406811203024
 1609728 512 50760.984 50760.984 50760.984 32.47300075979615 32.47300075979615 32.47300075979615 8.118250189949038 8.118250189949038 8.118250189949038
 1770696 512 54380.894 54380.894 54380.894 33.342458548033434 33.342458548033434 33.342458548033434 8.335614637008359 8.335614637008359 8.335614637008359
 1947760 512 59811.831 59811.831 59811.831 33.34634982165987 33.34634982165987 33.34634982165987 8.336587455414968 8.336587455414968 8.336587455414968
 2142536 256 32903.91 32903.91 32903.91 33.33884732847859 33.33884732847859 33.33884732847859 8.334711832119648 8.334711832119648 8.334711832119648
 2356784 256 36228.895 36228.895 36228.895 33.30693381622597 33.30693381622597 33.30693381622597 8.326733454056493 8.326733454056493 8.326733454056493
 2592456 256 39739.132 39739.132 39739.132 33.40126986165677 33.40126986165677 33.40126986165677 8.350317465414193 8.350317465414193 8.350317465414193
 2851696 256 43748.14 43748.14 43748.14 33.374409792050585 33.374409792050585 33.374409792050585 8.343602448012646 8.343602448012646 8.343602448012646
 3136864 256 48089.027 48089.027 48089.027 33.397938535957486 33.397938535957486 33.397938535957486 8.349484633989372 8.349484633989372 8.349484633989372
 3450544 256 52949.905 52949.905 52949.905 33.36509344067756 33.36509344067756 33.36509344067756 8.34127336016939 8.34127336016939 8.34127336016939
 3795592 256 58340.073 58340.073 58340.073 33.31060459934632 33.31060459934632 33.31060459934632 8.32765114983658 8.32765114983658 8.32765114983658
 4175144 256 63992.977 63992.977 63992.977 33.404817656787564 33.404817656787564 33.404817656787564 8.351204414196891 8.351204414196891 8.351204414196891
 4592656 128 35418.987 35418.987 35418.987 33.194623437423544 33.194623437423544 33.194623437423544 8.298655859355886 8.298655859355886 8.298655859355886
 5051920 128 39057.016 39057.016 39057.016 33.11291164691127 33.11291164691127 33.11291164691127 8.278227911727818 8.278227911727818 8.278227911727818
 5557112 128 42671.919 42671.919 42671.919 33.338567970191356 33.338567970191356 33.338567970191356 8.334641992547839 8.334641992547839 8.334641992547839
 6112816 128 47247.887 47247.887 47247.887 33.12065354372355 33.12065354372355 33.12065354372355 8.280163385930887 8.280163385930887 8.280163385930887
 6724096 128 54672.956 54672.956 54672.956 31.484827269994327 31.484827269994327 31.484827269994327 7.871206817498582 7.871206817498582 7.871206817498582
 7396504 128 57298.899 57298.899 57298.899 33.04609786655761 33.04609786655761 33.04609786655761 8.261524466639402 8.261524466639402 8.261524466639402
 8136152 128 63943.863 63943.863 63943.863 32.57317925881331 32.57317925881331 32.57317925881331 8.143294814703328 8.143294814703328 8.143294814703328
 8949760 64 36458.969 36458.969 36458.969 31.42078098807457 31.42078098807457 31.42078098807457 7.855195247018642 7.855195247018642 7.855195247018642
 9844736 64 40013.075 40013.075 40013.075 31.492860971070083 31.492860971070083 31.492860971070083 7.873215242767521 7.873215242767521 7.873215242767521
 10829208 64 42373.18 42373.18 42373.18 32.712640967706456 32.712640967706456 32.712640967706456 8.178160241926614 8.178160241926614 8.178160241926614
 11912128 64 46564.102 46564.102 46564.102 32.745233312992916 32.745233312992916 32.745233312992916 8.186308328248229 8.186308328248229 8.186308328248229
 13103336 64 51177.979 51177.979 51177.979 32.77243534763262 32.77243534763262 32.77243534763262 8.193108836908156 8.193108836908156 8.193108836908156
 14413664 64 56764.126 56764.126 56764.126 32.502024112905396 32.502024112905396 32.502024112905396 8.125506028226349 8.125506028226349 8.125506028226349
 15855024 64 64001.083 64001.083 64001.083 31.709511415611512 31.709511415611512 31.709511415611512 7.927377853902878 7.927377853902878 7.927377853902878
 17440520 32 34217.119 34217.119 34217.119 32.62090183571563 32.62090183571563 32.62090183571563 8.155225458928907 8.155225458928907 8.155225458928907
 19184568 32 37919.998 37919.998 37919.998 32.37901942927318 32.37901942927318 32.37901942927318 8.094754857318295 8.094754857318295 8.094754857318295
 21103024 32 41960.955 41960.955 41960.955 32.18691128455013 32.18691128455013 32.18691128455013 8.046727821137532 8.046727821137532 8.046727821137532
 23213320 32 46228.886 46228.886 46228.886 32.136886880639956 32.136886880639956 32.136886880639956 8.034221720159989 8.034221720159989 8.034221720159989
 25534648 32 51252.127 51252.127 51252.127 31.88584684495143 31.88584684495143 31.88584684495143 7.971461711237858 7.971461711237858 7.971461711237858
 28088112 32 59381.962 59381.962 59381.962 30.27247850113137 30.27247850113137 30.27247850113137 7.568119625282843 7.568119625282843 7.568119625282843
 30896920 32 80165.148 80165.148 80165.148 24.666615472349655 24.666615472349655 24.666615472349655 6.166653868087414 6.166653868087414 6.166653868087414
 33986608 16 51354.885 51354.885 51354.885 21.177565795347412 21.177565795347412 21.177565795347412 5.294391448836853 5.294391448836853 5.294391448836853
 37385264 16 59906.006 59906.006 59906.006 19.970091947041173 19.970091947041173 19.970091947041173 4.992522986760293 4.992522986760293 4.992522986760293
 41123784 16 70060.015 70060.015 70060.015 18.78334008349841 18.78334008349841 18.78334008349841 4.695835020874602 4.695835020874602 4.695835020874602
 45236160 16 78810.93 78810.93 78810.93 18.367466543028996 18.367466543028996 18.367466543028996 4.591866635757249 4.591866635757249 4.591866635757249
 49759776 16 88646.889 88646.889 88646.889 17.962422031527808 17.962422031527808 17.962422031527808 4.490605507881952 4.490605507881952 4.490605507881952
 54735752 16 97229.958 97229.958 97229.958 18.014448427510377 18.014448427510377 18.014448427510377 4.503612106877594 4.503612106877594 4.503612106877594
 60209320 16 107570.171 107570.171 107570.171 17.911082803800692 17.911082803800692 17.911082803800692 4.477770700950173 4.477770700950173 4.477770700950173
 66230248 16 118736.029 118736.029 118736.029 17.84940892709154 17.84940892709154 17.84940892709154 4.462352231772885 4.462352231772885 4.462352231772885
 72853272 8 66974.878 66974.878 66974.878 17.40432214001196 17.40432214001196 17.40432214001196 4.35108053500299 4.35108053500299 4.35108053500299
 80138592 8 71158.171 71158.171 71158.171 18.019258420793303 18.019258420793303 18.019258420793303 4.504814605198326 4.504814605198326 4.504814605198326
 88152448 8 78077.078 78077.078 78077.078 18.064702267674516 18.064702267674516 18.064702267674516 4.516175566918629 4.516175566918629 4.516175566918629
 96967688 8 85013.866 85013.866 85013.866 18.24976419728989 18.24976419728989 18.24976419728989 4.562441049322472 4.562441049322472 4.562441049322472
 106664456 8 92777.014 92777.014 92777.014 18.394979773761637 18.394979773761637 18.394979773761637 4.598744943440409 4.598744943440409 4.598744943440409
 117330896 8 102158.07 102158.07 102158.07 18.37636846506595 18.37636846506595 18.37636846506595 4.594092116266488 4.594092116266488 4.594092116266488
 129063984 8 113348.007 113348.007 113348.007 18.218438935587105 18.218438935587105 18.218438935587105 4.554609733896776 4.554609733896776 4.554609733896776
 141970376 4 62431.097 62431.097 62431.097 18.1922641532312 18.1922641532312 18.1922641532312 4.5480660383078 4.5480660383078 4.5480660383078
 156167408 4 70604.086 70604.086 70604.086 17.694999465045125 17.694999465045125 17.694999465045125 4.423749866261281 4.423749866261281 4.423749866261281
 171784144 4 77130.795 77130.795 77130.795 17.81743792476144 17.81743792476144 17.81743792476144 4.45435948119036 4.45435948119036 4.45435948119036
 188962552 4 85690.022 85690.022 85690.022 17.64149874999449 17.64149874999449 17.64149874999449 4.4103746874986225 4.4103746874986225 4.4103746874986225
 207858800 4 92391.968 92391.968 92391.968 17.9979974016789 17.9979974016789 17.9979974016789 4.499499350419725 4.499499350419725 4.499499350419725
 228644680 4 100125.074 100125.074 100125.074 18.26872497492486 18.26872497492486 18.26872497492486 4.567181243731215 4.567181243731215 4.567181243731215
 251509144 4 110426.903 110426.903 110426.903 18.220860110511296 18.220860110511296 18.220860110511296 4.555215027627824 4.555215027627824 4.555215027627824
 276660056 2 60473.919 60473.919 60473.919 18.29946268241686 18.29946268241686 18.29946268241686 4.574865670604215 4.574865670604215 4.574865670604215
 304326056 2 68958.998 68958.998 68958.998 17.65257992872808 17.65257992872808 17.65257992872808 4.41314498218202 4.41314498218202 4.41314498218202
 334758656 2 76018.095 76018.095 76018.095 17.614682714687863 17.614682714687863 17.614682714687863 4.403670678671966 4.403670678671966 4.403670678671966
 368234520 2 80534.935 80534.935 80534.935 18.289430295063877 18.289430295063877 18.289430295063877 4.572357573765969 4.572357573765969 4.572357573765969
 405057968 2 90579.033 90579.033 90579.033 17.887493588058067 17.887493588058067 17.887493588058067 4.471873397014517 4.471873397014517 4.471873397014517
 445563760 2 99272.013 99272.013 99272.013 17.953247709402245 17.953247709402245 17.953247709402245 4.488311927350561 4.488311927350561 4.488311927350561
 490120136 2 111004.114 111004.114 111004.114 17.661332299810077 17.661332299810077 17.661332299810077 4.415333074952519 4.415333074952519 4.415333074952519
 539132144 1 60801.983 60801.983 60801.983 17.73403160222587 17.73403160222587 17.73403160222587 4.433507900556467 4.433507900556467 4.433507900556467
 593045352 1 66511.869 66511.869 66511.869 17.832767622272048 17.832767622272048 17.832767622272048 4.458191905568012 4.458191905568012 4.458191905568012
 652349880 1 74457.884 74457.884 74457.884 17.52265428332613 17.52265428332613 17.52265428332613 4.3806635708315325 4.3806635708315325 4.3806635708315325
 717584864 1 81408.978 81408.978 81408.978 17.629133337111785 17.629133337111785 17.629133337111785 4.407283334277946 4.407283334277946 4.407283334277946
 789343344 1 88439.941 88439.941 88439.941 17.850381514840674 17.850381514840674 17.850381514840674 4.462595378710168 4.462595378710168 4.462595378710168
 868277672 1 100672.007 100672.007 100672.007 17.24963468742607 17.24963468742607 17.24963468742607 4.3124086718565176 4.3124086718565176 4.3124086718565176
 955105432 1 106894.016 106894.016 106894.016 17.870138436935513 17.870138436935513 17.870138436935513 4.467534609233878 4.467534609233878 4.467534609233878
 1050615968 1 118252.993 118252.993 118252.993 17.768953518157463 17.768953518157463 17.768953518157463 4.442238379539366 4.442238379539366 4.442238379539366
 
META_DATA
 MPI startup(): shm:tmi fabric is unknown or has been removed from the product, please use ofi or shm:ofi instead
 FLOPS          4
 MPI_PROCS      1
 OPENMP_THREADS 1
 ERT_VERSION  1.1.0
 HOSTNAME  ('shas0420.rc.int.colorado.edu', [], ['10.225.6.135'])
 UNAME  uname_result(system='Linux', node='shas0420.rc.int.colorado.edu', release='3.10.0-957.27.2.el7.x86_64', version='#1 SMP Mon Jul 29 17:46:05 UTC 2019', machine='x86_64', processor='x86_64')
 TIMESTAMP_DATA  1664555018.1461105
 CONFIG  {'ERT_RESULTS': ['lab5_results'], 'ERT_DRIVER': ['driver1'], 'ERT_KERNEL': ['kernel1'], 'ERT_MPI': ['True'], 'ERT_MPI_CFLAGS': ['-I/usr/include/mpi'], 'ERT_MPI_LDFLAGS': ['-lmpi'], 'ERT_OPENMP': ['True'], 'ERT_OPENMP_CFLAGS': ['-qopenmp'], 'ERT_OPENMP_LDFLAGS': ['-qopenmp'], 'ERT_FLOPS': ['1,2,4,8,16'], 'ERT_ALIGN': ['32'], 'ERT_CC': ['mpicc'], 'ERT_CFLAGS': ['-O3', '-msse3', '-axSSE3', '-xSSE3', '-fno-alias', '-fno-fnalias', '-DERT_INTEL', '-std=c++11'], 'ERT_LD': ['mpicc'], 'ERT_LDFLAGS': [], 'ERT_LDLIBS': [], 'ERT_PRECISION': ['FP64'], 'ERT_RUN': ['export', 'OMP_NUM_THREADS=ERT_OPENMP_THREADS;', 'mpirun', '-np', 'ERT_MPI_PROCS', 'ERT_CODE'], 'ERT_PROCS_THREADS': ['1-24'], 'ERT_MPI_PROCS': ['1,2,4,8,12,24'], 'ERT_OPENMP_THREADS': ['1,2,4,8,12,24'], 'ERT_NUM_EXPERIMENTS': ['1'], 'ERT_MEMORY_MAX': ['1073741824'], 'ERT_WORKING_SET_MIN': ['1'], 'ERT_TRIALS_MIN': ['1'], 'ERT_GNUPLOT': ['gnuplot'], 'ERT_GPU': [False], 'ERT_HIP': [False], 'ERT_OCL': [False], 'ERT_SYCL': [False], 'ERT_WSS_MULT': [1.1]}
 