fp64
 192 4194304 126708.984 126708.984 126708.984 12.711117121734636 12.711117121734636 12.711117121734636 0.7944448201084148 0.7944448201084148 0.7944448201084148
 384 2097152 73310.137 73310.137 73310.137 21.969850308696053 21.969850308696053 21.969850308696053 1.3731156442935033 1.3731156442935033 1.3731156442935033
 576 1048576 35083.055 35083.055 35083.055 34.43142428730907 34.43142428730907 34.43142428730907 2.151964017956817 2.151964017956817 2.151964017956817
 768 1048576 57423.83 57423.83 57423.83 28.047811091666993 28.047811091666993 28.047811091666993 1.752988193229187 1.752988193229187 1.752988193229187
 960 1048576 52374.84 52374.84 52374.84 38.43956220200386 38.43956220200386 38.43956220200386 2.4024726376252414 2.4024726376252414 2.4024726376252414
 1152 524288 30991.077 30991.077 30991.077 38.97765643962615 38.97765643962615 38.97765643962615 2.4361035274766345 2.4361035274766345 2.4361035274766345
 1344 524288 22909.164 22909.164 22909.164 61.51626240049615 61.51626240049615 61.51626240049615 3.8447664000310096 3.8447664000310096 3.8447664000310096
 1536 524288 31698.942 31698.942 31698.942 50.80966853720228 50.80966853720228 50.80966853720228 3.1756042835751424 3.1756042835751424 3.1756042835751424
 1728 524288 29942.036 29942.036 29942.036 60.51490045633503 60.51490045633503 60.51490045633503 3.782181278520939 3.782181278520939 3.782181278520939
 1920 524288 35279.036 35279.036 35279.036 57.06691985574662 57.06691985574662 57.06691985574662 3.5666824909841637 3.5666824909841637 3.5666824909841637
 2112 262144 16763.926 16763.926 16763.926 66.05232306561125 66.05232306561125 66.05232306561125 4.128270191600703 4.128270191600703 4.128270191600703
 2304 262144 19392.014 19392.014 19392.014 62.29159859311158 62.29159859311158 62.29159859311158 3.8932249120694737 3.8932249120694737 3.8932249120694737
 2496 262144 18558.025 18558.025 18558.025 70.51520018967534 70.51520018967534 70.51520018967534 4.407200011854709 4.407200011854709 4.407200011854709
 2688 262144 21152.02 21152.02 21152.02 66.62655122300376 66.62655122300376 66.62655122300376 4.164159451437735 4.164159451437735 4.164159451437735
 2880 262144 20317.078 20317.078 20317.078 74.31922247874422 74.31922247874422 74.31922247874422 4.644951404921514 4.644951404921514 4.644951404921514
 3072 262144 11670.113 11670.113 11670.113 138.01175155716146 138.01175155716146 138.01175155716146 8.625734472322591 8.625734472322591 8.625734472322591
 3264 262144 14106.989 14106.989 14106.989 121.30696578837625 121.30696578837625 121.30696578837625 7.581685361773515 7.581685361773515 7.581685361773515
 3456 262144 14238.834 14238.834 14238.834 127.25335009875106 127.25335009875106 127.25335009875106 7.953334381171941 7.953334381171941 7.953334381171941
 3648 262144 17859.936 17859.936 17859.936 107.08899651152166 107.08899651152166 107.08899651152166 6.6930622819701036 6.6930622819701036 6.6930622819701036
 3840 262144 17196.894 17196.894 17196.894 117.0714851181847 117.0714851181847 117.0714851181847 7.3169678198865435 7.3169678198865435 7.3169678198865435
 4224 131072 13209.82 13209.82 13209.82 83.82372023237258 83.82372023237258 83.82372023237258 5.238982514523286 5.238982514523286 5.238982514523286
 4608 131072 11443.853 11443.853 11443.853 105.55531882487482 105.55531882487482 105.55531882487482 6.597207426554676 6.597207426554676 6.597207426554676
 4992 131072 11276.007 11276.007 11276.007 116.0537456211228 116.0537456211228 116.0537456211228 7.253359101320175 7.253359101320175 7.253359101320175
 5376 131072 11912.107 11912.107 11912.107 118.30704207072687 118.30704207072687 118.30704207072687 7.394190129420429 7.394190129420429 7.394190129420429
 5760 131072 13150.93 13150.93 13150.93 114.81693233862548 114.81693233862548 114.81693233862548 7.176058271164092 7.176058271164092 7.176058271164092
 6336 131072 12065.172 12065.172 12065.172 137.6643767697634 137.6643767697634 137.6643767697634 8.604023548110213 8.604023548110213 8.604023548110213
 6912 131072 13241.053 13241.053 13241.053 136.84254024207894 136.84254024207894 136.84254024207894 8.552658765129934 8.552658765129934 8.552658765129934
 7488 131072 20344.019 20344.019 20344.019 96.48704476730974 96.48704476730974 96.48704476730974 6.030440297956859 6.030440297956859 6.030440297956859
 8064 131072 15920.162 15920.162 15920.162 132.78314730716934 132.78314730716934 132.78314730716934 8.298946706698084 8.298946706698084 8.298946706698084
 8832 65536 8862.019 8862.019 8862.019 130.62800971200804 130.62800971200804 130.62800971200804 8.164250607000502 8.164250607000502 8.164250607000502
 9600 65536 8855.104 8855.104 8855.104 142.09784549114275 142.09784549114275 142.09784549114275 8.881115343196422 8.881115343196422 8.881115343196422
 10560 65536 14077.902 14077.902 14077.902 98.31865003748429 98.31865003748429 98.31865003748429 6.144915627342768 6.144915627342768 6.144915627342768
 11520 65536 11051.893 11051.893 11051.893 136.6236028524706 136.6236028524706 136.6236028524706 8.538975178279413 8.538975178279413 8.538975178279413
 12672 65536 11893.034 11893.034 11893.034 139.65691042336212 139.65691042336212 139.65691042336212 8.728556901460133 8.728556901460133 8.728556901460133
 13824 65536 12862.921 12862.921 12862.921 140.86530796543025 140.86530796543025 140.86530796543025 8.80408174783939 8.80408174783939 8.80408174783939
 15168 65536 14742.136 14742.136 14742.136 134.85834725714102 134.85834725714102 134.85834725714102 8.428646703571314 8.428646703571314 8.428646703571314
 16512 32768 8352.041 8352.041 8352.041 129.56478925330947 129.56478925330947 129.56478925330947 8.097799328331842 8.097799328331842 8.097799328331842
 18048 32768 8394.957 8394.957 8394.957 140.89336348000353 140.89336348000353 140.89336348000353 8.80583521750022 8.80583521750022 8.80583521750022
 19776 32768 12648.106 12648.106 12648.106 102.4690918940749 102.4690918940749 102.4690918940749 6.404318243379681 6.404318243379681 6.404318243379681
 21696 32768 10723.114 10723.114 10723.114 132.59852091472683 132.59852091472683 132.59852091472683 8.287407557170427 8.287407557170427 8.287407557170427
 23808 32768 10871.887 10871.887 10871.887 143.51520467422077 143.51520467422077 143.51520467422077 8.969700292138798 8.969700292138798 8.969700292138798
 26112 32768 11667.013 11667.013 11667.013 146.6764485477131 146.6764485477131 146.6764485477131 9.16727803423207 9.16727803423207 9.16727803423207
 28608 32768 16123.772 16123.772 16123.772 116.2788637795176 116.2788637795176 116.2788637795176 7.26742898621985 7.26742898621985 7.26742898621985
 31296 32768 14724.016 14724.016 14724.016 139.29723086418815 139.29723086418815 139.29723086418815 8.70607692901176 8.70607692901176 8.70607692901176
 34368 16384 7691.145 7691.145 7691.145 146.42431315493334 146.42431315493334 146.42431315493334 9.151519572183334 9.151519572183334 9.151519572183334
 37632 16384 8271.933 8271.933 8271.933 149.07342407149574 149.07342407149574 149.07342407149574 9.317089004468484 9.317089004468484 9.317089004468484
 41280 16384 9521.008 9521.008 9521.008 142.07141092623806 142.07141092623806 142.07141092623806 8.879463182889879 8.879463182889879 8.879463182889879
 45312 16384 10025.978 10025.978 10025.978 148.093643931794 148.093643931794 148.093643931794 9.255852745737124 9.255852745737124 9.255852745737124
 49728 16384 14899.015 14899.015 14899.015 109.36878068785084 109.36878068785084 109.36878068785084 6.835548792990678 6.835548792990678 6.835548792990678
 54528 16384 16366.005 16366.005 16366.005 109.17591092022762 109.17591092022762 109.17591092022762 6.823494432514226 6.823494432514226 6.823494432514226
 59904 16384 13125.896 13125.896 13125.896 149.54668786039443 149.54668786039443 149.54668786039443 9.346667991274652 9.346667991274652 9.346667991274652
 65856 8192 7730.007 7730.007 7730.007 139.58392327458438 139.58392327458438 139.58392327458438 8.723995204661524 8.723995204661524 8.723995204661524
 72384 8192 7992.983 7992.983 7992.983 148.37257329334992 148.37257329334992 148.37257329334992 9.27328583083437 9.27328583083437 9.27328583083437
 79488 8192 8723.974 8723.974 8723.974 149.2818974471955 149.2818974471955 149.2818974471955 9.330118590449718 9.330118590449718 9.330118590449718
 87360 8192 9943.008 9943.008 9943.008 143.95102970851477 143.95102970851477 143.95102970851477 8.996939356782173 8.996939356782173 8.996939356782173
 96000 8192 10491.848 10491.848 10491.848 149.91296099600376 149.91296099600376 149.91296099600376 9.369560062250235 9.369560062250235 9.369560062250235
 105600 8192 11965.036 11965.036 11965.036 144.6005177084298 144.6005177084298 144.6005177084298 9.037532356776863 9.037532356776863 9.037532356776863
 116160 8192 14626.026 14626.026 14626.026 130.12184170874576 130.12184170874576 130.12184170874576 8.13261510679661 8.13261510679661 8.13261510679661
 127680 8192 14373.064 14373.064 14373.064 145.54371426997056 145.54371426997056 145.54371426997056 9.09648214187316 9.09648214187316 9.09648214187316
 140352 4096 7874.012 7874.012 7874.012 146.02004467354126 146.02004467354126 146.02004467354126 9.126252792096329 9.126252792096329 9.126252792096329
 154368 4096 9057.999 9057.999 9057.999 139.6094938849077 139.6094938849077 139.6094938849077 8.72559336780673 8.72559336780673 8.72559336780673
 169728 4096 10452.986 10452.986 10452.986 133.01575033201038 133.01575033201038 133.01575033201038 8.313484395750649 8.313484395750649 8.313484395750649
 186624 4096 10358.81 10358.81 10358.81 147.5868181769914 147.5868181769914 147.5868181769914 9.224176136061962 9.224176136061962 9.224176136061962
 205248 4096 11393.07 11393.07 11393.07 147.58020586198452 147.58020586198452 147.58020586198452 9.223762866374033 9.223762866374033 9.223762866374033
 225600 4096 12492.895 12492.895 12492.895 147.93330128845236 147.93330128845236 147.93330128845236 9.245831330528272 9.245831330528272 9.245831330528272
 248064 4096 15409.946 15409.946 15409.946 131.87199280257047 131.87199280257047 131.87199280257047 8.241999550160655 8.241999550160655 8.241999550160655
 272832 2048 8545.876 8545.876 8545.876 130.7671527178723 130.7671527178723 130.7671527178723 8.17294704486702 8.17294704486702 8.17294704486702
 300096 2048 8240.938 8240.938 8240.938 149.15695470588423 149.15695470588423 149.15695470588423 9.322309669117764 9.322309669117764 9.322309669117764
 330048 2048 9039.879 9039.879 9039.879 149.54587423128118 149.54587423128118 149.54587423128118 9.346617139455073 9.346617139455073 9.346617139455073
 362880 2048 10329.962 10329.962 10329.962 143.887894263309 143.887894263309 143.887894263309 8.992993391456812 8.992993391456812 8.992993391456812
 399168 2048 10901.213 10901.213 10901.213 149.9825870754016 149.9825870754016 149.9825870754016 9.3739116922126 9.3739116922126 9.3739116922126
 438912 2048 12021.065 12021.065 12021.065 149.5527685774929 149.5527685774929 149.5527685774929 9.347048036093307 9.347048036093307 9.347048036093307
 482688 2048 15894.89 15894.89 15894.89 124.3852614267856 124.3852614267856 124.3852614267856 7.7740788391741 7.7740788391741 7.7740788391741
 530880 1024 9602.07 9602.07 9602.07 113.22998478453084 113.22998478453084 113.22998478453084 7.076874049033178 7.076874049033178 7.076874049033178
 583872 1024 7961.035 7961.035 7961.035 150.20281357888769 150.20281357888769 150.20281357888769 9.38767584868048 9.38767584868048 9.38767584868048
 642240 1024 54583.073 54583.073 54583.073 24.09735193912589 24.09735193912589 24.09735193912589 1.506084496195368 1.506084496195368 1.506084496195368
 706368 1024 9612.083 9612.083 9612.083 150.5024107677805 150.5024107677805 150.5024107677805 9.406400672986281 9.406400672986281 9.406400672986281
 776832 1024 10597.944 10597.944 10597.944 150.11892268915557 150.11892268915557 150.11892268915557 9.382432668072223 9.382432668072223 9.382432668072223
 854400 1024 13196.945 13196.945 13196.945 132.59214159034534 132.59214159034534 132.59214159034534 8.287008849396583 8.287008849396583 8.287008849396583
 939840 1024 16312.122 16312.122 16312.122 117.99766578499107 117.99766578499107 117.99766578499107 7.374854111561942 7.374854111561942 7.374854111561942
 1033728 1024 16218.901 16218.901 16218.901 130.5313438931528 130.5313438931528 130.5313438931528 8.15820899332205 8.15820899332205 8.15820899332205
 1137024 512 8939.028 8939.028 8939.028 130.25046750049333 130.25046750049333 130.25046750049333 8.140654218780833 8.140654218780833 8.140654218780833
 1250688 512 10948.896 10948.896 10948.896 116.97110941596303 116.97110941596303 116.97110941596303 7.310694338497689 7.310694338497689 7.310694338497689
 1375680 512 10779.142 10779.142 10779.142 130.68724022746895 130.68724022746895 130.68724022746895 8.16795251421681 8.16795251421681 8.16795251421681
 1513152 512 11786.938 11786.938 11786.938 131.45633310364406 131.45633310364406 131.45633310364406 8.216020818977753 8.216020818977753 8.216020818977753
 1664448 512 14431.0 14431.0 14431.0 118.10648964035757 118.10648964035757 118.10648964035757 7.381655602522348 7.381655602522348 7.381655602522348
 1830720 512 17159.939 17159.939 17159.939 109.24615058363554 109.24615058363554 109.24615058363554 6.827884411477221 6.827884411477221 6.827884411477221
 2013696 512 18047.094 18047.094 18047.094 114.2579910095221 114.2579910095221 114.2579910095221 7.141124438095131 7.141124438095131 7.141124438095131
 2214912 256 10035.992 10035.992 10035.992 112.99679633064672 112.99679633064672 112.99679633064672 7.06229977066542 7.06229977066542 7.06229977066542
 2436288 256 8616.924 8616.924 8616.924 144.75925005257093 144.75925005257093 144.75925005257093 9.047453128285683 9.047453128285683 9.047453128285683
 2679744 256 11497.021 11497.021 11497.021 119.3377769771839 119.3377769771839 119.3377769771839 7.458611061073994 7.458611061073994 7.458611061073994
 2947584 256 12156.01 12156.01 12156.01 124.14953656668594 124.14953656668594 124.14953656668594 7.759346035417871 7.759346035417871 7.759346035417871
 3242304 256 12727.976 12727.976 12727.976 130.4260510862057 130.4260510862057 130.4260510862057 8.151628192887856 8.151628192887856 8.151628192887856
 3566400 256 13914.108 13914.108 13914.108 131.23347899843813 131.23347899843813 131.23347899843813 8.202092437402383 8.202092437402383 8.202092437402383
 3922944 256 19079.924 19079.924 19079.924 105.27019541587275 105.27019541587275 105.27019541587275 6.579387213492047 6.579387213492047 6.579387213492047
 4315200 128 10246.992 10246.992 10246.992 107.80638845038622 107.80638845038622 107.80638845038622 6.737899278149139 6.737899278149139 6.737899278149139
 4746624 128 9761.095 9761.095 9761.095 124.48764651916613 124.48764651916613 124.48764651916613 7.780477907447883 7.780477907447883 7.780477907447883
 5221248 128 12295.961 12295.961 12295.961 108.70557315528247 108.70557315528247 108.70557315528247 6.794098322205154 6.794098322205154 6.794098322205154
 5743296 128 11152.983 11152.983 11152.983 131.8287471611855 131.8287471611855 131.8287471611855 8.239296697574094 8.239296697574094 8.239296697574094
 6317568 128 12538.91 12538.91 12538.91 128.98229654730753 128.98229654730753 128.98229654730753 8.06139353420672 8.06139353420672 8.06139353420672
 6949248 128 19874.096 19874.096 19874.096 89.51388219116984 89.51388219116984 89.51388219116984 5.594617636948115 5.594617636948115 5.594617636948115
 7644096 128 22146.94 22146.94 22146.94 88.35932079104383 88.35932079104383 88.35932079104383 5.522457549440239 5.522457549440239 5.522457549440239
 8408448 64 13172.865 13172.865 13172.865 81.70442375291935 81.70442375291935 81.70442375291935 5.10652648455746 5.10652648455746 5.10652648455746
 9249216 64 14261.961 14261.961 14261.961 83.01100024042977 83.01100024042977 83.01100024042977 5.18818751502686 5.18818751502686 5.18818751502686
 10174080 64 14245.033 14245.033 14245.033 91.42009288430572 91.42009288430572 91.42009288430572 5.713755805269107 5.713755805269107 5.713755805269107
 11191488 64 15796.9 15796.9 15796.9 90.68301147693535 90.68301147693535 90.68301147693535 5.667688217308459 5.667688217308459 5.667688217308459
 12310464 64 17369.032 17369.032 17369.032 90.72119804949406 90.72119804949406 90.72119804949406 5.670074878093379 5.670074878093379 5.670074878093379
 13541376 64 19475.937 19475.937 19475.937 88.99680297795172 88.99680297795172 88.99680297795172 5.562300186121982 5.562300186121982 5.562300186121982
 14895360 64 20963.192 20963.192 20963.192 90.95017972453815 90.95017972453815 90.95017972453815 5.684386232783634 5.684386232783634 5.684386232783634
 16384896 64 23221.97 23221.97 23221.97 90.31390050025901 90.31390050025901 90.31390050025901 5.644618781266188 5.644618781266188 5.644618781266188
 18023232 32 12670.04 12670.04 12670.04 91.04050563376279 91.04050563376279 91.04050563376279 5.6900316021101744 5.6900316021101744 5.6900316021101744
 19825536 32 14471.054 14471.054 14471.054 87.68084923185278 87.68084923185278 87.68084923185278 5.4800530769907985 5.4800530769907985 5.4800530769907985
 21807936 32 15999.794 15999.794 15999.794 87.2328671231642 87.2328671231642 87.2328671231642 5.452054195197762 5.452054195197762 5.452054195197762
 23988672 32 17071.009 17071.009 17071.009 89.93463760695107 89.93463760695107 89.93463760695107 5.620914850434442 5.620914850434442 5.620914850434442
 26387520 32 18616.915 18616.915 18616.915 90.71327231176593 90.71327231176593 90.71327231176593 5.669579519485371 5.669579519485371 5.669579519485371
 29026176 32 20426.989 20426.989 20426.989 90.94219730573114 90.94219730573114 90.94219730573114 5.683887331608196 5.683887331608196 5.683887331608196
 31928640 32 22432.804 22432.804 22432.804 91.09128577952181 91.09128577952181 91.09128577952181 5.693205361220113 5.693205361220113 5.693205361220113
 35121408 16 12480.021 12480.021 12480.021 90.05474077327273 90.05474077327273 90.05474077327273 5.628421298329545 5.628421298329545 5.628421298329545
 38633472 16 17956.018 17956.018 17956.018 68.84995904994081 68.84995904994081 68.84995904994081 4.3031224406213004 4.3031224406213004 4.3031224406213004
 42496704 16 14842.987 14842.987 14842.987 91.6186565413013 91.6186565413013 91.6186565413013 5.726166033831332 5.726166033831332 5.726166033831332
 46746240 16 21221.161 21221.161 21221.161 70.4900019372173 70.4900019372173 70.4900019372173 4.405625121076081 4.405625121076081 4.405625121076081
 51420864 16 23812.056 23812.056 23812.056 69.102292049036 69.102292049036 69.102292049036 4.31889325306475 4.31889325306475 4.31889325306475
 56562816 16 20380.974 20380.974 20380.974 88.80881316074492 88.80881316074492 88.80881316074492 5.550550822546557 5.550550822546557 5.550550822546557
 62218944 16 23658.037 23658.037 23658.037 84.15770961893415 84.15770961893415 84.15770961893415 5.259856851183384 5.259856851183384 5.259856851183384
 68440704 8 13067.961 13067.961 13067.961 83.79664310292938 83.79664310292938 83.79664310292938 5.237290193933086 5.237290193933086 5.237290193933086
 75284736 8 16993.046 16993.046 16993.046 70.88521834166754 70.88521834166754 70.88521834166754 4.430326146354221 4.430326146354221 4.430326146354221
 82813056 8 17079.115 17079.115 17079.115 77.58065309590103 77.58065309590103 77.58065309590103 4.848790818493814 4.848790818493814 4.848790818493814
 91094208 8 17989.874 17989.874 17989.874 81.01820657554356 81.01820657554356 81.01820657554356 5.063637910971472 5.063637910971472 5.063637910971472
 100203456 8 20105.124 20105.124 20105.124 79.74361640346014 79.74361640346014 79.74361640346014 4.983976025216259 4.983976025216259 4.983976025216259
 110223744 8 22245.884 22245.884 22245.884 79.27668345299293 79.27668345299293 79.27668345299293 4.954792715812058 4.954792715812058 4.954792715812058
 121246080 8 24291.992 24291.992 24291.992 79.85912723830965 79.85912723830965 79.85912723830965 4.991195452394353 4.991195452394353 4.991195452394353
 133370688 8 26722.908 26722.908 26722.908 79.85399672820039 79.85399672820039 79.85399672820039 4.990874795512524 4.990874795512524 4.990874795512524
 146707584 4 16590.118 16590.118 16590.118 70.74456444493042 70.74456444493042 70.74456444493042 4.421535277808151 4.421535277808151 4.421535277808151
 161378304 4 22192.001 22192.001 22192.001 58.17530523723391 58.17530523723391 58.17530523723391 3.635956577327119 3.635956577327119 3.635956577327119
 177516096 4 20332.813 20332.813 20332.813 69.84418575039274 69.84418575039274 69.84418575039274 4.365261609399546 4.365261609399546 4.365261609399546
 195267648 4 22855.997 22855.997 22855.997 68.34710312571357 68.34710312571357 68.34710312571357 4.271693945357098 4.271693945357098 4.271693945357098
 214794240 4 24600.983 24600.983 24600.983 69.84899424547385 69.84899424547385 69.84899424547385 4.365562140342115 4.365562140342115 4.365562140342115
 236273664 4 56608.915 56608.915 56608.915 33.39031161434555 33.39031161434555 33.39031161434555 2.086894475896597 2.086894475896597 2.086894475896597
 259900992 4 31291.008 31291.008 31291.008 66.44745787671653 66.44745787671653 66.44745787671653 4.152966117294783 4.152966117294783 4.152966117294783
 285891072 2 23340.225 23340.225 23340.225 48.9954269078383 48.9954269078383 48.9954269078383 3.062214181739894 3.062214181739894 3.062214181739894
 314480064 2 28430.939 28430.939 28430.939 44.24476644967653 44.24476644967653 44.24476644967653 2.7652979031047833 2.7652979031047833 2.7652979031047833
 345927936 2 25974.035 25974.035 25974.035 53.27288363167294 53.27288363167294 53.27288363167294 3.3295552269795587 3.3295552269795587 3.3295552269795587
 380520576 2 35790.92 35790.92 35790.92 42.52705166561799 42.52705166561799 42.52705166561799 2.6579407291011243 2.6579407291011243 2.6579407291011243
 418572480 2 40976.048 40976.048 40976.048 40.86020984746992 40.86020984746992 40.86020984746992 2.55376311546687 2.55376311546687 2.55376311546687
 460429632 2 45036.077 45036.077 45036.077 40.894292990928136 40.894292990928136 40.894292990928136 2.5558933119330085 2.5558933119330085 2.5558933119330085
 506472576 2 65182.924 65182.924 65182.924 31.080077107311105 31.080077107311105 31.080077107311105 1.942504819206944 1.942504819206944 1.942504819206944
 557119680 1 36419.153 36419.153 36419.153 30.594872977963 30.594872977963 30.594872977963 1.9121795611226875 1.9121795611226875 1.9121795611226875
 612831552 1 39551.02 39551.02 39551.02 30.989418326000187 30.989418326000187 30.989418326000187 1.9368386453750117 1.9368386453750117 1.9368386453750117
 674114688 1 41611.91 41611.91 41611.91 32.40008391828204 32.40008391828204 32.40008391828204 2.0250052448926277 2.0250052448926277 2.0250052448926277
 741526080 1 44450.998 44450.998 44450.998 33.36375394766165 33.36375394766165 33.36375394766165 2.085234621728853 2.085234621728853 2.085234621728853
 815678592 1 43874.025 43874.025 43874.025 37.182756403133745 37.182756403133745 37.182756403133745 2.323922275195859 2.323922275195859 2.323922275195859
 897246336 1 59720.993 59720.993 59720.993 30.04793761550482 30.04793761550482 30.04793761550482 1.8779961009690513 1.8779961009690513 1.8779961009690513
 986970816 1 67360.163 67360.163 67360.163 29.304288233388036 29.304288233388036 29.304288233388036 1.8315180145867522 1.8315180145867522 1.8315180145867522
 
META_DATA
 MPI startup(): shm:tmi fabric is unknown or has been removed from the product, please use ofi or shm:ofi instead
 FLOPS          1
 MPI_PROCS      1
 OPENMP_THREADS 24
 ERT_VERSION  1.1.0
 HOSTNAME  ('shas0642.rc.int.colorado.edu', [], ['10.225.7.27'])
 UNAME  uname_result(system='Linux', node='shas0642.rc.int.colorado.edu', release='3.10.0-957.27.2.el7.x86_64', version='#1 SMP Mon Jul 29 17:46:05 UTC 2019', machine='x86_64', processor='x86_64')
 TIMESTAMP_DATA  1664550998.4406607
 CONFIG  {'ERT_RESULTS': ['lab5_results'], 'ERT_DRIVER': ['driver1'], 'ERT_KERNEL': ['kernel1'], 'ERT_MPI': ['True'], 'ERT_MPI_CFLAGS': ['-I/usr/include/mpi'], 'ERT_MPI_LDFLAGS': ['-lmpi'], 'ERT_OPENMP': ['True'], 'ERT_OPENMP_CFLAGS': ['-qopenmp'], 'ERT_OPENMP_LDFLAGS': ['-qopenmp'], 'ERT_FLOPS': ['1,2,4,8,16'], 'ERT_ALIGN': ['32'], 'ERT_CC': ['mpicc'], 'ERT_CFLAGS': ['-O3', '-msse3', '-axSSE3', '-xSSE3', '-fno-alias', '-fno-fnalias', '-DERT_INTEL', '-std=c++11'], 'ERT_LD': ['mpicc'], 'ERT_LDFLAGS': [], 'ERT_LDLIBS': [], 'ERT_PRECISION': ['FP64'], 'ERT_RUN': ['export', 'OMP_NUM_THREADS=ERT_OPENMP_THREADS;', 'mpirun', '-np', 'ERT_MPI_PROCS', 'ERT_CODE'], 'ERT_PROCS_THREADS': ['1-24'], 'ERT_MPI_PROCS': ['1,2,4,8,12,24'], 'ERT_OPENMP_THREADS': ['1,2,4,8,12,24'], 'ERT_NUM_EXPERIMENTS': ['1'], 'ERT_MEMORY_MAX': ['1073741824'], 'ERT_WORKING_SET_MIN': ['1'], 'ERT_TRIALS_MIN': ['1'], 'ERT_GNUPLOT': ['gnuplot'], 'ERT_GPU': [False], 'ERT_HIP': [False], 'ERT_OCL': [False], 'ERT_SYCL': [False], 'ERT_WSS_MULT': [1.1]}
 