fp64
 8 134217728 1357388.02 1357388.02 1357388.02 1.5820705769894745 1.5820705769894745 1.5820705769894745 0.7910352884947373 0.7910352884947373 0.7910352884947373
 16 67108864 697010.994 697010.994 697010.994 3.080989635007106 3.080989635007106 3.080989635007106 1.540494817503553 1.540494817503553 1.540494817503553
 24 33554432 347231.865 347231.865 347231.865 4.638435864749913 4.638435864749913 4.638435864749913 2.3192179323749564 2.3192179323749564 2.3192179323749564
 32 33554432 348598.003 348598.003 348598.003 6.160344091242542 6.160344091242542 6.160344091242542 3.080172045621271 3.080172045621271 3.080172045621271
 40 16777216 174450.874 174450.874 174450.874 7.6937263151802835 7.6937263151802835 7.6937263151802835 3.8468631575901417 3.8468631575901417 3.8468631575901417
 48 16777216 173602.819 173602.819 173602.819 9.27757247997223 9.27757247997223 9.27757247997223 4.638786239986115 4.638786239986115 4.638786239986115
 56 16777216 175595.045 175595.045 175595.045 10.701031979575506 10.701031979575506 10.701031979575506 5.350515989787753 5.350515989787753 5.350515989787753
 64 16777216 174896.002 174896.002 174896.002 12.278632006693899 12.278632006693899 12.278632006693899 6.139316003346949 6.139316003346949 6.139316003346949
 72 8388608 94521.999 94521.999 94521.999 12.779665736861956 12.779665736861956 12.779665736861956 6.389832868430978 6.389832868430978 6.389832868430978
 80 8388608 97542.048 97542.048 97542.048 13.759986667493388 13.759986667493388 13.759986667493388 6.879993333746694 6.879993333746694 6.879993333746694
 88 8388608 96990.108 96990.108 96990.108 15.222119435107754 15.222119435107754 15.222119435107754 7.611059717553877 7.611059717553877 7.611059717553877
 96 8388608 95973.969 95973.969 95973.969 16.78176648086733 16.78176648086733 16.78176648086733 8.390883240433665 8.390883240433665 8.390883240433665
 104 8388608 98423.958 98423.958 98423.958 17.7277006478443 17.7277006478443 17.7277006478443 8.86385032392215 8.86385032392215 8.86385032392215
 112 8388608 98421.097 98421.097 98421.097 19.091924894923697 19.091924894923697 19.091924894923697 9.545962447461848 9.545962447461848 9.545962447461848
 120 8388608 111997.128 111997.128 111997.128 17.976049528698628 17.976049528698628 17.976049528698628 8.988024764349314 8.988024764349314 8.988024764349314
 128 8388608 94522.953 94522.953 94522.953 22.71917645230572 22.71917645230572 22.71917645230572 11.35958822615286 11.35958822615286 11.35958822615286
 136 4194304 54070.95 54070.95 54070.95 21.099142663481963 21.099142663481963 21.099142663481963 10.549571331740982 10.549571331740982 10.549571331740982
 144 4194304 52140.951 52140.951 52140.951 23.167194476372323 23.167194476372323 23.167194476372323 11.583597238186162 11.583597238186162 11.583597238186162
 152 4194304 60881.138 60881.138 60881.138 20.94357066715803 20.94357066715803 20.94357066715803 10.471785333579016 10.471785333579016 10.471785333579016
 160 4194304 61614.99 61614.99 61614.99 21.78329137114199 21.78329137114199 21.78329137114199 10.891645685570994 10.891645685570994 10.891645685570994
 176 4194304 67439.795 67439.795 67439.795 21.892044719293704 21.892044719293704 21.892044719293704 10.946022359646852 10.946022359646852 10.946022359646852
 192 4194304 75042.963 75042.963 75042.963 21.462541877510887 21.462541877510887 21.462541877510887 10.731270938755443 10.731270938755443 10.731270938755443
 208 4194304 81199.169 81199.169 81199.169 21.48827981232173 21.48827981232173 21.48827981232173 10.744139906160864 10.744139906160864 10.744139906160864
 224 4194304 87394.953 87394.953 87394.953 21.50064880748892 21.50064880748892 21.50064880748892 10.75032440374446 10.75032440374446 10.75032440374446
 240 4194304 93472.958 93472.958 93472.958 21.538485173433795 21.538485173433795 21.538485173433795 10.769242586716897 10.769242586716897 10.769242586716897
 264 2097152 46565.056 46565.056 46565.056 23.779553835391074 23.779553835391074 23.779553835391074 11.889776917695537 11.889776917695537 11.889776917695537
 288 2097152 51748.037 51748.037 51748.037 23.343099024219992 23.343099024219992 23.343099024219992 11.671549512109996 11.671549512109996 11.671549512109996
 312 2097152 59234.858 59234.858 59234.858 22.092107454701754 22.092107454701754 22.092107454701754 11.046053727350877 11.046053727350877 11.046053727350877
 336 2097152 62051.058 62051.058 62051.058 22.711718211154434 22.711718211154434 22.711718211154434 11.355859105577217 11.355859105577217 11.355859105577217
 368 2097152 68103.075 68103.075 68103.075 22.664231710535834 22.664231710535834 22.664231710535834 11.332115855267917 11.332115855267917 11.332115855267917
 400 2097152 67600.965 67600.965 67600.965 24.818012583104398 24.818012583104398 24.818012583104398 12.409006291552199 12.409006291552199 12.409006291552199
 440 2097152 79503.059 79503.059 79503.059 23.212864803101482 23.212864803101482 23.212864803101482 11.606432401550741 11.606432401550741 11.606432401550741
 480 2097152 84752.083 84752.083 84752.083 23.754766239786697 23.754766239786697 23.754766239786697 11.877383119893349 11.877383119893349 11.877383119893349
 528 1048576 44130.087 44130.087 44130.087 25.09163999608702 25.09163999608702 25.09163999608702 12.54581999804351 12.54581999804351 12.54581999804351
 576 1048576 49793.959 49793.959 49793.959 24.25915866621491 24.25915866621491 24.25915866621491 12.129579333107454 12.129579333107454 12.129579333107454
 632 1048576 55890.083 55890.083 55890.083 23.714405004551526 23.714405004551526 23.714405004551526 11.857202502275763 11.857202502275763 11.857202502275763
 688 1048576 58219.194 58219.194 58219.194 24.782901941239516 24.782901941239516 24.782901941239516 12.391450970619758 12.391450970619758 12.391450970619758
 752 1048576 64641.953 64641.953 64641.953 24.396823282860897 24.396823282860897 24.396823282860897 12.198411641430448 12.198411641430448 12.198411641430448
 824 1048576 70814.848 70814.848 70814.848 24.40241413778082 24.40241413778082 24.40241413778082 12.20120706889041 12.20120706889041 12.20120706889041
 904 1048576 74671.03 74671.03 74671.03 25.389035185399212 25.389035185399212 25.389035185399212 12.694517592699606 12.694517592699606 12.694517592699606
 992 1048576 83407.879 83407.879 83407.879 24.94218542591162 24.94218542591162 24.94218542591162 12.47109271295581 12.47109271295581 12.47109271295581
 1088 524288 45380.831 45380.831 45380.831 25.13948429018411 25.13948429018411 25.13948429018411 12.569742145092055 12.569742145092055 12.569742145092055
 1192 524288 49627.066 49627.066 49627.066 25.18590544925626 25.18590544925626 25.18590544925626 12.59295272462813 12.59295272462813 12.59295272462813
 1304 524288 53975.105 53975.105 53975.105 25.332847504418933 25.332847504418933 25.332847504418933 12.666423752209466 12.666423752209466 12.666423752209466
 1432 524288 59020.996 59020.996 59020.996 25.441130000584877 25.441130000584877 25.441130000584877 12.720565000292439 12.720565000292439 12.720565000292439
 1568 524288 63984.871 63984.871 63984.871 25.69618633754845 25.69618633754845 25.69618633754845 12.848093168774225 12.848093168774225 12.848093168774225
 1720 524288 71279.049 71279.049 71279.049 25.302676527011467 25.302676527011467 25.302676527011467 12.651338263505734 12.651338263505734 12.651338263505734
 1888 524288 77692.986 77692.986 77692.986 25.48121252541381 25.48121252541381 25.48121252541381 12.740606262706905 12.740606262706905 12.740606262706905
 2072 262144 42248.011 42248.011 42248.011 25.71303856174436 25.71303856174436 25.71303856174436 12.85651928087218 12.85651928087218 12.85651928087218
 2272 262144 46452.999 46452.999 46452.999 25.642743453442048 25.642743453442048 25.642743453442048 12.821371726721024 12.821371726721024 12.821371726721024
 2496 262144 50874.949 50874.949 50874.949 25.722342208146486 25.722342208146486 25.722342208146486 12.861171104073243 12.861171104073243 12.861171104073243
 2744 262144 56107.998 56107.998 56107.998 25.64066306554014 25.64066306554014 25.64066306554014 12.82033153277007 12.82033153277007 12.82033153277007
 3016 262144 65279.961 65279.961 65279.961 24.222634079085925 24.222634079085925 24.222634079085925 12.111317039542962 12.111317039542962 12.111317039542962
 3312 262144 67317.963 67317.963 67317.963 25.794628634262146 25.794628634262146 25.794628634262146 12.897314317131073 12.897314317131073 12.897314317131073
 3640 262144 73910.952 73910.952 73910.952 25.820372601884493 25.820372601884493 25.820372601884493 12.910186300942247 12.910186300942247 12.910186300942247
 4000 262144 80777.884 80777.884 80777.884 25.961957607109387 25.961957607109387 25.961957607109387 12.980978803554693 12.980978803554693 12.980978803554693
 4400 131072 44374.943 44374.943 44374.943 25.992903247222202 25.992903247222202 25.992903247222202 12.996451623611101 12.996451623611101 12.996451623611101
 4840 131072 49524.069 49524.069 49524.069 25.61940053835237 25.61940053835237 25.61940053835237 12.809700269176185 12.809700269176185 12.809700269176185
 5320 131072 54291.964 54291.964 54291.964 25.687154732512532 25.687154732512532 25.687154732512532 12.843577366256266 12.843577366256266 12.843577366256266
 5848 131072 59008.837 59008.837 59008.837 25.97946663480251 25.97946663480251 25.97946663480251 12.989733317401255 12.989733317401255 12.989733317401255
 6432 131072 64550.877 64550.877 64550.877 26.120639817178624 26.120639817178624 26.120639817178624 13.060319908589312 13.060319908589312 13.060319908589312
 7072 131072 70940.971 70940.971 70940.971 26.13274588530794 26.13274588530794 26.13274588530794 13.06637294265397 13.06637294265397 13.06637294265397
 7776 131072 78164.101 78164.101 78164.101 26.078874034513618 26.078874034513618 26.078874034513618 13.039437017256809 13.039437017256809 13.039437017256809
 8552 65536 43333.054 43333.054 43333.054 25.867730070444612 25.867730070444612 25.867730070444612 12.933865035222306 12.933865035222306 12.933865035222306
 9400 65536 47230.005 47230.005 47230.005 26.086738716203822 26.086738716203822 26.086738716203822 13.043369358101911 13.043369358101911 13.043369358101911
 10336 65536 52150.011 52150.011 52150.011 25.978138182943052 25.978138182943052 25.978138182943052 12.989069091471526 12.989069091471526 12.989069091471526
 11368 65536 57075.977 57075.977 57075.977 26.106018229000266 26.106018229000266 26.106018229000266 13.053009114500133 13.053009114500133 13.053009114500133
 12504 65536 62996.864 62996.864 62996.864 26.015966255082155 26.015966255082155 26.015966255082155 13.007983127541078 13.007983127541078 13.007983127541078
 13752 65536 69267.988 69267.988 69267.988 26.02215245518608 26.02215245518608 26.02215245518608 13.01107622759304 13.01107622759304 13.01107622759304
 15120 65536 75953.007 75953.007 75953.007 26.09256326085944 26.09256326085944 26.09256326085944 13.04628163042972 13.04628163042972 13.04628163042972
 16632 32768 41833.162 41833.162 41833.162 26.05575815665094 26.05575815665094 26.05575815665094 13.02787907832547 13.02787907832547 13.02787907832547
 18288 32768 45921.087 45921.087 45921.087 26.09960796441948 26.09960796441948 26.09960796441948 13.04980398220974 13.04980398220974 13.04980398220974
 20112 32768 50436.02 50436.02 50436.02 26.13330774315658 26.13330774315658 26.13330774315658 13.06665387157829 13.06665387157829 13.06665387157829
 22120 32768 55744.886 55744.886 55744.886 26.005189426703645 26.005189426703645 26.005189426703645 13.002594713351822 13.002594713351822 13.002594713351822
 24328 32768 61312.914 61312.914 61312.914 26.003654107844234 26.003654107844234 26.003654107844234 13.001827053922117 13.001827053922117 13.001827053922117
 26760 32768 67387.104 67387.104 67387.104 26.0249106416563 26.0249106416563 26.0249106416563 13.01245532082815 13.01245532082815 13.01245532082815
 29432 32768 74162.006 74162.006 74162.006 26.00867554742249 26.00867554742249 26.00867554742249 13.004337773711246 13.004337773711246 13.004337773711246
 32368 32768 81478.119 81478.119 81478.119 26.03483332746059 26.03483332746059 26.03483332746059 13.017416663730295 13.017416663730295 13.017416663730295
 35600 16384 44898.987 44898.987 44898.987 25.981450316462595 25.981450316462595 25.981450316462595 12.990725158231298 12.990725158231298 12.990725158231298
 39160 16384 49275.16 49275.16 49275.16 26.041414781808925 26.041414781808925 26.041414781808925 13.020707390904462 13.020707390904462 13.020707390904462
 43072 16384 54239.988 54239.988 54239.988 26.021084222953736 26.021084222953736 26.021084222953736 13.010542111476868 13.010542111476868 13.010542111476868
 47376 16384 59832.811 59832.811 59832.811 25.94591064758766 25.94591064758766 25.94591064758766 12.97295532379383 12.97295532379383 12.97295532379383
 52112 16384 65683.126 65683.126 65683.126 25.997636226996864 25.997636226996864 25.997636226996864 12.998818113498432 12.998818113498432 12.998818113498432
 57320 16384 74802.876 74802.876 74802.876 25.109485897306943 25.109485897306943 25.109485897306943 12.554742948653471 12.554742948653471 12.554742948653471
 63048 16384 79295.874 79295.874 79295.874 26.053775055181305 26.053775055181305 26.053775055181305 13.026887527590652 13.026887527590652 13.026887527590652
 69352 8192 43602.943 43602.943 43602.943 26.059322830571322 26.059322830571322 26.059322830571322 13.029661415285661 13.029661415285661 13.029661415285661
 76280 8192 47926.188 47926.188 47926.188 26.077006583540502 26.077006583540502 26.077006583540502 13.038503291770251 13.038503291770251 13.038503291770251
 83904 8192 52724.123 52724.123 52724.123 26.07313422738203 26.07313422738203 26.07313422738203 13.036567113691016 13.036567113691016 13.036567113691016
 92288 8192 58170.08 58170.08 58170.08 25.993544997703285 25.993544997703285 25.993544997703285 12.996772498851643 12.996772498851643 12.996772498851643
 101512 8192 63853.025 63853.025 63853.025 26.046888271933863 26.046888271933863 26.046888271933863 13.023444135966932 13.023444135966932 13.023444135966932
 111656 8192 70105.791 70105.791 70105.791 26.09444780389112 26.09444780389112 26.09444780389112 13.04722390194556 13.04722390194556 13.04722390194556
 122816 8192 77224.97 77224.97 77224.97 26.056563621844077 26.056563621844077 26.056563621844077 13.028281810922039 13.028281810922039 13.028281810922039
 135096 4096 42452.097 42452.097 42452.097 26.069535080917202 26.069535080917202 26.069535080917202 13.034767540458601 13.034767540458601 13.034767540458601
 148600 4096 46685.934 46685.934 46685.934 26.074902988981652 26.074902988981652 26.074902988981652 13.037451494490826 13.037451494490826 13.037451494490826
 163456 4096 51352.978 51352.978 51352.978 26.07505161628601 26.07505161628601 26.07505161628601 13.037525808143005 13.037525808143005 13.037525808143005
 179800 4096 56569.815 56569.815 56569.815 26.037235582262376 26.037235582262376 26.037235582262376 13.018617791131188 13.018617791131188 13.018617791131188
 197776 4096 62477.827 62477.827 62477.827 25.932095749744946 25.932095749744946 25.932095749744946 12.966047874872473 12.966047874872473 12.966047874872473
 217552 4096 68740.129 68740.129 68740.129 25.92642769116712 25.92642769116712 25.92642769116712 12.96321384558356 12.96321384558356 12.96321384558356
 239304 4096 76124.907 76124.907 76124.907 25.752128248905446 25.752128248905446 25.752128248905446 12.876064124452723 12.876064124452723 12.876064124452723
 263232 2048 42716.98 42716.98 42716.98 25.24050791980145 25.24050791980145 25.24050791980145 12.620253959900724 12.620253959900724 12.620253959900724
 289552 2048 47231.913 47231.913 47231.913 25.110246794365494 25.110246794365494 25.110246794365494 12.555123397182747 12.555123397182747 12.555123397182747
 318504 2048 52376.986 52376.986 52376.986 24.90774066304617 24.90774066304617 24.90774066304617 12.453870331523085 12.453870331523085 12.453870331523085
 350352 2048 58193.922 58193.922 58193.922 24.65965074496955 24.65965074496955 24.65965074496955 12.329825372484775 12.329825372484775 12.329825372484775
 385384 2048 63988.924 63988.924 63988.924 24.668845252031428 24.668845252031428 24.668845252031428 12.334422626015714 12.334422626015714 12.334422626015714
 423920 2048 70543.051 70543.051 70543.051 24.614420490545548 24.614420490545548 24.614420490545548 12.307210245272774 12.307210245272774 12.307210245272774
 466312 2048 77744.007 77744.007 77744.007 24.567989555773732 24.567989555773732 24.567989555773732 12.283994777886866 12.283994777886866 12.283994777886866
 512936 2048 85846.186 85846.186 85846.186 24.473840410335757 24.473840410335757 24.473840410335757 12.236920205167879 12.236920205167879 12.236920205167879
 564224 1024 47564.983 47564.983 47564.983 24.293727845966014 24.293727845966014 24.293727845966014 12.146863922983007 12.146863922983007 12.146863922983007
 620640 1024 51906.824 51906.824 51906.824 24.48754560672023 24.48754560672023 24.48754560672023 12.243772803360114 12.243772803360114 12.243772803360114
 682704 1024 57073.832 57073.832 57073.832 24.497703115501338 24.497703115501338 24.497703115501338 12.248851557750669 12.248851557750669 12.248851557750669
 750968 1024 62835.217 62835.217 62835.217 24.47644071954108 24.47644071954108 24.47644071954108 12.23822035977054 12.23822035977054 12.23822035977054
 826064 1024 69118.977 69118.977 69118.977 24.476332628592 24.476332628592 24.476332628592 12.238166314296 12.238166314296 12.238166314296
 908664 1024 75955.868 75955.868 75955.868 24.50033053404116 24.50033053404116 24.50033053404116 12.25016526702058 12.25016526702058 12.25016526702058
 999528 1024 83586.931 83586.931 83586.931 24.489873231498354 24.489873231498354 24.489873231498354 12.244936615749177 12.244936615749177 12.244936615749177
 1099480 512 46097.04 46097.04 46097.04 24.423857150046942 24.423857150046942 24.423857150046942 12.211928575023471 12.211928575023471 12.211928575023471
 1209424 512 50624.132 50624.132 50624.132 24.463632798681864 24.463632798681864 24.463632798681864 12.231816399340932 12.231816399340932 12.231816399340932
 1330360 512 55728.912 55728.912 55728.912 24.44491720922167 24.44491720922167 24.44491720922167 12.222458604610836 12.222458604610836 12.222458604610836
 1463392 512 61313.152 61313.152 61313.152 24.4403257558835 24.4403257558835 24.4403257558835 12.22016287794175 12.22016287794175 12.22016287794175
 1609728 512 69869.041 69869.041 69869.041 23.59215824931675 23.59215824931675 23.59215824931675 11.796079124658375 11.796079124658375 11.796079124658375
 1770696 512 74131.966 74131.966 74131.966 24.45898580377593 24.45898580377593 24.45898580377593 12.229492901887966 12.229492901887966 12.229492901887966
 1947760 512 81623.077 81623.077 81623.077 24.43556789705441 24.43556789705441 24.43556789705441 12.217783948527204 12.217783948527204 12.217783948527204
 2142536 256 45037.031 45037.031 45037.031 24.357254633414886 24.357254633414886 24.357254633414886 12.178627316707443 12.178627316707443 12.178627316707443
 2356784 256 49418.926 49418.926 49418.926 24.417232539614474 24.417232539614474 24.417232539614474 12.208616269807237 12.208616269807237 12.208616269807237
 2592456 256 54397.821 54397.821 54397.821 24.400563250502255 24.400563250502255 24.400563250502255 12.200281625251128 12.200281625251128 12.200281625251128
 2851696 256 59842.11 59842.11 59842.11 24.398677653578723 24.398677653578723 24.398677653578723 12.199338826789361 12.199338826789361 12.199338826789361
 3136864 256 65853.119 65853.119 65853.119 24.388736515274243 24.388736515274243 24.388736515274243 12.194368257637121 12.194368257637121 12.194368257637121
 3450544 256 72780.132 72780.132 72780.132 24.27418691683604 24.27418691683604 24.27418691683604 12.13709345841802 12.13709345841802 12.13709345841802
 3795592 256 79817.057 79817.057 79817.057 24.34746628154932 24.34746628154932 24.34746628154932 12.17373314077466 12.17373314077466 12.17373314077466
 4175144 256 87792.158 87792.158 87792.158 24.349255977965598 24.349255977965598 24.349255977965598 12.174627988982799 12.174627988982799 12.174627988982799
 4592656 128 48361.063 48361.063 48361.063 24.31129224764972 24.31129224764972 24.31129224764972 12.15564612382486 12.15564612382486 12.15564612382486
 5051920 128 53282.976 53282.976 53282.976 24.272133748685505 24.272133748685505 24.272133748685505 12.136066874342752 12.136066874342752 12.136066874342752
 5557112 128 58640.003 58640.003 58640.003 24.260242142211354 24.260242142211354 24.260242142211354 12.130121071105677 12.130121071105677 12.130121071105677
 6112816 128 65968.037 65968.037 65968.037 23.72180478858269 23.72180478858269 23.72180478858269 11.860902394291346 11.860902394291346 11.860902394291346
 6724096 128 73262.93 73262.93 73262.93 23.495764856797294 23.495764856797294 23.495764856797294 11.747882428398647 11.747882428398647 11.747882428398647
 7396504 128 78554.153 78554.153 78554.153 24.10445471928136 24.10445471928136 24.10445471928136 12.05222735964068 12.05222735964068 12.05222735964068
 8136152 128 86329.937 86329.937 86329.937 24.12668170949783 24.12668170949783 24.12668170949783 12.063340854748915 12.063340854748915 12.063340854748915
 8949760 64 48938.99 48938.99 48938.99 23.40811038396992 23.40811038396992 23.40811038396992 11.70405519198496 11.70405519198496 11.70405519198496
 9844736 64 53737.879 53737.879 53737.879 23.449496546002493 23.449496546002493 23.449496546002493 11.724748273001246 11.724748273001246 11.724748273001246
 10829208 64 57939.053 57939.053 57939.053 23.924081465397787 23.924081465397787 23.924081465397787 11.962040732698894 11.962040732698894 11.962040732698894
 11912128 64 64027.071 64027.071 64027.071 23.814182972699154 23.814182972699154 23.814182972699154 11.907091486349577 11.907091486349577 11.907091486349577
 13103336 64 70422.888 70422.888 70422.888 23.816504202440548 23.816504202440548 23.816504202440548 11.908252101220274 11.908252101220274 11.908252101220274
 14413664 64 77915.907 77915.907 77915.907 23.678720598093015 23.678720598093015 23.678720598093015 11.839360299046508 11.839360299046508 11.839360299046508
 15855024 64 85856.915 85856.915 85856.915 23.637502838297884 23.637502838297884 23.637502838297884 11.818751419148942 11.818751419148942 11.818751419148942
 17440520 32 47342.062 47342.062 47342.062 23.577200334028547 23.577200334028547 23.577200334028547 11.788600167014273 11.788600167014273 11.788600167014273
 19184568 32 52506.208 52506.208 52506.208 23.38413682435418 23.38413682435418 23.38413682435418 11.69206841217709 11.69206841217709 11.69206841217709
 21103024 32 58711.052 58711.052 58711.052 23.00407657488406 23.00407657488406 23.00407657488406 11.50203828744203 11.50203828744203 11.50203828744203
 23213320 32 66490.889 66490.889 66490.889 22.343700051897336 22.343700051897336 22.343700051897336 11.171850025948668 11.171850025948668 11.171850025948668
 25534648 32 77326.059 77326.059 77326.059 21.134110455571 21.134110455571 21.134110455571 10.5670552277855 10.5670552277855 10.5670552277855
 28088112 32 89704.99 89704.99 89704.99 20.039455642322682 20.039455642322682 20.039455642322682 10.019727821161341 10.019727821161341 10.019727821161341
 30896920 32 105183.84 105183.84 105183.84 18.799493154081464 18.799493154081464 18.799493154081464 9.399746577040732 9.399746577040732 9.399746577040732
 33986608 16 61149.12 61149.12 61149.12 17.785561852729852 17.785561852729852 17.785561852729852 8.892780926364926 8.892780926364926 8.892780926364926
 37385264 16 70387.84 70387.84 70387.84 16.996237531937336 16.996237531937336 16.996237531937336 8.498118765968668 8.498118765968668 8.498118765968668
 41123784 16 80981.97 80981.97 80981.97 16.25005032601701 16.25005032601701 16.25005032601701 8.125025163008505 8.125025163008505 8.125025163008505
 45236160 16 89725.018 89725.018 89725.018 16.133260848161658 16.133260848161658 16.133260848161658 8.066630424080829 8.066630424080829 8.066630424080829
 49759776 16 100928.068 100928.068 100928.068 15.776709725583968 15.776709725583968 15.776709725583968 7.888354862791984 7.888354862791984 7.888354862791984
 54735752 16 110716.105 110716.105 110716.105 15.820138036828517 15.820138036828517 15.820138036828517 7.910069018414259 7.910069018414259 7.910069018414259
 60209320 16 124341.011 124341.011 124341.011 15.495275649640647 15.495275649640647 15.495275649640647 7.747637824820323 7.747637824820323 7.747637824820323
 66230248 16 134172.916 134172.916 134172.916 15.795795449507859 15.795795449507859 15.795795449507859 7.897897724753929 7.897897724753929 7.897897724753929
 72853272 8 76095.104 76095.104 76095.104 15.318362032858248 15.318362032858248 15.318362032858248 7.659181016429124 7.659181016429124 7.659181016429124
 80138592 8 83190.918 83190.918 83190.918 15.412950149197775 15.412950149197775 15.412950149197775 7.706475074598887 7.706475074598887 7.706475074598887
 88152448 8 92319.965 92319.965 92319.965 15.27772641594914 15.27772641594914 15.27772641594914 7.63886320797457 7.63886320797457 7.63886320797457
 96967688 8 100475.073 100475.073 100475.073 15.441471816596739 15.441471816596739 15.441471816596739 7.720735908298369 7.720735908298369 7.720735908298369
 106664456 8 111850.023 111850.023 111850.023 15.258211399741956 15.258211399741956 15.258211399741956 7.629105699870978 7.629105699870978 7.629105699870978
 117330896 8 121875.048 121875.048 121875.048 15.403434639057538 15.403434639057538 15.403434639057538 7.701717319528769 7.701717319528769 7.701717319528769
 129063984 8 135077.953 135077.953 135077.953 15.287644638796088 15.287644638796088 15.287644638796088 7.643822319398044 7.643822319398044 7.643822319398044
 141970376 4 74295.998 74295.998 74295.998 15.28700116525792 15.28700116525792 15.28700116525792 7.64350058262896 7.64350058262896 7.64350058262896
 156167408 4 80797.195 80797.195 80797.195 15.462656395435511 15.462656395435511 15.462656395435511 7.7313281977177555 7.7313281977177555 7.7313281977177555
 171784144 4 89781.046 89781.046 89781.046 15.3069407545107 15.3069407545107 15.3069407545107 7.65347037725535 7.65347037725535 7.65347037725535
 188962552 4 98140.001 98140.001 98140.001 15.40350927854586 15.40350927854586 15.40350927854586 7.70175463927293 7.70175463927293 7.70175463927293
 207858800 4 106436.014 106436.014 106436.014 15.623193104544484 15.623193104544484 15.623193104544484 7.811596552272242 7.811596552272242 7.811596552272242
 228644680 4 119548.082 119548.082 119548.082 15.30060047303812 15.30060047303812 15.30060047303812 7.65030023651906 7.65030023651906 7.65030023651906
 251509144 4 131096.125 131096.125 131096.125 15.348074948820951 15.348074948820951 15.348074948820951 7.674037474410476 7.674037474410476 7.674037474410476
 276660056 2 69334.984 69334.984 69334.984 15.960777087653181 15.960777087653181 15.960777087653181 7.9803885438265905 7.9803885438265905 7.9803885438265905
 304326056 2 77713.966 77713.966 77713.966 15.663905558493825 15.663905558493825 15.663905558493825 7.831952779246913 7.831952779246913 7.831952779246913
 334758656 2 84876.06 84876.06 84876.06 15.776352295335103 15.776352295335103 15.776352295335103 7.888176147667552 7.888176147667552 7.888176147667552
 368234520 2 97470.999 97470.999 97470.999 15.111552103821158 15.111552103821158 15.111552103821158 7.555776051910579 7.555776051910579 7.555776051910579
 405057968 2 107148.17 107148.17 107148.17 15.121414318135344 15.121414318135344 15.121414318135344 7.560707159067672 7.560707159067672 7.560707159067672
 445563760 2 116801.023 116801.023 116801.023 15.258899230702799 15.258899230702799 15.258899230702799 7.629449615351399 7.629449615351399 7.629449615351399
 490120136 2 129360.914 129360.914 129360.914 15.155122852641565 15.155122852641565 15.155122852641565 7.5775614263207824 7.5775614263207824 7.5775614263207824
 539132144 1 71840.048 71840.048 71840.048 15.00923674215808 15.00923674215808 15.00923674215808 7.50461837107904 7.50461837107904 7.50461837107904
 593045352 1 78996.897 78996.897 78996.897 15.014396122419846 15.014396122419846 15.014396122419846 7.507198061209923 7.507198061209923 7.507198061209923
 652349880 1 84567.07 84567.07 84567.07 15.427988222838984 15.427988222838984 15.427988222838984 7.713994111419492 7.713994111419492 7.713994111419492
 717584864 1 95358.133 95358.133 95358.133 15.0503127824451 15.0503127824451 15.0503127824451 7.52515639122255 7.52515639122255 7.52515639122255
 789343344 1 107557.058 107557.058 107557.058 14.677667066720993 14.677667066720993 14.677667066720993 7.338833533360496 7.338833533360496 7.338833533360496
 868277672 1 115525.007 115525.007 115525.007 15.031856643817385 15.031856643817385 15.031856643817385 7.515928321908692 7.515928321908692 7.515928321908692
 955105432 1 126364.946 126364.946 126364.946 15.116619952498535 15.116619952498535 15.116619952498535 7.558309976249268 7.558309976249268 7.558309976249268
 1050615968 1 133444.071 133444.071 133444.071 15.74616182085752 15.74616182085752 15.74616182085752 7.87308091042876 7.87308091042876 7.87308091042876
 
META_DATA
 MPI startup(): shm:tmi fabric is unknown or has been removed from the product, please use ofi or shm:ofi instead
 FLOPS          8
 MPI_PROCS      1
 OPENMP_THREADS 1
 ERT_VERSION  1.1.0
 HOSTNAME  ('shas0339.rc.int.colorado.edu', [], ['10.225.6.91'])
 UNAME  uname_result(system='Linux', node='shas0339.rc.int.colorado.edu', release='3.10.0-957.27.2.el7.x86_64', version='#1 SMP Mon Jul 29 17:46:05 UTC 2019', machine='x86_64', processor='x86_64')
 TIMESTAMP_DATA  1664517339.067952
 CONFIG  {'ERT_RESULTS': ['lab5_results'], 'ERT_DRIVER': ['driver1'], 'ERT_KERNEL': ['kernel1'], 'ERT_MPI': ['True'], 'ERT_MPI_CFLAGS': ['-I/usr/include/mpi'], 'ERT_MPI_LDFLAGS': ['-lmpi'], 'ERT_OPENMP': ['True'], 'ERT_OPENMP_CFLAGS': ['-qopenmp'], 'ERT_OPENMP_LDFLAGS': ['-qopenmp'], 'ERT_FLOPS': ['1,2,4,8,16'], 'ERT_ALIGN': ['32'], 'ERT_CC': ['mpicc'], 'ERT_CFLAGS': ['-O3', '-msse3', '-axSSE3', '-xSSE3', '-fno-alias', '-fno-fnalias', '-DERT_INTEL', '-std=c++11'], 'ERT_LD': ['mpicc'], 'ERT_LDFLAGS': [], 'ERT_LDLIBS': [], 'ERT_PRECISION': ['FP64'], 'ERT_RUN': ['export', 'OMP_NUM_THREADS=ERT_OPENMP_THREADS;', 'mpirun', '-np', 'ERT_MPI_PROCS', 'ERT_CODE'], 'ERT_PROCS_THREADS': ['1-8'], 'ERT_MPI_PROCS': ['1,2'], 'ERT_OPENMP_THREADS': ['1'], 'ERT_NUM_EXPERIMENTS': ['1'], 'ERT_MEMORY_MAX': ['1073741824'], 'ERT_WORKING_SET_MIN': ['1'], 'ERT_TRIALS_MIN': ['1'], 'ERT_GNUPLOT': ['gnuplot'], 'ERT_GPU': [False], 'ERT_HIP': [False], 'ERT_OCL': [False], 'ERT_SYCL': [False], 'ERT_WSS_MULT': [1.1]}
 