fp64
 32 33554432 93842.03 93842.03 93842.03 22.88402806290529 22.88402806290529 22.88402806290529 2.8605035078631613 2.8605035078631613 2.8605035078631613
 64 16777216 51759.958 51759.958 51759.958 41.48928497971347 41.48928497971347 41.48928497971347 5.186160622464183 5.186160622464183 5.186160622464183
 96 8388608 25642.157 25642.157 25642.157 62.81112528871889 62.81112528871889 62.81112528871889 7.851390661089861 7.851390661089861 7.851390661089861
 128 8388608 34797.907 34797.907 34797.907 61.71301187740976 61.71301187740976 61.71301187740976 7.71412648467622 7.71412648467622 7.71412648467622
 160 4194304 13710.976 13710.976 13710.976 97.89071762652054 97.89071762652054 97.89071762652054 12.236339703315068 12.236339703315068 12.236339703315068
 192 4194304 21090.984 21090.984 21090.984 76.36498780711227 76.36498780711227 76.36498780711227 9.545623475889034 9.545623475889034 9.545623475889034
 224 4194304 15599.012 15599.012 15599.012 120.45943627711806 120.45943627711806 120.45943627711806 15.057429534639757 15.057429534639757 15.057429534639757
 256 4194304 23314.953 23314.953 23314.953 92.10756924965708 92.10756924965708 92.10756924965708 11.513446156207134 11.513446156207134 11.513446156207134
 288 2097152 12078.047 12078.047 12078.047 100.01282094696269 100.01282094696269 100.01282094696269 12.501602618370336 12.501602618370336 12.501602618370336
 320 2097152 13551.95 13551.95 13551.95 99.03942089514793 99.03942089514793 99.03942089514793 12.379927611893491 12.379927611893491 12.379927611893491
 352 2097152 13649.94 13649.94 13649.94 108.1612818810925 108.1612818810925 108.1612818810925 13.520160235136563 13.520160235136563 13.520160235136563
 384 2097152 15148.163 15148.163 15148.163 106.3239639024217 106.3239639024217 106.3239639024217 13.290495487802712 13.290495487802712 13.290495487802712
 416 2097152 15736.103 15736.103 15736.103 110.88072212033693 110.88072212033693 110.88072212033693 13.860090265042116 13.860090265042116 13.860090265042116
 448 2097152 17015.934 17015.934 17015.934 110.42874237758562 110.42874237758562 110.42874237758562 13.803592797198203 13.803592797198203 13.803592797198203
 480 2097152 17751.932 17751.932 17751.932 113.4110878748296 113.4110878748296 113.4110878748296 14.1763859843537 14.1763859843537 14.1763859843537
 512 2097152 8085.012 8085.012 8085.012 265.6129203024065 265.6129203024065 265.6129203024065 33.20161503780081 33.20161503780081 33.20161503780081
 544 1048576 5150.08 5150.08 5150.08 221.52096433453463 221.52096433453463 221.52096433453463 27.690120541816828 27.690120541816828 27.690120541816828
 576 1048576 5188.227 5188.227 5188.227 232.82704322690583 232.82704322690583 232.82704322690583 29.10338040336323 29.10338040336323 29.10338040336323
 608 1048576 5773.067 5773.067 5773.067 220.86499533090472 220.86499533090472 220.86499533090472 27.60812441636309 27.60812441636309 27.60812441636309
 640 1048576 6205.797 6205.797 6205.797 216.27798653420342 216.27798653420342 216.27798653420342 27.034748316775428 27.034748316775428 27.034748316775428
 704 1048576 7188.082 7188.082 7188.082 205.3948477493718 205.3948477493718 205.3948477493718 25.674355968671474 25.674355968671474 25.674355968671474
 768 1048576 8175.135 8175.135 8175.135 197.01359500485313 197.01359500485313 197.01359500485313 24.62669937560664 24.62669937560664 24.62669937560664
 832 1048576 9085.894 9085.894 9085.894 192.03729033158433 192.03729033158433 192.03729033158433 24.00466129144804 24.00466129144804 24.00466129144804
 896 1048576 10176.897 10176.897 10176.897 184.63861744891392 184.63861744891392 184.63861744891392 23.07982718111424 23.07982718111424 23.07982718111424
 960 1048576 11012.077 11012.077 11012.077 182.8234510165521 182.8234510165521 182.8234510165521 22.852931377069012 22.852931377069012 22.852931377069012
 1056 524288 4194.021 4194.021 4194.021 264.0178139308315 264.0178139308315 264.0178139308315 33.00222674135394 33.00222674135394 33.00222674135394
 1152 524288 4794.121 4794.121 4794.121 251.96684689435247 251.96684689435247 251.96684689435247 31.49585586179406 31.49585586179406 31.49585586179406
 1248 524288 5479.813 5479.813 5479.813 238.80793888404585 238.80793888404585 238.80793888404585 29.85099236050573 29.85099236050573 29.85099236050573
 1344 524288 6026.03 6026.03 6026.03 233.86643345618924 233.86643345618924 233.86643345618924 29.233304182023655 29.233304182023655 29.233304182023655
 1472 524288 7435.083 7435.083 7435.083 207.59739628999438 207.59739628999438 207.59739628999438 25.949674536249297 25.949674536249297 25.949674536249297
 1600 524288 6415.129 6415.129 6415.129 261.5257775798429 261.5257775798429 261.5257775798429 32.69072219748036 32.69072219748036 32.69072219748036
 1760 524288 7315.874 7315.874 7315.874 252.25882239087224 252.25882239087224 252.25882239087224 31.53235279885903 31.53235279885903 31.53235279885903
 1920 524288 8090.973 8090.973 8090.973 248.82865385905995 248.82865385905995 248.82865385905995 31.103581732382494 31.103581732382494 31.103581732382494
 2112 262144 4230.976 4230.976 4230.976 261.7117790315993 261.7117790315993 261.7117790315993 32.71397237894991 32.71397237894991 32.71397237894991
 2304 262144 4669.189 4669.189 4669.189 258.70864340681 258.70864340681 258.70864340681 32.33858042585125 32.33858042585125 32.33858042585125
 2528 262144 5276.918 5276.918 5276.918 251.1693499880044 251.1693499880044 251.1693499880044 31.39616874850055 31.39616874850055 31.39616874850055
 2752 262144 5694.866 5694.866 5694.866 253.35812572236117 253.35812572236117 253.35812572236117 31.669765715295146 31.669765715295146 31.669765715295146
 3008 262144 6072.998 6072.998 6072.998 259.68365278565875 259.68365278565875 259.68365278565875 32.460456598207344 32.460456598207344 32.460456598207344
 3296 262144 6677.866 6677.866 6677.866 258.77327397704596 258.77327397704596 258.77327397704596 32.346659247130745 32.346659247130745 32.346659247130745
 3616 262144 7147.074 7147.074 7147.074 265.25895884105864 265.25895884105864 265.25895884105864 33.15736985513233 33.15736985513233 33.15736985513233
 3968 262144 7859.945 7859.945 7859.945 264.6805777903026 264.6805777903026 264.6805777903026 33.085072223787826 33.085072223787826 33.085072223787826
 4352 131072 4345.179 4345.179 4345.179 262.55550991109914 262.55550991109914 262.55550991109914 32.81943873888739 32.81943873888739 32.81943873888739
 4768 131072 4720.926 4720.926 4720.926 264.7579292706558 264.7579292706558 264.7579292706558 33.09474115883197 33.09474115883197 33.09474115883197
 5216 131072 5234.957 5234.957 5234.957 261.19471544847454 261.19471544847454 261.19471544847454 32.64933943105932 32.64933943105932 32.64933943105932
 5728 131072 5569.22 5569.22 5569.22 269.6177978244709 269.6177978244709 269.6177978244709 33.702224728058866 33.702224728058866 33.702224728058866
 6272 131072 6123.066 6123.066 6123.066 268.5202426366138 268.5202426366138 268.5202426366138 33.56503032957672 33.56503032957672 33.56503032957672
 6880 131072 6731.033 6731.033 6731.033 267.9456065658867 267.9456065658867 267.9456065658867 33.49320082073584 33.49320082073584 33.49320082073584
 7552 131072 7380.962 7380.962 7380.962 268.2186262441129 268.2186262441129 268.2186262441129 33.52732828051411 33.52732828051411 33.52732828051411
 8288 65536 3982.067 3982.067 3982.067 272.8042335801984 272.8042335801984 272.8042335801984 34.1005291975248 34.1005291975248 34.1005291975248
 9088 65536 4475.117 4475.117 4475.117 266.179037553655 266.179037553655 266.179037553655 33.272379694206876 33.272379694206876 33.272379694206876
 9984 65536 4848.957 4848.957 4848.957 269.87718142272655 269.87718142272655 269.87718142272655 33.73464767784082 33.73464767784082 33.73464767784082
 10976 65536 5286.217 5286.217 5286.217 272.15043801644924 272.15043801644924 272.15043801644924 34.018804752056155 34.018804752056155 34.018804752056155
 12064 65536 6072.044 6072.044 6072.044 260.41520911245044 260.41520911245044 260.41520911245044 32.551901139056305 32.551901139056305 32.551901139056305
 13248 65536 6468.058 6468.058 6468.058 268.46417518210257 268.46417518210257 268.46417518210257 33.55802189776282 33.55802189776282 33.55802189776282
 14560 65536 7076.979 7076.979 7076.979 269.66426210958093 269.66426210958093 269.66426210958093 33.70803276369762 33.70803276369762 33.70803276369762
 16000 65536 7709.98 7709.98 7709.98 272.0048560437251 272.0048560437251 272.0048560437251 34.00060700546564 34.00060700546564 34.00060700546564
 17600 32768 4412.889 4412.889 4412.889 261.37833967725004 261.37833967725004 261.37833967725004 32.672292459656255 32.672292459656255 32.672292459656255
 19360 32768 4793.167 4793.167 4793.167 264.70535243190983 264.70535243190983 264.70535243190983 33.08816905398873 33.08816905398873 33.08816905398873
 21280 32768 5328.894 5328.894 5328.894 261.70647792956663 261.70647792956663 261.70647792956663 32.71330974119583 32.71330974119583 32.71330974119583
 23392 32768 5832.911 5832.911 5832.911 262.82213323673204 262.82213323673204 262.82213323673204 32.852766654591505 32.852766654591505 32.852766654591505
 25728 32768 6390.095 6390.095 6390.095 263.8630893593914 263.8630893593914 263.8630893593914 32.98288616992392 32.98288616992392 32.98288616992392
 28288 32768 6901.979 6901.979 6901.979 268.601566014617 268.601566014617 268.601566014617 33.575195751827124 33.575195751827124 33.575195751827124
 31104 32768 7645.845 7645.845 7645.845 266.606469788493 266.606469788493 266.606469788493 33.32580872356162 33.32580872356162 33.32580872356162
 34208 16384 4221.916 4221.916 4221.916 265.5021426290812 265.5021426290812 265.5021426290812 33.18776782863515 33.18776782863515 33.18776782863515
 37600 16384 4655.123 4655.123 4655.123 264.6711590649699 264.6711590649699 264.6711590649699 33.08389488312124 33.08389488312124 33.08389488312124
 41344 16384 5068.064 5068.064 5068.064 267.3131578448891 267.3131578448891 267.3131578448891 33.414144730611135 33.414144730611135 33.414144730611135
 45472 16384 6719.112 6719.112 6719.112 221.75943725897113 221.75943725897113 221.75943725897113 27.71992965737139 27.71992965737139 27.71992965737139
 50016 16384 6108.046 6108.046 6108.046 268.3221914176808 268.3221914176808 268.3221914176808 33.5402739272101 33.5402739272101 33.5402739272101
 55008 16384 6675.959 6675.959 6675.959 269.9989835168251 269.9989835168251 269.9989835168251 33.74987293960314 33.74987293960314 33.74987293960314
 60480 16384 7296.085 7296.085 7296.085 271.6263091781414 271.6263091781414 271.6263091781414 33.95328864726768 33.95328864726768 33.95328864726768
 66528 8192 4041.195 4041.195 4041.195 269.72089988233677 269.72089988233677 269.72089988233677 33.715112485292096 33.715112485292096 33.715112485292096
 73152 8192 4464.865 4464.865 4464.865 268.4341784130091 268.4341784130091 268.4341784130091 33.554272301626135 33.554272301626135 33.554272301626135
 80448 8192 4842.043 4842.043 4842.043 272.2115503724358 272.2115503724358 272.2115503724358 34.026443796554474 34.026443796554474 34.026443796554474
 88480 8192 5403.042 5403.042 5403.042 268.30372963971035 268.30372963971035 268.30372963971035 33.537966204963794 33.537966204963794 33.537966204963794
 97312 8192 5834.103 5834.103 5834.103 273.28276651954894 273.28276651954894 273.28276651954894 34.16034581494362 34.16034581494362 34.16034581494362
 107040 8192 6474.972 6474.972 6474.972 270.8495666081645 270.8495666081645 270.8495666081645 33.85619582602056 33.85619582602056 33.85619582602056
 117728 8192 7128.954 7128.954 7128.954 270.5664185797804 270.5664185797804 270.5664185797804 33.82080232247255 33.82080232247255 33.82080232247255
 129472 8192 7771.969 7771.969 7771.969 272.9384597390957 272.9384597390957 272.9384597390957 34.117307467386965 34.117307467386965 34.117307467386965
 142400 4096 4635.096 4635.096 4635.096 251.67565029936816 251.67565029936816 251.67565029936816 31.45945628742102 31.45945628742102 31.45945628742102
 156640 4096 5183.935 5183.935 5183.935 247.53298025534653 247.53298025534653 247.53298025534653 30.941622531918316 30.941622531918316 30.941622531918316
 172288 4096 5863.905 5863.905 5863.905 240.69000026432897 240.69000026432897 240.69000026432897 30.08625003304112 30.08625003304112 30.08625003304112
 189504 4096 6364.822 6364.822 6364.822 243.9057632719344 243.9057632719344 243.9057632719344 30.4882204089918 30.4882204089918 30.4882204089918
 208448 4096 6930.113 6930.113 6930.113 246.40377667723456 246.40377667723456 246.40377667723456 30.80047208465432 30.80047208465432 30.80047208465432
 229280 4096 7709.026 7709.026 7709.026 243.64449672371063 243.64449672371063 243.64449672371063 30.45556209046383 30.45556209046383 30.45556209046383
 252192 4096 8441.925 8441.925 8441.925 244.72580175730062 244.72580175730062 244.72580175730062 30.590725219662577 30.590725219662577 30.590725219662577
 277408 2048 4652.023 4652.023 4652.023 244.2514080433394 244.2514080433394 244.2514080433394 30.531426005417426 30.531426005417426 30.531426005417426
 305120 2048 5152.941 5152.941 5152.941 242.53557725578463 242.53557725578463 242.53557725578463 30.31694715697308 30.31694715697308 30.31694715697308
 335616 2048 5613.089 5613.089 5613.089 244.90670573725092 244.90670573725092 244.90670573725092 30.613338217156365 30.613338217156365 30.613338217156365
 369152 2048 6172.895 6172.895 6172.895 244.94934580938116 244.94934580938116 244.94934580938116 30.618668226172645 30.618668226172645 30.618668226172645
 406048 2048 6749.868 6749.868 6749.868 246.40076042968545 246.40076042968545 246.40076042968545 30.80009505371068 30.80009505371068 30.80009505371068
 446624 2048 7452.011 7452.011 7452.011 245.48701068745066 245.48701068745066 245.48701068745066 30.685876335931333 30.685876335931333 30.685876335931333
 491264 2048 8166.075 8166.075 8166.075 246.4118127741908 246.4118127741908 246.4118127741908 30.80147659677385 30.80147659677385 30.80147659677385
 540384 1024 4604.101 4604.101 4604.101 240.374056086085 240.374056086085 240.374056086085 30.046757010760626 30.046757010760626 30.046757010760626
 594400 1024 5023.003 5023.003 5023.003 242.35127870717977 242.35127870717977 242.35127870717977 30.29390983839747 30.29390983839747 30.29390983839747
 653824 1024 5520.821 5520.821 5520.821 242.54210596576127 242.54210596576127 242.54210596576127 30.31776324572016 30.31776324572016 30.31776324572016
 719200 1024 6145.0 6145.0 6145.0 239.69432058584215 239.69432058584215 239.69432058584215 29.96179007323027 29.96179007323027 29.96179007323027
 791104 1024 7030.964 7030.964 7030.964 230.43511416073247 230.43511416073247 230.43511416073247 28.80438927009156 28.80438927009156 28.80438927009156
 870208 1024 8018.017 8018.017 8018.017 222.27266218068632 222.27266218068632 222.27266218068632 27.78408277258579 27.78408277258579 27.78408277258579
 957216 1024 9059.906 9059.906 9059.906 216.37954830877933 216.37954830877933 216.37954830877933 27.047443538597417 27.047443538597417 27.047443538597417
 1052928 512 5297.899 5297.899 5297.899 203.51431237175342 203.51431237175342 203.51431237175342 25.439289046469177 25.439289046469177 25.439289046469177
 1158208 512 7287.979 7287.979 7287.979 162.73441402616555 162.73441402616555 162.73441402616555 20.341801753270694 20.341801753270694 20.341801753270694
 1274016 512 8147.001 8147.001 8147.001 160.1316096561176 160.1316096561176 160.1316096561176 20.0164512070147 20.0164512070147 20.0164512070147
 1401408 512 9619.951 9619.951 9619.951 149.17350327460088 149.17350327460088 149.17350327460088 18.64668790932511 18.64668790932511 18.64668790932511
 1541536 512 10456.085 10456.085 10456.085 150.9678683752093 150.9678683752093 150.9678683752093 18.87098354690116 18.87098354690116 18.87098354690116
 1695680 512 11677.027 11677.027 11677.027 148.70020596852265 148.70020596852265 148.70020596852265 18.58752574606533 18.58752574606533 18.58752574606533
 1865248 512 12713.909 12713.909 12713.909 150.23026765411015 150.23026765411015 150.23026765411015 18.77878345676377 18.77878345676377 18.77878345676377
 2051744 512 13945.103 13945.103 13945.103 150.66119310843385 150.66119310843385 150.66119310843385 18.83264913855423 18.83264913855423 18.83264913855423
 2256896 256 7817.984 7817.984 7817.984 147.80418481286225 147.80418481286225 147.80418481286225 18.47552310160778 18.47552310160778 18.47552310160778
 2482560 256 8486.032 8486.032 8486.032 149.7838707183758 149.7838707183758 149.7838707183758 18.722983839796974 18.722983839796974 18.722983839796974
 2730816 256 9335.041 9335.041 9335.041 149.77735952097052 149.77735952097052 149.77735952097052 18.722169940121315 18.722169940121315 18.722169940121315
 3003872 256 10257.959 10257.959 10257.959 149.9306503369725 149.9306503369725 149.9306503369725 18.74133129212156 18.74133129212156 18.74133129212156
 3304256 256 11260.033 11260.033 11260.033 150.24636890495793 150.24636890495793 150.24636890495793 18.78079611311974 18.78079611311974 18.78079611311974
 3634656 256 12430.191 12430.191 12430.191 149.71160716677645 149.71160716677645 149.71160716677645 18.713950895847056 18.713950895847056 18.713950895847056
 3998112 256 13686.895 13686.895 13686.895 149.5615582643105 149.5615582643105 149.5615582643105 18.69519478303881 18.69519478303881 18.69519478303881
 4397920 128 7562.16 7562.16 7562.16 148.88173749299142 148.88173749299142 148.88173749299142 18.610217186623927 18.610217186623927 18.610217186623927
 4837696 128 8330.107 8330.107 8330.107 148.6715808092261 148.6715808092261 148.6715808092261 18.583947601153262 18.583947601153262 18.583947601153262
 5321440 128 9112.835 9112.835 9112.835 149.49120004916145 149.49120004916145 149.49120004916145 18.68640000614518 18.68640000614518 18.68640000614518
 5853568 128 10058.165 10058.165 10058.165 148.98477088017543 148.98477088017543 148.98477088017543 18.62309636002193 18.62309636002193 18.62309636002193
 6438912 128 11272.907 11272.907 11272.907 146.22328313362294 146.22328313362294 146.22328313362294 18.277910391702868 18.277910391702868 18.277910391702868
 7082784 128 12195.11 12195.11 12195.11 148.6819474363085 148.6819474363085 148.6819474363085 18.58524342953856 18.58524342953856 18.58524342953856
 7791040 128 13372.183 13372.183 13372.183 149.1533760792834 149.1533760792834 149.1533760792834 18.644172009910424 18.644172009910424 18.644172009910424
 8570144 64 7404.089 7404.089 7404.089 148.1584610881906 148.1584610881906 148.1584610881906 18.519807636023824 18.519807636023824 18.519807636023824
 9427136 64 8091.927 8091.927 8091.927 149.1206492594409 149.1206492594409 149.1206492594409 18.640081157430114 18.640081157430114 18.640081157430114
 10369824 64 8891.106 8891.106 8891.106 149.28822938338607 149.28822938338607 149.28822938338607 18.66102867292326 18.66102867292326 18.66102867292326
 11406784 64 9751.081 9751.081 9751.081 149.73399892791375 149.73399892791375 149.73399892791375 18.716749865989218 18.716749865989218 18.716749865989218
 12547456 64 10766.029 10766.029 10766.029 149.17982925737985 149.17982925737985 149.17982925737985 18.64747865717248 18.64747865717248 18.64747865717248
 13802176 64 11909.962 11909.962 11909.962 148.3362019123151 148.3362019123151 148.3362019123151 18.542025239039386 18.542025239039386 18.542025239039386
 15182368 64 13074.875 13074.875 13074.875 148.6318686794329 148.6318686794329 148.6318686794329 18.578983584929112 18.578983584929112 18.578983584929112
 16700576 64 14417.887 14417.887 14417.887 148.26539617074263 148.26539617074263 148.26539617074263 18.53317452134283 18.53317452134283 18.53317452134283
 18370624 32 7908.821 7908.821 7908.821 148.65931799442671 148.65931799442671 148.65931799442671 18.58241474930334 18.58241474930334 18.58241474930334
 20207680 32 8660.078 8660.078 8660.078 149.33947708092236 149.33947708092236 149.33947708092236 18.667434635115296 18.667434635115296 18.667434635115296
 22228448 32 9562.016 9562.016 9562.016 148.77831955102357 148.77831955102357 148.77831955102357 18.597289943877946 18.597289943877946 18.597289943877946
 24451264 32 10597.229 10597.229 10597.229 147.66887608071883 147.66887608071883 147.66887608071883 18.458609510089854 18.458609510089854 18.458609510089854
 26896384 32 11775.97 11775.97 11775.97 146.17637239225303 146.17637239225303 146.17637239225303 18.27204654903163 18.27204654903163 18.27204654903163
 29586016 32 12691.021 12691.021 12691.021 149.20036961565188 149.20036961565188 149.20036961565188 18.650046201956485 18.650046201956485 18.650046201956485
 32544608 32 14011.86 14011.86 14011.86 148.6494235597558 148.6494235597558 148.6494235597558 18.581177944969475 18.581177944969475 18.581177944969475
 35799040 16 7838.964 7838.964 7838.964 146.13784168418172 146.13784168418172 146.13784168418172 18.267230210522715 18.267230210522715 18.267230210522715
 39378944 16 8557.081 8557.081 8557.081 147.2612223724422 147.2612223724422 147.2612223724422 18.407652796555276 18.407652796555276 18.407652796555276
 43316832 16 9345.055 9345.055 9345.055 148.32856778264014 148.32856778264014 148.32856778264014 18.541070972830017 18.541070972830017 18.541070972830017
 47648512 16 10993.958 10993.958 10993.958 138.69003174289006 138.69003174289006 138.69003174289006 17.336253967861257 17.336253967861257 17.336253967861257
 52413344 16 13808.012 13808.012 13808.012 121.4676673224212 121.4676673224212 121.4676673224212 15.18345841530265 15.18345841530265 15.18345841530265
 57654656 16 16268.015 16268.015 16268.015 113.40959496287654 113.40959496287654 113.40959496287654 14.176199370359567 14.176199370359567 14.176199370359567
 63420096 16 21465.063 21465.063 21465.063 94.54633662151376 94.54633662151376 94.54633662151376 11.81829207768922 11.81829207768922 11.81829207768922
 69762080 8 13223.886 13223.886 13223.886 84.40735801866411 84.40735801866411 84.40735801866411 10.550919752333014 10.550919752333014 10.550919752333014
 76738272 8 16379.118 16379.118 16379.118 74.96205546599029 74.96205546599029 74.96205546599029 9.370256933248786 9.370256933248786 9.370256933248786
 84412096 8 18906.832 18906.832 18906.832 71.43415332616274 71.43415332616274 71.43415332616274 8.929269165770343 8.929269165770343 8.929269165770343
 92853280 8 21229.982 21229.982 21229.982 69.97897972782077 69.97897972782077 69.97897972782077 8.747372465977596 8.747372465977596 8.747372465977596
 102138592 8 23458.958 23458.958 23458.958 69.66283293571692 69.66283293571692 69.66283293571692 8.707854116964615 8.707854116964615 8.707854116964615
 112352448 8 25974.035 25974.035 25974.035 69.20908391784333 69.20908391784333 69.20908391784333 8.651135489730416 8.651135489730416 8.651135489730416
 123587680 8 28797.865 28797.865 28797.865 68.66491248569989 68.66491248569989 68.66491248569989 8.583114060712486 8.583114060712486 8.583114060712486
 135946432 4 15761.137 15761.137 15761.137 69.00336289190304 69.00336289190304 69.00336289190304 8.62542036148788 8.62542036148788 8.62542036148788
 149541056 4 17408.133 17408.133 17408.133 68.72238671430186 68.72238671430186 68.72238671430186 8.590298339287733 8.590298339287733 8.590298339287733
 164495136 4 19146.204 19146.204 19146.204 68.73221908635257 68.73221908635257 68.73221908635257 8.591527385794071 8.591527385794071 8.591527385794071
 180944640 4 21061.897 21061.897 21061.897 68.72871517698525 68.72871517698525 68.72871517698525 8.591089397123156 8.591089397123156 8.591089397123156
 199039104 4 23262.024 23262.024 23262.024 68.45117312233879 68.45117312233879 68.45117312233879 8.556396640292348 8.556396640292348 8.556396640292348
 218943008 4 25445.938 25445.938 25445.938 68.8339358525514 68.8339358525514 68.8339358525514 8.604241981568926 8.604241981568926 8.604241981568926
 240837280 4 28066.874 28066.874 28066.874 68.64669859564695 68.64669859564695 68.64669859564695 8.580837324455869 8.580837324455869 8.580837324455869
 264920992 4 30912.876 30912.876 30912.876 68.55939046240798 68.55939046240798 68.55939046240798 8.569923807800997 8.569923807800997 8.569923807800997
 291413088 2 17014.027 17014.027 17014.027 68.51125556577523 68.51125556577523 68.51125556577523 8.563906945721904 8.563906945721904 8.563906945721904
 320554368 2 18702.03 18702.03 18702.03 68.56033660517068 68.56033660517068 68.56033660517068 8.570042075646334 8.570042075646334 8.570042075646334
 352609792 2 20889.997 20889.997 20889.997 67.51744234333782 67.51744234333782 67.51744234333782 8.439680292917227 8.439680292917227 8.439680292917227
 387870752 2 22645.95 22645.95 22645.95 68.51039625186843 68.51039625186843 68.51039625186843 8.563799531483554 8.563799531483554 8.563799531483554
 426657824 2 24985.075 24985.075 24985.075 68.30603054023251 68.30603054023251 68.30603054023251 8.538253817529064 8.538253817529064 8.538253817529064
 469323584 2 27433.872 27433.872 27433.872 68.42979860808566 68.42979860808566 68.42979860808566 8.553724826010708 8.553724826010708 8.553724826010708
 516255936 2 30138.969 30138.969 30138.969 68.51673472971154 68.51673472971154 68.51673472971154 8.564591841213943 8.564591841213943 8.564591841213943
 567881504 1 16476.87 16476.87 16476.87 68.93075007571221 68.93075007571221 68.93075007571221 8.616343759464026 8.616343759464026 8.616343759464026
 624669632 1 18166.065 18166.065 18166.065 68.7732463799948 68.7732463799948 68.7732463799948 8.59665579749935 8.59665579749935 8.59665579749935
 687136576 1 19989.967 19989.967 19989.967 68.74814510699292 68.74814510699292 68.74814510699292 8.593518138374115 8.593518138374115 8.593518138374115
 755850208 1 26580.095 26580.095 26580.095 56.87340154352345 56.87340154352345 56.87340154352345 7.109175192940431 7.109175192940431 7.109175192940431
 831435200 1 24293.9 24293.9 24293.9 68.44806309402772 68.44806309402772 68.44806309402772 8.556007886753465 8.556007886753465 8.556007886753465
 914578720 1 26896.0 26896.0 26896.0 68.00853063652588 68.00853063652588 68.00853063652588 8.501066329565734 8.501066329565734 8.501066329565734
 1006036576 1 29616.117 29616.117 29616.117 67.9384522960927 67.9384522960927 67.9384522960927 8.492306537011588 8.492306537011588 8.492306537011588
 
META_DATA
 MPI startup(): shm:tmi fabric is unknown or has been removed from the product, please use ofi or shm:ofi instead
 FLOPS          2
 MPI_PROCS      4
 OPENMP_THREADS 1
 ERT_VERSION  1.1.0
 HOSTNAME  ('shas0420.rc.int.colorado.edu', [], ['10.225.6.135'])
 UNAME  uname_result(system='Linux', node='shas0420.rc.int.colorado.edu', release='3.10.0-957.27.2.el7.x86_64', version='#1 SMP Mon Jul 29 17:46:05 UTC 2019', machine='x86_64', processor='x86_64')
 TIMESTAMP_DATA  1664552588.6150734
 CONFIG  {'ERT_RESULTS': ['lab5_results'], 'ERT_DRIVER': ['driver1'], 'ERT_KERNEL': ['kernel1'], 'ERT_MPI': ['True'], 'ERT_MPI_CFLAGS': ['-I/usr/include/mpi'], 'ERT_MPI_LDFLAGS': ['-lmpi'], 'ERT_OPENMP': ['True'], 'ERT_OPENMP_CFLAGS': ['-qopenmp'], 'ERT_OPENMP_LDFLAGS': ['-qopenmp'], 'ERT_FLOPS': ['1,2,4,8,16'], 'ERT_ALIGN': ['32'], 'ERT_CC': ['mpicc'], 'ERT_CFLAGS': ['-O3', '-msse3', '-axSSE3', '-xSSE3', '-fno-alias', '-fno-fnalias', '-DERT_INTEL', '-std=c++11'], 'ERT_LD': ['mpicc'], 'ERT_LDFLAGS': [], 'ERT_LDLIBS': [], 'ERT_PRECISION': ['FP64'], 'ERT_RUN': ['export', 'OMP_NUM_THREADS=ERT_OPENMP_THREADS;', 'mpirun', '-np', 'ERT_MPI_PROCS', 'ERT_CODE'], 'ERT_PROCS_THREADS': ['1-24'], 'ERT_MPI_PROCS': ['1,2,4'], 'ERT_OPENMP_THREADS': ['1,2,4'], 'ERT_NUM_EXPERIMENTS': ['1'], 'ERT_MEMORY_MAX': ['1073741824'], 'ERT_WORKING_SET_MIN': ['1'], 'ERT_TRIALS_MIN': ['1'], 'ERT_GNUPLOT': ['gnuplot'], 'ERT_GPU': [False], 'ERT_HIP': [False], 'ERT_OCL': [False], 'ERT_SYCL': [False], 'ERT_WSS_MULT': [1.1]}
 