fp64
 96 8388608 96206.188 96206.188 96206.188 16.74125926286571 16.74125926286571 16.74125926286571 8.370629631432855 8.370629631432855 8.370629631432855
 192 4194304 49563.169 49563.169 49563.169 32.496161333025334 32.496161333025334 32.496161333025334 16.248080666512667 16.248080666512667 16.248080666512667
 288 2097152 24798.155 24798.155 24798.155 48.71167036418637 48.71167036418637 48.71167036418637 24.355835182093184 24.355835182093184 24.355835182093184
 384 2097152 24779.081 24779.081 24779.081 64.998889022559 64.998889022559 64.998889022559 32.4994445112795 32.4994445112795 32.4994445112795
 480 2097152 25012.97 25012.97 25012.97 80.48887916948685 80.48887916948685 80.48887916948685 40.244439584743425 40.244439584743425 40.244439584743425
 576 1048576 12409.925 12409.925 12409.925 97.33818310747245 97.33818310747245 97.33818310747245 48.66909155373622 48.66909155373622 48.66909155373622
 672 1048576 12612.104 12612.104 12612.104 111.74076458614678 111.74076458614678 111.74076458614678 55.87038229307339 55.87038229307339 55.87038229307339
 768 1048576 12559.891 12559.891 12559.891 128.234610953232 128.234610953232 128.234610953232 64.117305476616 64.117305476616 64.117305476616
 864 1048576 13514.996 13514.996 13514.996 134.06880238810282 134.06880238810282 134.06880238810282 67.03440119405141 67.03440119405141 67.03440119405141
 960 1048576 13488.054 13488.054 13488.054 149.26288996173946 149.26288996173946 149.26288996173946 74.63144498086973 74.63144498086973 74.63144498086973
 1056 524288 6929.874 6929.874 6929.874 159.785914722259 159.785914722259 159.785914722259 79.8929573611295 79.8929573611295 79.8929573611295
 1152 524288 6856.918 6856.918 6856.918 176.1665447946147 176.1665447946147 176.1665447946147 88.08327239730735 88.08327239730735 88.08327239730735
 1248 524288 7014.036 7014.036 7014.036 186.57201759443493 186.57201759443493 186.57201759443493 93.28600879721746 93.28600879721746 93.28600879721746
 1344 524288 7032.156 7032.156 7032.156 200.40598416758672 200.40598416758672 200.40598416758672 100.20299208379336 100.20299208379336 100.20299208379336
 1440 524288 7990.837 7990.837 7990.837 188.9601101862045 188.9601101862045 188.9601101862045 94.48005509310225 94.48005509310225 94.48005509310225
 1536 524288 6732.941 6732.941 6732.941 239.21384963866458 239.21384963866458 239.21384963866458 119.60692481933229 119.60692481933229 119.60692481933229
 1632 524288 7363.081 7363.081 7363.081 232.4130390525379 232.4130390525379 232.4130390525379 116.20651952626895 116.20651952626895 116.20651952626895
 1728 524288 7472.038 7472.038 7472.038 242.49600015417482 242.49600015417482 242.49600015417482 121.24800007708741 121.24800007708741 121.24800007708741
 1824 524288 8711.815 8711.815 8711.815 219.54123497801547 219.54123497801547 219.54123497801547 109.77061748900773 109.77061748900773 109.77061748900773
 1920 524288 8806.944 8806.944 8806.944 228.59983213246275 228.59983213246275 228.59983213246275 114.29991606623138 114.29991606623138 114.29991606623138
 2112 262144 4859.924 4859.924 4859.924 227.8422987684581 227.8422987684581 227.8422987684581 113.92114938422905 113.92114938422905 113.92114938422905
 2304 262144 5382.776 5382.776 5382.776 224.41200451216991 224.41200451216991 224.41200451216991 112.20600225608496 112.20600225608496 112.20600225608496
 2496 262144 5795.002 5795.002 5795.002 225.81922284064783 225.81922284064783 225.81922284064783 112.90961142032391 112.90961142032391 112.90961142032391
 2688 262144 6247.997 6247.997 6247.997 225.55806989023841 225.55806989023841 225.55806989023841 112.77903494511921 112.77903494511921 112.77903494511921
 2880 262144 6678.104 6678.104 6678.104 226.10451110075553 226.10451110075553 226.10451110075553 113.05225555037777 113.05225555037777 113.05225555037777
 3168 262144 6656.885 6656.885 6656.885 249.50774784302266 249.50774784302266 249.50774784302266 124.75387392151133 124.75387392151133 124.75387392151133
 3456 262144 7393.837 7393.837 7393.837 245.0607618209598 245.0607618209598 245.0607618209598 122.5303809104799 122.5303809104799 122.5303809104799
 3744 262144 8460.045 8460.045 8460.045 232.02409348886445 232.02409348886445 232.02409348886445 116.01204674443223 116.01204674443223 116.01204674443223
 4032 262144 8871.794 8871.794 8871.794 238.27528186520107 238.27528186520107 238.27528186520107 119.13764093260053 119.13764093260053 119.13764093260053
 4416 131072 4883.051 4883.051 4883.051 237.07061507242088 237.07061507242088 237.07061507242088 118.53530753621044 118.53530753621044 118.53530753621044
 4800 131072 4833.937 4833.937 4833.937 260.30359932287075 260.30359932287075 260.30359932287075 130.15179966143538 130.15179966143538 130.15179966143538
 5280 131072 5679.846 5679.846 5679.846 243.68976201115314 243.68976201115314 243.68976201115314 121.84488100557657 121.84488100557657 121.84488100557657
 5760 131072 6057.024 6057.024 6057.024 249.28899736900496 249.28899736900496 249.28899736900496 124.64449868450248 124.64449868450248 124.64449868450248
 6336 131072 6298.065 6298.065 6298.065 263.72296633966147 263.72296633966147 263.72296633966147 131.86148316983073 131.86148316983073 131.86148316983073
 6912 131072 7136.106 7136.106 7136.106 253.91149290663566 253.91149290663566 253.91149290663566 126.95574645331783 126.95574645331783 126.95574645331783
 7584 131072 7984.877 7984.877 7984.877 248.98318358567076 248.98318358567076 248.98318358567076 124.49159179283538 124.49159179283538 124.49159179283538
 8256 65536 4159.927 4159.927 4159.927 260.1320725099263 260.1320725099263 260.1320725099263 130.06603625496314 130.06603625496314 130.06603625496314
 9024 65536 4617.929 4617.929 4617.929 256.13077377326505 256.13077377326505 256.13077377326505 128.06538688663252 128.06538688663252 128.06538688663252
 9888 65536 5055.904 5055.904 5055.904 256.34187990911215 256.34187990911215 256.34187990911215 128.17093995455608 128.17093995455608 128.17093995455608
 10848 65536 5332.947 5332.947 5332.947 266.6197612689569 266.6197612689569 266.6197612689569 133.30988063447845 133.30988063447845 133.30988063447845
 11904 65536 5964.994 5964.994 5964.994 261.57295179173695 261.57295179173695 261.57295179173695 130.78647589586848 130.78647589586848 130.78647589586848
 13056 65536 6483.078 6483.078 6483.078 263.96042620496 263.96042620496 263.96042620496 131.98021310248 131.98021310248 131.98021310248
 14304 65536 7088.9 7088.9 7088.9 264.47740664983286 264.47740664983286 264.47740664983286 132.23870332491643 132.23870332491643 132.23870332491643
 15648 65536 7713.079 7713.079 7713.079 265.9138660449349 265.9138660449349 265.9138660449349 132.95693302246744 132.95693302246744 132.95693302246744
 17184 32768 4217.148 4217.148 4217.148 267.045554009487 267.045554009487 267.045554009487 133.5227770047435 133.5227770047435 133.5227770047435
 18816 32768 4568.1 4568.1 4568.1 269.94272804886054 269.94272804886054 269.94272804886054 134.97136402443027 134.97136402443027 134.97136402443027
 20640 32768 5089.045 5089.045 5089.045 265.79899372082576 265.79899372082576 265.79899372082576 132.89949686041288 132.89949686041288 132.89949686041288
 22656 32768 5548.0 5548.0 5548.0 267.6250209084355 267.6250209084355 267.6250209084355 133.81251045421774 133.81251045421774 133.81251045421774
 24864 32768 6039.143 6039.143 6039.143 269.8209173056508 269.8209173056508 269.8209173056508 134.9104586528254 134.9104586528254 134.9104586528254
 27264 32768 6634.951 6634.951 6634.951 269.2971664749295 269.2971664749295 269.2971664749295 134.64858323746475 134.64858323746475 134.64858323746475
 29952 32768 7280.827 7280.827 7280.827 269.603201943955 269.603201943955 269.603201943955 134.8016009719775 134.8016009719775 134.8016009719775
 32928 16384 4009.962 4009.962 4009.962 269.07604211710736 269.07604211710736 269.07604211710736 134.53802105855368 134.53802105855368 134.53802105855368
 36192 16384 4395.008 4395.008 4395.008 269.83783783783787 269.83783783783787 269.83783783783787 134.91891891891893 134.91891891891893 134.91891891891893
 39744 16384 4808.187 4808.187 4808.187 270.8570594280131 270.8570594280131 270.8570594280131 135.42852971400654 135.42852971400654 135.42852971400654
 43680 16384 5276.918 5276.918 5276.918 271.2390527955902 271.2390527955902 271.2390527955902 135.6195263977951 135.6195263977951 135.6195263977951
 48000 16384 5753.994 5753.994 5753.994 273.3516927546327 273.3516927546327 273.3516927546327 136.67584637731636 136.67584637731636 136.67584637731636
 52800 16384 6346.941 6346.941 6346.941 272.59594818984453 272.59594818984453 272.59594818984453 136.29797409492227 136.29797409492227 136.29797409492227
 58080 16384 7076.025 7076.025 7076.025 268.95968287279936 268.95968287279936 268.95968287279936 134.47984143639968 134.47984143639968 134.47984143639968
 63840 16384 7765.055 7765.055 7765.055 269.4004253672382 269.4004253672382 269.4004253672382 134.7002126836191 134.7002126836191 134.7002126836191
 70176 8192 4224.777 4224.777 4224.777 272.1477569111932 272.1477569111932 272.1477569111932 136.0738784555966 136.0738784555966 136.0738784555966
 77184 8192 4613.161 4613.161 4613.161 274.12497764547993 274.12497764547993 274.12497764547993 137.06248882273997 137.06248882273997 137.06248882273997
 84864 8192 5065.918 5065.918 5065.918 274.4639324994996 274.4639324994996 274.4639324994996 137.2319662497498 137.2319662497498 137.2319662497498
 93312 8192 5587.101 5587.101 5587.101 273.6345392717977 273.6345392717977 273.6345392717977 136.81726963589884 136.81726963589884 136.81726963589884
 102624 8192 6192.923 6192.923 6192.923 271.5021026419996 271.5021026419996 271.5021026419996 135.7510513209998 135.7510513209998 135.7510513209998
 112800 8192 6752.968 6752.968 6752.968 273.6745087493381 273.6745087493381 273.6745087493381 136.83725437466904 136.83725437466904 136.83725437466904
 124032 8192 7452.965 7452.965 7452.965 272.66199264319636 272.66199264319636 272.66199264319636 136.33099632159818 136.33099632159818 136.33099632159818
 136416 4096 4077.911 4077.911 4077.911 274.0422417262171 274.0422417262171 274.0422417262171 137.02112086310856 137.02112086310856 137.02112086310856
 150048 4096 4505.157 4505.157 4505.157 272.84137178793105 272.84137178793105 272.84137178793105 136.42068589396553 136.42068589396553 136.42068589396553
 165024 4096 4939.079 4939.079 4939.079 273.7102621764098 273.7102621764098 273.7102621764098 136.8551310882049 136.8551310882049 136.8551310882049
 181440 4096 5424.976 5424.976 5424.976 273.98397338532004 273.98397338532004 273.98397338532004 136.99198669266002 136.99198669266002 136.99198669266002
 199584 4096 5978.107 5978.107 5978.107 273.49663162603144 273.49663162603144 273.49663162603144 136.74831581301572 136.74831581301572 136.74831581301572
 219456 4096 6555.08 6555.08 6555.08 274.2580642799173 274.2580642799173 274.2580642799173 137.12903213995864 137.12903213995864 137.12903213995864
 241344 4096 7210.97 7210.97 7210.97 274.178099201633 274.178099201633 274.178099201633 137.0890496008165 137.0890496008165 137.0890496008165
 265440 2048 3985.882 3985.882 3985.882 272.7733134096794 272.7733134096794 272.7733134096794 136.3866567048397 136.3866567048397 136.3866567048397
 291936 2048 4378.08 4378.08 4378.08 273.1265431421993 273.1265431421993 273.1265431421993 136.56327157109965 136.56327157109965 136.56327157109965
 321120 2048 4816.055 4816.055 4816.055 273.10890760176113 273.10890760176113 273.10890760176113 136.55445380088057 136.55445380088057 136.55445380088057
 353184 2048 5293.846 5293.846 5293.846 273.2685582466887 273.2685582466887 273.2685582466887 136.63427912334436 136.63427912334436 136.63427912334436
 388416 2048 5825.043 5825.043 5825.043 273.12277969450184 273.12277969450184 273.12277969450184 136.56138984725092 136.56138984725092 136.56138984725092
 427200 2048 6417.99 6417.99 6417.99 272.64162144222723 272.64162144222723 272.64162144222723 136.32081072111362 136.32081072111362 136.32081072111362
 469920 2048 7048.13 7048.13 7048.13 273.0926245685025 273.0926245685025 273.0926245685025 136.54631228425126 136.54631228425126 136.54631228425126
 516864 2048 7763.863 7763.863 7763.863 272.68319185951634 272.68319185951634 272.68319185951634 136.34159592975817 136.34159592975817 136.34159592975817
 568512 1024 4271.984 4271.984 4271.984 272.5460994235933 272.5460994235933 272.5460994235933 136.27304971179666 136.27304971179666 136.27304971179666
 625344 1024 4700.184 4700.184 4700.184 272.4796544135293 272.4796544135293 272.4796544135293 136.23982720676466 136.23982720676466 136.23982720676466
 687840 1024 5154.133 5154.133 5154.133 273.3139249608033 273.3139249608033 273.3139249608033 136.65696248040166 136.65696248040166 136.65696248040166
 756576 1024 5667.925 5667.925 5667.925 273.3747620160817 273.3747620160817 273.3747620160817 136.68738100804086 136.68738100804086 136.68738100804086
 832224 1024 6236.076 6236.076 6236.076 273.312055850506 273.312055850506 273.312055850506 136.656027925253 136.656027925253 136.656027925253
 915360 1024 6863.117 6863.117 6863.117 273.1495441502746 273.1495441502746 273.1495441502746 136.5747720751373 136.5747720751373 136.5747720751373
 1006848 1024 7548.094 7548.094 7548.094 273.1848204328139 273.1848204328139 273.1848204328139 136.59241021640696 136.59241021640696 136.59241021640696
 1107456 512 4153.013 4153.013 4153.013 273.06318183930557 273.06318183930557 273.06318183930557 136.53159091965279 136.53159091965279 136.53159091965279
 1218144 512 4562.14 4562.14 4562.14 273.4198108782282 273.4198108782282 273.4198108782282 136.7099054391141 136.7099054391141 136.7099054391141
 1339872 512 5016.088 5016.088 5016.088 273.52568934197325 273.52568934197325 273.52568934197325 136.76284467098662 136.76284467098662 136.76284467098662
 1473792 512 5529.881 5529.881 5529.881 272.91057583336783 272.91057583336783 272.91057583336783 136.45528791668391 136.45528791668391 136.45528791668391
 1621152 512 6062.031 6062.031 6062.031 273.84545674543733 273.84545674543733 273.84545674543733 136.92272837271867 136.92272837271867 136.92272837271867
 1783200 512 6667.137 6667.137 6667.137 273.88019775204856 273.88019775204856 273.88019775204856 136.94009887602428 136.94009887602428 136.94009887602428
 1961472 512 7349.014 7349.014 7349.014 273.30840953629973 273.30840953629973 273.30840953629973 136.65420476814987 136.65420476814987 136.65420476814987
 2157600 256 4045.01 4045.01 4045.01 273.09974511805905 273.09974511805905 273.09974511805905 136.54987255902952 136.54987255902952 136.54987255902952
 2373312 256 4490.137 4490.137 4490.137 270.62331149361364 270.62331149361364 270.62331149361364 135.31165574680682 135.31165574680682 135.31165574680682
 2610624 256 4989.147 4989.147 4989.147 267.9094217909394 267.9094217909394 267.9094217909394 133.9547108954697 133.9547108954697 133.9547108954697
 2871648 256 5511.999 5511.999 5511.999 266.7423880156727 266.7423880156727 266.7423880156727 133.37119400783635 133.37119400783635 133.37119400783635
 3158784 256 6070.137 6070.137 6070.137 266.4350751885831 266.4350751885831 266.4350751885831 133.21753759429154 133.21753759429154 133.21753759429154
 3474624 256 6790.161 6790.161 6790.161 261.99783598651044 261.99783598651044 261.99783598651044 130.99891799325522 130.99891799325522 130.99891799325522
 3822048 256 7496.119 7496.119 7496.119 261.05356331723124 261.05356331723124 261.05356331723124 130.52678165861562 130.52678165861562 130.52678165861562
 4204224 128 4146.099 4146.099 4146.099 259.5889157494792 259.5889157494792 259.5889157494792 129.7944578747396 129.7944578747396 129.7944578747396
 4624608 128 4544.02 4544.02 4544.02 260.54014903103416 260.54014903103416 260.54014903103416 130.27007451551708 130.27007451551708 130.27007451551708
 5087040 128 5144.119 5144.119 5144.119 253.1594311873423 253.1594311873423 253.1594311873423 126.57971559367115 126.57971559367115 126.57971559367115
 5595744 128 5507.946 5507.946 5507.946 260.0807023162536 260.0807023162536 260.0807023162536 130.0403511581268 130.0403511581268 130.0403511581268
 6155232 128 6055.117 6055.117 6055.117 260.23269112719044 260.23269112719044 260.23269112719044 130.11634556359522 130.11634556359522 130.11634556359522
 6770688 128 6886.005 6886.005 6886.005 251.7128767696219 251.7128767696219 251.7128767696219 125.85643838481094 125.85643838481094 125.85643838481094
 7447680 128 7465.124 7465.124 7465.124 255.40179640686478 255.40179640686478 255.40179640686478 127.70089820343239 127.70089820343239 127.70089820343239
 8192448 128 8074.999 8074.999 8074.999 259.72346101838525 259.72346101838525 259.72346101838525 129.86173050919263 129.86173050919263 129.86173050919263
 9011616 64 4433.155 4433.155 4433.155 260.1954698177709 260.1954698177709 260.1954698177709 130.09773490888546 130.09773490888546 130.09773490888546
 9912768 64 4900.932 4900.932 4900.932 258.8965331492051 258.8965331492051 258.8965331492051 129.44826657460254 129.44826657460254 129.44826657460254
 10903968 64 5370.855 5370.855 5370.855 259.86698654124905 259.86698654124905 259.86698654124905 129.93349327062452 129.93349327062452 129.93349327062452
 11994336 64 5906.105 5906.105 5906.105 259.9471238658981 259.9471238658981 259.9471238658981 129.97356193294905 129.97356193294905 129.97356193294905
 13193760 64 6487.131 6487.131 6487.131 260.33099686132437 260.33099686132437 260.33099686132437 130.16549843066218 130.16549843066218 130.16549843066218
 14513088 64 7164.955 7164.955 7164.955 259.2724258561289 259.2724258561289 259.2724258561289 129.63621292806445 129.63621292806445 129.63621292806445
 15964320 64 7867.813 7867.813 7867.813 259.72058054760583 259.72058054760583 259.72058054760583 129.86029027380292 129.86029027380292 129.86029027380292
 17560704 32 4410.028 4410.028 4410.028 254.84760096761292 254.84760096761292 254.84760096761292 127.42380048380646 127.42380048380646 127.42380048380646
 19316736 32 4925.013 4925.013 4925.013 251.01885091470828 251.01885091470828 251.01885091470828 125.50942545735414 125.50942545735414 125.50942545735414
 21248352 32 5238.056 5238.056 5238.056 259.6181728488585 259.6181728488585 259.6181728488585 129.80908642442924 129.80908642442924 129.80908642442924
 23373120 32 5935.192 5935.192 5935.192 252.03560053322624 252.03560053322624 252.03560053322624 126.01780026661312 126.01780026661312 126.01780026661312
 25710432 32 6338.12 6338.12 6338.12 259.6144673814948 259.6144673814948 259.6144673814948 129.8072336907474 129.8072336907474 129.8072336907474
 28281408 32 7083.893 7083.893 7083.893 255.5106509937403 255.5106509937403 255.5106509937403 127.75532549687016 127.75532549687016 127.75532549687016
 31109472 32 7673.025 7673.025 7673.025 259.48126169274826 259.48126169274826 259.48126169274826 129.74063084637413 129.74063084637413 129.74063084637413
 34220352 16 4321.098 4321.098 4321.098 253.4196780540502 253.4196780540502 253.4196780540502 126.7098390270251 126.7098390270251 126.7098390270251
 37642368 16 4735.947 4735.947 4735.947 254.34317064781342 254.34317064781342 254.34317064781342 127.17158532390671 127.17158532390671 127.17158532390671
 41406528 16 5131.96 5131.96 5131.96 258.18768969360633 258.18768969360633 258.18768969360633 129.09384484680317 129.09384484680317 129.09384484680317
 45547104 16 5702.019 5702.019 5702.019 255.61249936206806 255.61249936206806 255.61249936206806 127.80624968103403 127.80624968103403 127.80624968103403
 50101728 16 6423.95 6423.95 6423.95 249.57468473447022 249.57468473447022 249.57468473447022 124.78734236723511 124.78734236723511 124.78734236723511
 55111872 16 7609.844 7609.844 7609.844 231.74981037719039 231.74981037719039 231.74981037719039 115.87490518859519 115.87490518859519 115.87490518859519
 60623040 16 9159.088 9159.088 9159.088 211.80463382380432 211.80463382380432 211.80463382380432 105.90231691190216 105.90231691190216 105.90231691190216
 66685344 16 11935.949 11935.949 11935.949 178.78184700688647 178.78184700688647 178.78184700688647 89.39092350344323 89.39092350344323 89.39092350344323
 73353792 8 9410.858 9410.858 9410.858 124.71346098304747 124.71346098304747 124.71346098304747 62.356730491523734 62.356730491523734 62.356730491523734
 80689152 8 12120.962 12120.962 12120.962 106.51187851261312 106.51187851261312 106.51187851261312 53.25593925630656 53.25593925630656 53.25593925630656
 88758048 8 13792.038 13792.038 13792.038 102.9672893882688 102.9672893882688 102.9672893882688 51.4836446941344 51.4836446941344 51.4836446941344
 97633824 8 15563.011 15563.011 15563.011 100.37525412016993 100.37525412016993 100.37525412016993 50.187627060084964 50.187627060084964 50.187627060084964
 107397120 8 17365.932 17365.932 17365.932 98.94970912013245 98.94970912013245 98.94970912013245 49.47485456006623 49.47485456006623 49.47485456006623
 118136832 8 18940.926 18940.926 18940.926 99.79392306374038 99.79392306374038 99.79392306374038 49.89696153187019 49.89696153187019 49.89696153187019
 129950496 8 20922.184 20922.184 20922.184 99.37814981457002 99.37814981457002 99.37814981457002 49.68907490728501 49.68907490728501 49.68907490728501
 142945536 4 11782.169 11782.169 11782.169 97.05889365531932 97.05889365531932 97.05889365531932 48.52944682765966 48.52944682765966 48.52944682765966
 157240032 4 12960.911 12960.911 12960.911 97.05492584587611 97.05492584587611 97.05492584587611 48.52746292293806 48.52746292293806 48.52746292293806
 172963968 4 13988.018 13988.018 13988.018 98.92121557178437 98.92121557178437 98.92121557178437 49.460607785892186 49.460607785892186 49.460607785892186
 190260288 4 15343.904 15343.904 15343.904 99.19785108144576 99.19785108144576 99.19785108144576 49.59892554072288 49.59892554072288 49.59892554072288
 209286240 4 16961.098 16961.098 16961.098 98.71353375825079 98.71353375825079 98.71353375825079 49.356766879125395 49.356766879125395 49.356766879125395
 230214816 4 18625.021 18625.021 18625.021 98.8841047749691 98.8841047749691 98.8841047749691 49.44205238748455 49.44205238748455 49.44205238748455
 253236288 4 20267.01 20267.01 20267.01 99.9599992302762 99.9599992302762 99.9599992302762 49.9799996151381 49.9799996151381 49.9799996151381
 278559840 2 11049.986 11049.986 11049.986 100.83626893282941 100.83626893282941 100.83626893282941 50.418134466414706 50.418134466414706 50.418134466414706
 306415776 2 12167.931 12167.931 12167.931 100.7289656721426 100.7289656721426 100.7289656721426 50.3644828360713 50.3644828360713 50.3644828360713
 337057344 2 13375.044 13375.044 13375.044 100.80186472657586 100.80186472657586 100.80186472657586 50.40093236328793 50.40093236328793 50.40093236328793
 370763040 2 14729.977 14729.977 14729.977 100.68258490831316 100.68258490831316 100.68258490831316 50.34129245415658 50.34129245415658 50.34129245415658
 407839296 2 16292.095 16292.095 16292.095 100.13182368504481 100.13182368504481 100.13182368504481 50.065911842522404 50.065911842522404 50.065911842522404
 448623168 2 17824.888 17824.888 17824.888 100.67343323559733 100.67343323559733 100.67343323559733 50.336716617798665 50.336716617798665 50.336716617798665
 493485408 2 19515.991 19515.991 19515.991 101.14483205080386 101.14483205080386 101.14483205080386 50.57241602540193 50.57241602540193 50.57241602540193
 542833920 1 10694.981 10694.981 10694.981 101.51189983413715 101.51189983413715 101.51189983413715 50.75594991706858 50.75594991706858 50.75594991706858
 597117312 1 11766.911 11766.911 11766.911 101.49092008939304 101.49092008939304 101.49092008939304 50.74546004469652 50.74546004469652 50.74546004469652
 656829024 1 13000.011 13000.011 13000.011 101.05053357262543 101.05053357262543 101.05053357262543 50.52526678631271 50.52526678631271 50.52526678631271
 722511840 1 14384.031 14384.031 14384.031 100.46027292349412 100.46027292349412 100.46027292349412 50.23013646174706 50.23013646174706 50.23013646174706
 794762976 1 15672.922 15672.922 15672.922 101.4186092421056 101.4186092421056 101.4186092421056 50.7093046210528 50.7093046210528 50.7093046210528
 874239264 1 17467.022 17467.022 17467.022 100.10169609908316 100.10169609908316 100.10169609908316 50.05084804954158 50.05084804954158 50.05084804954158
 961663104 1 18940.926 18940.926 18940.926 101.54340965167172 101.54340965167172 101.54340965167172 50.77170482583586 50.77170482583586 50.77170482583586
 1057829376 1 20796.061 20796.061 20796.061 101.73362888289276 101.73362888289276 101.73362888289276 50.86681444144638 50.86681444144638 50.86681444144638
 
META_DATA
 MPI startup(): shm:tmi fabric is unknown or has been removed from the product, please use ofi or shm:ofi instead
 FLOPS          8
 MPI_PROCS      12
 OPENMP_THREADS 1
 ERT_VERSION  1.1.0
 HOSTNAME  ('shas0420.rc.int.colorado.edu', [], ['10.225.6.135'])
 UNAME  uname_result(system='Linux', node='shas0420.rc.int.colorado.edu', release='3.10.0-957.27.2.el7.x86_64', version='#1 SMP Mon Jul 29 17:46:05 UTC 2019', machine='x86_64', processor='x86_64')
 TIMESTAMP_DATA  1664555440.6222193
 CONFIG  {'ERT_RESULTS': ['lab5_results'], 'ERT_DRIVER': ['driver1'], 'ERT_KERNEL': ['kernel1'], 'ERT_MPI': ['True'], 'ERT_MPI_CFLAGS': ['-I/usr/include/mpi'], 'ERT_MPI_LDFLAGS': ['-lmpi'], 'ERT_OPENMP': ['True'], 'ERT_OPENMP_CFLAGS': ['-qopenmp'], 'ERT_OPENMP_LDFLAGS': ['-qopenmp'], 'ERT_FLOPS': ['1,2,4,8,16'], 'ERT_ALIGN': ['32'], 'ERT_CC': ['mpicc'], 'ERT_CFLAGS': ['-O3', '-msse3', '-axSSE3', '-xSSE3', '-fno-alias', '-fno-fnalias', '-DERT_INTEL', '-std=c++11'], 'ERT_LD': ['mpicc'], 'ERT_LDFLAGS': [], 'ERT_LDLIBS': [], 'ERT_PRECISION': ['FP64'], 'ERT_RUN': ['export', 'OMP_NUM_THREADS=ERT_OPENMP_THREADS;', 'mpirun', '-np', 'ERT_MPI_PROCS', 'ERT_CODE'], 'ERT_PROCS_THREADS': ['1-24'], 'ERT_MPI_PROCS': ['1,2,4,8,12,24'], 'ERT_OPENMP_THREADS': ['1,2,4,8,12,24'], 'ERT_NUM_EXPERIMENTS': ['1'], 'ERT_MEMORY_MAX': ['1073741824'], 'ERT_WORKING_SET_MIN': ['1'], 'ERT_TRIALS_MIN': ['1'], 'ERT_GNUPLOT': ['gnuplot'], 'ERT_GPU': [False], 'ERT_HIP': [False], 'ERT_OCL': [False], 'ERT_SYCL': [False], 'ERT_WSS_MULT': [1.1]}
 