fp64
 16 67108864 1334156.036 1334156.036 1334156.036 1.6096195572734344 1.6096195572734344 1.6096195572734344 1.6096195572734344 1.6096195572734344 1.6096195572734344
 32 33554432 677386.045 677386.045 677386.045 3.1702507954677457 3.1702507954677457 3.1702507954677457 3.1702507954677457 3.1702507954677457 3.1702507954677457
 48 16777216 340234.995 340234.995 340234.995 4.73382444389649 4.73382444389649 4.73382444389649 4.73382444389649 4.73382444389649 4.73382444389649
 64 16777216 338143.11 338143.11 338143.11 6.350812967917638 6.350812967917638 6.350812967917638 6.350812967917638 6.350812967917638 6.350812967917638
 80 8388608 170009.136 170009.136 170009.136 7.8947361981770205 7.8947361981770205 7.8947361981770205 7.8947361981770205 7.8947361981770205 7.8947361981770205
 96 8388608 170084.953 170084.953 170084.953 9.46946045250693 9.46946045250693 9.46946045250693 9.46946045250693 9.46946045250693 9.46946045250693
 112 8388608 174271.107 174271.107 174271.107 10.782327744093577 10.782327744093577 10.782327744093577 10.782327744093577 10.782327744093577 10.782327744093577
 128 8388608 173980.951 173980.951 173980.951 12.343211343867182 12.343211343867182 12.343211343867182 12.343211343867182 12.343211343867182 12.343211343867182
 144 4194304 88189.84 88189.84 88189.84 13.697264356075484 13.697264356075484 13.697264356075484 13.697264356075484 13.697264356075484 13.697264356075484
 160 4194304 88136.911 88136.911 88136.911 15.22832221791844 15.22832221791844 15.22832221791844 15.22832221791844 15.22832221791844 15.22832221791844
 176 4194304 100054.026 100054.026 100054.026 14.755978015317442 14.755978015317442 14.755978015317442 14.755978015317442 14.755978015317442 14.755978015317442
 192 4194304 100337.982 100337.982 100337.982 16.05187491213447 16.05187491213447 16.05187491213447 16.05187491213447 16.05187491213447 16.05187491213447
 208 4194304 117149.115 117149.115 117149.115 14.89409855123532 14.89409855123532 14.89409855123532 14.89409855123532 14.89409855123532 14.89409855123532
 224 4194304 117271.9 117271.9 117271.9 16.02300459018742 16.02300459018742 16.02300459018742 16.02300459018742 16.02300459018742 16.02300459018742
 240 4194304 135402.918 135402.918 135402.918 14.868704085092167 14.868704085092167 14.868704085092167 14.868704085092167 14.868704085092167 14.868704085092167
 256 4194304 90803.862 90803.862 90803.862 23.649695075744688 23.649695075744688 23.649695075744688 23.649695075744688 23.649695075744688 23.649695075744688
 272 2097152 55324.078 55324.078 55324.078 20.621232729807083 20.621232729807083 20.621232729807083 20.621232729807083 20.621232729807083 20.621232729807083
 288 2097152 58465.958 58465.958 58465.958 20.660904111072636 20.660904111072636 20.660904111072636 20.660904111072636 20.660904111072636 20.660904111072636
 304 2097152 71547.985 71547.985 71547.985 17.82116457926803 17.82116457926803 17.82116457926803 17.82116457926803 17.82116457926803 17.82116457926803
 320 2097152 69499.969 69499.969 69499.969 19.311911923298844 19.311911923298844 19.311911923298844 19.311911923298844 19.311911923298844 19.311911923298844
 352 2097152 75625.896 75625.896 75625.896 19.52234731870152 19.52234731870152 19.52234731870152 19.52234731870152 19.52234731870152 19.52234731870152
 384 2097152 81984.997 81984.997 81984.997 19.645213086974923 19.645213086974923 19.645213086974923 19.645213086974923 19.645213086974923 19.645213086974923
 416 2097152 89563.131 89563.131 89563.131 19.48157064763625 19.48157064763625 19.48157064763625 19.48157064763625 19.48157064763625 19.48157064763625
 448 2097152 98827.124 98827.124 98827.124 19.01348654039553 19.01348654039553 19.01348654039553 19.01348654039553 19.01348654039553 19.01348654039553
 480 2097152 106761.932 106761.932 106761.932 18.857526107714122 18.857526107714122 18.857526107714122 18.857526107714122 18.857526107714122 18.857526107714122
 528 1048576 51915.169 51915.169 51915.169 21.328954086617724 21.328954086617724 21.328954086617724 21.328954086617724 21.328954086617724 21.328954086617724
 576 1048576 55909.157 55909.157 55909.157 21.60575506441637 21.60575506441637 21.60575506441637 21.60575506441637 21.60575506441637 21.60575506441637
 624 1048576 63581.944 63581.944 63581.944 20.5816740677196 20.5816740677196 20.5816740677196 20.5816740677196 20.5816740677196 20.5816740677196
 672 1048576 71727.991 71727.991 71727.991 19.647645561409913 19.647645561409913 19.647645561409913 19.647645561409913 19.647645561409913 19.647645561409913
 736 1048576 81311.941 81311.941 81311.941 18.9824994092811 18.9824994092811 18.9824994092811 18.9824994092811 18.9824994092811 18.9824994092811
 800 1048576 78422.07 78422.07 78422.07 21.393487828107567 21.393487828107567 21.393487828107567 21.393487828107567 21.393487828107567 21.393487828107567
 880 1048576 91372.967 91372.967 91372.967 20.197371504856573 20.197371504856573 20.197371504856573 20.197371504856573 20.197371504856573 20.197371504856573
 960 1048576 100251.913 100251.913 100251.913 20.08206985536525 20.08206985536525 20.08206985536525 20.08206985536525 20.08206985536525 20.08206985536525
 1056 524288 51590.919 51590.919 51590.919 21.46300700710526 21.46300700710526 21.46300700710526 21.46300700710526 21.46300700710526 21.46300700710526
 1152 524288 58339.834 58339.834 58339.834 20.705570605497435 20.705570605497435 20.705570605497435 20.705570605497435 20.705570605497435 20.705570605497435
 1264 524288 67114.115 67114.115 67114.115 19.74845476245943 19.74845476245943 19.74845476245943 19.74845476245943 19.74845476245943 19.74845476245943
 1376 524288 68339.825 68339.825 68339.825 21.11273442681482 21.11273442681482 21.11273442681482 21.11273442681482 21.11273442681482 21.11273442681482
 1504 524288 76740.98 76740.98 76740.98 20.55040610635934 20.55040610635934 20.55040610635934 20.55040610635934 20.55040610635934 20.55040610635934
 1648 524288 82581.997 82581.997 82581.997 20.925302254436883 20.925302254436883 20.925302254436883 20.925302254436883 20.925302254436883 20.925302254436883
 1808 524288 87543.011 87543.011 87543.011 21.655931025721745 21.655931025721745 21.655931025721745 21.655931025721745 21.655931025721745 21.655931025721745
 1984 524288 98722.935 98722.935 98722.935 21.07286198490756 21.07286198490756 21.07286198490756 21.07286198490756 21.07286198490756 21.07286198490756
 2176 262144 53553.104 53553.104 53553.104 21.30316644204228 21.30316644204228 21.30316644204228 21.30316644204228 21.30316644204228 21.30316644204228
 2384 262144 58558.941 58558.941 58558.941 21.34435101891614 21.34435101891614 21.34435101891614 21.34435101891614 21.34435101891614 21.34435101891614
 2608 262144 63750.982 63750.982 63750.982 21.44818889221189 21.44818889221189 21.44818889221189 21.44818889221189 21.44818889221189 21.44818889221189
 2864 262144 65566.063 65566.063 65566.063 22.90149451248888 22.90149451248888 22.90149451248888 22.90149451248888 22.90149451248888 22.90149451248888
 3136 262144 71247.101 71247.101 71247.101 23.076969377322456 23.076969377322456 23.076969377322456 23.076969377322456 23.076969377322456 23.076969377322456
 3440 262144 78651.905 78651.905 78651.905 22.930795128229892 22.930795128229892 22.930795128229892 22.930795128229892 22.930795128229892 22.930795128229892
 3776 262144 87387.085 87387.085 87387.085 22.654508821297792 22.654508821297792 22.654508821297792 22.654508821297792 22.654508821297792 22.654508821297792
 4144 131072 47275.782 47275.782 47275.782 22.978461487955922 22.978461487955922 22.978461487955922 22.978461487955922 22.978461487955922 22.978461487955922
 4544 131072 51788.807 51788.807 51788.807 23.000768023098118 23.000768023098118 23.000768023098118 23.000768023098118 23.000768023098118 23.000768023098118
 4992 131072 56852.102 56852.102 56852.102 23.01802047706169 23.01802047706169 23.01802047706169 23.01802047706169 23.01802047706169 23.01802047706169
 5488 131072 62221.05 62221.05 62221.05 23.121536393230265 23.121536393230265 23.121536393230265 23.121536393230265 23.121536393230265 23.121536393230265
 6032 131072 68565.845 68565.845 68565.845 23.06181172273163 23.06181172273163 23.06181172273163 23.06181172273163 23.06181172273163 23.06181172273163
 6624 131072 75340.033 75340.033 75340.033 23.04806338484083 23.04806338484083 23.04806338484083 23.04806338484083 23.04806338484083 23.04806338484083
 7280 131072 82186.937 82186.937 82186.937 23.220336341284987 23.220336341284987 23.220336341284987 23.220336341284987 23.220336341284987 23.220336341284987
 8000 131072 89688.063 89688.063 89688.063 23.38273266086703 23.38273266086703 23.38273266086703 23.38273266086703 23.38273266086703 23.38273266086703
 8800 65536 49434.185 49434.185 49434.185 23.332711968448557 23.332711968448557 23.332711968448557 23.332711968448557 23.332711968448557 23.332711968448557
 9680 65536 54898.024 54898.024 54898.024 23.111523285428273 23.111523285428273 23.111523285428273 23.111523285428273 23.111523285428273 23.111523285428273
 10640 65536 60142.994 60142.994 60142.994 23.18817184259234 23.18817184259234 23.18817184259234 23.18817184259234 23.18817184259234 23.18817184259234
 11696 65536 66036.94 66036.94 66036.94 23.21455403596835 23.21455403596835 23.21455403596835 23.21455403596835 23.21455403596835 23.21455403596835
 12864 65536 72115.898 72115.898 72115.898 23.380561772939444 23.380561772939444 23.380561772939444 23.380561772939444 23.380561772939444 23.380561772939444
 14144 65536 79105.139 79105.139 79105.139 23.435675500171996 23.435675500171996 23.435675500171996 23.435675500171996 23.435675500171996 23.435675500171996
 15552 65536 87380.886 87380.886 87380.886 23.328119424195354 23.328119424195354 23.328119424195354 23.328119424195354 23.328119424195354 23.328119424195354
 17104 32768 48128.128 48128.128 48128.128 23.29049124869349 23.29049124869349 23.29049124869349 23.29049124869349 23.29049124869349 23.29049124869349
 18800 32768 52783.966 52783.966 52783.966 23.341876205361302 23.341876205361302 23.341876205361302 23.341876205361302 23.341876205361302 23.341876205361302
 20672 32768 58114.052 58114.052 58114.052 23.31209312336369 23.31209312336369 23.31209312336369 23.31209312336369 23.31209312336369 23.31209312336369
 22736 32768 63840.866 63840.866 63840.866 23.3396974282899 23.3396974282899 23.3396974282899 23.3396974282899 23.3396974282899 23.3396974282899
 25008 32768 74846.029 74846.029 74846.029 21.897277783434575 21.897277783434575 21.897277783434575 21.897277783434575 21.897277783434575 21.897277783434575
 27504 32768 79451.799 79451.799 79451.799 22.686737955423766 22.686737955423766 22.686737955423766 22.686737955423766 22.686737955423766 22.686737955423766
 30240 32768 85164.07 85164.07 85164.07 23.270478266245373 23.270478266245373 23.270478266245373 23.270478266245373 23.270478266245373 23.270478266245373
 33264 16384 47009.945 47009.945 47009.945 23.18647154341491 23.18647154341491 23.18647154341491 23.18647154341491 23.18647154341491 23.18647154341491
 36576 16384 51521.063 51521.063 51521.063 23.262764745362492 23.262764745362492 23.262764745362492 23.262764745362492 23.262764745362492 23.262764745362492
 40224 16384 56669.95 56669.95 56669.95 23.258535290749332 23.258535290749332 23.258535290749332 23.258535290749332 23.258535290749332 23.258535290749332
 44240 16384 62165.976 62165.976 62165.976 23.319127491861465 23.319127491861465 23.319127491861465 23.319127491861465 23.319127491861465 23.319127491861465
 48656 16384 68444.967 68444.967 68444.967 23.294040130079978 23.294040130079978 23.294040130079978 23.294040130079978 23.294040130079978 23.294040130079978
 53520 16384 75443.983 75443.983 75443.983 23.245635904456428 23.245635904456428 23.245635904456428 23.245635904456428 23.245635904456428 23.245635904456428
 58864 16384 82831.144 82831.144 82831.144 23.286597997487515 23.286597997487515 23.286597997487515 23.286597997487515 23.286597997487515 23.286597997487515
 64736 16384 91105.938 91105.938 91105.938 23.28354544793776 23.28354544793776 23.28354544793776 23.28354544793776 23.28354544793776 23.28354544793776
 71200 8192 53308.964 53308.964 53308.964 21.88263872469928 21.88263872469928 21.88263872469928 21.88263872469928 21.88263872469928 21.88263872469928
 78320 8192 60540.915 60540.915 60540.915 21.195498614449416 21.195498614449416 21.195498614449416 21.195498614449416 21.195498614449416 21.195498614449416
 86144 8192 64311.981 64311.981 64311.981 21.94588432908014 21.94588432908014 21.94588432908014 21.94588432908014 21.94588432908014 21.94588432908014
 94752 8192 70806.026 70806.026 70806.026 21.924924412506925 21.924924412506925 21.924924412506925 21.924924412506925 21.924924412506925 21.924924412506925
 104224 8192 78003.883 78003.883 78003.883 21.891295026941158 21.891295026941158 21.891295026941158 21.891295026941158 21.891295026941158 21.891295026941158
 114640 8192 85705.042 85705.042 85705.042 21.91541729831951 21.91541729831951 21.91541729831951 21.91541729831951 21.91541729831951 21.91541729831951
 126096 8192 94186.068 94186.068 94186.068 21.9348456504204 21.9348456504204 21.9348456504204 21.9348456504204 21.9348456504204 21.9348456504204
 138704 4096 53163.052 53163.052 53163.052 21.37317413605223 21.37317413605223 21.37317413605223 21.37317413605223 21.37317413605223 21.37317413605223
 152560 4096 56958.914 56958.914 56958.914 21.94163182254493 21.94163182254493 21.94163182254493 21.94163182254493 21.94163182254493 21.94163182254493
 167808 4096 62646.151 62646.151 62646.151 21.943616871210494 21.943616871210494 21.943616871210494 21.943616871210494 21.943616871210494 21.943616871210494
 184576 4096 68872.929 68872.929 68872.929 21.95414967758958 21.95414967758958 21.95414967758958 21.95414967758958 21.95414967758958 21.95414967758958
 203024 4096 78301.907 78301.907 78301.907 21.240512162749752 21.240512162749752 21.240512162749752 21.240512162749752 21.240512162749752 21.240512162749752
 223312 4096 86137.056 86137.056 86137.056 21.237919995779748 21.237919995779748 21.237919995779748 21.237919995779748 21.237919995779748 21.237919995779748
 245632 4096 94692.945 94692.945 94692.945 21.24991829116731 21.24991829116731 21.24991829116731 21.24991829116731 21.24991829116731 21.24991829116731
 270192 2048 52099.943 52099.943 52099.943 21.241989305055476 21.241989305055476 21.241989305055476 21.241989305055476 21.241989305055476 21.241989305055476
 297200 2048 57243.109 57243.109 57243.109 21.26598679327498 21.26598679327498 21.26598679327498 21.26598679327498 21.26598679327498 21.26598679327498
 326912 2048 63300.848 63300.848 63300.848 21.153453615660887 21.153453615660887 21.153453615660887 21.153453615660887 21.153453615660887 21.153453615660887
 359600 2048 69356.918 69356.918 69356.918 21.236837542291024 21.236837542291024 21.236837542291024 21.236837542291024 21.236837542291024 21.236837542291024
 395552 2048 76245.07 76245.07 76245.07 21.249649216664103 21.249649216664103 21.249649216664103 21.249649216664103 21.249649216664103 21.249649216664103
 435104 2048 83897.114 83897.114 83897.114 21.242518354087842 21.242518354087842 21.242518354087842 21.242518354087842 21.242518354087842 21.242518354087842
 478608 2048 92247.009 92247.009 92247.009 21.251403045490612 21.251403045490612 21.251403045490612 21.251403045490612 21.251403045490612 21.251403045490612
 526464 1024 50817.013 50817.013 50817.013 21.21726973602325 21.21726973602325 21.21726973602325 21.21726973602325 21.21726973602325 21.21726973602325
 579104 1024 55997.133 55997.133 55997.133 21.17974489872544 21.17974489872544 21.17974489872544 21.17974489872544 21.17974489872544 21.17974489872544
 637008 1024 59582.949 59582.949 59582.949 21.895398027378604 21.895398027378604 21.895398027378604 21.895398027378604 21.895398027378604 21.895398027378604
 700704 1024 65480.947 65480.947 65480.947 21.915409867239703 21.915409867239703 21.915409867239703 21.915409867239703 21.915409867239703 21.915409867239703
 770768 1024 68525.076 68525.076 68525.076 23.035842587026096 23.035842587026096 23.035842587026096 23.035842587026096 23.035842587026096 23.035842587026096
 847840 1024 74437.857 74437.857 74437.857 23.32652214853525 23.32652214853525 23.32652214853525 23.32652214853525 23.32652214853525 23.32652214853525
 932624 1024 81825.018 81825.018 81825.018 23.34266461145172 23.34266461145172 23.34266461145172 23.34266461145172 23.34266461145172 23.34266461145172
 1025872 1024 90067.148 90067.148 90067.148 23.326883360401286 23.326883360401286 23.326883360401286 23.326883360401286 23.326883360401286 23.326883360401286
 1128448 512 49607.992 49607.992 49607.992 23.29323775088498 23.29323775088498 23.29323775088498 23.29323775088498 23.29323775088498 23.29323775088498
 1241280 512 54440.022 54440.022 54440.022 23.348093430234105 23.348093430234105 23.348093430234105 23.348093430234105 23.348093430234105 23.348093430234105
 1365408 512 59922.934 59922.934 59922.934 23.33293279664844 23.33293279664844 23.33293279664844 23.33293279664844 23.33293279664844 23.33293279664844
 1501936 512 65871.0 65871.0 65871.0 23.348400115377025 23.348400115377025 23.348400115377025 23.348400115377025 23.348400115377025 23.348400115377025
 1652128 512 72464.943 72464.943 72464.943 23.346172672763988 23.346172672763988 23.346172672763988 23.346172672763988 23.346172672763988 23.346172672763988
 1817328 512 79668.045 79668.045 79668.045 23.35872396517324 23.35872396517324 23.35872396517324 23.35872396517324 23.35872396517324 23.35872396517324
 1999056 512 87867.975 87867.975 87867.975 23.296694205141293 23.296694205141293 23.296694205141293 23.296694205141293 23.296694205141293 23.296694205141293
 2198960 256 48202.991 48202.991 48202.991 23.356797921523167 23.356797921523167 23.356797921523167 23.356797921523167 23.356797921523167 23.356797921523167
 2418848 256 55655.956 55655.956 55655.956 22.25188937550547 22.25188937550547 22.25188937550547 22.25188937550547 22.25188937550547 22.25188937550547
 2660720 256 60724.02 60724.02 60724.02 22.43409840125868 22.43409840125868 22.43409840125868 22.43409840125868 22.43409840125868 22.43409840125868
 2926784 256 68337.202 68337.202 68337.202 21.928223048991676 21.928223048991676 21.928223048991676 21.928223048991676 21.928223048991676 21.928223048991676
 3219456 256 75248.957 75248.957 75248.957 21.905439460111058 21.905439460111058 21.905439460111058 21.905439460111058 21.905439460111058 21.905439460111058
 3541392 256 82683.086 82683.086 82683.086 21.929427065651616 21.929427065651616 21.929427065651616 21.929427065651616 21.929427065651616 21.929427065651616
 3895520 256 91029.167 91029.167 91029.167 21.910628271485773 21.910628271485773 21.910628271485773 21.910628271485773 21.910628271485773 21.910628271485773
 4285072 128 50061.941 50061.941 50061.941 21.912423092025136 21.912423092025136 21.912423092025136 21.912423092025136 21.912423092025136 21.912423092025136
 4713568 128 55078.03 55078.03 55078.03 21.90843441568262 21.90843441568262 21.90843441568262 21.90843441568262 21.90843441568262 21.90843441568262
 5184912 128 60659.17 60659.17 60659.17 21.88189307568831 21.88189307568831 21.88189307568831 21.88189307568831 21.88189307568831 21.88189307568831
 5703392 128 66593.885 66593.885 66593.885 21.924961308384397 21.924961308384397 21.924961308384397 21.924961308384397 21.924961308384397 21.924961308384397
 6273728 128 73219.061 73219.061 73219.061 21.935194825839133 21.935194825839133 21.935194825839133 21.935194825839133 21.935194825839133 21.935194825839133
 6901088 128 76085.091 76085.091 76085.091 23.219772819881364 23.219772819881364 23.219772819881364 23.219772819881364 23.219772819881364 23.219772819881364
 7591184 128 83474.159 83474.159 83474.159 23.28077488028361 23.28077488028361 23.28077488028361 23.28077488028361 23.28077488028361 23.28077488028361
 8350288 128 92053.89 92053.89 92053.89 23.221981471939973 23.221981471939973 23.221981471939973 23.221981471939973 23.221981471939973 23.221981471939973
 9185312 64 50679.922 50679.922 50679.922 23.198929469544172 23.198929469544172 23.198929469544172 23.198929469544172 23.198929469544172 23.198929469544172
 10103840 64 55938.005 55938.005 55938.005 23.120086603017036 23.120086603017036 23.120086603017036 23.120086603017036 23.120086603017036 23.120086603017036
 11114224 64 61372.042 61372.042 61372.042 23.180272737218033 23.180272737218033 23.180272737218033 23.180272737218033 23.180272737218033 23.180272737218033
 12225632 64 67641.973 67641.973 67641.973 23.134761252454894 23.134761252454894 23.134761252454894 23.134761252454894 23.134761252454894 23.134761252454894
 13448192 64 74460.03 74460.03 74460.03 23.118021521076475 23.118021521076475 23.118021521076475 23.118021521076475 23.118021521076475 23.118021521076475
 14793008 64 81776.142 81776.142 81776.142 23.154736548955803 23.154736548955803 23.154736548955803 23.154736548955803 23.154736548955803 23.154736548955803
 16272304 64 90020.895 90020.895 90020.895 23.13746060845096 23.13746060845096 23.13746060845096 23.13746060845096 23.13746060845096 23.13746060845096
 17899520 32 49575.09 49575.09 49575.09 23.107759965740858 23.107759965740858 23.107759965740858 23.107759965740858 23.107759965740858 23.107759965740858
 19689472 32 54550.886 54550.886 54550.886 23.100013590979987 23.100013590979987 23.100013590979987 23.100013590979987 23.100013590979987 23.100013590979987
 21658416 32 59988.976 59988.976 59988.976 23.10655584452717 23.10655584452717 23.10655584452717 23.10655584452717 23.10655584452717 23.10655584452717
 23824256 32 66066.027 66066.027 66066.027 23.07922018679888 23.07922018679888 23.07922018679888 23.07922018679888 23.07922018679888 23.07922018679888
 26206672 32 72697.163 72697.163 72697.163 23.07142313105121 23.07142313105121 23.07142313105121 23.07142313105121 23.07142313105121 23.07142313105121
 28827328 32 84517.002 84517.002 84517.002 21.829323666733945 21.829323666733945 21.829323666733945 21.829323666733945 21.829323666733945 21.829323666733945
 31710048 32 92912.912 92912.912 92912.912 21.84242241810266 21.84242241810266 21.84242241810266 21.84242241810266 21.84242241810266 21.84242241810266
 34881040 16 51622.868 51622.868 51622.868 21.622070280946033 21.622070280946033 21.622070280946033 21.622070280946033 21.622070280946033 21.622070280946033
 38369136 16 56235.79 56235.79 56235.79 21.83329072108705 21.83329072108705 21.83329072108705 21.83329072108705 21.83329072108705 21.83329072108705
 42206048 16 59211.969 59211.969 59211.969 22.80946840325476 22.80946840325476 22.80946840325476 22.80946840325476 22.80946840325476 22.80946840325476
 46426640 16 65665.007 65665.007 65665.007 22.624721261356143 22.624721261356143 22.624721261356143 22.624721261356143 22.624721261356143 22.624721261356143
 51069296 16 73402.882 73402.882 73402.882 22.263669047763003 22.263669047763003 22.263669047763003 22.263669047763003 22.263669047763003 22.263669047763003
 56176224 16 82627.058 82627.058 82627.058 21.756059231831777 21.756059231831777 21.756059231831777 21.756059231831777 21.756059231831777 21.756059231831777
 61793840 16 93337.059 93337.059 93337.059 21.1856137442685 21.1856137442685 21.1856137442685 21.1856137442685 21.1856137442685 21.1856137442685
 67973216 8 52181.959 52181.959 52181.959 20.841905456251652 20.841905456251652 20.841905456251652 20.841905456251652 20.841905456251652 20.841905456251652
 74770528 8 58399.916 58399.916 58399.916 20.485105629261522 20.485105629261522 20.485105629261522 20.485105629261522 20.485105629261522 20.485105629261522
 82247568 8 64591.885 64591.885 64591.885 20.373473974323552 20.373473974323552 20.373473974323552 20.373473974323552 20.373473974323552 20.373473974323552
 90472320 8 71172.953 71172.953 71172.953 20.338584518194715 20.338584518194715 20.338584518194715 20.338584518194715 20.338584518194715 20.338584518194715
 99519552 8 78652.143 78652.143 78652.143 20.245002504254717 20.245002504254717 20.245002504254717 20.245002504254717 20.245002504254717 20.245002504254717
 109471504 8 86602.211 86602.211 86602.211 20.225165660031475 20.225165660031475 20.225165660031475 20.225165660031475 20.225165660031475 20.225165660031475
 120418640 8 95466.137 95466.137 95466.137 20.182006945562275 20.182006945562275 20.182006945562275 20.182006945562275 20.182006945562275 20.182006945562275
 132460496 8 105047.941 105047.941 105047.941 20.175244900802006 20.175244900802006 20.175244900802006 20.175244900802006 20.175244900802006 20.175244900802006
 145706544 4 57710.886 57710.886 57710.886 20.1981364832971 20.1981364832971 20.1981364832971 20.1981364832971 20.1981364832971 20.1981364832971
 160277184 4 63404.083 63404.083 63404.083 20.222947976394515 20.222947976394515 20.222947976394515 20.222947976394515 20.222947976394515 20.222947976394515
 176304896 4 69859.982 69859.982 69859.982 20.189515193405 20.189515193405 20.189515193405 20.189515193405 20.189515193405 20.189515193405
 193935376 4 76956.034 76956.034 76956.034 20.16064143846082 20.16064143846082 20.16064143846082 20.16064143846082 20.16064143846082 20.16064143846082
 213328912 4 84709.167 84709.167 84709.167 20.146949337844394 20.146949337844394 20.146949337844394 20.146949337844394 20.146949337844394 20.146949337844394
 234661792 4 93398.094 93398.094 93398.094 20.099921268200614 20.099921268200614 20.099921268200614 20.099921268200614 20.099921268200614 20.099921268200614
 258127968 4 102514.029 102514.029 102514.029 20.143816062482532 20.143816062482532 20.143816062482532 20.143816062482532 20.143816062482532 20.143816062482532
 283940752 2 56469.917 56469.917 56469.917 20.11270900221086 20.11270900221086 20.11270900221086 20.11270900221086 20.11270900221086 20.11270900221086
 312334816 2 62062.979 62062.979 62062.979 20.130185242961026 20.130185242961026 20.130185242961026 20.130185242961026 20.130185242961026 20.130185242961026
 343568288 2 68283.796 68283.796 68283.796 20.125904423942686 20.125904423942686 20.125904423942686 20.125904423942686 20.125904423942686 20.125904423942686
 377925104 2 75242.996 75242.996 75242.996 20.090912063097544 20.090912063097544 20.090912063097544 20.090912063097544 20.090912063097544 20.090912063097544
 415717600 2 82792.044 82792.044 82792.044 20.08490574287549 20.08490574287549 20.08490574287549 20.08490574287549 20.08490574287549 20.08490574287549
 457289360 2 91006.994 91006.994 91006.994 20.099086450432587 20.099086450432587 20.099086450432587 20.099086450432587 20.099086450432587 20.099086450432587
 503018288 2 100355.148 100355.148 100355.148 20.04952602929747 20.04952602929747 20.04952602929747 20.04952602929747 20.04952602929747 20.04952602929747
 553320112 1 55024.862 55024.862 55024.862 20.11164015277312 20.11164015277312 20.11164015277312 20.11164015277312 20.11164015277312 20.11164015277312
 608652112 1 60570.955 60570.955 60570.955 20.09716082567957 20.09716082567957 20.09716082567957 20.09716082567957 20.09716082567957 20.09716082567957
 669517312 1 66658.02 66658.02 66658.02 20.088124789785233 20.088124789785233 20.088124789785233 20.088124789785233 20.088124789785233 20.088124789785233
 736469040 1 73400.974 73400.974 73400.974 20.067010009976162 20.067010009976162 20.067010009976162 20.067010009976162 20.067010009976162 20.067010009976162
 810115936 1 80710.173 80710.173 80710.173 20.074692096125233 20.074692096125233 20.074692096125233 20.074692096125233 20.074692096125233 20.074692096125233
 891127520 1 88717.937 88717.937 88717.937 20.089004549328052 20.089004549328052 20.089004549328052 20.089004549328052 20.089004549328052 20.089004549328052
 980240272 1 97826.958 97826.958 97826.958 20.040289344374788 20.040289344374788 20.040289344374788 20.040289344374788 20.040289344374788 20.040289344374788
 
META_DATA
 MPI startup(): shm:tmi fabric is unknown or has been removed from the product, please use ofi or shm:ofi instead
 FLOPS          16
 MPI_PROCS      2
 OPENMP_THREADS 1
 ERT_VERSION  1.1.0
 HOSTNAME  ('shas0339.rc.int.colorado.edu', [], ['10.225.6.91'])
 UNAME  uname_result(system='Linux', node='shas0339.rc.int.colorado.edu', release='3.10.0-957.27.2.el7.x86_64', version='#1 SMP Mon Jul 29 17:46:05 UTC 2019', machine='x86_64', processor='x86_64')
 TIMESTAMP_DATA  1664517509.6747103
 CONFIG  {'ERT_RESULTS': ['lab5_results'], 'ERT_DRIVER': ['driver1'], 'ERT_KERNEL': ['kernel1'], 'ERT_MPI': ['True'], 'ERT_MPI_CFLAGS': ['-I/usr/include/mpi'], 'ERT_MPI_LDFLAGS': ['-lmpi'], 'ERT_OPENMP': ['True'], 'ERT_OPENMP_CFLAGS': ['-qopenmp'], 'ERT_OPENMP_LDFLAGS': ['-qopenmp'], 'ERT_FLOPS': ['1,2,4,8,16'], 'ERT_ALIGN': ['32'], 'ERT_CC': ['mpicc'], 'ERT_CFLAGS': ['-O3', '-msse3', '-axSSE3', '-xSSE3', '-fno-alias', '-fno-fnalias', '-DERT_INTEL', '-std=c++11'], 'ERT_LD': ['mpicc'], 'ERT_LDFLAGS': [], 'ERT_LDLIBS': [], 'ERT_PRECISION': ['FP64'], 'ERT_RUN': ['export', 'OMP_NUM_THREADS=ERT_OPENMP_THREADS;', 'mpirun', '-np', 'ERT_MPI_PROCS', 'ERT_CODE'], 'ERT_PROCS_THREADS': ['1-8'], 'ERT_MPI_PROCS': ['1,2'], 'ERT_OPENMP_THREADS': ['1'], 'ERT_NUM_EXPERIMENTS': ['1'], 'ERT_MEMORY_MAX': ['1073741824'], 'ERT_WORKING_SET_MIN': ['1'], 'ERT_TRIALS_MIN': ['1'], 'ERT_GNUPLOT': ['gnuplot'], 'ERT_GPU': [False], 'ERT_HIP': [False], 'ERT_OCL': [False], 'ERT_SYCL': [False], 'ERT_WSS_MULT': [1.1]}
 