fp64
 128 8388608 189662.933 189662.933 189662.933 11.322632282608433 11.322632282608433 11.322632282608433 11.322632282608433 11.322632282608433 11.322632282608433
 256 4194304 96327.066 96327.066 96327.066 22.29366819913315 22.29366819913315 22.29366819913315 22.29366819913315 22.29366819913315 22.29366819913315
 384 2097152 48184.156 48184.156 48184.156 33.42618963793824 33.42618963793824 33.42618963793824 33.42618963793824 33.42618963793824 33.42618963793824
 512 2097152 48161.03 48161.03 48161.03 44.5896536681213 44.5896536681213 44.5896536681213 44.5896536681213 44.5896536681213 44.5896536681213
 640 1048576 24275.78 24275.78 24275.78 55.28873964090958 55.28873964090958 55.28873964090958 55.28873964090958 55.28873964090958 55.28873964090958
 768 1048576 24327.04 24327.04 24327.04 66.206687537818 66.206687537818 66.206687537818 66.206687537818 66.206687537818 66.206687537818
 896 1048576 24783.134 24783.134 24783.134 75.81963572484416 75.81963572484416 75.81963572484416 75.81963572484416 75.81963572484416 75.81963572484416
 1024 1048576 24804.115 24804.115 24804.115 86.57771696349577 86.57771696349577 86.57771696349577 86.57771696349577 86.57771696349577 86.57771696349577
 1152 524288 12557.983 12557.983 12557.983 96.19057073098442 96.19057073098442 96.19057073098442 96.19057073098442 96.19057073098442 96.19057073098442
 1280 524288 12554.884 12554.884 12554.884 106.90479338558603 106.90479338558603 106.90479338558603 106.90479338558603 106.90479338558603 106.90479338558603
 1408 524288 14274.836 14274.836 14274.836 103.42640770093611 103.42640770093611 103.42640770093611 103.42640770093611 103.42640770093611 103.42640770093611
 1536 524288 14327.049 14327.049 14327.049 112.41761900863185 112.41761900863185 112.41761900863185 112.41761900863185 112.41761900863185 112.41761900863185
 1664 524288 16645.908 16645.908 16645.908 104.82038372433634 104.82038372433634 104.82038372433634 104.82038372433634 104.82038372433634 104.82038372433634
 1792 524288 16730.07 16730.07 16730.07 112.31562043673458 112.31562043673458 112.31562043673458 112.31562043673458 112.31562043673458 112.31562043673458
 1920 524288 18965.96 18965.96 18965.96 106.1515430803397 106.1515430803397 106.1515430803397 106.1515430803397 106.1515430803397 106.1515430803397
 2048 524288 13006.926 13006.926 13006.926 165.10308800096195 165.10308800096195 165.10308800096195 165.10308800096195 165.10308800096195 165.10308800096195
 2176 262144 8014.917 8014.917 8014.917 142.3409235554155 142.3409235554155 142.3409235554155 142.3409235554155 142.3409235554155 142.3409235554155
 2304 262144 8051.872 8051.872 8051.872 150.02220005484438 150.02220005484438 150.02220005484438 150.02220005484438 150.02220005484438 150.02220005484438
 2432 262144 9553.909 9553.909 9553.909 133.4603894594349 133.4603894594349 133.4603894594349 133.4603894594349 133.4603894594349 133.4603894594349
 2560 262144 9334.087 9334.087 9334.087 143.79309727882332 143.79309727882332 143.79309727882332 143.79309727882332 143.79309727882332 143.79309727882332
 2816 262144 10676.861 10676.861 10676.861 138.27987533039905 138.27987533039905 138.27987533039905 138.27987533039905 138.27987533039905 138.27987533039905
 3072 262144 11685.133 11685.133 11685.133 137.83435207797805 137.83435207797805 137.83435207797805 137.83435207797805 137.83435207797805 137.83435207797805
 3328 262144 12767.076 12767.076 12767.076 136.66641163567917 136.66641163567917 136.66641163567917 136.66641163567917 136.66641163567917 136.66641163567917
 3584 262144 14077.902 14077.902 14077.902 133.4750158084635 133.4750158084635 133.4750158084635 133.4750158084635 133.4750158084635 133.4750158084635
 3840 262144 15209.913 15209.913 15209.913 132.36538039369455 132.36538039369455 132.36538039369455 132.36538039369455 132.36538039369455 132.36538039369455
 4224 131072 7169.008 7169.008 7169.008 154.45599391157046 154.45599391157046 154.45599391157046 154.45599391157046 154.45599391157046 154.45599391157046
 4608 131072 7986.069 7986.069 7986.069 151.25834149441982 151.25834149441982 151.25834149441982 151.25834149441982 151.25834149441982 151.25834149441982
 4992 131072 9081.125 9081.125 9081.125 144.10360478464946 144.10360478464946 144.10360478464946 144.10360478464946 144.10360478464946 144.10360478464946
 5376 131072 9605.885 9605.885 9605.885 146.7107032824149 146.7107032824149 146.7107032824149 146.7107032824149 146.7107032824149 146.7107032824149
 5888 131072 10891.914 10891.914 10891.914 141.71098596628656 141.71098596628656 141.71098596628656 141.71098596628656 141.71098596628656 141.71098596628656
 6400 131072 10522.127 10522.127 10522.127 159.4470015425588 159.4470015425588 159.4470015425588 159.4470015425588 159.4470015425588 159.4470015425588
 7040 131072 12254.0 12254.0 12254.0 150.60337522441654 150.60337522441654 150.60337522441654 150.60337522441654 150.60337522441654 150.60337522441654
 7680 131072 13432.98 13432.98 13432.98 149.8748542765641 149.8748542765641 149.8748542765641 149.8748542765641 149.8748542765641 149.8748542765641
 8448 65536 6928.921 6928.921 6928.921 159.80789158946968 159.80789158946968 159.80789158946968 159.80789158946968 159.80789158946968 159.80789158946968
 9216 65536 7817.984 7817.984 7817.984 154.5103637971119 154.5103637971119 154.5103637971119 154.5103637971119 154.5103637971119 154.5103637971119
 10112 65536 8995.056 8995.056 8995.056 147.34761673523766 147.34761673523766 147.34761673523766 147.34761673523766 147.34761673523766 147.34761673523766
 11008 65536 9160.995 9160.995 9160.995 157.49823856469737 157.49823856469737 157.49823856469737 157.49823856469737 157.49823856469737 157.49823856469737
 12032 65536 10275.126 10275.126 10275.126 153.48311096136436 153.48311096136436 153.48311096136436 153.48311096136436 153.48311096136436 153.48311096136436
 13184 65536 11058.092 11058.092 11058.092 156.27047125308778 156.27047125308778 156.27047125308778 156.27047125308778 156.27047125308778 156.27047125308778
 14464 65536 11724.949 11724.949 11724.949 161.69156966055888 161.69156966055888 161.69156966055888 161.69156966055888 161.69156966055888 161.69156966055888
 15872 65536 13226.986 13226.986 13226.986 157.28260270329156 157.28260270329156 157.28260270329156 157.28260270329156 157.28260270329156 157.28260270329156
 17408 32768 7162.094 7162.094 7162.094 159.29010258731594 159.29010258731594 159.29010258731594 159.29010258731594 159.29010258731594 159.29010258731594
 19072 32768 7861.137 7861.137 7861.137 158.99768595815087 158.99768595815087 158.99768595815087 158.99768595815087 158.99768595815087 158.99768595815087
 20864 32768 8548.021 8548.021 8548.021 159.9601947632089 159.9601947632089 159.9601947632089 159.9601947632089 159.9601947632089 159.9601947632089
 22912 32768 9361.982 9361.982 9361.982 160.38920305550684 160.38920305550684 160.38920305550684 160.38920305550684 160.38920305550684 160.38920305550684
 25088 32768 10166.168 10166.168 10166.168 161.72929347616528 161.72929347616528 161.72929347616528 161.72929347616528 161.72929347616528 161.72929347616528
 27520 32768 11221.886 11221.886 11221.886 160.71725554866623 160.71725554866623 160.71725554866623 160.71725554866623 160.71725554866623 160.71725554866623
 30208 32768 12371.063 12371.063 12371.063 160.0275973050982 160.0275973050982 160.0275973050982 160.0275973050982 160.0275973050982 160.0275973050982
 33152 16384 6731.033 6731.033 6731.033 161.39049325712708 161.39049325712708 161.39049325712708 161.39049325712708 161.39049325712708 161.39049325712708
 36352 16384 7379.055 7379.055 7379.055 161.42749118958997 161.42749118958997 161.42749118958997 161.42749118958997 161.42749118958997 161.42749118958997
 39936 16384 8064.985 8064.985 8064.985 162.25979936726478 162.25979936726478 162.25979936726478 162.25979936726478 162.25979936726478 162.25979936726478
 43904 16384 8875.847 8875.847 8875.847 162.08551950027982 162.08551950027982 162.08551950027982 162.08551950027982 162.08551950027982 162.08551950027982
 48256 16384 9763.002 9763.002 9763.002 161.96376975032885 161.96376975032885 161.96376975032885 161.96376975032885 161.96376975032885 161.96376975032885
 52992 16384 10737.181 10737.181 10737.181 161.72232320569057 161.72232320569057 161.72232320569057 161.72232320569057 161.72232320569057 161.72232320569057
 58240 16384 11750.937 11750.937 11750.937 162.4047784444764 162.4047784444764 162.4047784444764 162.4047784444764 162.4047784444764 162.4047784444764
 64000 16384 12808.8 12808.8 12808.8 163.7274373867966 163.7274373867966 163.7274373867966 163.7274373867966 163.7274373867966 163.7274373867966
 70400 8192 7061.958 7061.958 7061.958 163.33056639532552 163.33056639532552 163.33056639532552 163.33056639532552 163.33056639532552 163.33056639532552
 77440 8192 7843.971 7843.971 7843.971 161.75186777207617 161.75186777207617 161.75186777207617 161.75186777207617 161.75186777207617 161.75186777207617
 85120 8192 8592.844 8592.844 8592.844 162.2985451615321 162.2985451615321 162.2985451615321 162.2985451615321 162.2985451615321 162.2985451615321
 93568 8192 9408.951 9408.951 9408.951 162.93188390501768 162.93188390501768 162.93188390501768 162.93188390501768 162.93188390501768 162.93188390501768
 102912 8192 10299.921 10299.921 10299.921 163.70127576706656 163.70127576706656 163.70127576706656 163.70127576706656 163.70127576706656 163.70127576706656
 113152 8192 11298.18 11298.18 11298.18 164.08681469050768 164.08681469050768 164.08681469050768 164.08681469050768 164.08681469050768 164.08681469050768
 124416 8192 12475.967 12475.967 12475.967 163.3886771261899 163.3886771261899 163.3886771261899 163.3886771261899 163.3886771261899 163.3886771261899
 136832 4096 6918.907 6918.907 6918.907 162.00936708644878 162.00936708644878 162.00936708644878 162.00936708644878 162.00936708644878 162.00936708644878
 150400 4096 7525.921 7525.921 7525.921 163.71109927941043 163.71109927941043 163.71109927941043 163.71109927941043 163.71109927941043 163.71109927941043
 165376 4096 8306.026 8306.026 8306.026 163.10570084899808 163.10570084899808 163.10570084899808 163.10570084899808 163.10570084899808 163.10570084899808
 181888 4096 9119.987 9119.987 9119.987 163.38033113424396 163.38033113424396 163.38033113424396 163.38033113424396 163.38033113424396 163.38033113424396
 200064 4096 10040.998 10040.998 10040.998 163.22324613549372 163.22324613549372 163.22324613549372 163.22324613549372 163.22324613549372 163.22324613549372
 220032 4096 11005.163 11005.163 11005.163 163.78695563164308 163.78695563164308 163.78695563164308 163.78695563164308 163.78695563164308 163.78695563164308
 241920 4096 12104.034 12104.034 12104.034 163.7312519115528 163.7312519115528 163.7312519115528 163.7312519115528 163.7312519115528 163.7312519115528
 266112 2048 6694.078 6694.078 6694.078 162.8297058982581 162.8297058982581 162.8297058982581 162.8297058982581 162.8297058982581 162.8297058982581
 292608 2048 7347.107 7347.107 7347.107 163.128476011034 163.128476011034 163.128476011034 163.128476011034 163.128476011034 163.128476011034
 321792 2048 8069.992 8069.992 8069.992 163.32854258095918 163.32854258095918 163.32854258095918 163.32854258095918 163.32854258095918 163.32854258095918
 353920 2048 8871.794 8871.794 8871.794 163.40058391797646 163.40058391797646 163.40058391797646 163.40058391797646 163.40058391797646 163.40058391797646
 389248 2048 9754.896 9754.896 9754.896 163.44200983793164 163.44200983793164 163.44200983793164 163.44200983793164 163.44200983793164 163.44200983793164
 428160 2048 10732.889 10732.889 10732.889 163.39900282207338 163.39900282207338 163.39900282207338 163.39900282207338 163.39900282207338 163.39900282207338
 470912 2048 11817.932 11817.932 11817.932 163.21430449929815 163.21430449929815 163.21430449929815 163.21430449929815 163.21430449929815 163.21430449929815
 517888 2048 12989.044 12989.044 12989.044 163.312192028913 163.312192028913 163.312192028913 163.312192028913 163.312192028913 163.312192028913
 569600 1024 7132.053 7132.053 7132.053 163.56311429542095 163.56311429542095 163.56311429542095 163.56311429542095 163.56311429542095 163.56311429542095
 626560 1024 7837.057 7837.057 7837.057 163.73427933470433 163.73427933470433 163.73427933470433 163.73427933470433 163.73427933470433 163.73427933470433
 689152 1024 9298.086 9298.086 9298.086 151.79288468616014 151.79288468616014 151.79288468616014 151.79288468616014 151.79288468616014 151.79288468616014
 758016 1024 9491.92 9491.92 9491.92 163.55139613481782 163.55139613481782 163.55139613481782 163.55139613481782 163.55139613481782 163.55139613481782
 833792 1024 10437.965 10437.965 10437.965 163.595683258183 163.595683258183 163.595683258183 163.595683258183 163.595683258183 163.595683258183
 917120 1024 11475.086 11475.086 11475.086 163.68171532657797 163.68171532657797 163.68171532657797 163.68171532657797 163.68171532657797 163.68171532657797
 1008768 1024 12619.972 12619.972 12619.972 163.70534451265024 163.70534451265024 163.70534451265024 163.70534451265024 163.70534451265024 163.70534451265024
 1109632 512 6943.941 6943.941 6943.941 163.63375898499137 163.63375898499137 163.63375898499137 163.63375898499137 163.63375898499137 163.63375898499137
 1220480 512 7638.931 7638.931 7638.931 163.60555161448636 163.60555161448636 163.60555161448636 163.60555161448636 163.60555161448636 163.60555161448636
 1342464 512 8404.016 8404.016 8404.016 163.57455007225116 163.57455007225116 163.57455007225116 163.57455007225116 163.57455007225116 163.57455007225116
 1476608 512 9235.859 9235.859 9235.859 163.71477650319258 163.71477650319258 163.71477650319258 163.71477650319258 163.71477650319258 163.71477650319258
 1624192 512 10158.062 10158.062 10158.062 163.7293223845257 163.7293223845257 163.7293223845257 163.7293223845257 163.7293223845257 163.7293223845257
 1786496 512 11172.056 11172.056 11172.056 163.74532172054992 163.74532172054992 163.74532172054992 163.74532172054992 163.74532172054992 163.74532172054992
 1965056 512 12291.908 12291.908 12291.908 163.70260369667594 163.70260369667594 163.70260369667594 163.70260369667594 163.70260369667594 163.70260369667594
 2161536 256 6757.021 6757.021 6757.021 163.78614658737928 163.78614658737928 163.78614658737928 163.78614658737928 163.78614658737928 163.78614658737928
 2377600 256 7435.083 7435.083 7435.083 163.72799066264628 163.72799066264628 163.72799066264628 163.72799066264628 163.72799066264628 163.72799066264628
 2615296 256 8175.85 8175.85 8175.85 163.7788795048833 163.7788795048833 163.7788795048833 163.7788795048833 163.7788795048833 163.7788795048833
 2876800 256 8999.109 8999.109 8999.109 163.67415929732599 163.67415929732599 163.67415929732599 163.67415929732599 163.67415929732599 163.67415929732599
 3164416 256 9907.961 9907.961 9907.961 163.5231499195445 163.5231499195445 163.5231499195445 163.5231499195445 163.5231499195445 163.5231499195445
 3480832 256 10889.053 10889.053 10889.053 163.6676746820867 163.6676746820867 163.6676746820867 163.6676746820867 163.6676746820867 163.6676746820867
 3828864 256 11988.878 11988.878 11988.878 163.51641646532727 163.51641646532727 163.51641646532727 163.51641646532727 163.51641646532727 163.51641646532727
 4211712 128 6596.088 6596.088 6596.088 163.46026190069023 163.46026190069023 163.46026190069023 163.46026190069023 163.46026190069023 163.46026190069023
 4632832 128 7264.137 7264.137 7264.137 163.26853306869074 163.26853306869074 163.26853306869074 163.26853306869074 163.26853306869074 163.26853306869074
 5096064 128 7987.022 7987.022 7987.022 163.3390247328729 163.3390247328729 163.3390247328729 163.3390247328729 163.3390247328729 163.3390247328729
 5605632 128 8795.023 8795.023 8795.023 163.16521196135588 163.16521196135588 163.16521196135588 163.16521196135588 163.16521196135588 163.16521196135588
 6166144 128 9660.006 9660.006 9660.006 163.40909767550872 163.40909767550872 163.40909767550872 163.40909767550872 163.40909767550872 163.40909767550872
 6782720 128 10614.157 10614.157 10614.157 163.590600742009 163.590600742009 163.590600742009 163.590600742009 163.590600742009 163.590600742009
 7460992 128 11677.027 11677.027 11677.027 163.5702265653749 163.5702265653749 163.5702265653749 163.5702265653749 163.5702265653749 163.5702265653749
 8206976 128 12854.099 12854.099 12854.099 163.4487065954603 163.4487065954603 163.4487065954603 163.4487065954603 163.4487065954603 163.4487065954603
 9027584 64 7081.985 7081.985 7081.985 163.164812125414 163.164812125414 163.164812125414 163.164812125414 163.164812125414 163.164812125414
 9930240 64 7779.121 7779.121 7779.121 163.39515994159237 163.39515994159237 163.39515994159237 163.39515994159237 163.39515994159237 163.39515994159237
 10923264 64 8550.882 8550.882 8550.882 163.51269869002988 163.51269869002988 163.51269869002988 163.51269869002988 163.51269869002988 163.51269869002988
 12015488 64 9411.097 9411.097 9411.097 163.42223058587112 163.42223058587112 163.42223058587112 163.42223058587112 163.42223058587112 163.42223058587112
 13217024 64 10349.035 10349.035 10349.035 163.47215677596995 163.47215677596995 163.47215677596995 163.47215677596995 163.47215677596995 163.47215677596995
 14538624 64 11388.063 11388.063 11388.063 163.41179988203436 163.41179988203436 163.41179988203436 163.41179988203436 163.41179988203436 163.41179988203436
 15992448 64 12530.804 12530.804 12530.804 163.3600959683034 163.3600959683034 163.3600959683034 163.3600959683034 163.3600959683034 163.3600959683034
 17591680 32 6889.82 6889.82 6889.82 163.4102951891341 163.4102951891341 163.4102951891341 163.4102951891341 163.4102951891341 163.4102951891341
 19350784 32 7581.949 7581.949 7581.949 163.34192910028807 163.34192910028807 163.34192910028807 163.34192910028807 163.34192910028807 163.34192910028807
 21285760 32 8331.06 8331.06 8331.06 163.5192448499951 163.5192448499951 163.5192448499951 163.5192448499951 163.5192448499951 163.5192448499951
 23414272 32 9165.049 9165.049 9165.049 163.50304379169165 163.50304379169165 163.50304379169165 163.50304379169165 163.50304379169165 163.50304379169165
 25755648 32 10097.027 10097.027 10097.027 163.25216046267877 163.25216046267877 163.25216046267877 163.25216046267877 163.25216046267877 163.25216046267877
 28331136 32 11091.948 11091.948 11091.948 163.46927555015583 163.46927555015583 163.46927555015583 163.46927555015583 163.46927555015583 163.46927555015583
 31164160 32 12210.846 12210.846 12210.846 163.33890706671758 163.33890706671758 163.33890706671758 163.33890706671758 163.33890706671758 163.33890706671758
 34280576 16 6717.92 6717.92 6717.92 163.29138066544405 163.29138066544405 163.29138066544405 163.29138066544405 163.29138066544405 163.29138066544405
 37708544 16 7390.976 7390.976 7390.976 163.26306674517681 163.26306674517681 163.26306674517681 163.26306674517681 163.26306674517681 163.26306674517681
 41479296 16 8141.041 8141.041 8141.041 163.04272045798567 163.04272045798567 163.04272045798567 163.04272045798567 163.04272045798567 163.04272045798567
 45627136 16 8996.01 8996.01 8996.01 162.30177067388763 162.30177067388763 162.30177067388763 162.30177067388763 162.30177067388763 162.30177067388763
 50189824 16 9913.921 9913.921 9913.921 162.00193324114645 162.00193324114645 162.00193324114645 162.00193324114645 162.00193324114645 162.00193324114645
 55208704 16 11100.054 11100.054 11100.054 159.1594534585147 159.1594534585147 159.1594534585147 159.1594534585147 159.1594534585147 159.1594534585147
 60729472 16 12560.129 12560.129 12560.129 154.723180311285 154.723180311285 154.723180311285 154.723180311285 154.723180311285 154.723180311285
 66802304 16 14434.099 14434.099 14434.099 148.09886838104686 148.09886838104686 148.09886838104686 148.09886838104686 148.09886838104686 148.09886838104686
 73482496 8 9041.071 9041.071 9041.071 130.0421085068351 130.0421085068351 130.0421085068351 130.0421085068351 130.0421085068351 130.0421085068351
 80830720 8 11660.099 11660.099 11660.099 110.9159982260871 110.9159982260871 110.9159982260871 110.9159982260871 110.9159982260871 110.9159982260871
 88913792 8 13472.08 13472.08 13472.08 105.59770072624273 105.59770072624273 105.59770072624273 105.59770072624273 105.59770072624273 105.59770072624273
 97805056 8 15280.008 15280.008 15280.008 102.41361758449342 102.41361758449342 102.41361758449342 102.41361758449342 102.41361758449342 102.41361758449342
 107585536 8 17047.167 17047.167 17047.167 100.97681192423349 100.97681192423349 100.97681192423349 100.97681192423349 100.97681192423349 100.97681192423349
 118344064 8 18876.076 18876.076 18876.076 100.31242849414252 100.31242849414252 100.31242849414252 100.31242849414252 100.31242849414252 100.31242849414252
 130178432 8 20859.003 20859.003 20859.003 99.85400126746231 99.85400126746231 99.85400126746231 99.85400126746231 99.85400126746231 99.85400126746231
 143196160 4 11725.903 11725.903 11725.903 97.69561286665937 97.69561286665937 97.69561286665937 97.69561286665937 97.69561286665937 97.69561286665937
 157515776 4 12639.046 12639.046 12639.046 99.70105401942519 99.70105401942519 99.70105401942519 99.70105401942519 99.70105401942519 99.70105401942519
 173267328 4 13973.951 13973.951 13973.951 99.194467191133 99.194467191133 99.194467191133 99.194467191133 99.194467191133 99.194467191133
 190594048 4 15475.988 15475.988 15475.988 98.52375072919415 98.52375072919415 98.52375072919415 98.52375072919415 98.52375072919415 98.52375072919415
 209653376 4 16937.971 16937.971 16937.971 99.02171918938814 99.02171918938814 99.02171918938814 99.02171918938814 99.02171918938814 99.02171918938814
 230618624 4 18614.054 18614.054 18614.054 99.11591488882539 99.11591488882539 99.11591488882539 99.11591488882539 99.11591488882539 99.11591488882539
 253680384 4 20477.057 20477.057 20477.057 99.10814195614144 99.10814195614144 99.10814195614144 99.10814195614144 99.10814195614144 99.10814195614144
 279048320 2 11245.966 11245.966 11245.966 99.25277028225055 99.25277028225055 99.25277028225055 99.25277028225055 99.25277028225055 99.25277028225055
 306953088 2 12466.192 12466.192 12466.192 98.49137186399824 98.49137186399824 98.49137186399824 98.49137186399824 98.49137186399824 98.49137186399824
 337648384 2 13622.999 13622.999 13622.999 99.14069112094921 99.14069112094921 99.14069112094921 99.14069112094921 99.14069112094921 99.14069112094921
 371413120 2 15152.931 15152.931 15152.931 98.04390186954589 98.04390186954589 98.04390186954589 98.04390186954589 98.04390186954589 98.04390186954589
 408554368 2 16410.828 16410.828 16410.828 99.58165864635227 99.58165864635227 99.58165864635227 99.58165864635227 99.58165864635227 99.58165864635227
 449409792 2 17987.013 17987.013 17987.013 99.9409500621365 99.9409500621365 99.9409500621365 99.9409500621365 99.9409500621365 99.9409500621365
 494350720 2 19827.843 19827.843 19827.843 99.72859276725158 99.72859276725158 99.72859276725158 99.72859276725158 99.72859276725158 99.72859276725158
 543785728 1 10877.848 10877.848 10877.848 99.98038729719335 99.98038729719335 99.98038729719335 99.98038729719335 99.98038729719335 99.98038729719335
 598164224 1 12026.072 12026.072 12026.072 99.47790500505901 99.47790500505901 99.47790500505901 99.47790500505901 99.47790500505901 99.47790500505901
 657980544 1 13223.886 13223.886 13223.886 99.51394680807138 99.51394680807138 99.51394680807138 99.51394680807138 99.51394680807138 99.51394680807138
 723778560 1 14602.9 14602.9 14602.9 99.12805812544083 99.12805812544083 99.12805812544083 99.12805812544083 99.12805812544083 99.12805812544083
 796156416 1 15981.913 15981.913 15981.913 99.63217995242496 99.63217995242496 99.63217995242496 99.63217995242496 99.63217995242496 99.63217995242496
 875772032 1 17553.091 17553.091 17553.091 99.78550581205327 99.78550581205327 99.78550581205327 99.78550581205327 99.78550581205327 99.78550581205327
 963349120 1 19348.86 19348.86 19348.86 99.57683501767029 99.57683501767029 99.57683501767029 99.57683501767029 99.57683501767029 99.57683501767029
 1059683968 1 21181.107 21181.107 21181.107 100.05935648217064 100.05935648217064 100.05935648217064 100.05935648217064 100.05935648217064 100.05935648217064
 
META_DATA
 MPI startup(): shm:tmi fabric is unknown or has been removed from the product, please use ofi or shm:ofi instead
 FLOPS          16
 MPI_PROCS      8
 OPENMP_THREADS 2
 ERT_VERSION  1.1.0
 HOSTNAME  ('shas0420.rc.int.colorado.edu', [], ['10.225.6.135'])
 UNAME  uname_result(system='Linux', node='shas0420.rc.int.colorado.edu', release='3.10.0-957.27.2.el7.x86_64', version='#1 SMP Mon Jul 29 17:46:05 UTC 2019', machine='x86_64', processor='x86_64')
 TIMESTAMP_DATA  1664555806.1026886
 CONFIG  {'ERT_RESULTS': ['lab5_results'], 'ERT_DRIVER': ['driver1'], 'ERT_KERNEL': ['kernel1'], 'ERT_MPI': ['True'], 'ERT_MPI_CFLAGS': ['-I/usr/include/mpi'], 'ERT_MPI_LDFLAGS': ['-lmpi'], 'ERT_OPENMP': ['True'], 'ERT_OPENMP_CFLAGS': ['-qopenmp'], 'ERT_OPENMP_LDFLAGS': ['-qopenmp'], 'ERT_FLOPS': ['1,2,4,8,16'], 'ERT_ALIGN': ['32'], 'ERT_CC': ['mpicc'], 'ERT_CFLAGS': ['-O3', '-msse3', '-axSSE3', '-xSSE3', '-fno-alias', '-fno-fnalias', '-DERT_INTEL', '-std=c++11'], 'ERT_LD': ['mpicc'], 'ERT_LDFLAGS': [], 'ERT_LDLIBS': [], 'ERT_PRECISION': ['FP64'], 'ERT_RUN': ['export', 'OMP_NUM_THREADS=ERT_OPENMP_THREADS;', 'mpirun', '-np', 'ERT_MPI_PROCS', 'ERT_CODE'], 'ERT_PROCS_THREADS': ['1-24'], 'ERT_MPI_PROCS': ['1,2,4,8,12,24'], 'ERT_OPENMP_THREADS': ['1,2,4,8,12,24'], 'ERT_NUM_EXPERIMENTS': ['1'], 'ERT_MEMORY_MAX': ['1073741824'], 'ERT_WORKING_SET_MIN': ['1'], 'ERT_TRIALS_MIN': ['1'], 'ERT_GNUPLOT': ['gnuplot'], 'ERT_GPU': [False], 'ERT_HIP': [False], 'ERT_OCL': [False], 'ERT_SYCL': [False], 'ERT_WSS_MULT': [1.1]}
 