fp64
 64 16777216 371679.068 371679.068 371679.068 5.777790122956293 5.777790122956293 5.777790122956293 5.777790122956293 5.777790122956293 5.777790122956293
 128 8388608 188570.976 188570.976 188570.976 11.388198192281722 11.388198192281722 11.388198192281722 11.388198192281722 11.388198192281722 11.388198192281722
 192 4194304 94268.084 94268.084 94268.084 17.085451063161525 17.085451063161525 17.085451063161525 17.085451063161525 17.085451063161525 17.085451063161525
 256 4194304 94176.054 94176.054 94176.054 22.80286290185826 22.80286290185826 22.80286290185826 22.80286290185826 22.80286290185826 22.80286290185826
 320 2097152 47497.034 47497.034 47497.034 28.25812828649469 28.25812828649469 28.25812828649469 28.25812828649469 28.25812828649469 28.25812828649469
 384 2097152 47752.142 47752.142 47752.142 33.728596635518464 33.728596635518464 33.728596635518464 33.728596635518464 33.728596635518464 33.728596635518464
 448 2097152 48683.167 48683.167 48683.167 38.59749288701781 38.59749288701781 38.59749288701781 38.59749288701781 38.59749288701781 38.59749288701781
 512 2097152 48664.808 48664.808 48664.808 44.12806165802607 44.12806165802607 44.12806165802607 44.12806165802607 44.12806165802607 44.12806165802607
 576 1048576 24723.053 24723.053 24723.053 48.859643345827884 48.859643345827884 48.859643345827884 48.859643345827884 48.859643345827884 48.859643345827884
 640 1048576 24554.014 24554.014 24554.014 54.662234859033646 54.662234859033646 54.662234859033646 54.662234859033646 54.662234859033646 54.662234859033646
 704 1048576 28064.013 28064.013 28064.013 52.608121582611865 52.608121582611865 52.608121582611865 52.608121582611865 52.608121582611865 52.608121582611865
 768 1048576 27992.964 27992.964 27992.964 57.536341489239945 57.536341489239945 57.536341489239945 57.536341489239945 57.536341489239945 57.536341489239945
 832 1048576 32627.106 32627.106 32627.106 53.4779414392438 53.4779414392438 53.4779414392438 53.4779414392438 53.4779414392438 53.4779414392438
 896 1048576 32716.036 32716.036 32716.036 57.435081438350295 57.435081438350295 57.435081438350295 57.435081438350295 57.435081438350295 57.435081438350295
 960 1048576 37055.969 37055.969 37055.969 54.33040814558108 54.33040814558108 54.33040814558108 54.33040814558108 54.33040814558108 54.33040814558108
 1024 1048576 25376.081 25376.081 25376.081 84.62629229470068 84.62629229470068 84.62629229470068 84.62629229470068 84.62629229470068 84.62629229470068
 1088 524288 15563.965 15563.965 15563.965 73.30077444918437 73.30077444918437 73.30077444918437 73.30077444918437 73.30077444918437 73.30077444918437
 1152 524288 15811.92 15811.92 15811.92 76.39550111561404 76.39550111561404 76.39550111561404 76.39550111561404 76.39550111561404 76.39550111561404
 1216 524288 18640.041 18640.041 18640.041 68.404807478696 68.404807478696 68.404807478696 68.404807478696 68.404807478696 68.404807478696
 1280 524288 18270.016 18270.016 18270.016 73.46338831887175 73.46338831887175 73.46338831887175 73.46338831887175 73.46338831887175 73.46338831887175
 1408 524288 20921.946 20921.946 20921.946 70.56681094578869 70.56681094578869 70.56681094578869 70.56681094578869 70.56681094578869 70.56681094578869
 1536 524288 23133.993 23133.993 23133.993 69.62104363047054 69.62104363047054 69.62104363047054 69.62104363047054 69.62104363047054 69.62104363047054
 1664 524288 25004.864 25004.864 25004.864 69.77964223280718 69.77964223280718 69.77964223280718 69.77964223280718 69.77964223280718 69.77964223280718
 1792 524288 27446.032 27446.032 27446.032 68.46338268497246 68.46338268497246 68.46338268497246 68.46338268497246 68.46338268497246 68.46338268497246
 1920 524288 29710.054 29710.054 29710.054 67.76379201464931 67.76379201464931 67.76379201464931 67.76379201464931 67.76379201464931 67.76379201464931
 2112 262144 14074.087 14074.087 14074.087 78.67624066840001 78.67624066840001 78.67624066840001 78.67624066840001 78.67624066840001 78.67624066840001
 2304 262144 15619.993 15619.993 15619.993 77.33419291545137 77.33419291545137 77.33419291545137 77.33419291545137 77.33419291545137 77.33419291545137
 2496 262144 17745.972 17745.972 17745.972 73.74196510622241 73.74196510622241 73.74196510622241 73.74196510622241 73.74196510622241 73.74196510622241
 2688 262144 18798.828 18798.828 18798.828 74.96670239229807 74.96670239229807 74.96670239229807 74.96670239229807 74.96670239229807 74.96670239229807
 2944 262144 21332.979 21332.979 21332.979 72.35294573720812 72.35294573720812 72.35294573720812 72.35294573720812 72.35294573720812 72.35294573720812
 3200 262144 20553.112 20553.112 20553.112 81.62859230271307 81.62859230271307 81.62859230271307 81.62859230271307 81.62859230271307 81.62859230271307
 3520 262144 24112.94 24112.94 24112.94 76.53541044766835 76.53541044766835 76.53541044766835 76.53541044766835 76.53541044766835 76.53541044766835
 3840 262144 26902.914 26902.914 26902.914 74.83449265012703 74.83449265012703 74.83449265012703 74.83449265012703 74.83449265012703 74.83449265012703
 4224 131072 13520.002 13520.002 13520.002 81.90059853541442 81.90059853541442 81.90059853541442 81.90059853541442 81.90059853541442 81.90059853541442
 4608 131072 15285.015 15285.015 15285.015 79.02900664474323 79.02900664474323 79.02900664474323 79.02900664474323 79.02900664474323 79.02900664474323
 5056 131072 17600.06 17600.06 17600.06 75.30656509125538 75.30656509125538 75.30656509125538 75.30656509125538 75.30656509125538 75.30656509125538
 5504 131072 18096.924 18096.924 18096.924 79.72849839011315 79.72849839011315 79.72849839011315 79.72849839011315 79.72849839011315 79.72849839011315
 6016 131072 20082.951 20082.951 20082.951 78.52721963022266 78.52721963022266 78.52721963022266 78.52721963022266 78.52721963022266 78.52721963022266
 6592 131072 21620.035 21620.035 21620.035 79.92832796061616 79.92832796061616 79.92832796061616 79.92832796061616 79.92832796061616 79.92832796061616
 7232 131072 22850.99 22850.99 22850.99 82.96469465874345 82.96469465874345 82.96469465874345 82.96469465874345 82.96469465874345 82.96469465874345
 7936 131072 25866.985 25866.985 25866.985 80.42587042904304 80.42587042904304 80.42587042904304 80.42587042904304 80.42587042904304 80.42587042904304
 8704 65536 14081.001 14081.001 14081.001 81.0205672167767 81.0205672167767 81.0205672167767 81.0205672167767 81.0205672167767 81.0205672167767
 9536 65536 15363.216 15363.216 15363.216 81.35683257984526 81.35683257984526 81.35683257984526 81.35683257984526 81.35683257984526 81.35683257984526
 10432 65536 16777.039 16777.039 16777.039 81.5008598358745 81.5008598358745 81.5008598358745 81.5008598358745 81.5008598358745 81.5008598358745
 11456 65536 18277.168 18277.168 18277.168 82.15500519555327 82.15500519555327 82.15500519555327 82.15500519555327 82.15500519555327 82.15500519555327
 12544 65536 19838.81 19838.81 19838.81 82.87629993936127 82.87629993936127 82.87629993936127 82.87629993936127 82.87629993936127 82.87629993936127
 13760 65536 21886.11 21886.11 21886.11 82.40617999269857 82.40617999269857 82.40617999269857 82.40617999269857 82.40617999269857 82.40617999269857
 15104 65536 24317.026 24317.026 24317.026 81.41256615837807 81.41256615837807 81.41256615837807 81.41256615837807 81.41256615837807 81.41256615837807
 16576 32768 13128.996 13128.996 13128.996 82.74240741637823 82.74240741637823 82.74240741637823 82.74240741637823 82.74240741637823 82.74240741637823
 18176 32768 14457.941 14457.941 14457.941 82.38948658041971 82.38948658041971 82.38948658041971 82.38948658041971 82.38948658041971 82.38948658041971
 19968 32768 15757.084 15757.084 15757.084 83.04981099294767 83.04981099294767 83.04981099294767 83.04981099294767 83.04981099294767 83.04981099294767
 21952 32768 17395.02 17395.02 17395.02 82.70449082553512 82.70449082553512 82.70449082553512 82.70449082553512 82.70449082553512 82.70449082553512
 24128 32768 19293.07 19293.07 19293.07 81.95961596573278 81.95961596573278 81.95961596573278 81.95961596573278 81.95961596573278 81.95961596573278
 26496 32768 21121.025 21121.025 21121.025 82.21390088785937 82.21390088785937 82.21390088785937 82.21390088785937 82.21390088785937 82.21390088785937
 29120 32768 22946.119 22946.119 22946.119 83.16911108148616 83.16911108148616 83.16911108148616 83.16911108148616 83.16911108148616 83.16911108148616
 32000 32768 25016.069 25016.069 25016.069 83.83219601768768 83.83219601768768 83.83219601768768 83.83219601768768 83.83219601768768 83.83219601768768
 35200 16384 13834.0 13834.0 13834.0 83.37672401330056 83.37672401330056 83.37672401330056 83.37672401330056 83.37672401330056 83.37672401330056
 38720 16384 15240.908 15240.908 15240.908 83.24812143738419 83.24812143738419 83.24812143738419 83.24812143738419 83.24812143738419 83.24812143738419
 42560 16384 16722.918 16722.918 16722.918 83.39490033976128 83.39490033976128 83.39490033976128 83.39490033976128 83.39490033976128 83.39490033976128
 46784 16384 18759.966 18759.966 18759.966 81.71753147100587 81.71753147100587 81.71753147100587 81.71753147100587 81.71753147100587 81.71753147100587
 51456 16384 20541.906 20541.906 20541.906 82.08148786193453 82.08148786193453 82.08148786193453 82.08148786193453 82.08148786193453 82.08148786193453
 56576 16384 22532.94 22532.94 22532.94 82.27432230325915 82.27432230325915 82.27432230325915 82.27432230325915 82.27432230325915 82.27432230325915
 62208 16384 24885.178 24885.178 24885.178 81.91348858344513 81.91348858344513 81.91348858344513 81.91348858344513 81.91348858344513 81.91348858344513
 68416 8192 13698.101 13698.101 13698.101 81.830886193641 81.830886193641 81.830886193641 81.830886193641 81.830886193641 81.830886193641
 75200 8192 15005.112 15005.112 15005.112 82.11047008512833 82.11047008512833 82.11047008512833 82.11047008512833 82.11047008512833 82.11047008512833
 82688 8192 16553.164 16553.164 16553.164 81.84297527650907 81.84297527650907 81.84297527650907 81.84297527650907 81.84297527650907 81.84297527650907
 90944 8192 18188.0 18188.0 18188.0 81.92360325489334 81.92360325489334 81.92360325489334 81.92360325489334 81.92360325489334 81.92360325489334
 100032 8192 19603.014 19603.014 19603.014 83.60572960872241 83.60572960872241 83.60572960872241 83.60572960872241 83.60572960872241 83.60572960872241
 110016 8192 21436.93 21436.93 21436.93 84.08396836673909 84.08396836673909 84.08396836673909 84.08396836673909 84.08396836673909 84.08396836673909
 120960 8192 23686.886 23686.886 23686.886 83.66691341360786 83.66691341360786 83.66691341360786 83.66691341360786 83.66691341360786 83.66691341360786
 133056 4096 13141.87 13141.87 13141.87 82.94061286559675 82.94061286559675 82.94061286559675 82.94061286559675 82.94061286559675 82.94061286559675
 146304 4096 14662.981 14662.981 14662.981 81.73797456328968 81.73797456328968 81.73797456328968 81.73797456328968 81.73797456328968 81.73797456328968
 160896 4096 16088.009 16088.009 16088.009 81.92810135797413 81.92810135797413 81.92810135797413 81.92810135797413 81.92810135797413 81.92810135797413
 176960 4096 17686.844 17686.844 17686.844 81.96240776477704 81.96240776477704 81.96240776477704 81.96240776477704 81.96240776477704 81.96240776477704
 194624 4096 19465.923 19465.923 19465.923 81.90517387744728 81.90517387744728 81.90517387744728 81.90517387744728 81.90517387744728 81.90517387744728
 214080 4096 21403.074 21403.074 21403.074 81.93885420384007 81.93885420384007 81.93885420384007 81.93885420384007 81.93885420384007 81.93885420384007
 235456 4096 23579.836 23579.836 23579.836 81.8010588368808 81.8010588368808 81.8010588368808 81.8010588368808 81.8010588368808 81.8010588368808
 258944 4096 25909.901 25909.901 25909.901 81.8709900898502 81.8709900898502 81.8709900898502 81.8709900898502 81.8709900898502 81.8709900898502
 284800 2048 13887.882 13887.882 13887.882 83.9970270484729 83.9970270484729 83.9970270484729 83.9970270484729 83.9970270484729 83.9970270484729
 313280 2048 15352.964 15352.964 15352.964 83.5796188931336 83.5796188931336 83.5796188931336 83.5796188931336 83.5796188931336 83.5796188931336
 344576 2048 16843.081 16843.081 16843.081 83.79602852945966 83.79602852945966 83.79602852945966 83.79602852945966 83.79602852945966 83.79602852945966
 379008 2048 18481.97 18481.97 18481.97 83.99628221450419 83.99628221450419 83.99628221450419 83.99628221450419 83.99628221450419 83.99628221450419
 416896 2048 20303.965 20303.965 20303.965 84.10209611767948 84.10209611767948 84.10209611767948 84.10209611767948 84.10209611767948 84.10209611767948
 458560 2048 22394.896 22394.896 22394.896 83.87008182578744 83.87008182578744 83.87008182578744 83.87008182578744 83.87008182578744 83.87008182578744
 504384 2048 24610.996 24610.996 24610.996 83.9444638485984 83.9444638485984 83.9444638485984 83.9444638485984 83.9444638485984 83.9444638485984
 554816 1024 13841.867 13841.867 13841.867 82.08886619124428 82.08886619124428 82.08886619124428 82.08886619124428 82.08886619124428 82.08886619124428
 610240 1024 15233.04 15233.04 15233.04 82.04347392247377 82.04347392247377 82.04347392247377 82.04347392247377 82.04347392247377 82.04347392247377
 671232 1024 16700.029 16700.029 16700.029 82.3162125047807 82.3162125047807 82.3162125047807 82.3162125047807 82.3162125047807 82.3162125047807
 738304 1024 18065.929 18065.929 18065.929 83.69603312400928 83.69603312400928 83.69603312400928 83.69603312400928 83.69603312400928 83.69603312400928
 812096 1024 20462.99 20462.99 20462.99 81.27710603386895 81.27710603386895 81.27710603386895 81.27710603386895 81.27710603386895 81.27710603386895
 893248 1024 21713.018 21713.018 21713.018 84.25230909862461 84.25230909862461 84.25230909862461 84.25230909862461 84.25230909862461 84.25230909862461
 982528 1024 23997.068 23997.068 23997.068 83.8526333300385 83.8526333300385 83.8526333300385 83.8526333300385 83.8526333300385 83.8526333300385
 1080768 512 13213.873 13213.873 13213.873 83.75337283777436 83.75337283777436 83.75337283777436 83.75337283777436 83.75337283777436 83.75337283777436
 1188800 512 14485.121 14485.121 14485.121 84.04011260934584 84.04011260934584 84.04011260934584 84.04011260934584 84.04011260934584 84.04011260934584
 1307648 512 15985.012 15985.012 15985.012 83.7679416193119 83.7679416193119 83.7679416193119 83.7679416193119 83.7679416193119 83.7679416193119
 1438400 512 17502.069 17502.069 17502.069 84.1569988096836 84.1569988096836 84.1569988096836 84.1569988096836 84.1569988096836 84.1569988096836
 1582208 512 19248.962 19248.962 19248.962 84.16978494736497 84.16978494736497 84.16978494736497 84.16978494736497 84.16978494736497 84.16978494736497
 1740416 512 21233.082 21233.082 21233.082 83.93439934909121 83.93439934909121 83.93439934909121 83.93439934909121 83.93439934909121 83.93439934909121
 1914432 512 23298.979 23298.979 23298.979 84.14009764118848 84.14009764118848 84.14009764118848 84.14009764118848 84.14009764118848 84.14009764118848
 2105856 256 12870.073 12870.073 12870.073 83.77561432635231 83.77561432635231 83.77561432635231 83.77561432635231 83.77561432635231 83.77561432635231
 2316416 256 14139.891 14139.891 14139.891 83.87653002417062 83.87653002417062 83.87653002417062 83.87653002417062 83.87653002417062 83.87653002417062
 2548032 256 15567.78 15567.78 15567.78 83.80079780161333 83.80079780161333 83.80079780161333 83.80079780161333 83.80079780161333 83.80079780161333
 2802816 256 17109.156 17109.156 17109.156 83.87566236464265 83.87566236464265 83.87566236464265 83.87566236464265 83.87566236464265 83.87566236464265
 3083072 256 18826.962 18826.962 18826.962 83.84426887354424 83.84426887354424 83.84426887354424 83.84426887354424 83.84426887354424 83.84426887354424
 3391360 256 20823.956 20823.956 20823.956 83.38359531685526 83.38359531685526 83.38359531685526 83.38359531685526 83.38359531685526 83.38359531685526
 3730496 256 22751.093 22751.093 22751.093 83.9526238146009 83.9526238146009 83.9526238146009 83.9526238146009 83.9526238146009 83.9526238146009
 4103488 256 24987.936 24987.936 24987.936 84.08000788860672 84.08000788860672 84.08000788860672 84.08000788860672 84.08000788860672 84.08000788860672
 4513792 128 13816.118 13816.118 13816.118 83.63642754064492 83.63642754064492 83.63642754064492 83.63642754064492 83.63642754064492 83.63642754064492
 4965120 128 15173.912 15173.912 15173.912 83.76684404127295 83.76684404127295 83.76684404127295 83.76684404127295 83.76684404127295 83.76684404127295
 5461632 128 16608.0 16608.0 16608.0 84.18700578034682 84.18700578034682 84.18700578034682 84.18700578034682 84.18700578034682 84.18700578034682
 6007744 128 18298.149 18298.149 18298.149 84.05125917381042 84.05125917381042 84.05125917381042 84.05125917381042 84.05125917381042 84.05125917381042
 6608512 128 20291.09 20291.09 20291.09 83.37546538899586 83.37546538899586 83.37546538899586 83.37546538899586 83.37546538899586 83.37546538899586
 7269312 128 22171.021 22171.021 22171.021 83.93586709425786 83.93586709425786 83.93586709425786 83.93586709425786 83.93586709425786 83.93586709425786
 7996224 128 24366.856 24366.856 24366.856 84.00892359687273 84.00892359687273 84.00892359687273 84.00892359687273 84.00892359687273 84.00892359687273
 8795840 64 13505.936 13505.936 13505.936 83.36093996002943 83.36093996002943 83.36093996002943 83.36093996002943 83.36093996002943 83.36093996002943
 9675392 64 14816.999 14816.999 14816.999 83.58306401991389 83.58306401991389 83.58306401991389 83.58306401991389 83.58306401991389 83.58306401991389
 10642880 64 16262.054 16262.054 16262.054 83.77100703269095 83.77100703269095 83.77100703269095 83.77100703269095 83.77100703269095 83.77100703269095
 11707136 64 17834.187 17834.187 17834.187 84.02476703872175 84.02476703872175 84.02476703872175 84.02476703872175 84.02476703872175 84.02476703872175
 12877824 64 19650.936 19650.936 19650.936 83.88208439536925 83.88208439536925 83.88208439536925 83.88208439536925 83.88208439536925 83.88208439536925
 14165568 64 21582.127 21582.127 21582.127 84.01362405104928 84.01362405104928 84.01362405104928 84.01362405104928 84.01362405104928 84.01362405104928
 15582080 64 23773.909 23773.909 23773.909 83.89475369826646 83.89475369826646 83.89475369826646 83.89475369826646 83.89475369826646 83.89475369826646
 17140288 32 13141.87 13141.87 13141.87 83.47201973539535 83.47201973539535 83.47201973539535 83.47201973539535 83.47201973539535 83.47201973539535
 18854272 32 14352.083 14352.083 14352.083 84.0765349531493 84.0765349531493 84.0765349531493 84.0765349531493 84.0765349531493 84.0765349531493
 20739648 32 15884.161 15884.161 15884.161 83.56358714822898 83.56358714822898 83.56358714822898 83.56358714822898 83.56358714822898 83.56358714822898
 22813568 32 17400.98 17400.98 17400.98 83.9072484423291 83.9072484423291 83.9072484423291 83.9072484423291 83.9072484423291 83.9072484423291
 25094912 32 19172.907 19172.907 19172.907 83.76791104238914 83.76791104238914 83.76791104238914 83.76791104238914 83.76791104238914 83.76791104238914
 27604352 32 21095.991 21095.991 21095.991 83.744751692395 83.744751692395 83.744751692395 83.744751692395 83.744751692395 83.744751692395
 30364736 32 23145.199 23145.199 23145.199 83.96311926287606 83.96311926287606 83.96311926287606 83.96311926287606 83.96311926287606 83.96311926287606
 33401152 32 25571.108 25571.108 25571.108 83.59722730825744 83.59722730825744 83.59722730825744 83.59722730825744 83.59722730825744 83.59722730825744
 36741248 16 14034.033 14034.033 14034.033 83.77634112731529 83.77634112731529 83.77634112731529 83.77634112731529 83.77634112731529 83.77634112731529
 40415360 16 15480.995 15480.995 15480.995 83.54059412847816 83.54059412847816 83.54059412847816 83.54059412847816 83.54059412847816 83.54059412847816
 44456896 16 16921.997 16921.997 16921.997 84.06931356860541 84.06931356860541 84.06931356860541 84.06931356860541 84.06931356860541 84.06931356860541
 48902528 16 18826.962 18826.962 18826.962 83.11914030527072 83.11914030527072 83.11914030527072 83.11914030527072 83.11914030527072 83.11914030527072
 53792768 16 21135.092 21135.092 21135.092 81.44599398952225 81.44599398952225 81.44599398952225 81.44599398952225 81.44599398952225 81.44599398952225
 59172032 16 23545.027 23545.027 23545.027 80.42059259477595 80.42059259477595 80.42059259477595 80.42059259477595 80.42059259477595 80.42059259477595
 65089216 16 26622.057 26622.057 26622.057 78.23794051676774 78.23794051676774 78.23794051676774 78.23794051676774 78.23794051676774 78.23794051676774
 71598080 8 15084.028 15084.028 15084.028 75.94584682552961 75.94584682552961 75.94584682552961 75.94584682552961 75.94584682552961 75.94584682552961
 78757888 8 17256.021 17256.021 17256.021 73.02530565997805 73.02530565997805 73.02530565997805 73.02530565997805 73.02530565997805 73.02530565997805
 86633664 8 19239.902 19239.902 19239.902 72.04499399217315 72.04499399217315 72.04499399217315 72.04499399217315 72.04499399217315 72.04499399217315
 95297024 8 21280.05 21280.05 21280.05 71.65172938973357 71.65172938973357 71.65172938973357 71.65172938973357 71.65172938973357 71.65172938973357
 104826688 8 23414.135 23414.135 23414.135 71.63309718680618 71.63309718680618 71.63309718680618 71.63309718680618 71.63309718680618 71.63309718680618
 115309312 8 25816.202 25816.202 25816.202 71.4647720838255 71.4647720838255 71.4647720838255 71.4647720838255 71.4647720838255 71.4647720838255
 126840192 8 28537.989 28537.989 28537.989 71.11373797221661 71.11373797221661 71.11373797221661 71.11373797221661 71.11373797221661 71.11373797221661
 139524160 4 15679.836 15679.836 15679.836 71.18654047146923 71.18654047146923 71.18654047146923 71.18654047146923 71.18654047146923 71.18654047146923
 153476544 4 17436.028 17436.028 17436.028 70.41812229253131 70.41812229253131 70.41812229253131 70.41812229253131 70.41812229253131 70.41812229253131
 168824192 4 19037.008 19037.008 19037.008 70.9456830611197 70.9456830611197 70.9456830611197 70.9456830611197 70.9456830611197 70.9456830611197
 185706560 4 20968.914 20968.914 20968.914 70.85023478087611 70.85023478087611 70.85023478087611 70.85023478087611 70.85023478087611 70.85023478087611
 204277184 4 23201.942 23201.942 23201.942 70.43451242141714 70.43451242141714 70.43451242141714 70.43451242141714 70.43451242141714 70.43451242141714
 224704896 4 25434.017 25434.017 25434.017 70.6785392177728 70.6785392177728 70.6785392177728 70.6785392177728 70.6785392177728 70.6785392177728
 247175360 4 27807.951 27807.951 27807.951 71.1092622394221 71.1092622394221 71.1092622394221 71.1092622394221 71.1092622394221 71.1092622394221
 271892864 2 15388.966 15388.966 15388.966 70.67215926008284 70.67215926008284 70.67215926008284 70.67215926008284 70.67215926008284 70.67215926008284
 299082112 2 16541.958 16541.958 16541.958 72.32084907965552 72.32084907965552 72.32084907965552 72.32084907965552 72.32084907965552 72.32084907965552
 328990272 2 18165.112 18165.112 18165.112 72.44442467516852 72.44442467516852 72.44442467516852 72.44442467516852 72.44442467516852 72.44442467516852
 361889280 2 19999.027 19999.027 19999.027 72.38137735400827 72.38137735400827 72.38137735400827 72.38137735400827 72.38137735400827 72.38137735400827
 398078208 2 22477.865 22477.865 22477.865 70.8391491807607 70.8391491807607 70.8391491807607 70.8391491807607 70.8391491807607 70.8391491807607
 437886016 2 24754.047 24754.047 24754.047 70.75788714467578 70.75788714467578 70.75788714467578 70.75788714467578 70.75788714467578 70.75788714467578
 481674560 2 27333.021 27333.021 27333.021 70.48976547451524 70.48976547451524 70.48976547451524 70.48976547451524 70.48976547451524 70.48976547451524
 529841984 2 30073.881 30073.881 30073.881 70.47204635810058 70.47204635810058 70.47204635810058 70.47204635810058 70.47204635810058 70.47204635810058
 582826176 1 16571.999 16571.999 16571.999 70.33866898012725 70.33866898012725 70.33866898012725 70.33866898012725 70.33866898012725 70.33866898012725
 641108736 1 18227.816 18227.816 18227.816 70.34399908359839 70.34399908359839 70.34399908359839 70.34399908359839 70.34399908359839 70.34399908359839
 705219584 1 19991.875 19991.875 19991.875 70.55061958920811 70.55061958920811 70.55061958920811 70.55061958920811 70.55061958920811 70.55061958920811
 775741504 1 22060.871 22060.871 22060.871 70.32736867007654 70.32736867007654 70.32736867007654 70.32736867007654 70.32736867007654 70.32736867007654
 853315648 1 24214.983 24214.983 24214.983 70.47831898126876 70.47831898126876 70.47831898126876 70.47831898126876 70.47831898126876 70.47831898126876
 938647168 1 26672.125 26672.125 26672.125 70.384130848217 70.384130848217 70.384130848217 70.384130848217 70.384130848217 70.384130848217
 1032511872 1 29313.087 29313.087 29313.087 70.44716047818505 70.44716047818505 70.44716047818505 70.44716047818505 70.44716047818505 70.44716047818505
 
META_DATA
 MPI startup(): shm:tmi fabric is unknown or has been removed from the product, please use ofi or shm:ofi instead
 FLOPS          16
 MPI_PROCS      8
 OPENMP_THREADS 1
 ERT_VERSION  1.1.0
 HOSTNAME  ('shas0420.rc.int.colorado.edu', [], ['10.225.6.135'])
 UNAME  uname_result(system='Linux', node='shas0420.rc.int.colorado.edu', release='3.10.0-957.27.2.el7.x86_64', version='#1 SMP Mon Jul 29 17:46:05 UTC 2019', machine='x86_64', processor='x86_64')
 TIMESTAMP_DATA  1664555793.8381498
 CONFIG  {'ERT_RESULTS': ['lab5_results'], 'ERT_DRIVER': ['driver1'], 'ERT_KERNEL': ['kernel1'], 'ERT_MPI': ['True'], 'ERT_MPI_CFLAGS': ['-I/usr/include/mpi'], 'ERT_MPI_LDFLAGS': ['-lmpi'], 'ERT_OPENMP': ['True'], 'ERT_OPENMP_CFLAGS': ['-qopenmp'], 'ERT_OPENMP_LDFLAGS': ['-qopenmp'], 'ERT_FLOPS': ['1,2,4,8,16'], 'ERT_ALIGN': ['32'], 'ERT_CC': ['mpicc'], 'ERT_CFLAGS': ['-O3', '-msse3', '-axSSE3', '-xSSE3', '-fno-alias', '-fno-fnalias', '-DERT_INTEL', '-std=c++11'], 'ERT_LD': ['mpicc'], 'ERT_LDFLAGS': [], 'ERT_LDLIBS': [], 'ERT_PRECISION': ['FP64'], 'ERT_RUN': ['export', 'OMP_NUM_THREADS=ERT_OPENMP_THREADS;', 'mpirun', '-np', 'ERT_MPI_PROCS', 'ERT_CODE'], 'ERT_PROCS_THREADS': ['1-24'], 'ERT_MPI_PROCS': ['1,2,4,8,12,24'], 'ERT_OPENMP_THREADS': ['1,2,4,8,12,24'], 'ERT_NUM_EXPERIMENTS': ['1'], 'ERT_MEMORY_MAX': ['1073741824'], 'ERT_WORKING_SET_MIN': ['1'], 'ERT_TRIALS_MIN': ['1'], 'ERT_GNUPLOT': ['gnuplot'], 'ERT_GPU': [False], 'ERT_HIP': [False], 'ERT_OCL': [False], 'ERT_SYCL': [False], 'ERT_WSS_MULT': [1.1]}
 