fp64
 16 67108864 3675210.953 3675210.953 3675210.953 0.5843157509767032 0.5843157509767032 0.5843157509767032 0.5843157509767032 0.5843157509767032 0.5843157509767032
 32 33554432 1865504.026 1865504.026 1865504.026 1.1511546574384075 1.1511546574384075 1.1511546574384075 1.1511546574384075 1.1511546574384075 1.1511546574384075
 48 16777216 933236.837 933236.837 933236.837 1.725834935081972 1.725834935081972 1.725834935081972 1.725834935081972 1.725834935081972 1.725834935081972
 64 16777216 933145.046 933145.046 933145.046 2.3013396011749285 2.3013396011749285 2.3013396011749285 2.3013396011749285 2.3013396011749285 2.3013396011749285
 80 8388608 469545.841 469545.841 469545.841 2.858458456668558 2.858458456668558 2.858458456668558 2.858458456668558 2.858458456668558 2.858458456668558
 96 8388608 469938.04 469938.04 469938.04 3.4272874270829403 3.4272874270829403 3.4272874270829403 3.4272874270829403 3.4272874270829403 3.4272874270829403
 112 8388608 479920.864 479920.864 479920.864 3.915329240614136 3.915329240614136 3.915329240614136 3.915329240614136 3.915329240614136 3.915329240614136
 128 8388608 479729.891 479729.891 479729.891 4.476443282538757 4.476443282538757 4.476443282538757 4.476443282538757 4.476443282538757 4.476443282538757
 144 4194304 243088.007 243088.007 243088.007 4.969227264264007 4.969227264264007 4.969227264264007 4.969227264264007 4.969227264264007 4.969227264264007
 160 4194304 242975.95 242975.95 242975.95 5.523910000146104 5.523910000146104 5.523910000146104 5.523910000146104 5.523910000146104 5.523910000146104
 176 4194304 276246.786 276246.786 276246.786 5.344478498294636 5.344478498294636 5.344478498294636 5.344478498294636 5.344478498294636 5.344478498294636
 192 4194304 276939.869 276939.869 276939.869 5.815748890962319 5.815748890962319 5.815748890962319 5.815748890962319 5.815748890962319 5.815748890962319
 208 4194304 322147.131 322147.131 322147.131 5.416253308181721 5.416253308181721 5.416253308181721 5.416253308181721 5.416253308181721 5.416253308181721
 224 4194304 324027.061 324027.061 324027.061 5.799047111068294 5.799047111068294 5.799047111068294 5.799047111068294 5.799047111068294 5.799047111068294
 240 4194304 367101.192 367101.192 367101.192 5.4842260495847155 5.4842260495847155 5.4842260495847155 5.4842260495847155 5.4842260495847155 5.4842260495847155
 256 4194304 249794.006 249794.006 249794.006 8.597018328774471 8.597018328774471 8.597018328774471 8.597018328774471 8.597018328774471 8.597018328774471
 272 2097152 152727.842 152727.842 152727.842 7.469827852344041 7.469827852344041 7.469827852344041 7.469827852344041 7.469827852344041 7.469827852344041
 288 2097152 155513.048 155513.048 155513.048 7.7675768531010965 7.7675768531010965 7.7675768531010965 7.7675768531010965 7.7675768531010965 7.7675768531010965
 304 2097152 185257.912 185257.912 185257.912 6.882666452593938 6.882666452593938 6.882666452593938 6.882666452593938 6.882666452593938 6.882666452593938
 320 2097152 180351.973 180351.973 180351.973 7.441988339101785 7.441988339101785 7.441988339101785 7.441988339101785 7.441988339101785 7.441988339101785
 352 2097152 206491.947 206491.947 206491.947 7.149891457994728 7.149891457994728 7.149891457994728 7.149891457994728 7.149891457994728 7.149891457994728
 384 2097152 226377.964 226377.964 226377.964 7.11470634129389 7.11470634129389 7.11470634129389 7.11470634129389 7.11470634129389 7.11470634129389
 416 2097152 247035.98 247035.98 247035.98 7.063062085126223 7.063062085126223 7.063062085126223 7.063062085126223 7.063062085126223 7.063062085126223
 448 2097152 272316.933 272316.933 272316.933 6.90022530475547 6.90022530475547 6.90022530475547 6.90022530475547 6.90022530475547 6.90022530475547
 480 2097152 294304.848 294304.848 294304.848 6.840750105482462 6.840750105482462 6.840750105482462 6.840750105482462 6.840750105482462 6.840750105482462
 528 1048576 138771.057 138771.057 138771.057 7.979302600541551 7.979302600541551 7.979302600541551 7.979302600541551 7.979302600541551 7.979302600541551
 576 1048576 154646.873 154646.873 154646.873 7.811082943785097 7.811082943785097 7.811082943785097 7.811082943785097 7.811082943785097 7.811082943785097
 624 1048576 175544.977 175544.977 175544.977 7.454629977820441 7.454629977820441 7.454629977820441 7.454629977820441 7.454629977820441 7.454629977820441
 672 1048576 185907.125 185907.125 185907.125 7.580592427536061 7.580592427536061 7.580592427536061 7.580592427536061 7.580592427536061 7.580592427536061
 736 1048576 210871.935 210871.935 210871.935 7.319626824688643 7.319626824688643 7.319626824688643 7.319626824688643 7.319626824688643 7.319626824688643
 800 1048576 203249.931 203249.931 203249.931 8.254475618985571 8.254475618985571 8.254475618985571 8.254475618985571 8.254475618985571 8.254475618985571
 880 1048576 237165.928 237165.928 237165.928 7.781445570883183 7.781445570883183 7.781445570883183 7.781445570883183 7.781445570883183 7.781445570883183
 960 1048576 260154.009 260154.009 260154.009 7.738746474593055 7.738746474593055 7.738746474593055 7.738746474593055 7.738746474593055 7.738746474593055
 1056 524288 133803.844 133803.844 133803.844 8.27551902021589 8.27551902021589 8.27551902021589 8.27551902021589 8.27551902021589 8.27551902021589
 1152 524288 151135.921 151135.921 151135.921 7.992537736942099 7.992537736942099 7.992537736942099 7.992537736942099 7.992537736942099 7.992537736942099
 1264 524288 174093.962 174093.962 174093.962 7.61313056911187 7.61313056911187 7.61313056911187 7.61313056911187 7.61313056911187 7.61313056911187
 1376 524288 177225.828 177225.828 177225.828 8.141254535428098 8.141254535428098 8.141254535428098 8.141254535428098 8.141254535428098 8.141254535428098
 1504 524288 198894.024 198894.024 198894.024 7.929138705545019 7.929138705545019 7.929138705545019 7.929138705545019 7.929138705545019 7.929138705545019
 1648 524288 214046.001 214046.001 214046.001 8.073279761951731 8.073279761951731 8.073279761951731 8.073279761951731 8.073279761951731 8.073279761951731
 1808 524288 226804.018 226804.018 226804.018 8.358870467629899 8.358870467629899 8.358870467629899 8.358870467629899 8.358870467629899 8.358870467629899
 1984 524288 256137.133 256137.133 256137.133 8.12211318067654 8.12211318067654 8.12211318067654 8.12211318067654 8.12211318067654 8.12211318067654
 2176 262144 138680.935 138680.935 138680.935 8.226442142173328 8.226442142173328 8.226442142173328 8.226442142173328 8.226442142173328 8.226442142173328
 2384 262144 152110.1 152110.1 152110.1 8.217091383149443 8.217091383149443 8.217091383149443 8.217091383149443 8.217091383149443 8.217091383149443
 2608 262144 165414.81 165414.81 165414.81 8.266146809950088 8.266146809950088 8.266146809950088 8.266146809950088 8.266146809950088 8.266146809950088
 2864 262144 180804.968 180804.968 180804.968 8.304864897296406 8.304864897296406 8.304864897296406 8.304864897296406 8.304864897296406 8.304864897296406
 3136 262144 196827.888 196827.888 196827.888 8.353324240312938 8.353324240312938 8.353324240312938 8.353324240312938 8.353324240312938 8.353324240312938
 3440 262144 217060.089 217060.089 217060.089 8.308992815348933 8.308992815348933 8.308992815348933 8.308992815348933 8.308992815348933 8.308992815348933
 3776 262144 239439.964 239439.964 239439.964 8.268091319960272 8.268091319960272 8.268091319960272 8.268091319960272 8.268091319960272 8.268091319960272
 4144 131072 130182.981 130182.981 130182.981 8.344598715249882 8.344598715249882 8.344598715249882 8.344598715249882 8.344598715249882 8.344598715249882
 4544 131072 142927.885 142927.885 142927.885 8.334149322926033 8.334149322926033 8.334149322926033 8.334149322926033 8.334149322926033 8.334149322926033
 4992 131072 155842.066 155842.066 155842.066 8.397109211835012 8.397109211835012 8.397109211835012 8.397109211835012 8.397109211835012 8.397109211835012
 5488 131072 171720.982 171720.982 171720.982 8.377812980361362 8.377812980361362 8.377812980361362 8.377812980361362 8.377812980361362 8.377812980361362
 6032 131072 188716.173 188716.173 188716.173 8.378998910708091 8.378998910708091 8.378998910708091 8.378998910708091 8.378998910708091 8.378998910708091
 6624 131072 207692.862 207692.862 207692.862 8.360623659757742 8.360623659757742 8.360623659757742 8.360623659757742 8.360623659757742 8.360623659757742
 7280 131072 227545.977 227545.977 227545.977 8.386913032525289 8.386913032525289 8.386913032525289 8.386913032525289 8.386913032525289 8.386913032525289
 8000 131072 248007.059 248007.059 248007.059 8.456017374892543 8.456017374892543 8.456017374892543 8.456017374892543 8.456017374892543 8.456017374892543
 8800 65536 136569.977 136569.977 136569.977 8.445733281481038 8.445733281481038 8.445733281481038 8.445733281481038 8.445733281481038 8.445733281481038
 9680 65536 151726.961 151726.961 151726.961 8.362238007258314 8.362238007258314 8.362238007258314 8.362238007258314 8.362238007258314 8.362238007258314
 10640 65536 166465.044 166465.044 166465.044 8.377771371628027 8.377771371628027 8.377771371628027 8.377771371628027 8.377771371628027 8.377771371628027
 11696 65536 182027.102 182027.102 182027.102 8.421922313524497 8.421922313524497 8.421922313524497 8.421922313524497 8.421922313524497 8.421922313524497
 12864 65536 199225.903 199225.903 199225.903 8.46330814723425 8.46330814723425 8.46330814723425 8.46330814723425 8.46330814723425 8.46330814723425
 14144 65536 218570.948 218570.948 218570.948 8.481833404501682 8.481833404501682 8.481833404501682 8.481833404501682 8.481833404501682 8.481833404501682
 15552 65536 241429.09 241429.09 241429.09 8.443190271727405 8.443190271727405 8.443190271727405 8.443190271727405 8.443190271727405 8.443190271727405
 17104 32768 132932.901 132932.901 132932.901 8.432282268480696 8.432282268480696 8.432282268480696 8.432282268480696 8.432282268480696 8.432282268480696
 18800 32768 145732.164 145732.164 145732.164 8.45439171547607 8.45439171547607 8.45439171547607 8.45439171547607 8.45439171547607 8.45439171547607
 20672 32768 160594.94 160594.94 160594.94 8.435883421980794 8.435883421980794 8.435883421980794 8.435883421980794 8.435883421980794 8.435883421980794
 22736 32768 176438.093 176438.093 176438.093 8.445038543915798 8.445038543915798 8.445038543915798 8.445038543915798 8.445038543915798 8.445038543915798
 25008 32768 194184.065 194184.065 194184.065 8.440055511249081 8.440055511249081 8.440055511249081 8.440055511249081 8.440055511249081 8.440055511249081
 27504 32768 212960.005 212960.005 212960.005 8.464040672801449 8.464040672801449 8.464040672801449 8.464040672801449 8.464040672801449 8.464040672801449
 30240 32768 233983.994 233983.994 233983.994 8.469847044323895 8.469847044323895 8.469847044323895 8.469847044323895 8.469847044323895 8.469847044323895
 33264 16384 129579.782 129579.782 129579.782 8.41176559472835 8.41176559472835 8.41176559472835 8.41176559472835 8.41176559472835 8.41176559472835
 36576 16384 142326.832 142326.832 142326.832 8.420916500129787 8.420916500129787 8.420916500129787 8.420916500129787 8.420916500129787 8.420916500129787
 40224 16384 155994.892 155994.892 155994.892 8.449379432244486 8.449379432244486 8.449379432244486 8.449379432244486 8.449379432244486 8.449379432244486
 44240 16384 171655.178 171655.178 171655.178 8.445165108855615 8.445165108855615 8.445165108855615 8.445165108855615 8.445165108855615 8.445165108855615
 48656 16384 188672.066 188672.066 188672.066 8.450428522895383 8.450428522895383 8.450428522895383 8.450428522895383 8.450428522895383 8.450428522895383
 53520 16384 212065.935 212065.935 212065.935 8.26980231407746 8.26980231407746 8.26980231407746 8.26980231407746 8.26980231407746 8.26980231407746
 58864 16384 228907.824 228907.824 228907.824 8.426341740070885 8.426341740070885 8.426341740070885 8.426341740070885 8.426341740070885 8.426341740070885
 64736 16384 251317.024 251317.024 251317.024 8.440611042728248 8.440611042728248 8.440611042728248 8.440611042728248 8.440611042728248 8.440611042728248
 71200 8192 137877.941 137877.941 137877.941 8.460677549572631 8.460677549572631 8.460677549572631 8.460677549572631 8.460677549572631 8.460677549572631
 78320 8192 151804.924 151804.924 151804.924 8.452920012001718 8.452920012001718 8.452920012001718 8.452920012001718 8.452920012001718 8.452920012001718
 86144 8192 166738.987 166738.987 166738.987 8.464626788214803 8.464626788214803 8.464626788214803 8.464626788214803 8.464626788214803 8.464626788214803
 94752 8192 183560.133 183560.133 183560.133 8.457265434646422 8.457265434646422 8.457265434646422 8.457265434646422 8.457265434646422 8.457265434646422
 104224 8192 201822.042 201822.042 201822.042 8.460949057288797 8.460949057288797 8.460949057288797 8.460949057288797 8.460949057288797 8.460949057288797
 114640 8192 222142.935 222142.935 222142.935 8.455194670044312 8.455194670044312 8.455194670044312 8.455194670044312 8.455194670044312 8.455194670044312
 126096 8192 244113.922 244113.922 244113.922 8.463084968992469 8.463084968992469 8.463084968992469 8.463084968992469 8.463084968992469 8.463084968992469
 138704 4096 134217.024 134217.024 134217.024 8.465864717727609 8.465864717727609 8.465864717727609 8.465864717727609 8.465864717727609 8.465864717727609
 152560 4096 147679.09 147679.09 147679.09 8.462752038897314 8.462752038897314 8.462752038897314 8.462752038897314 8.462752038897314 8.462752038897314
 167808 4096 162501.097 162501.097 162501.097 8.459531420886346 8.459531420886346 8.459531420886346 8.459531420886346 8.459531420886346 8.459531420886346
 184576 4096 178704.977 178704.977 178704.977 8.461133077452006 8.461133077452006 8.461133077452006 8.461133077452006 8.461133077452006 8.461133077452006
 203024 4096 196501.017 196501.017 196501.017 8.463938932183746 8.463938932183746 8.463938932183746 8.463938932183746 8.463938932183746 8.463938932183746
 223312 4096 216106.176 216106.176 216106.176 8.465153277248309 8.465153277248309 8.465153277248309 8.465153277248309 8.465153277248309 8.465153277248309
 245632 4096 237895.966 237895.966 237895.966 8.458392035113366 8.458392035113366 8.458392035113366 8.458392035113366 8.458392035113366 8.458392035113366
 270192 2048 130757.093 130757.093 130757.093 8.463834784090833 8.463834784090833 8.463834784090833 8.463834784090833 8.463834784090833 8.463834784090833
 297200 2048 143920.898 143920.898 143920.898 8.458335216891157 8.458335216891157 8.458335216891157 8.458335216891157 8.458335216891157 8.458335216891157
 326912 2048 158324.957 158324.957 158324.957 8.457488808918484 8.457488808918484 8.457488808918484 8.457488808918484 8.457488808918484 8.457488808918484
 359600 2048 174183.13 174183.13 174183.13 8.456166794109166 8.456166794109166 8.456166794109166 8.456166794109166 8.456166794109166 8.456166794109166
 395552 2048 196256.876 196256.876 196256.876 8.255410077963333 8.255410077963333 8.255410077963333 8.255410077963333 8.255410077963333 8.255410077963333
 435104 2048 211061.001 211061.001 211061.001 8.443937892628492 8.443937892628492 8.443937892628492 8.443937892628492 8.443937892628492 8.443937892628492
 478608 2048 232259.989 232259.989 232259.989 8.440448036015363 8.440448036015363 8.440448036015363 8.440448036015363 8.440448036015363 8.440448036015363
 526464 1024 127829.075 127829.075 127829.075 8.434687272828972 8.434687272828972 8.434687272828972 8.434687272828972 8.434687272828972 8.434687272828972
 579104 1024 140760.183 140760.183 140760.183 8.425713626700812 8.425713626700812 8.425713626700812 8.425713626700812 8.425713626700812 8.425713626700812
 637008 1024 154829.025 154829.025 154829.025 8.42601950118849 8.42601950118849 8.42601950118849 8.42601950118849 8.42601950118849 8.42601950118849
 700704 1024 170473.099 170473.099 170473.099 8.417995568907914 8.417995568907914 8.417995568907914 8.417995568907914 8.417995568907914 8.417995568907914
 770768 1024 187419.176 187419.176 187419.176 8.422472543577932 8.422472543577932 8.422472543577932 8.422472543577932 8.422472543577932 8.422472543577932
 847840 1024 205804.11 205804.11 205804.11 8.437034226381583 8.437034226381583 8.437034226381583 8.437034226381583 8.437034226381583 8.437034226381583
 932624 1024 226549.149 226549.149 226549.149 8.43090322974464 8.43090322974464 8.43090322974464 8.43090322974464 8.43090322974464 8.43090322974464
 1025872 1024 249159.098 249159.098 249159.098 8.432306397256262 8.432306397256262 8.432306397256262 8.432306397256262 8.432306397256262 8.432306397256262
 1128448 512 137368.917 137368.917 137368.917 8.4118793191039 8.4118793191039 8.4118793191039 8.4118793191039 8.4118793191039 8.4118793191039
 1241280 512 150909.901 150909.901 150909.901 8.422712569402586 8.422712569402586 8.422712569402586 8.422712569402586 8.422712569402586 8.422712569402586
 1365408 512 166092.873 166092.873 166092.873 8.418048088071787 8.418048088071787 8.418048088071787 8.418048088071787 8.418048088071787 8.418048088071787
 1501936 512 182386.875 182386.875 182386.875 8.432528184936553 8.432528184936553 8.432528184936553 8.432528184936553 8.432528184936553 8.432528184936553
 1652128 512 200970.173 200970.173 200970.173 8.418060485025308 8.418060485025308 8.418060485025308 8.418060485025308 8.418060485025308 8.418060485025308
 1817328 512 220766.068 220766.068 220766.068 8.429483248304264 8.429483248304264 8.429483248304264 8.429483248304264 8.429483248304264 8.429483248304264
 1999056 512 242831.945 242831.945 242831.945 8.429835473252911 8.429835473252911 8.429835473252911 8.429835473252911 8.429835473252911 8.429835473252911
 2198960 256 133585.215 133585.215 133585.215 8.428084799653913 8.428084799653913 8.428084799653913 8.428084799653913 8.428084799653913 8.428084799653913
 2418848 256 147184.134 147184.134 147184.134 8.414291284956027 8.414291284956027 8.414291284956027 8.414291284956027 8.414291284956027 8.414291284956027
 2660720 256 161802.053 161802.053 161802.053 8.419476852991476 8.419476852991476 8.419476852991476 8.419476852991476 8.419476852991476 8.419476852991476
 2926784 256 178101.063 178101.063 178101.063 8.413837529987116 8.413837529987116 8.413837529987116 8.413837529987116 8.413837529987116 8.413837529987116
 3219456 256 195991.993 195991.993 195991.993 8.4103510902101 8.4103510902101 8.4103510902101 8.4103510902101 8.4103510902101 8.4103510902101
 3541392 256 215301.037 215301.037 215301.037 8.421662660175668 8.421662660175668 8.421662660175668 8.421662660175668 8.421662660175668 8.421662660175668
 3895520 256 237144.947 237144.947 237144.947 8.410494363179495 8.410494363179495 8.410494363179495 8.410494363179495 8.410494363179495 8.410494363179495
 4285072 128 130334.139 130334.139 130334.139 8.416662283701434 8.416662283701434 8.416662283701434 8.416662283701434 8.416662283701434 8.416662283701434
 4713568 128 143589.973 143589.973 143589.973 8.403604950883302 8.403604950883302 8.403604950883302 8.403604950883302 8.403604950883302 8.403604950883302
 5184912 128 157728.195 157728.195 157728.195 8.415346869340638 8.415346869340638 8.415346869340638 8.415346869340638 8.415346869340638 8.415346869340638
 5703392 128 173733.95 173733.95 173733.95 8.404047406969104 8.404047406969104 8.404047406969104 8.404047406969104 8.404047406969104 8.404047406969104
 6273728 128 191176.891 191176.891 191176.891 8.400985912047288 8.400985912047288 8.400985912047288 8.400985912047288 8.400985912047288 8.400985912047288
 6901088 128 210289.955 210289.955 210289.955 8.401155100347042 8.401155100347042 8.401155100347042 8.401155100347042 8.401155100347042 8.401155100347042
 7591184 128 231112.957 231112.957 231112.957 8.408628963195689 8.408628963195689 8.408628963195689 8.408628963195689 8.408628963195689 8.408628963195689
 8350288 128 254498.005 254498.005 254498.005 8.399569686214239 8.399569686214239 8.399569686214239 8.399569686214239 8.399569686214239 8.399569686214239
 9185312 64 140017.033 140017.033 140017.033 8.396977930535066 8.396977930535066 8.396977930535066 8.396977930535066 8.396977930535066 8.396977930535066
 10103840 64 153995.991 153995.991 153995.991 8.39821550938946 8.39821550938946 8.39821550938946 8.39821550938946 8.39821550938946 8.39821550938946
 11114224 64 169327.974 169327.974 169327.974 8.401569087456277 8.401569087456277 8.401569087456277 8.401569087456277 8.401569087456277 8.401569087456277
 12225632 64 186309.099 186309.099 186309.099 8.39937987140392 8.39937987140392 8.39937987140392 8.39937987140392 8.39937987140392 8.39937987140392
 13448192 64 205025.196 205025.196 205025.196 8.395887966862375 8.395887966862375 8.395887966862375 8.395887966862375 8.395887966862375 8.395887966862375
 14793008 64 225439.072 225439.072 225439.072 8.399187448748902 8.399187448748902 8.399187448748902 8.399187448748902 8.399187448748902 8.399187448748902
 16272304 64 247982.979 247982.979 247982.979 8.399184977933507 8.399184977933507 8.399184977933507 8.399184977933507 8.399184977933507 8.399184977933507
 17899520 32 136441.946 136441.946 136441.946 8.396019798779474 8.396019798779474 8.396019798779474 8.396019798779474 8.396019798779474 8.396019798779474
 19689472 32 150116.92 150116.92 150116.92 8.39429831094323 8.39429831094323 8.39429831094323 8.39429831094323 8.39429831094323 8.39429831094323
 21658416 32 165102.959 165102.959 165102.959 8.395601341100132 8.395601341100132 8.395601341100132 8.395601341100132 8.395601341100132 8.395601341100132
 23824256 32 181576.967 181576.967 181576.967 8.397278626203729 8.397278626203729 8.397278626203729 8.397278626203729 8.397278626203729 8.397278626203729
 26206672 32 199785.948 199785.948 199785.948 8.395120001132412 8.395120001132412 8.395120001132412 8.395120001132412 8.395120001132412 8.395120001132412
 28827328 32 219837.189 219837.189 219837.189 8.392342534911142 8.392342534911142 8.392342534911142 8.392342534911142 8.392342534911142 8.392342534911142
 31710048 32 241896.868 241896.868 241896.868 8.38970379723974 8.38970379723974 8.38970379723974 8.38970379723974 8.38970379723974 8.38970379723974
 34881040 16 133220.196 133220.196 133220.196 8.378559058718096 8.378559058718096 8.378559058718096 8.378559058718096 8.378559058718096 8.378559058718096
 38369136 16 146631.002 146631.002 146631.002 8.373484019429942 8.373484019429942 8.373484019429942 8.373484019429942 8.373484019429942 8.373484019429942
 42206048 16 161503.077 161503.077 161503.077 8.362648941976506 8.362648941976506 8.362648941976506 8.362648941976506 8.362648941976506 8.362648941976506
 46426640 16 178121.09 178121.09 178121.09 8.340688236300371 8.340688236300371 8.340688236300371 8.340688236300371 8.340688236300371 8.340688236300371
 51069296 16 197422.028 197422.028 197422.028 8.277786873914597 8.277786873914597 8.277786873914597 8.277786873914597 8.277786873914597 8.277786873914597
 56176224 16 219497.919 219497.919 219497.919 8.18977772632095 8.18977772632095 8.18977772632095 8.18977772632095 8.18977772632095 8.18977772632095
 61793840 16 244841.099 244841.099 244841.099 8.0762702343531 8.0762702343531 8.0762702343531 8.0762702343531 8.0762702343531 8.0762702343531
 67973216 8 153927.088 153927.088 153927.088 7.065497503597288 7.065497503597288 7.065497503597288 7.065497503597288 7.065497503597288 7.065497503597288
 74770528 8 152422.905 152422.905 152422.905 7.848744570246841 7.848744570246841 7.848744570246841 7.848744570246841 7.848744570246841 7.848744570246841
 82247568 8 168726.921 168726.921 168726.921 7.799354603288232 7.799354603288232 7.799354603288232 7.799354603288232 7.799354603288232 7.799354603288232
 90472320 8 186529.875 186529.875 186529.875 7.760457245789715 7.760457245789715 7.760457245789715 7.760457245789715 7.760457245789715 7.760457245789715
 99519552 8 205398.798 205398.798 205398.798 7.752298686772256 7.752298686772256 7.752298686772256 7.752298686772256 7.752298686772256 7.752298686772256
 109471504 8 226520.061 226520.061 226520.061 7.732401520057864 7.732401520057864 7.732401520057864 7.732401520057864 7.732401520057864 7.732401520057864
 120418640 8 249155.045 249155.045 249155.045 7.732928867645445 7.732928867645445 7.732928867645445 7.732928867645445 7.732928867645445 7.732928867645445
 132460496 8 274072.17 274072.17 274072.17 7.732882678310608 7.732882678310608 7.732882678310608 7.732882678310608 7.732882678310608 7.732882678310608
 145706544 4 150902.987 150902.987 150902.987 7.7245147705393 7.7245147705393 7.7245147705393 7.7245147705393 7.7245147705393 7.7245147705393
 160277184 4 166033.983 166033.983 166033.983 7.7226206878383445 7.7226206878383445 7.7226206878383445 7.7226206878383445 7.7226206878383445 7.7226206878383445
 176304896 4 182640.076 182640.076 182640.076 7.722506466762529 7.722506466762529 7.722506466762529 7.722506466762529 7.722506466762529 7.722506466762529
 193935376 4 201122.046 201122.046 201122.046 7.714136957417388 7.714136957417388 7.714136957417388 7.714136957417388 7.714136957417388 7.714136957417388
 213328912 4 220630.884 220630.884 220630.884 7.735233005729153 7.735233005729153 7.735233005729153 7.735233005729153 7.735233005729153 7.735233005729153
 234661792 4 242803.097 242803.097 242803.097 7.731756139832105 7.731756139832105 7.731756139832105 7.731756139832105 7.731756139832105 7.731756139832105
 258127968 4 267166.853 267166.853 267166.853 7.729341124514424 7.729341124514424 7.729341124514424 7.729341124514424 7.729341124514424 7.729341124514424
 283940752 2 146970.987 146970.987 146970.987 7.727804182195498 7.727804182195498 7.727804182195498 7.727804182195498 7.727804182195498 7.727804182195498
 312334816 2 161715.984 161715.984 161715.984 7.725515023919961 7.725515023919961 7.725515023919961 7.725515023919961 7.725515023919961 7.725515023919961
 343568288 2 177905.083 177905.083 177905.083 7.724754845818541 7.724754845818541 7.724754845818541 7.724754845818541 7.724754845818541 7.724754845818541
 377925104 2 195730.925 195730.925 195730.925 7.723360097542073 7.723360097542073 7.723360097542073 7.723360097542073 7.723360097542073 7.723360097542073
 415717600 2 215223.074 215223.074 215223.074 7.72626451753031 7.72626451753031 7.72626451753031 7.72626451753031 7.72626451753031 7.72626451753031
 457289360 2 236668.11 236668.11 236668.11 7.728787118805318 7.728787118805318 7.728787118805318 7.728787118805318 7.728787118805318 7.728787118805318
 503018288 2 260463.953 260463.953 260463.953 7.724958209476303 7.724958209476303 7.724958209476303 7.724958209476303 7.724958209476303 7.724958209476303
 553320112 1 143289.089 143289.089 143289.089 7.723129735300361 7.723129735300361 7.723129735300361 7.723129735300361 7.723129735300361 7.723129735300361
 608652112 1 157579.899 157579.899 157579.899 7.724996853818266 7.724996853818266 7.724996853818266 7.724996853818266 7.724996853818266 7.724996853818266
 669517312 1 173326.015 173326.015 173326.015 7.725525934465174 7.725525934465174 7.725525934465174 7.725525934465174 7.725525934465174 7.725525934465174
 736469040 1 190839.052 190839.052 190839.052 7.718221530465368 7.718221530465368 7.718221530465368 7.718221530465368 7.718221530465368 7.718221530465368
 810115936 1 209868.908 209868.908 209868.908 7.720209188871369 7.720209188871369 7.720209188871369 7.720209188871369 7.720209188871369 7.720209188871369
 891127520 1 230797.052 230797.052 230797.052 7.722174198308217 7.722174198308217 7.722174198308217 7.722174198308217 7.722174198308217 7.722174198308217
 980240272 1 253889.084 253889.084 253889.084 7.72179927200021 7.72179927200021 7.72179927200021 7.72179927200021 7.72179927200021 7.72179927200021
 
META_DATA
 MPI startup(): shm:tmi fabric is unknown or has been removed from the product, please use ofi or shm:ofi instead
 FLOPS          16
 MPI_PROCS      2
 OPENMP_THREADS 1
 ERT_VERSION  1.1.0
 HOSTNAME  ('shas0543.rc.int.colorado.edu', [], ['10.225.6.221'])
 UNAME  uname_result(system='Linux', node='shas0543.rc.int.colorado.edu', release='3.10.0-957.27.2.el7.x86_64', version='#1 SMP Mon Jul 29 17:46:05 UTC 2019', machine='x86_64', processor='x86_64')
 TIMESTAMP_DATA  1664514011.945967
 CONFIG  {'ERT_RESULTS': ['lab5_results'], 'ERT_DRIVER': ['driver1'], 'ERT_KERNEL': ['kernel1'], 'ERT_MPI': ['True'], 'ERT_MPI_CFLAGS': ['-I/usr/include/mpi'], 'ERT_MPI_LDFLAGS': ['-lmpi'], 'ERT_OPENMP': ['True'], 'ERT_OPENMP_CFLAGS': ['-qopenmp'], 'ERT_OPENMP_LDFLAGS': ['-qopenmp'], 'ERT_FLOPS': ['1,2,4,8,16'], 'ERT_ALIGN': ['32'], 'ERT_CC': ['mpicc'], 'ERT_CFLAGS': ['-O3', '-msse3', '-axSSE3', '-xSSE3', '-fno-alias', '-fno-fnalias', '-DERT_INTEL', '-std=c++11'], 'ERT_LD': ['mpicc'], 'ERT_LDFLAGS': [], 'ERT_LDLIBS': [], 'ERT_PRECISION': ['FP64'], 'ERT_RUN': ['export', 'OMP_NUM_THREADS=ERT_OPENMP_THREADS;', 'mpirun', '-np', 'ERT_MPI_PROCS', 'ERT_CODE'], 'ERT_PROCS_THREADS': ['1-24'], 'ERT_MPI_PROCS': ['2'], 'ERT_OPENMP_THREADS': ['1'], 'ERT_NUM_EXPERIMENTS': ['1'], 'ERT_MEMORY_MAX': ['1073741824'], 'ERT_WORKING_SET_MIN': ['1'], 'ERT_TRIALS_MIN': ['1'], 'ERT_GNUPLOT': ['gnuplot'], 'ERT_GPU': [False], 'ERT_HIP': [False], 'ERT_OCL': [False], 'ERT_SYCL': [False], 'ERT_WSS_MULT': [1.1]}
 