fp64
 128 8388608 189625.025 189625.025 189625.025 11.32489579368546 11.32489579368546 11.32489579368546 11.32489579368546 11.32489579368546 11.32489579368546
 256 4194304 96266.985 96266.985 96266.985 22.307581856853627 22.307581856853627 22.307581856853627 22.307581856853627 22.307581856853627 22.307581856853627
 384 2097152 48150.063 48150.063 48150.063 33.44985729302161 33.44985729302161 33.44985729302161 33.44985729302161 33.44985729302161 33.44985729302161
 512 2097152 48154.116 48154.116 48154.116 44.59605588024915 44.59605588024915 44.59605588024915 44.59605588024915 44.59605588024915 44.59605588024915
 640 1048576 24247.885 24247.885 24247.885 55.352344338485615 55.352344338485615 55.352344338485615 55.352344338485615 55.352344338485615 55.352344338485615
 768 1048576 24255.037 24255.037 24255.037 66.40322733789274 66.40322733789274 66.40322733789274 66.40322733789274 66.40322733789274 66.40322733789274
 896 1048576 24787.903 24787.903 24787.903 75.80504861585105 75.80504861585105 75.80504861585105 75.80504861585105 75.80504861585105 75.80504861585105
 1024 1048576 24792.194 24792.194 24792.194 86.61934671856795 86.61934671856795 86.61934671856795 86.61934671856795 86.61934671856795 86.61934671856795
 1152 524288 12558.937 12558.937 12558.937 96.18326391795739 96.18326391795739 96.18326391795739 96.18326391795739 96.18326391795739 96.18326391795739
 1280 524288 12542.963 12542.963 12542.963 107.0063971327987 107.0063971327987 107.0063971327987 107.0063971327987 107.0063971327987 107.0063971327987
 1408 524288 14271.021 14271.021 14271.021 103.45405616038263 103.45405616038263 103.45405616038263 103.45405616038263 103.45405616038263 103.45405616038263
 1536 524288 15138.149 15138.149 15138.149 106.39429800829679 106.39429800829679 106.39429800829679 106.39429800829679 106.39429800829679 106.39429800829679
 1664 524288 16649.961 16649.961 16649.961 104.79486792791889 104.79486792791889 104.79486792791889 104.79486792791889 104.79486792791889 104.79486792791889
 1792 524288 16735.077 16735.077 16735.077 112.28201650939519 112.28201650939519 112.28201650939519 112.28201650939519 112.28201650939519 112.28201650939519
 1920 524288 18961.906 18961.906 18961.906 106.17423796953744 106.17423796953744 106.17423796953744 106.17423796953744 106.17423796953744 106.17423796953744
 2048 524288 12996.197 12996.197 12996.197 165.23938872271637 165.23938872271637 165.23938872271637 165.23938872271637 165.23938872271637 165.23938872271637
 2176 262144 8025.169 8025.169 8025.169 142.15908574635623 142.15908574635623 142.15908574635623 142.15908574635623 142.15908574635623 142.15908574635623
 2304 262144 8044.004 8044.004 8044.004 150.16893974692204 150.16893974692204 150.16893974692204 150.16893974692204 150.16893974692204 150.16893974692204
 2432 262144 9838.104 9838.104 9838.104 129.60509626651643 129.60509626651643 129.60509626651643 129.60509626651643 129.60509626651643 129.60509626651643
 2560 262144 9342.909 9342.909 9342.909 143.65732129040325 143.65732129040325 143.65732129040325 143.65732129040325 143.65732129040325 143.65732129040325
 2816 262144 10678.053 10678.053 10678.053 138.26443903209696 138.26443903209696 138.26443903209696 138.26443903209696 138.26443903209696 138.26443903209696
 3072 262144 11682.987 11682.987 11682.987 137.85967030520536 137.85967030520536 137.85967030520536 137.85967030520536 137.85967030520536 137.85967030520536
 3328 262144 12760.878 12760.878 12760.878 136.7327909568605 136.7327909568605 136.7327909568605 136.7327909568605 136.7327909568605 136.7327909568605
 3584 262144 14062.166 14062.166 14062.166 133.62437849190516 133.62437849190516 133.62437849190516 133.62437849190516 133.62437849190516 133.62437849190516
 3840 262144 15193.939 15193.939 15193.939 132.5045414490607 132.5045414490607 132.5045414490607 132.5045414490607 132.5045414490607 132.5045414490607
 4224 131072 7174.969 7174.969 7174.969 154.32767110213297 154.32767110213297 154.32767110213297 154.32767110213297 154.32767110213297 154.32767110213297
 4608 131072 7992.029 7992.029 7992.029 151.14554163905058 151.14554163905058 151.14554163905058 151.14554163905058 151.14554163905058 151.14554163905058
 4992 131072 9077.072 9077.072 9077.072 144.16794843094777 144.16794843094777 144.16794843094777 144.16794843094777 144.16794843094777 144.16794843094777
 5376 131072 9613.037 9613.037 9613.037 146.6015520381332 146.6015520381332 146.6015520381332 146.6015520381332 146.6015520381332 146.6015520381332
 5888 131072 10882.854 10882.854 10882.854 141.82896067520525 141.82896067520525 141.82896067520525 141.82896067520525 141.82896067520525 141.82896067520525
 6400 131072 10514.021 10514.021 10514.021 159.56993047664636 159.56993047664636 159.56993047664636 159.56993047664636 159.56993047664636 159.56993047664636
 7040 131072 12249.947 12249.947 12249.947 150.6532036424321 150.6532036424321 150.6532036424321 150.6532036424321 150.6532036424321 150.6532036424321
 7680 131072 13437.033 13437.033 13437.033 149.82964766105732 149.82964766105732 149.82964766105732 149.82964766105732 149.82964766105732 149.82964766105732
 8448 65536 6913.9 6913.9 6913.9 160.15508699865487 160.15508699865487 160.15508699865487 160.15508699865487 160.15508699865487 160.15508699865487
 9216 65536 7798.91 7798.91 7798.91 154.88825387137433 154.88825387137433 154.88825387137433 154.88825387137433 154.88825387137433 154.88825387137433
 10112 65536 8996.964 8996.964 8996.964 147.31636849941827 147.31636849941827 147.31636849941827 147.31636849941827 147.31636849941827 147.31636849941827
 11008 65536 9159.803 9159.803 9159.803 157.51873440946275 157.51873440946275 157.51873440946275 157.51873440946275 157.51873440946275 157.51873440946275
 12032 65536 10285.854 10285.854 10285.854 153.3230302510613 153.3230302510613 153.3230302510613 153.3230302510613 153.3230302510613 153.3230302510613
 13184 65536 11054.993 11054.993 11054.993 156.3142779013971 156.3142779013971 156.3142779013971 156.3142779013971 156.3142779013971 156.3142779013971
 14464 65536 11716.127 11716.127 11716.127 161.81332005021798 161.81332005021798 161.81332005021798 161.81332005021798 161.81332005021798 161.81332005021798
 15872 65536 13226.032 13226.032 13226.032 157.29394757248434 157.29394757248434 157.29394757248434 157.29394757248434 157.29394757248434 157.29394757248434
 17408 32768 7165.909 7165.909 7165.909 159.20529942537647 159.20529942537647 159.20529942537647 159.20529942537647 159.20529942537647 159.20529942537647
 19072 32768 7848.978 7848.978 7848.978 159.24399227517264 159.24399227517264 159.24399227517264 159.24399227517264 159.24399227517264 159.24399227517264
 20864 32768 8556.843 8556.843 8556.843 159.7952777677468 159.7952777677468 159.7952777677468 159.7952777677468 159.7952777677468 159.7952777677468
 22912 32768 9331.942 9331.942 9331.942 160.90550412765103 160.90550412765103 160.90550412765103 160.90550412765103 160.90550412765103 160.90550412765103
 25088 32768 10164.022 10164.022 10164.022 161.76344049629174 161.76344049629174 161.76344049629174 161.76344049629174 161.76344049629174 161.76344049629174
 27520 32768 11224.031 11224.031 11224.031 160.68654122569689 160.68654122569689 160.68654122569689 160.68654122569689 160.68654122569689 160.68654122569689
 30208 32768 12403.965 12403.965 12403.965 159.60311787400238 159.60311787400238 159.60311787400238 159.60311787400238 159.60311787400238 159.60311787400238
 33152 16384 6726.027 6726.027 6726.027 161.51061183667565 161.51061183667565 161.51061183667565 161.51061183667565 161.51061183667565 161.51061183667565
 36352 16384 7378.101 7378.101 7378.101 161.44836401670295 161.44836401670295 161.44836401670295 161.44836401670295 161.44836401670295 161.44836401670295
 39936 16384 8049.965 8049.965 8049.965 162.5625512657508 162.5625512657508 162.5625512657508 162.5625512657508 162.5625512657508 162.5625512657508
 43904 16384 8870.84 8870.84 8870.84 162.17700601070473 162.17700601070473 162.17700601070473 162.17700601070473 162.17700601070473 162.17700601070473
 48256 16384 9757.042 9757.042 9757.042 162.0627038399548 162.0627038399548 162.0627038399548 162.0627038399548 162.0627038399548 162.0627038399548
 52992 16384 10726.929 10726.929 10726.929 161.87688536019954 161.87688536019954 161.87688536019954 161.87688536019954 161.87688536019954 161.87688536019954
 58240 16384 11736.155 11736.155 11736.155 162.60933159113867 162.60933159113867 162.60933159113867 162.60933159113867 162.60933159113867 162.60933159113867
 64000 16384 12801.886 12801.886 12801.886 163.81586275647197 163.81586275647197 163.81586275647197 163.81586275647197 163.81586275647197 163.81586275647197
 70400 8192 7057.19 7057.19 7057.19 163.44091628537706 163.44091628537706 163.44091628537706 163.44091628537706 163.44091628537706 163.44091628537706
 77440 8192 7826.09 7826.09 7826.09 162.12143739721878 162.12143739721878 162.12143739721878 162.12143739721878 162.12143739721878 162.12143739721878
 85120 8192 8596.897 8596.897 8596.897 162.22202964627817 162.22202964627817 162.22202964627817 162.22202964627817 162.22202964627817 162.22202964627817
 93568 8192 9402.99 9402.99 9402.99 163.0351741307818 163.0351741307818 163.0351741307818 163.0351741307818 163.0351741307818 163.0351741307818
 102912 8192 10296.106 10296.106 10296.106 163.76193174390397 163.76193174390397 163.76193174390397 163.76193174390397 163.76193174390397 163.76193174390397
 113152 8192 11291.027 11291.027 11291.027 164.1907656407163 164.1907656407163 164.1907656407163 164.1907656407163 164.1907656407163 164.1907656407163
 124416 8192 12474.06 12474.06 12474.06 163.4136555379724 163.4136555379724 163.4136555379724 163.4136555379724 163.4136555379724 163.4136555379724
 136832 4096 6869.793 6869.793 6869.793 163.16761567633844 163.16761567633844 163.16761567633844 163.16761567633844 163.16761567633844 163.16761567633844
 150400 4096 7521.152 7521.152 7521.152 163.81490495073095 163.81490495073095 163.81490495073095 163.81490495073095 163.81490495073095 163.81490495073095
 165376 4096 8296.967 8296.967 8296.967 163.2837869549198 163.2837869549198 163.2837869549198 163.2837869549198 163.2837869549198 163.2837869549198
 181888 4096 9120.941 9120.941 9120.941 163.36324245491775 163.36324245491775 163.36324245491775 163.36324245491775 163.36324245491775 163.36324245491775
 200064 4096 10025.024 10025.024 10025.024 163.48332811971324 163.48332811971324 163.48332811971324 163.48332811971324 163.48332811971324 163.48332811971324
 220032 4096 10998.011 10998.011 10998.011 163.89346619129586 163.89346619129586 163.89346619129586 163.89346619129586 163.89346619129586 163.89346619129586
 241920 4096 12092.113 12092.113 12092.113 163.89266623624837 163.89266623624837 163.89266623624837 163.89266623624837 163.89266623624837 163.89266623624837
 266112 2048 6701.946 6701.946 6701.946 162.63854587906258 162.63854587906258 162.63854587906258 162.63854587906258 162.63854587906258 162.63854587906258
 292608 2048 7357.121 7357.121 7357.121 162.90643690650185 162.90643690650185 162.90643690650185 162.90643690650185 162.90643690650185 162.90643690650185
 321792 2048 8054.018 8054.018 8054.018 163.65248153157842 163.65248153157842 163.65248153157842 163.65248153157842 163.65248153157842 163.65248153157842
 353920 2048 8865.833 8865.833 8865.833 163.51044735446743 163.51044735446743 163.51044735446743 163.51044735446743 163.51044735446743 163.51044735446743
 389248 2048 9766.102 9766.102 9766.102 163.25447020725363 163.25447020725363 163.25447020725363 163.25447020725363 163.25447020725363 163.25447020725363
 428160 2048 10730.028 10730.028 10730.028 163.4425706997223 163.4425706997223 163.4425706997223 163.4425706997223 163.4425706997223 163.4425706997223
 470912 2048 12490.988 12490.988 12490.988 154.41977464072497 154.41977464072497 154.41977464072497 154.41977464072497 154.41977464072497 154.41977464072497
 517888 2048 12995.005 12995.005 12995.005 163.2372783234789 163.2372783234789 163.2372783234789 163.2372783234789 163.2372783234789 163.2372783234789
 569600 1024 7118.94 7118.94 7118.94 163.86439554203295 163.86439554203295 163.86439554203295 163.86439554203295 163.86439554203295 163.86439554203295
 626560 1024 7839.918 7839.918 7839.918 163.67452822848404 163.67452822848404 163.67452822848404 163.67452822848404 163.67452822848404 163.67452822848404
 689152 1024 8606.195 8606.195 8606.195 163.99620227057366 163.99620227057366 163.99620227057366 163.99620227057366 163.99620227057366 163.99620227057366
 758016 1024 9480.953 9480.953 9480.953 163.74058261864604 163.74058261864604 163.74058261864604 163.74058261864604 163.74058261864604 163.74058261864604
 833792 1024 10421.991 10421.991 10421.991 163.8464297272949 163.8464297272949 163.8464297272949 163.8464297272949 163.8464297272949 163.8464297272949
 917120 1024 11484.146 11484.146 11484.146 163.55258458051648 163.55258458051648 163.55258458051648 163.55258458051648 163.55258458051648 163.55258458051648
 1008768 1024 12628.078 12628.078 12628.078 163.60026157583127 163.60026157583127 163.60026157583127 163.60026157583127 163.60026157583127 163.60026157583127
 1109632 512 6939.173 6939.173 6939.173 163.7461939628829 163.7461939628829 163.7461939628829 163.7461939628829 163.7461939628829 163.7461939628829
 1220480 512 7637.024 7637.024 7637.024 163.64640467281495 163.64640467281495 163.64640467281495 163.64640467281495 163.64640467281495 163.64640467281495
 1342464 512 8394.003 8394.003 8394.003 163.76967413521297 163.76967413521297 163.76967413521297 163.76967413521297 163.76967413521297 163.76967413521297
 1476608 512 9230.137 9230.137 9230.137 163.8162675158559 163.8162675158559 163.8162675158559 163.8162675158559 163.8162675158559 163.8162675158559
 1624192 512 10154.963 10154.963 10154.963 163.77928782212206 163.77928782212206 163.77928782212206 163.77928782212206 163.77928782212206 163.77928782212206
 1786496 512 11168.003 11168.003 11168.003 163.8047468289541 163.8047468289541 163.8047468289541 163.8047468289541 163.8047468289541 163.8047468289541
 1965056 512 12283.087 12283.087 12283.087 163.82016540304568 163.82016540304568 163.82016540304568 163.82016540304568 163.82016540304568 163.82016540304568
 2161536 256 6759.882 6759.882 6759.882 163.71682700970226 163.71682700970226 163.71682700970226 163.71682700970226 163.71682700970226 163.71682700970226
 2377600 256 7450.104 7450.104 7450.104 163.39788008328475 163.39788008328475 163.39788008328475 163.39788008328475 163.39788008328475 163.39788008328475
 2615296 256 8177.996 8177.996 8177.996 163.73590204739645 163.73590204739645 163.73590204739645 163.73590204739645 163.73590204739645 163.73590204739645
 2876800 256 8989.811 8989.811 8989.811 163.84344453960156 163.84344453960156 163.84344453960156 163.84344453960156 163.84344453960156 163.84344453960156
 3164416 256 9902.954 9902.954 9902.954 163.60582832152912 163.60582832152912 163.60582832152912 163.60582832152912 163.60582832152912 163.60582832152912
 3480832 256 10888.815 10888.815 10888.815 163.67125201410803 163.67125201410803 163.67125201410803 163.67125201410803 163.67125201410803 163.67125201410803
 3828864 256 11978.865 11978.865 11978.865 163.65309801888577 163.65309801888577 163.65309801888577 163.65309801888577 163.65309801888577 163.65309801888577
 4211712 128 6600.142 6600.142 6600.142 163.35985983331875 163.35985983331875 163.35985983331875 163.35985983331875 163.35985983331875 163.35985983331875
 4632832 128 7270.098 7270.098 7270.098 163.13466365927943 163.13466365927943 163.13466365927943 163.13466365927943 163.13466365927943 163.13466365927943
 5096064 128 7985.115 7985.115 7985.115 163.3780332531216 163.3780332531216 163.3780332531216 163.3780332531216 163.3780332531216 163.3780332531216
 5605632 128 8778.095 8778.095 8778.095 163.47986573396622 163.47986573396622 163.47986573396622 163.47986573396622 163.47986573396622 163.47986573396622
 6166144 128 9644.985 9644.985 9644.985 163.66358931610574 163.66358931610574 163.66358931610574 163.66358931610574 163.66358931610574 163.66358931610574
 6782720 128 10615.11 10615.11 10615.11 163.57591395661467 163.57591395661467 163.57591395661467 163.57591395661467 163.57591395661467 163.57591395661467
 7460992 128 11675.119 11675.119 11675.119 163.59695794107108 163.59695794107108 163.59695794107108 163.59695794107108 163.59695794107108 163.59695794107108
 8206976 128 12848.139 12848.139 12848.139 163.52452724865444 163.52452724865444 163.52452724865444 163.52452724865444 163.52452724865444 163.52452724865444
 9027584 64 7071.972 7071.972 7071.972 163.39583244956287 163.39583244956287 163.39583244956287 163.39583244956287 163.39583244956287 163.39583244956287
 9930240 64 7768.154 7768.154 7768.154 163.6258395495249 163.6258395495249 163.6258395495249 163.6258395495249 163.6258395495249 163.6258395495249
 10923264 64 8566.141 8566.141 8566.141 163.22143098041465 163.22143098041465 163.22143098041465 163.22143098041465 163.22143098041465 163.22143098041465
 12015488 64 9393.93 9393.93 9393.93 163.72087763055504 163.72087763055504 163.72087763055504 163.72087763055504 163.72087763055504 163.72087763055504
 13217024 64 10353.088 10353.088 10353.088 163.40816112062413 163.40816112062413 163.40816112062413 163.40816112062413 163.40816112062413 163.40816112062413
 14538624 64 11384.01 11384.01 11384.01 163.4699786806231 163.4699786806231 163.4699786806231 163.4699786806231 163.4699786806231 163.4699786806231
 15992448 64 12506.962 12506.962 12506.962 163.6715090363271 163.6715090363271 163.6715090363271 163.6715090363271 163.6715090363271 163.6715090363271
 17591680 32 6886.005 6886.005 6886.005 163.50082812893686 163.50082812893686 163.50082812893686 163.50082812893686 163.50082812893686 163.50082812893686
 19350784 32 7582.903 7582.903 7582.903 163.32137916046136 163.32137916046136 163.32137916046136 163.32137916046136 163.32137916046136 163.32137916046136
 21285760 32 8383.036 8383.036 8383.036 162.50540257730017 162.50540257730017 162.50540257730017 162.50540257730017 162.50540257730017 162.50540257730017
 23414272 32 9172.201 9172.201 9172.201 163.37555271630006 163.37555271630006 163.37555271630006 163.37555271630006 163.37555271630006 163.37555271630006
 25755648 32 10097.98 10097.98 10097.98 163.23675348931172 163.23675348931172 163.23675348931172 163.23675348931172 163.23675348931172 163.23675348931172
 28331136 32 11081.934 11081.934 11081.934 163.61699176335105 163.61699176335105 163.61699176335105 163.61699176335105 163.61699176335105 163.61699176335105
 31164160 32 12203.932 12203.932 12203.932 163.43144488186266 163.43144488186266 163.43144488186266 163.43144488186266 163.43144488186266 163.43144488186266
 34280576 16 6709.099 6709.099 6709.099 163.50607317018276 163.50607317018276 163.50607317018276 163.50607317018276 163.50607317018276 163.50607317018276
 37708544 16 7392.883 7392.883 7392.883 163.22095290835793 163.22095290835793 163.22095290835793 163.22095290835793 163.22095290835793 163.22095290835793
 41479296 16 8136.988 8136.988 8136.988 163.1239313613342 163.1239313613342 163.1239313613342 163.1239313613342 163.1239313613342 163.1239313613342
 45627136 16 8978.844 8978.844 8978.844 162.6120636465006 162.6120636465006 162.6120636465006 162.6120636465006 162.6120636465006 162.6120636465006
 50189824 16 9974.003 9974.003 9974.003 161.026056238403 161.026056238403 161.026056238403 161.026056238403 161.026056238403 161.026056238403
 55208704 16 11195.898 11195.898 11195.898 157.79694741770604 157.79694741770604 157.79694741770604 157.79694741770604 157.79694741770604 157.79694741770604
 60729472 16 12629.986 12629.986 12629.986 153.86739969466313 153.86739969466313 153.86739969466313 153.86739969466313 153.86739969466313 153.86739969466313
 66802304 16 14374.971 14374.971 14374.971 148.70803760230197 148.70803760230197 148.70803760230197 148.70803760230197 148.70803760230197 148.70803760230197
 73482496 8 9095.907 9095.907 9095.907 129.25813071747547 129.25813071747547 129.25813071747547 129.25813071747547 129.25813071747547 129.25813071747547
 80830720 8 11116.982 11116.982 11116.982 116.33476783537115 116.33476783537115 116.33476783537115 116.33476783537115 116.33476783537115 116.33476783537115
 88913792 8 13151.884 13151.884 13151.884 108.16858421196537 108.16858421196537 108.16858421196537 108.16858421196537 108.16858421196537 108.16858421196537
 97805056 8 15285.969 15285.969 15285.969 102.37367981055044 102.37367981055044 102.37367981055044 102.37367981055044 102.37367981055044 102.37367981055044
 107585536 8 17341.852 17341.852 17341.852 99.26094260290078 99.26094260290078 99.26094260290078 99.26094260290078 99.26094260290078 99.26094260290078
 118344064 8 19382.0 19382.0 19382.0 97.69399566608193 97.69399566608193 97.69399566608193 97.69399566608193 97.69399566608193 97.69399566608193
 130178432 8 21327.019 21327.019 21327.019 97.66273064228996 97.66273064228996 97.66273064228996 97.66273064228996 97.66273064228996 97.66273064228996
 143196160 4 11631.966 11631.966 11631.966 98.4845794769345 98.4845794769345 98.4845794769345 98.4845794769345 98.4845794769345 98.4845794769345
 157515776 4 12725.83 12725.83 12725.83 99.02114109649429 99.02114109649429 99.02114109649429 99.02114109649429 99.02114109649429 99.02114109649429
 173267328 4 13962.984 13962.984 13962.984 99.27237788140414 99.27237788140414 99.27237788140414 99.27237788140414 99.27237788140414 99.27237788140414
 190594048 4 15372.038 15372.038 15372.038 99.1899957572314 99.1899957572314 99.1899957572314 99.1899957572314 99.1899957572314 99.1899957572314
 209653376 4 16928.911 16928.911 16928.911 99.07471354772908 99.07471354772908 99.07471354772908 99.07471354772908 99.07471354772908 99.07471354772908
 230618624 4 18679.142 18679.142 18679.142 98.77054267267737 98.77054267267737 98.77054267267737 98.77054267267737 98.77054267267737 98.77054267267737
 253680384 4 20464.182 20464.182 20464.182 99.17049564942296 99.17049564942296 99.17049564942296 99.17049564942296 99.17049564942296 99.17049564942296
 279048320 2 11304.855 11304.855 11304.855 98.73574495205823 98.73574495205823 98.73574495205823 98.73574495205823 98.73574495205823 98.73574495205823
 306953088 2 12365.818 12365.818 12365.818 99.29083154870952 99.29083154870952 99.29083154870952 99.29083154870952 99.29083154870952 99.29083154870952
 337648384 2 13501.883 13501.883 13501.883 100.03001329518261 100.03001329518261 100.03001329518261 100.03001329518261 100.03001329518261 100.03001329518261
 371413120 2 14898.062 14898.062 14898.062 99.72119058170117 99.72119058170117 99.72119058170117 99.72119058170117 99.72119058170117 99.72119058170117
 408554368 2 16441.107 16441.107 16441.107 99.39826265956422 99.39826265956422 99.39826265956422 99.39826265956422 99.39826265956422 99.39826265956422
 449409792 2 18054.962 18054.962 18054.962 99.56482699880509 99.56482699880509 99.56482699880509 99.56482699880509 99.56482699880509 99.56482699880509
 494350720 2 19994.02 19994.02 19994.02 98.89971501478942 98.89971501478942 98.89971501478942 98.89971501478942 98.89971501478942 98.89971501478942
 543785728 1 11005.163 11005.163 11005.163 98.82374808987382 98.82374808987382 98.82374808987382 98.82374808987382 98.82374808987382 98.82374808987382
 598164224 1 12101.173 12101.173 12101.173 98.86053591664212 98.86053591664212 98.86053591664212 98.86053591664212 98.86053591664212 98.86053591664212
 657980544 1 13299.942 13299.942 13299.942 98.94487419569198 98.94487419569198 98.94487419569198 98.94487419569198 98.94487419569198 98.94487419569198
 723778560 1 14635.086 14635.086 14635.086 98.91005218554918 98.91005218554918 98.91005218554918 98.91005218554918 98.91005218554918 98.91005218554918
 796156416 1 16130.924 16130.924 16130.924 98.71181787230539 98.71181787230539 98.71181787230539 98.71181787230539 98.71181787230539 98.71181787230539
 875772032 1 17605.066 17605.066 17605.066 99.49091153648615 99.49091153648615 99.49091153648615 99.49091153648615 99.49091153648615 99.49091153648615
 963349120 1 19556.999 19556.999 19556.999 98.51707002695045 98.51707002695045 98.51707002695045 98.51707002695045 98.51707002695045 98.51707002695045
 1059683968 1 21430.016 21430.016 21430.016 98.8971700254447 98.8971700254447 98.8971700254447 98.8971700254447 98.8971700254447 98.8971700254447
 
META_DATA
 MPI startup(): shm:tmi fabric is unknown or has been removed from the product, please use ofi or shm:ofi instead
 FLOPS          16
 MPI_PROCS      2
 OPENMP_THREADS 8
 ERT_VERSION  1.1.0
 HOSTNAME  ('shas0420.rc.int.colorado.edu', [], ['10.225.6.135'])
 UNAME  uname_result(system='Linux', node='shas0420.rc.int.colorado.edu', release='3.10.0-957.27.2.el7.x86_64', version='#1 SMP Mon Jul 29 17:46:05 UTC 2019', machine='x86_64', processor='x86_64')
 TIMESTAMP_DATA  1664555737.5487924
 CONFIG  {'ERT_RESULTS': ['lab5_results'], 'ERT_DRIVER': ['driver1'], 'ERT_KERNEL': ['kernel1'], 'ERT_MPI': ['True'], 'ERT_MPI_CFLAGS': ['-I/usr/include/mpi'], 'ERT_MPI_LDFLAGS': ['-lmpi'], 'ERT_OPENMP': ['True'], 'ERT_OPENMP_CFLAGS': ['-qopenmp'], 'ERT_OPENMP_LDFLAGS': ['-qopenmp'], 'ERT_FLOPS': ['1,2,4,8,16'], 'ERT_ALIGN': ['32'], 'ERT_CC': ['mpicc'], 'ERT_CFLAGS': ['-O3', '-msse3', '-axSSE3', '-xSSE3', '-fno-alias', '-fno-fnalias', '-DERT_INTEL', '-std=c++11'], 'ERT_LD': ['mpicc'], 'ERT_LDFLAGS': [], 'ERT_LDLIBS': [], 'ERT_PRECISION': ['FP64'], 'ERT_RUN': ['export', 'OMP_NUM_THREADS=ERT_OPENMP_THREADS;', 'mpirun', '-np', 'ERT_MPI_PROCS', 'ERT_CODE'], 'ERT_PROCS_THREADS': ['1-24'], 'ERT_MPI_PROCS': ['1,2,4,8,12,24'], 'ERT_OPENMP_THREADS': ['1,2,4,8,12,24'], 'ERT_NUM_EXPERIMENTS': ['1'], 'ERT_MEMORY_MAX': ['1073741824'], 'ERT_WORKING_SET_MIN': ['1'], 'ERT_TRIALS_MIN': ['1'], 'ERT_GNUPLOT': ['gnuplot'], 'ERT_GPU': [False], 'ERT_HIP': [False], 'ERT_OCL': [False], 'ERT_SYCL': [False], 'ERT_WSS_MULT': [1.1]}
 