fp64
 64 16777216 52443.027 52443.027 52443.027 40.94888817153899 40.94888817153899 40.94888817153899 5.118611021442374 5.118611021442374 5.118611021442374
 128 8388608 29131.174 29131.174 29131.174 73.71771724682294 73.71771724682294 73.71771724682294 9.214714655852868 9.214714655852868 9.214714655852868
 192 4194304 14340.878 14340.878 14340.878 112.30921398257483 112.30921398257483 112.30921398257483 14.038651747821854 14.038651747821854 14.038651747821854
 256 4194304 19826.889 19826.889 19826.889 108.31167955799823 108.31167955799823 108.31167955799823 13.538959944749779 13.538959944749779 13.538959944749779
 320 2097152 7906.914 7906.914 7906.914 169.74729711237535 169.74729711237535 169.74729711237535 21.21841213904692 21.21841213904692 21.21841213904692
 384 2097152 12017.012 12017.012 12017.012 134.0277213670087 134.0277213670087 134.0277213670087 16.753465170876087 16.753465170876087 16.753465170876087
 448 2097152 8746.862 8746.862 8746.862 214.82540732893696 214.82540732893696 214.82540732893696 26.85317591611712 26.85317591611712 26.85317591611712
 512 2097152 13108.969 13108.969 13108.969 163.8178904839885 163.8178904839885 163.8178904839885 20.47723631049856 20.47723631049856 20.47723631049856
 576 1048576 6744.862 6744.862 6744.862 179.09329382869507 179.09329382869507 179.09329382869507 22.386661728586883 22.386661728586883 22.386661728586883
 640 1048576 7453.918 7453.918 7453.918 180.0633277693691 180.0633277693691 180.0633277693691 22.507915971171137 22.507915971171137 22.507915971171137
 704 1048576 7997.99 7997.99 7997.99 184.5957556836155 184.5957556836155 184.5957556836155 23.074469460451937 23.074469460451937 23.074469460451937
 768 1048576 8520.126 8520.126 8520.126 189.03625791449565 189.03625791449565 189.03625791449565 23.629532239311956 23.629532239311956 23.629532239311956
 832 1048576 9009.123 9009.123 9009.123 193.6737309502823 193.6737309502823 193.6737309502823 24.209216368785288 24.209216368785288 24.209216368785288
 896 1048576 9685.993 9685.993 9685.993 193.99644331768565 193.99644331768565 193.99644331768565 24.249555414710706 24.249555414710706 24.249555414710706
 960 1048576 10024.071 10024.071 10024.071 200.8431424717562 200.8431424717562 200.8431424717562 25.105392808969526 25.105392808969526 25.105392808969526
 1024 1048576 4537.106 4537.106 4537.106 473.3157320988313 473.3157320988313 473.3157320988313 59.16446651235391 59.16446651235391 59.16446651235391
 1088 524288 2933.979 2933.979 2933.979 388.8407817506533 388.8407817506533 388.8407817506533 48.605097718831665 48.605097718831665 48.605097718831665
 1152 524288 3031.969 3031.969 3031.969 398.40761960297084 398.40761960297084 398.40761960297084 49.800952450371355 49.800952450371355 49.800952450371355
 1216 524288 3437.042 3437.042 3437.042 370.97842156133095 370.97842156133095 370.97842156133095 46.37230269516637 46.37230269516637 46.37230269516637
 1280 524288 3586.054 3586.054 3586.054 374.27692946062723 374.27692946062723 374.27692946062723 46.784616182578404 46.784616182578404 46.784616182578404
 1408 524288 4188.061 4188.061 4188.061 352.5247144203487 352.5247144203487 352.5247144203487 44.065589302543586 44.065589302543586 44.065589302543586
 1536 524288 4631.042 4631.042 4631.042 347.78625112879564 347.78625112879564 347.78625112879564 43.473281391099455 43.473281391099455 43.473281391099455
 1664 524288 5280.972 5280.972 5280.972 330.39949160874176 330.39949160874176 330.39949160874176 41.29993645109272 41.29993645109272 41.29993645109272
 1792 524288 5724.907 5724.907 5724.907 328.2233566414266 328.2233566414266 328.2233566414266 41.02791958017833 41.02791958017833 41.02791958017833
 1920 524288 6289.959 6289.959 6289.959 320.07615947894095 320.07615947894095 320.07615947894095 40.00951993486762 40.00951993486762 40.00951993486762
 2112 262144 2392.054 2392.054 2392.054 462.90604476320345 462.90604476320345 462.90604476320345 57.86325559540043 57.86325559540043 57.86325559540043
 2304 262144 2683.878 2683.878 2683.878 450.0799037810213 450.0799037810213 450.0799037810213 56.25998797262766 56.25998797262766 56.25998797262766
 2496 262144 3069.878 3069.878 3069.878 426.27845406234377 426.27845406234377 426.27845406234377 53.28480675779297 53.28480675779297 53.28480675779297
 2688 262144 3411.055 3411.055 3411.055 413.1525712719379 413.1525712719379 413.1525712719379 51.64407140899224 51.64407140899224 51.64407140899224
 2944 262144 3962.994 3962.994 3962.994 389.4792351439341 389.4792351439341 389.4792351439341 48.68490439299176 48.68490439299176 48.68490439299176
 3200 262144 3623.009 3623.009 3623.009 463.0740911766987 463.0740911766987 463.0740911766987 57.884261397087336 57.884261397087336 57.884261397087336
 3520 262144 4081.964 4081.964 4081.964 452.1092689695451 452.1092689695451 452.1092689695451 56.51365862119314 56.51365862119314 56.51365862119314
 3840 262144 4521.847 4521.847 4521.847 445.23088021332876 445.23088021332876 445.23088021332876 55.653860026666095 55.653860026666095 55.653860026666095
 4224 131072 2371.073 2371.073 2371.073 467.0021783386677 467.0021783386677 467.0021783386677 58.37527229233346 58.37527229233346 58.37527229233346
 4608 131072 2634.048 2634.048 2634.048 458.5943581893724 458.5943581893724 458.5943581893724 57.32429477367155 57.32429477367155 57.32429477367155
 5056 131072 2983.093 2983.093 2983.093 444.30397040923634 444.30397040923634 444.30397040923634 55.53799630115454 55.53799630115454 55.53799630115454
 5504 131072 3091.812 3091.812 3091.812 466.6650417295748 466.6650417295748 466.6650417295748 58.33313021619685 58.33313021619685 58.33313021619685
 6016 131072 3390.074 3390.074 3390.074 465.19878445131286 465.19878445131286 465.19878445131286 58.14984805641411 58.14984805641411 58.14984805641411
 6592 131072 3703.117 3703.117 3703.117 466.6482987169997 466.6482987169997 466.6482987169997 58.33103733962496 58.33103733962496 58.33103733962496
 7232 131072 3984.213 3984.213 3984.213 475.8343512257 475.8343512257 475.8343512257 59.4792939032125 59.4792939032125 59.4792939032125
 7936 131072 4396.915 4396.915 4396.915 473.1441895055965 473.1441895055965 473.1441895055965 59.14302368819956 59.14302368819956 59.14302368819956
 8704 65536 2411.127 2411.127 2411.127 473.1607617516622 473.1607617516622 473.1607617516622 59.14509521895778 59.14509521895778 59.14509521895778
 9536 65536 2649.069 2649.069 2649.069 471.8271181309358 471.8271181309358 471.8271181309358 58.97838976636697 58.97838976636697 58.97838976636697
 10432 65536 2894.878 2894.878 2894.878 472.3318578537679 472.3318578537679 472.3318578537679 59.041482231720984 59.041482231720984 59.041482231720984
 11456 65536 3537.893 3537.893 3537.893 424.4223417723487 424.4223417723487 424.4223417723487 53.05279272154359 53.05279272154359 53.05279272154359
 12544 65536 3401.041 3401.041 3401.041 483.430563759743 483.430563759743 483.430563759743 60.428820469967874 60.428820469967874 60.428820469967874
 13760 65536 3752.947 3752.947 3752.947 480.5691953550104 480.5691953550104 480.5691953550104 60.0711494193763 60.0711494193763 60.0711494193763
 15104 65536 4107.952 4107.952 4107.952 481.92176734294844 481.92176734294844 481.92176734294844 60.240220917868555 60.240220917868555 60.240220917868555
 16576 32768 2253.056 2253.056 2253.056 482.1561186228837 482.1561186228837 482.1561186228837 60.26951482786046 60.26951482786046 60.26951482786046
 18176 32768 2467.155 2467.155 2467.155 482.81617328461317 482.81617328461317 482.81617328461317 60.352021660576646 60.352021660576646 60.352021660576646
 19968 32768 2698.898 2698.898 2698.898 484.8730289177286 484.8730289177286 484.8730289177286 60.60912861471608 60.60912861471608 60.60912861471608
 21952 32768 2969.98 2969.98 2969.98 484.3959461006471 484.3959461006471 484.3959461006471 60.54949326258089 60.54949326258089 60.54949326258089
 24128 32768 3250.837 3250.837 3250.837 486.4139936883947 486.4139936883947 486.4139936883947 60.80174921104934 60.80174921104934 60.80174921104934
 26496 32768 3587.008 3587.008 3587.008 484.0919942191375 484.0919942191375 484.0919942191375 60.51149927739219 60.51149927739219 60.51149927739219
 29120 32768 3923.178 3923.178 3923.178 486.4444896458942 486.4444896458942 486.4444896458942 60.80556120573677 60.80556120573677 60.80556120573677
 32000 32768 4317.045 4317.045 4317.045 485.7841416987777 485.7841416987777 485.7841416987777 60.723017712347215 60.723017712347215 60.723017712347215
 35200 16384 2473.116 2473.116 2473.116 466.38879858445785 466.38879858445785 466.38879858445785 58.29859982305723 58.29859982305723 58.29859982305723
 38720 16384 2747.059 2747.059 2747.059 461.86738617554266 461.86738617554266 461.86738617554266 57.73342327194283 57.73342327194283 57.73342327194283
 42560 16384 2971.172 2971.172 2971.172 469.37911369654796 469.37911369654796 469.37911369654796 58.672389212068495 58.672389212068495 58.672389212068495
 46784 16384 3257.99 3257.99 3257.99 470.5410734839579 470.5410734839579 470.5410734839579 58.81763418549474 58.81763418549474 58.81763418549474
 51456 16384 3562.927 3562.927 3562.927 473.2373714083954 473.2373714083954 473.2373714083954 59.154671426049426 59.154671426049426 59.154671426049426
 56576 16384 3901.958 3901.958 3901.958 475.1159207761847 475.1159207761847 475.1159207761847 59.389490097023085 59.389490097023085 59.389490097023085
 62208 16384 4296.064 4296.064 4296.064 474.48821619044776 474.48821619044776 474.48821619044776 59.31102702380597 59.31102702380597 59.31102702380597
 68416 8192 2360.106 2360.106 2360.106 474.9480506384035 474.9480506384035 474.9480506384035 59.36850632980044 59.36850632980044 59.36850632980044
 75200 8192 2568.007 2568.007 2568.007 479.77937754842566 479.77937754842566 479.77937754842566 59.97242219355321 59.97242219355321 59.97242219355321
 82688 8192 2841.949 2841.949 2841.949 476.7010921026381 476.7010921026381 476.7010921026381 59.58763651282976 59.58763651282976 59.58763651282976
 90944 8192 3111.839 3111.839 3111.839 478.8250600368464 478.8250600368464 478.8250600368464 59.8531325046058 59.8531325046058 59.8531325046058
 100032 8192 3415.823 3415.823 3415.823 479.8036338533935 479.8036338533935 479.8036338533935 59.975454231674185 59.975454231674185 59.975454231674185
 110016 8192 3745.079 3745.079 3745.079 481.2988308123807 481.2988308123807 481.2988308123807 60.162353851547586 60.162353851547586 60.162353851547586
 120960 8192 3989.935 3989.935 3989.935 496.7019863732116 496.7019863732116 496.7019863732116 62.08774829665145 62.08774829665145 62.08774829665145
 133056 4096 2249.956 2249.956 2249.956 484.4515857198985 484.4515857198985 484.4515857198985 60.55644821498731 60.55644821498731 60.55644821498731
 146304 4096 2459.049 2459.049 2459.049 487.3926334936798 487.3926334936798 487.3926334936798 60.924079186709974 60.924079186709974 60.924079186709974
 160896 4096 2663.136 2663.136 2663.136 494.92779640243685 494.92779640243685 494.92779640243685 61.86597455030461 61.86597455030461 61.86597455030461
 176960 4096 2924.919 2924.919 2924.919 495.6227232275493 495.6227232275493 495.6227232275493 61.95284040344366 61.95284040344366 61.95284040344366
 194624 4096 3239.87 3239.87 3239.87 492.1061054918871 492.1061054918871 492.1061054918871 61.51326318648589 61.51326318648589 61.51326318648589
 214080 4096 3555.059 3555.059 3555.059 493.30921371487784 493.30921371487784 493.30921371487784 61.66365171435973 61.66365171435973 61.66365171435973
 235456 4096 3875.971 3875.971 3875.971 497.6444746361621 497.6444746361621 497.6444746361621 62.20555932952026 62.20555932952026 62.20555932952026
 258944 4096 4279.137 4279.137 4279.137 495.7236115599945 495.7236115599945 495.7236115599945 61.96545144499931 61.96545144499931 61.96545144499931
 284800 2048 2542.019 2542.019 2542.019 458.90325760743724 458.90325760743724 458.90325760743724 57.362907200929655 57.362907200929655 57.362907200929655
 313280 2048 2894.163 2894.163 2894.163 443.37339672990083 443.37339672990083 443.37339672990083 55.421674591237604 55.421674591237604 55.421674591237604
 344576 2048 3921.032 3921.032 3921.032 359.95199631117515 359.95199631117515 359.95199631117515 44.993999538896894 44.993999538896894 44.993999538896894
 379008 2048 3499.031 3499.031 3499.031 443.6704813418344 443.6704813418344 443.6704813418344 55.4588101677293 55.4588101677293 55.4588101677293
 416896 2048 3826.857 3826.857 3826.857 446.2163117148093 446.2163117148093 446.2163117148093 55.77703896435116 55.77703896435116 55.77703896435116
 458560 2048 4247.904 4247.904 4247.904 442.1620074276631 442.1620074276631 442.1620074276631 55.27025092845789 55.27025092845789 55.27025092845789
 504384 2048 4591.227 4591.227 4591.227 449.9792460708216 449.9792460708216 449.9792460708216 56.2474057588527 56.2474057588527 56.2474057588527
 554816 1024 2576.113 2576.113 2576.113 441.0766018416118 441.0766018416118 441.0766018416118 55.13457523020148 55.13457523020148 55.13457523020148
 610240 1024 2789.974 2789.974 2789.974 447.9509558153588 447.9509558153588 447.9509558153588 55.99386947691985 55.99386947691985 55.99386947691985
 671232 1024 3068.924 3068.924 3068.924 447.93651977044726 447.93651977044726 447.93651977044726 55.99206497130591 55.99206497130591 55.99206497130591
 738304 1024 3376.961 3376.961 3376.961 447.7536435866449 447.7536435866449 447.7536435866449 55.96920544833061 55.96920544833061 55.96920544833061
 812096 1024 3729.82 3729.82 3729.82 445.91229818060924 445.91229818060924 445.91229818060924 55.739037272576155 55.739037272576155 55.739037272576155
 893248 1024 4086.018 4086.018 4086.018 447.7150869134693 447.7150869134693 447.7150869134693 55.96438586418366 55.96438586418366 55.96438586418366
 982528 1024 4568.1 4568.1 4568.1 440.4932781681662 440.4932781681662 440.4932781681662 55.06165977102078 55.06165977102078 55.06165977102078
 1080768 512 2494.097 2494.097 2494.097 443.7303088051507 443.7303088051507 443.7303088051507 55.466288600643836 55.466288600643836 55.466288600643836
 1188800 512 2743.006 2743.006 2743.006 443.7945815648964 443.7945815648964 443.7945815648964 55.47432269561205 55.47432269561205 55.47432269561205
 1307648 512 3040.075 3040.075 3040.075 440.46003865036226 440.46003865036226 440.46003865036226 55.05750483129528 55.05750483129528 55.05750483129528
 1438400 512 3351.927 3351.927 3351.927 439.42532161350766 439.42532161350766 439.42532161350766 54.92816520168846 54.92816520168846 54.92816520168846
 1582208 512 3658.056 3658.056 3658.056 442.90765149576714 442.90765149576714 442.90765149576714 55.36345643697089 55.36345643697089 55.36345643697089
 1740416 512 4035.95 4035.95 4035.95 441.5778153842342 441.5778153842342 441.5778153842342 55.19722692302928 55.19722692302928 55.19722692302928
 1914432 512 4399.061 4399.061 4399.061 445.6356408788148 445.6356408788148 445.6356408788148 55.70445510985185 55.70445510985185 55.70445510985185
 2105856 256 2492.189 2492.189 2492.189 432.63102116252026 432.63102116252026 432.63102116252026 54.07887764531503 54.07887764531503 54.07887764531503
 2316416 256 3886.938 3886.938 3886.938 305.1257807559575 305.1257807559575 305.1257807559575 38.14072259449469 38.14072259449469 38.14072259449469
 2548032 256 4338.026 4338.026 4338.026 300.73410901640517 300.73410901640517 300.73410901640517 37.591763627050646 37.591763627050646 37.591763627050646
 2802816 256 5080.938 5080.938 5080.938 282.43639107582106 282.43639107582106 282.43639107582106 35.30454888447763 35.30454888447763 35.30454888447763
 3083072 256 5634.069 5634.069 5634.069 280.1763457281052 280.1763457281052 280.1763457281052 35.02204321601315 35.02204321601315 35.02204321601315
 3391360 256 6152.868 6152.868 6152.868 282.2060086450741 282.2060086450741 282.2060086450741 35.275751080634265 35.275751080634265 35.275751080634265
 3730496 256 6761.074 6761.074 6761.074 282.50155995926093 282.50155995926093 282.50155995926093 35.312694994907616 35.312694994907616 35.312694994907616
 4103488 256 7394.075 7394.075 7394.075 284.1445151692402 284.1445151692402 284.1445151692402 35.518064396155026 35.518064396155026 35.518064396155026
 4513792 128 4148.006 4148.006 4148.006 278.574995311 278.574995311 278.574995311 34.821874413875 34.821874413875 34.821874413875
 4965120 128 4478.931 4478.931 4478.931 283.78885943989764 283.78885943989764 283.78885943989764 35.473607429987204 35.473607429987204 35.473607429987204
 5461632 128 4941.94 4941.94 4941.94 282.92083513761804 282.92083513761804 282.92083513761804 35.365104392202255 35.365104392202255 35.365104392202255
 6007744 128 5371.094 5371.094 5371.094 286.3443581512444 286.3443581512444 286.3443581512444 35.79304476890555 35.79304476890555 35.79304476890555
 6608512 128 5971.909 5971.909 5971.909 283.28949285730914 283.28949285730914 283.28949285730914 35.41118660716364 35.41118660716364 35.41118660716364
 7269312 128 6618.023 6618.023 6618.023 281.19332193315137 281.19332193315137 281.19332193315137 35.14916524164392 35.14916524164392 35.14916524164392
 7996224 128 7221.937 7221.937 7221.937 283.4465800518614 283.4465800518614 283.4465800518614 35.43082250648268 35.43082250648268 35.43082250648268
 8795840 64 3957.987 3957.987 3957.987 284.45457754156337 284.45457754156337 284.45457754156337 35.55682219269542 35.55682219269542 35.55682219269542
 9675392 64 4406.214 4406.214 4406.214 281.0690030034855 281.0690030034855 281.0690030034855 35.133625375435685 35.133625375435685 35.133625375435685
 10642880 64 4776.955 4776.955 4776.955 285.1792909918557 285.1792909918557 285.1792909918557 35.64741137398196 35.64741137398196 35.64741137398196
 11707136 64 5282.164 5282.164 5282.164 283.69308639413697 283.69308639413697 283.69308639413697 35.46163579926712 35.46163579926712 35.46163579926712
 12877824 64 5911.112 5911.112 5911.112 278.8581018258493 278.8581018258493 278.8581018258493 34.85726272823116 34.85726272823116 34.85726272823116
 14165568 64 6377.935 6377.935 6377.935 284.29149936460624 284.29149936460624 284.29149936460624 35.53643742057578 35.53643742057578 35.53643742057578
 15582080 64 7061.958 7061.958 7061.958 282.42963778600785 282.42963778600785 282.42963778600785 35.30370472325098 35.30370472325098 35.30370472325098
 17140288 32 3853.083 3853.083 3853.083 284.7014798279715 284.7014798279715 284.7014798279715 35.58768497849644 35.58768497849644 35.58768497849644
 18854272 32 4238.844 4238.844 4238.844 284.6703978726275 284.6703978726275 284.6703978726275 35.58379973407844 35.58379973407844 35.58379973407844
 20739648 32 4671.097 4671.097 4671.097 284.15968925500795 284.15968925500795 284.15968925500795 35.51996115687599 35.51996115687599 35.51996115687599
 22813568 32 5228.996 5228.996 5228.996 279.22537175396576 279.22537175396576 279.22537175396576 34.90317146924572 34.90317146924572 34.90317146924572
 25094912 32 5634.069 5634.069 5634.069 285.06473172408784 285.06473172408784 285.06473172408784 35.63309146551098 35.63309146551098 35.63309146551098
 27604352 32 6251.812 6251.812 6251.812 282.5866369622119 282.5866369622119 282.5866369622119 35.32332962027649 35.32332962027649 35.32332962027649
 30364736 32 6900.787 6900.787 6900.787 281.61180804450277 281.61180804450277 281.61180804450277 35.201476005562846 35.201476005562846 35.201476005562846
 33401152 32 7534.981 7534.981 7534.981 283.699949342938 283.699949342938 283.699949342938 35.46249366786725 35.46249366786725 35.46249366786725
 36741248 16 4184.961 4184.961 4184.961 280.9392813935422 280.9392813935422 280.9392813935422 35.11741017419278 35.11741017419278 35.11741017419278
 40415360 16 4545.927 4545.927 4545.927 284.4945640350142 284.4945640350142 284.4945640350142 35.561820504376776 35.561820504376776 35.561820504376776
 44456896 16 5271.912 5271.912 5271.912 269.84909308046116 269.84909308046116 269.84909308046116 33.731136635057645 33.731136635057645 33.731136635057645
 48902528 16 5944.014 5944.014 5944.014 263.2700555550509 263.2700555550509 263.2700555550509 32.90875694438136 32.90875694438136 32.90875694438136
 53792768 16 7665.873 7665.873 7665.873 224.54958176322515 224.54958176322515 224.54958176322515 28.068697720403144 28.068697720403144 28.068697720403144
 59172032 16 9315.968 9315.968 9315.968 203.2537063244528 203.2537063244528 203.2537063244528 25.4067132905566 25.4067132905566 25.4067132905566
 65089216 16 11934.996 11934.996 11934.996 174.5165990839042 174.5165990839042 174.5165990839042 21.814574885488025 21.814574885488025 21.814574885488025
 71598080 8 8800.983 8800.983 8800.983 130.16378738602268 130.16378738602268 130.16378738602268 16.270473423252835 16.270473423252835 16.270473423252835
 78757888 8 11367.798 11367.798 11367.798 110.85051018675736 110.85051018675736 110.85051018675736 13.85631377334467 13.85631377334467 13.85631377334467
 86633664 8 13360.977 13360.977 13360.977 103.74530425432211 103.74530425432211 103.74530425432211 12.968163031790263 12.968163031790263 12.968163031790263
 95297024 8 15072.823 15072.823 15072.823 101.15904525648578 101.15904525648578 101.15904525648578 12.644880657060723 12.644880657060723 12.644880657060723
 104826688 8 16828.06 16828.06 16828.06 99.66847087543067 99.66847087543067 99.66847087543067 12.458558859428834 12.458558859428834 12.458558859428834
 115309312 8 18738.985 18738.985 18738.985 98.45511867371685 98.45511867371685 98.45511867371685 12.306889834214607 12.306889834214607 12.306889834214607
 126840192 8 20590.067 20590.067 20590.067 98.5641800971313 98.5641800971313 98.5641800971313 12.320522512141412 12.320522512141412 12.320522512141412
 139524160 4 11128.187 11128.187 11128.187 100.30324616220055 100.30324616220055 100.30324616220055 12.537905770275069 12.537905770275069 12.537905770275069
 153476544 4 12412.071 12412.071 12412.071 98.92082892532599 98.92082892532599 98.92082892532599 12.365103615665749 12.365103615665749 12.365103615665749
 168824192 4 13501.883 13501.883 13501.883 100.03001329518261 100.03001329518261 100.03001329518261 12.503751661897827 12.503751661897827 12.503751661897827
 185706560 4 14826.059 14826.059 14826.059 100.20548818806131 100.20548818806131 100.20548818806131 12.525686023507664 12.525686023507664 12.525686023507664
 204277184 4 16324.997 16324.997 16324.997 100.10522341903034 100.10522341903034 100.10522341903034 12.513152927378792 12.513152927378792 12.513152927378792
 224704896 4 17935.991 17935.991 17935.991 100.22524922096581 100.22524922096581 100.22524922096581 12.528156152620726 12.528156152620726 12.528156152620726
 247175360 4 19831.896 19831.896 19831.896 99.7082114589548 99.7082114589548 99.7082114589548 12.46352643236935 12.46352643236935 12.46352643236935
 271892864 2 10867.119 10867.119 10867.119 100.07909695292746 100.07909695292746 100.07909695292746 12.509887119115932 12.509887119115932 12.509887119115932
 299082112 2 11996.031 11996.031 11996.031 99.727022045875 99.727022045875 99.727022045875 12.465877755734375 12.465877755734375 12.465877755734375
 328990272 2 13262.033 13262.033 13262.033 99.22770422905748 99.22770422905748 99.22770422905748 12.403463028632185 12.403463028632185 12.403463028632185
 361889280 2 14513.969 14513.969 14513.969 99.73544245547168 99.73544245547168 99.73544245547168 12.46693030693396 12.46693030693396 12.46693030693396
 398078208 2 15944.958 15944.958 15944.958 99.86309352461134 99.86309352461134 99.86309352461134 12.482886690576418 12.482886690576418 12.482886690576418
 437886016 2 17517.09 17517.09 17517.09 99.9905842808366 99.9905842808366 99.9905842808366 12.498823035104575 12.498823035104575 12.498823035104575
 481674560 2 19364.119 19364.119 19364.119 99.49836808997094 99.49836808997094 99.49836808997094 12.437296011246367 12.437296011246367 12.437296011246367
 529841984 2 21208.048 21208.048 21208.048 99.93224911599597 99.93224911599597 99.93224911599597 12.491531139499497 12.491531139499497 12.491531139499497
 582826176 1 11624.813 11624.813 11624.813 100.27278305466075 100.27278305466075 100.27278305466075 12.534097881832594 12.534097881832594 12.534097881832594
 641108736 1 12848.854 12848.854 12848.854 99.79236062609164 99.79236062609164 99.79236062609164 12.474045078261454 12.474045078261454 12.474045078261454
 705219584 1 14136.076 14136.076 14136.076 99.7758619860278 99.7758619860278 99.7758619860278 12.471982748253476 12.471982748253476 12.471982748253476
 775741504 1 15538.931 15538.931 15538.931 99.84489975533066 99.84489975533066 99.84489975533066 12.480612469416332 12.480612469416332 12.480612469416332
 853315648 1 17073.154 17073.154 17073.154 99.95993101216096 99.95993101216096 99.95993101216096 12.49499137652012 12.49499137652012 12.49499137652012
 938647168 1 18749.952 18749.952 18749.952 100.12262090057618 100.12262090057618 100.12262090057618 12.515327612572023 12.515327612572023 12.515327612572023
 1032511872 1 20642.996 20642.996 20642.996 100.03507940417175 100.03507940417175 100.03507940417175 12.50438492552147 12.50438492552147 12.50438492552147
 
META_DATA
 MPI startup(): shm:tmi fabric is unknown or has been removed from the product, please use ofi or shm:ofi instead
 FLOPS          2
 MPI_PROCS      2
 OPENMP_THREADS 4
 ERT_VERSION  1.1.0
 HOSTNAME  ('shas0420.rc.int.colorado.edu', [], ['10.225.6.135'])
 UNAME  uname_result(system='Linux', node='shas0420.rc.int.colorado.edu', release='3.10.0-957.27.2.el7.x86_64', version='#1 SMP Mon Jul 29 17:46:05 UTC 2019', machine='x86_64', processor='x86_64')
 TIMESTAMP_DATA  1664554941.371168
 CONFIG  {'ERT_RESULTS': ['lab5_results'], 'ERT_DRIVER': ['driver1'], 'ERT_KERNEL': ['kernel1'], 'ERT_MPI': ['True'], 'ERT_MPI_CFLAGS': ['-I/usr/include/mpi'], 'ERT_MPI_LDFLAGS': ['-lmpi'], 'ERT_OPENMP': ['True'], 'ERT_OPENMP_CFLAGS': ['-qopenmp'], 'ERT_OPENMP_LDFLAGS': ['-qopenmp'], 'ERT_FLOPS': ['1,2,4,8,16'], 'ERT_ALIGN': ['32'], 'ERT_CC': ['mpicc'], 'ERT_CFLAGS': ['-O3', '-msse3', '-axSSE3', '-xSSE3', '-fno-alias', '-fno-fnalias', '-DERT_INTEL', '-std=c++11'], 'ERT_LD': ['mpicc'], 'ERT_LDFLAGS': [], 'ERT_LDLIBS': [], 'ERT_PRECISION': ['FP64'], 'ERT_RUN': ['export', 'OMP_NUM_THREADS=ERT_OPENMP_THREADS;', 'mpirun', '-np', 'ERT_MPI_PROCS', 'ERT_CODE'], 'ERT_PROCS_THREADS': ['1-24'], 'ERT_MPI_PROCS': ['1,2,4,8,12,24'], 'ERT_OPENMP_THREADS': ['1,2,4,8,12,24'], 'ERT_NUM_EXPERIMENTS': ['1'], 'ERT_MEMORY_MAX': ['1073741824'], 'ERT_WORKING_SET_MIN': ['1'], 'ERT_TRIALS_MIN': ['1'], 'ERT_GNUPLOT': ['gnuplot'], 'ERT_GPU': [False], 'ERT_HIP': [False], 'ERT_OCL': [False], 'ERT_SYCL': [False], 'ERT_WSS_MULT': [1.1]}
 