fp64
 96 8388608 96189.022 96189.022 96189.022 16.744246926639924 16.744246926639924 16.744246926639924 8.372123463319962 8.372123463319962 8.372123463319962
 192 4194304 49552.917 49552.917 49552.917 32.502884461877386 32.502884461877386 32.502884461877386 16.251442230938693 16.251442230938693 16.251442230938693
 288 2097152 24780.035 24780.035 24780.035 48.7472899856679 48.7472899856679 48.7472899856679 24.37364499283395 24.37364499283395 24.37364499283395
 384 2097152 24786.949 24786.949 24786.949 64.97825674309493 64.97825674309493 64.97825674309493 32.489128371547466 32.489128371547466 32.489128371547466
 480 2097152 24958.134 24958.134 24958.134 80.665722846107 80.665722846107 80.665722846107 40.3328614230535 40.3328614230535 40.3328614230535
 576 1048576 12428.045 12428.045 12428.045 97.19626473833976 97.19626473833976 97.19626473833976 48.59813236916988 48.59813236916988 48.59813236916988
 672 1048576 12668.133 12668.133 12668.133 111.24655416863716 111.24655416863716 111.24655416863716 55.62327708431858 55.62327708431858 55.62327708431858
 768 1048576 12539.864 12539.864 12539.864 128.43941018818066 128.43941018818066 128.43941018818066 64.21970509409033 64.21970509409033 64.21970509409033
 864 1048576 13489.008 13489.008 13489.008 134.3271001099562 134.3271001099562 134.3271001099562 67.1635500549781 67.1635500549781 67.1635500549781
 960 1048576 13489.008 13489.008 13489.008 149.25233345550686 149.25233345550686 149.25233345550686 74.62616672775343 74.62616672775343 74.62616672775343
 1056 524288 6931.067 6931.067 6931.067 159.7584118000879 159.7584118000879 159.7584118000879 79.87920590004396 79.87920590004396 79.87920590004396
 1152 524288 6855.965 6855.965 6855.965 176.191032480475 176.191032480475 176.191032480475 88.0955162402375 88.0955162402375 88.0955162402375
 1248 524288 7010.937 7010.937 7010.937 186.65448683963356 186.65448683963356 186.65448683963356 93.32724341981678 93.32724341981678 93.32724341981678
 1344 524288 8221.865 8221.865 8221.865 171.40711310633293 171.40711310633293 171.40711310633293 85.70355655316646 85.70355655316646 85.70355655316646
 1440 524288 7987.022 7987.022 7987.022 189.05036695779728 189.05036695779728 189.05036695779728 94.52518347889864 94.52518347889864 94.52518347889864
 1536 524288 6744.862 6744.862 6744.862 238.7910584382601 238.7910584382601 238.7910584382601 119.39552921913005 119.39552921913005 119.39552921913005
 1632 524288 7817.984 7817.984 7817.984 218.8896820459085 218.8896820459085 218.8896820459085 109.44484102295425 109.44484102295425 109.44484102295425
 1728 524288 7877.111 7877.111 7877.111 230.02587217572537 230.02587217572537 230.02587217572537 115.01293608786268 115.01293608786268 115.01293608786268
 1824 524288 8965.015 8965.015 8965.015 213.34070539759276 213.34070539759276 213.34070539759276 106.67035269879638 106.67035269879638 106.67035269879638
 1920 524288 9002.924 9002.924 9002.924 223.62356052322554 223.62356052322554 223.62356052322554 111.81178026161277 111.81178026161277 111.81178026161277
 2112 262144 4973.888 4973.888 4973.888 222.62187166257058 222.62187166257058 222.62187166257058 111.31093583128529 111.31093583128529 111.31093583128529
 2304 262144 5447.149 5447.149 5447.149 221.75996140366271 221.75996140366271 221.75996140366271 110.87998070183136 110.87998070183136 110.87998070183136
 2496 262144 5820.99 5820.99 5820.99 224.81104554379925 224.81104554379925 224.81104554379925 112.40552277189963 112.40552277189963 112.40552277189963
 2688 262144 6353.14 6353.14 6353.14 221.8251359170426 221.8251359170426 221.8251359170426 110.9125679585213 110.9125679585213 110.9125679585213
 2880 262144 6770.134 6770.134 6770.134 223.03095330166286 223.03095330166286 223.03095330166286 111.51547665083143 111.51547665083143 111.51547665083143
 3168 262144 6911.039 6911.039 6911.039 240.33208089261254 240.33208089261254 240.33208089261254 120.16604044630627 120.16604044630627 120.16604044630627
 3456 262144 7495.88 7495.88 7495.88 241.72469783401016 241.72469783401016 241.72469783401016 120.86234891700508 120.86234891700508 120.86234891700508
 3744 262144 8504.152 8504.152 8504.152 230.82069464421616 230.82069464421616 230.82069464421616 115.41034732210808 115.41034732210808 115.41034732210808
 4032 262144 8888.006 8888.006 8888.006 237.84066032358666 237.84066032358666 237.84066032358666 118.92033016179333 118.92033016179333 118.92033016179333
 4416 131072 4917.145 4917.145 4917.145 235.42683894821076 235.42683894821076 235.42683894821076 117.71341947410538 117.71341947410538 117.71341947410538
 4800 131072 4926.205 4926.205 4926.205 255.42810337775222 255.42810337775222 255.42810337775222 127.71405168887611 127.71405168887611 127.71405168887611
 5280 131072 5709.887 5709.887 5709.887 242.40765535289933 242.40765535289933 242.40765535289933 121.20382767644966 121.20382767644966 121.20382767644966
 5760 131072 6152.153 6152.153 6152.153 245.43431218306824 245.43431218306824 245.43431218306824 122.71715609153412 122.71715609153412 122.71715609153412
 6336 131072 6443.024 6443.024 6443.024 257.7895696182414 257.7895696182414 257.7895696182414 128.8947848091207 128.8947848091207 128.8947848091207
 6912 131072 7158.041 7158.041 7158.041 253.1334101048038 253.1334101048038 253.1334101048038 126.5667050524019 126.5667050524019 126.5667050524019
 7584 131072 8053.064 8053.064 8053.064 246.87499019006924 246.87499019006924 246.87499019006924 123.43749509503462 123.43749509503462 123.43749509503462
 8256 65536 4184.008 4184.008 4184.008 258.63488597536144 258.63488597536144 258.63488597536144 129.31744298768072 129.31744298768072 129.31744298768072
 9024 65536 4624.844 4624.844 4624.844 255.74781073696755 255.74781073696755 255.74781073696755 127.87390536848378 127.87390536848378 127.87390536848378
 9888 65536 5074.978 5074.978 5074.978 255.37843434986317 255.37843434986317 255.37843434986317 127.68921717493158 127.68921717493158 127.68921717493158
 10848 65536 5381.823 5381.823 5381.823 264.19840563318417 264.19840563318417 264.19840563318417 132.09920281659208 132.09920281659208 132.09920281659208
 11904 65536 5994.081 5994.081 5994.081 260.30363753843164 260.30363753843164 260.30363753843164 130.15181876921582 130.15181876921582 130.15181876921582
 13056 65536 6505.966 6505.966 6505.966 263.03181295444824 263.03181295444824 263.03181295444824 131.51590647722412 131.51590647722412 131.51590647722412
 14304 65536 7128.0 7128.0 7128.0 263.0266397306398 263.0266397306398 263.0266397306398 131.5133198653199 131.5133198653199 131.5133198653199
 15648 65536 7734.06 7734.06 7734.06 265.19249346397623 265.19249346397623 265.19249346397623 132.59624673198812 132.59624673198812 132.59624673198812
 17184 32768 4227.877 4227.877 4227.877 266.36787777884734 266.36787777884734 266.36787777884734 133.18393888942367 133.18393888942367 133.18393888942367
 18816 32768 4580.975 4580.975 4580.975 269.18404400809874 269.18404400809874 269.18404400809874 134.59202200404937 134.59202200404937 134.59202200404937
 20640 32768 5090.952 5090.952 5090.952 265.6994291048118 265.6994291048118 265.6994291048118 132.8497145524059 132.8497145524059 132.8497145524059
 22656 32768 5558.968 5558.968 5558.968 267.09698922533823 267.09698922533823 267.09698922533823 133.54849461266912 133.54849461266912 133.54849461266912
 24864 32768 6055.117 6055.117 6055.117 269.1091029289773 269.1091029289773 269.1091029289773 134.55455146448864 134.55455146448864 134.55455146448864
 27264 32768 6649.971 6649.971 6649.971 268.68891668850887 268.68891668850887 268.68891668850887 134.34445834425443 134.34445834425443 134.34445834425443
 29952 32768 7285.118 7285.118 7285.118 269.4444032341 269.4444032341 269.4444032341 134.72220161705 134.72220161705 134.72220161705
 32928 16384 4004.955 4004.955 4004.955 269.4124413382922 269.4124413382922 269.4124413382922 134.7062206691461 134.7062206691461 134.7062206691461
 36192 16384 4400.969 4400.969 4400.969 269.4723493848741 269.4723493848741 269.4723493848741 134.73617469243706 134.73617469243706 134.73617469243706
 39744 16384 4807.949 4807.949 4807.949 270.8704672200142 270.8704672200142 270.8704672200142 135.4352336100071 135.4352336100071 135.4352336100071
 43680 16384 5284.071 5284.071 5284.071 270.87187889791795 270.87187889791795 270.87187889791795 135.43593944895898 135.43593944895898 135.43593944895898
 48000 16384 5759.954 5759.954 5759.954 273.0688474248232 273.0688474248232 273.0688474248232 136.5344237124116 136.5344237124116 136.5344237124116
 52800 16384 6350.04 6350.04 6350.04 272.4629136194418 272.4629136194418 272.4629136194418 136.2314568097209 136.2314568097209 136.2314568097209
 58080 16384 7081.985 7081.985 7081.985 268.7333339452145 268.7333339452145 268.7333339452145 134.36666697260725 134.36666697260725 134.36666697260725
 63840 16384 7761.955 7761.955 7761.955 269.50801956465864 269.50801956465864 269.50801956465864 134.75400978232932 134.75400978232932 134.75400978232932
 70176 8192 4217.863 4217.863 4217.863 272.59386660970256 272.59386660970256 272.59386660970256 136.29693330485128 136.29693330485128 136.29693330485128
 77184 8192 4613.876 4613.876 4613.876 274.08249723226197 274.08249723226197 274.08249723226197 137.04124861613099 137.04124861613099 137.04124861613099
 84864 8192 5071.163 5071.163 5071.163 274.1800600769489 274.1800600769489 274.1800600769489 137.09003003847445 137.09003003847445 137.09003003847445
 93312 8192 5579.948 5579.948 5579.948 273.9853145584869 273.9853145584869 273.9853145584869 136.99265727924345 136.99265727924345 136.99265727924345
 102624 8192 6195.068 6195.068 6195.068 271.4080968925603 271.4080968925603 271.4080968925603 135.70404844628015 135.70404844628015 135.70404844628015
 112800 8192 6755.114 6755.114 6755.114 273.5875663978432 273.5875663978432 273.5875663978432 136.7937831989216 136.7937831989216 136.7937831989216
 124032 8192 7463.932 7463.932 7463.932 272.26136143791234 272.26136143791234 272.26136143791234 136.13068071895617 136.13068071895617 136.13068071895617
 136416 4096 4076.004 4076.004 4076.004 274.1704551811038 274.1704551811038 274.1704551811038 137.0852275905519 137.0852275905519 137.0852275905519
 150048 4096 4505.873 4505.873 4505.873 272.79801627786674 272.79801627786674 272.79801627786674 136.39900813893337 136.39900813893337 136.39900813893337
 165024 4096 4951.954 4951.954 4951.954 272.99861993871514 272.99861993871514 272.99861993871514 136.49930996935757 136.49930996935757 136.49930996935757
 181440 4096 5424.023 5424.023 5424.023 274.0321123269573 274.0321123269573 274.0321123269573 137.01605616347865 137.01605616347865 137.01605616347865
 199584 4096 5979.061 5979.061 5979.061 273.45299337136714 273.45299337136714 273.45299337136714 136.72649668568357 136.72649668568357 136.72649668568357
 219456 4096 6587.982 6587.982 6587.982 272.8883521539676 272.8883521539676 272.8883521539676 136.4441760769838 136.4441760769838 136.4441760769838
 241344 4096 7232.189 7232.189 7232.189 273.37366985293113 273.37366985293113 273.37366985293113 136.68683492646556 136.68683492646556 136.68683492646556
 265440 2048 3985.882 3985.882 3985.882 272.7733134096794 272.7733134096794 272.7733134096794 136.3866567048397 136.3866567048397 136.3866567048397
 291936 2048 4379.034 4379.034 4379.034 273.0670408131109 273.0670408131109 273.0670408131109 136.53352040655545 136.53352040655545 136.53352040655545
 321120 2048 4812.956 4812.956 4812.956 273.28475888830064 273.28475888830064 273.28475888830064 136.64237944415032 136.64237944415032 136.64237944415032
 353184 2048 5297.184 5297.184 5297.184 273.0963591221298 273.0963591221298 273.0963591221298 136.5481795610649 136.5481795610649 136.5481795610649
 388416 2048 5818.844 5818.844 5818.844 273.4137460980222 273.4137460980222 273.4137460980222 136.7068730490111 136.7068730490111 136.7068730490111
 427200 2048 6429.911 6429.911 6429.911 272.1361462079335 272.1361462079335 272.1361462079335 136.06807310396675 136.06807310396675 136.06807310396675
 469920 2048 7048.13 7048.13 7048.13 273.0926245685025 273.0926245685025 273.0926245685025 136.54631228425126 136.54631228425126 136.54631228425126
 516864 2048 7761.002 7761.002 7761.002 272.7837132370279 272.7837132370279 272.7837132370279 136.39185661851394 136.39185661851394 136.39185661851394
 568512 1024 4269.123 4269.123 4269.123 272.7287492068043 272.7287492068043 272.7287492068043 136.36437460340215 136.36437460340215 136.36437460340215
 625344 1024 4701.138 4701.138 4701.138 272.42436022937426 272.42436022937426 272.42436022937426 136.21218011468713 136.21218011468713 136.21218011468713
 687840 1024 5151.987 5151.987 5151.987 273.4277706834276 273.4277706834276 273.4277706834276 136.7138853417138 136.7138853417138 136.7138853417138
 756576 1024 5665.064 5665.064 5665.064 273.51282315610206 273.51282315610206 273.51282315610206 136.75641157805103 136.75641157805103 136.75641157805103
 832224 1024 6230.831 6230.831 6230.831 273.54212495893404 273.54212495893404 273.54212495893404 136.77106247946702 136.77106247946702 136.77106247946702
 915360 1024 6865.025 6865.025 6865.025 273.07362755416045 273.07362755416045 273.07362755416045 136.53681377708023 136.53681377708023 136.53681377708023
 1006848 1024 7538.08 7538.08 7538.08 273.54773417103564 273.54773417103564 273.54773417103564 136.77386708551782 136.77386708551782 136.77386708551782
 1107456 512 4162.073 4162.073 4162.073 272.46877793830134 272.46877793830134 272.46877793830134 136.23438896915067 136.23438896915067 136.23438896915067
 1218144 512 4562.855 4562.855 4562.855 273.3769659566215 273.3769659566215 273.3769659566215 136.68848297831076 136.68848297831076 136.68848297831076
 1339872 512 5012.035 5012.035 5012.035 273.74687686738025 273.74687686738025 273.74687686738025 136.87343843369013 136.87343843369013 136.87343843369013
 1473792 512 5529.881 5529.881 5529.881 272.91057583336783 272.91057583336783 272.91057583336783 136.45528791668391 136.45528791668391 136.45528791668391
 1621152 512 6062.984 6062.984 6062.984 273.8024128053117 273.8024128053117 273.8024128053117 136.90120640265584 136.90120640265584 136.90120640265584
 1783200 512 6670.952 6670.952 6670.952 273.7235704888897 273.7235704888897 273.7235704888897 136.86178524444486 136.86178524444486 136.86178524444486
 1961472 512 8468.866 8468.866 8468.866 237.16839161228907 237.16839161228907 237.16839161228907 118.58419580614454 118.58419580614454 118.58419580614454
 2157600 256 4031.897 4031.897 4031.897 273.9879515771361 273.9879515771361 273.9879515771361 136.99397578856804 136.99397578856804 136.99397578856804
 2373312 256 4446.983 4446.983 4446.983 273.2494691344671 273.2494691344671 273.2494691344671 136.62473456723356 136.62473456723356 136.62473456723356
 2610624 256 4890.919 4890.919 4890.919 273.29004794395496 273.29004794395496 273.29004794395496 136.64502397197748 136.64502397197748 136.64502397197748
 2871648 256 5381.823 5381.823 5381.823 273.19437595773775 273.19437595773775 273.19437595773775 136.59718797886887 136.59718797886887 136.59718797886887
 3158784 256 5941.868 5941.868 5941.868 272.18669415072833 272.18669415072833 272.18669415072833 136.09334707536416 136.09334707536416 136.09334707536416
 3474624 256 6778.002 6778.002 6778.002 262.467831670749 262.467831670749 262.467831670749 131.2339158353745 131.2339158353745 131.2339158353745
 3822048 256 7482.052 7482.052 7482.052 261.54436991349434 261.54436991349434 261.54436991349434 130.77218495674717 130.77218495674717 130.77218495674717
 4204224 128 4132.032 4132.032 4132.032 260.4726546164212 260.4726546164212 260.4726546164212 130.2363273082106 130.2363273082106 130.2363273082106
 4624608 128 4543.781 4543.781 4543.781 260.5538532776998 260.5538532776998 260.5538532776998 130.2769266388499 130.2769266388499 130.2769266388499
 5087040 128 5111.933 5111.933 5111.933 254.75338585227937 254.75338585227937 254.75338585227937 127.37669292613968 127.37669292613968 127.37669292613968
 5595744 128 5501.032 5501.032 5501.032 260.40758606748693 260.40758606748693 260.40758606748693 130.20379303374347 130.20379303374347 130.20379303374347
 6155232 128 6046.057 6046.057 6046.057 260.62264910833625 260.62264910833625 260.62264910833625 130.31132455416812 130.31132455416812 130.31132455416812
 6770688 128 6983.995 6983.995 6983.995 248.18118111482042 248.18118111482042 248.18118111482042 124.09059055741021 124.09059055741021 124.09059055741021
 7447680 128 7522.821 7522.821 7522.821 253.44296773776753 253.44296773776753 253.44296773776753 126.72148386888377 126.72148386888377 126.72148386888377
 8192448 128 8244.991 8244.991 8244.991 254.3685842713473 254.3685842713473 254.3685842713473 127.18429213567364 127.18429213567364 127.18429213567364
 9011616 64 4436.97 4436.97 4436.97 259.97174828768283 259.97174828768283 259.97174828768283 129.98587414384141 129.98587414384141 129.98587414384141
 9912768 64 4963.875 4963.875 4963.875 255.6136695625897 255.6136695625897 255.6136695625897 127.80683478129485 127.80683478129485 127.80683478129485
 10903968 64 5368.948 5368.948 5368.948 259.959288858823 259.959288858823 259.959288858823 129.9796444294115 129.9796444294115 129.9796444294115
 11994336 64 5904.913 5904.913 5904.913 259.9995983006016 259.9995983006016 259.9995983006016 129.9997991503008 129.9997991503008 129.9997991503008
 13193760 64 6488.8 6488.8 6488.8 260.2640364936506 260.2640364936506 260.2640364936506 130.1320182468253 130.1320182468253 130.1320182468253
 14513088 64 7167.101 7167.101 7167.101 259.1947935434425 259.1947935434425 259.1947935434425 129.59739677172124 129.59739677172124 129.59739677172124
 15964320 64 7861.853 7861.853 7861.853 259.9174723821471 259.9174723821471 259.9174723821471 129.95873619107354 129.95873619107354 129.95873619107354
 17560704 32 4449.129 4449.129 4449.129 252.60788257656725 252.60788257656725 252.60788257656725 126.30394128828362 126.30394128828362 126.30394128828362
 19316736 32 4956.007 4956.007 4956.007 249.449022973535 249.449022973535 249.449022973535 124.7245114867675 124.7245114867675 124.7245114867675
 21248352 32 5231.857 5231.857 5231.857 259.925783139715 259.925783139715 259.925783139715 129.9628915698575 129.9628915698575 129.9628915698575
 23373120 32 5934.954 5934.954 5934.954 252.04570751517198 252.04570751517198 252.04570751517198 126.02285375758599 126.02285375758599 126.02285375758599
 25710432 32 6329.06 6329.06 6329.06 259.9861034656015 259.9861034656015 259.9861034656015 129.99305173280075 129.99305173280075 129.99305173280075
 28281408 32 7120.132 7120.132 7120.132 254.2101904852326 254.2101904852326 254.2101904852326 127.1050952426163 127.1050952426163 127.1050952426163
 31109472 32 7673.025 7673.025 7673.025 259.48126169274826 259.48126169274826 259.48126169274826 129.74063084637413 129.74063084637413 129.74063084637413
 34220352 16 4335.165 4335.165 4335.165 252.5973668822294 252.5973668822294 252.5973668822294 126.2986834411147 126.2986834411147 126.2986834411147
 37642368 16 4721.88 4721.88 4721.88 255.10088693486492 255.10088693486492 255.10088693486492 127.55044346743246 127.55044346743246 127.55044346743246
 41406528 16 5223.989 5223.989 5223.989 253.63929671367993 253.63929671367993 253.63929671367993 126.81964835683996 126.81964835683996 126.81964835683996
 45547104 16 5632.877 5632.877 5632.877 258.7500717661685 258.7500717661685 258.7500717661685 129.37503588308425 129.37503588308425 129.37503588308425
 50101728 16 6228.209 6228.209 6228.209 257.418351888962 257.418351888962 257.418351888962 128.709175944481 128.709175944481 128.709175944481
 55111872 16 7807.97 7807.97 7807.97 225.8691957064384 225.8691957064384 225.8691957064384 112.9345978532192 112.9345978532192 112.9345978532192
 60623040 16 9636.164 9636.164 9636.164 201.31841674757715 201.31841674757715 201.31841674757715 100.65920837378857 100.65920837378857 100.65920837378857
 66685344 16 12609.005 12609.005 12609.005 169.23865189997147 169.23865189997147 169.23865189997147 84.61932594998574 84.61932594998574 84.61932594998574
 73353792 8 8949.995 8949.995 8949.995 131.13534387449377 131.13534387449377 131.13534387449377 65.56767193724689 65.56767193724689 65.56767193724689
 80689152 8 11454.105 11454.105 11454.105 112.71299084476702 112.71299084476702 112.71299084476702 56.35649542238351 56.35649542238351 56.35649542238351
 88758048 8 14131.069 14131.069 14131.069 100.49690989407809 100.49690989407809 100.49690989407809 50.24845494703904 50.24845494703904 50.24845494703904
 97633824 8 15717.03 15717.03 15717.03 99.39162704404076 99.39162704404076 99.39162704404076 49.69581352202038 49.69581352202038 49.69581352202038
 107397120 8 17310.143 17310.143 17310.143 99.26861493865187 99.26861493865187 99.26861493865187 49.63430746932593 49.63430746932593 49.63430746932593
 118136832 8 19671.202 19671.202 19671.202 96.08916181126094 96.08916181126094 96.08916181126094 48.04458090563047 48.04458090563047 48.04458090563047
 129950496 8 21167.994 21167.994 21167.994 98.224136684846 98.224136684846 98.224136684846 49.112068342423 49.112068342423 49.112068342423
 142945536 4 11806.011 11806.011 11806.011 96.8628851861988 96.8628851861988 96.8628851861988 48.4314425930994 48.4314425930994 48.4314425930994
 157240032 4 12785.196 12785.196 12785.196 98.38881281131708 98.38881281131708 98.38881281131708 49.19440640565854 49.19440640565854 49.19440640565854
 172963968 4 14074.087 14074.087 14074.087 98.31627046216214 98.31627046216214 98.31627046216214 49.15813523108107 49.15813523108107 49.15813523108107
 190260288 4 15420.914 15420.914 15420.914 98.7024701648683 98.7024701648683 98.7024701648683 49.35123508243415 49.35123508243415 49.35123508243415
 209286240 4 16923.904 16923.904 16923.904 98.9304784522531 98.9304784522531 98.9304784522531 49.46523922612655 49.46523922612655 49.46523922612655
 230214816 4 18583.059 18583.059 18583.059 99.1073928140679 99.1073928140679 99.1073928140679 49.55369640703395 49.55369640703395 49.55369640703395
 253236288 4 20391.941 20391.941 20391.941 99.34759540545943 99.34759540545943 99.34759540545943 49.673797702729715 49.673797702729715 49.673797702729715
 278559840 2 11278.152 11278.152 11278.152 98.79627087842051 98.79627087842051 98.79627087842051 49.39813543921026 49.39813543921026 49.39813543921026
 306415776 2 12405.872 12405.872 12405.872 98.79701354326401 98.79701354326401 98.79701354326401 49.39850677163201 49.39850677163201 49.39850677163201
 337057344 2 13556.004 13556.004 13556.004 99.45625392261613 99.45625392261613 99.45625392261613 49.728126961308064 49.728126961308064 49.728126961308064
 370763040 2 14975.071 14975.071 14975.071 99.03473312413678 99.03473312413678 99.03473312413678 49.51736656206839 49.51736656206839 49.51736656206839
 407839296 2 16611.099 16611.099 16611.099 98.20886528940682 98.20886528940682 98.20886528940682 49.10443264470341 49.10443264470341 49.10443264470341
 448623168 2 18208.027 18208.027 18208.027 98.55503136061915 98.55503136061915 98.55503136061915 49.27751568030958 49.27751568030958 49.27751568030958
 493485408 2 20044.804 20044.804 20044.804 98.4764746015975 98.4764746015975 98.4764746015975 49.23823730079875 49.23823730079875 49.23823730079875
 542833920 1 11090.04 11090.04 11090.04 97.89575510999057 97.89575510999057 97.89575510999057 48.94787755499529 48.94787755499529 48.94787755499529
 597117312 1 12151.957 12151.957 12151.957 98.27508639143473 98.27508639143473 98.27508639143473 49.13754319571736 49.13754319571736 49.13754319571736
 656829024 1 13266.087 13266.087 13266.087 99.02377754646115 99.02377754646115 99.02377754646115 49.511888773230574 49.511888773230574 49.511888773230574
 722511840 1 14661.074 14661.074 14661.074 98.56192527232315 98.56192527232315 98.56192527232315 49.280962636161576 49.280962636161576 49.280962636161576
 794762976 1 16021.967 16021.967 16021.967 99.20916401837552 99.20916401837552 99.20916401837552 49.60458200918776 49.60458200918776 49.60458200918776
 874239264 1 17543.077 17543.077 17543.077 99.66772237276277 99.66772237276277 99.66772237276277 49.833861186381384 49.833861186381384 49.833861186381384
 961663104 1 19428.968 19428.968 19428.968 98.99271067819969 98.99271067819969 98.99271067819969 49.49635533909984 49.49635533909984 49.49635533909984
 1057829376 1 21240.95 21240.95 21240.95 99.60283094682676 99.60283094682676 99.60283094682676 49.80141547341338 49.80141547341338 49.80141547341338
 
META_DATA
 MPI startup(): shm:tmi fabric is unknown or has been removed from the product, please use ofi or shm:ofi instead
 FLOPS          8
 MPI_PROCS      1
 OPENMP_THREADS 12
 ERT_VERSION  1.1.0
 HOSTNAME  ('shas0420.rc.int.colorado.edu', [], ['10.225.6.135'])
 UNAME  uname_result(system='Linux', node='shas0420.rc.int.colorado.edu', release='3.10.0-957.27.2.el7.x86_64', version='#1 SMP Mon Jul 29 17:46:05 UTC 2019', machine='x86_64', processor='x86_64')
 TIMESTAMP_DATA  1664555326.3707566
 CONFIG  {'ERT_RESULTS': ['lab5_results'], 'ERT_DRIVER': ['driver1'], 'ERT_KERNEL': ['kernel1'], 'ERT_MPI': ['True'], 'ERT_MPI_CFLAGS': ['-I/usr/include/mpi'], 'ERT_MPI_LDFLAGS': ['-lmpi'], 'ERT_OPENMP': ['True'], 'ERT_OPENMP_CFLAGS': ['-qopenmp'], 'ERT_OPENMP_LDFLAGS': ['-qopenmp'], 'ERT_FLOPS': ['1,2,4,8,16'], 'ERT_ALIGN': ['32'], 'ERT_CC': ['mpicc'], 'ERT_CFLAGS': ['-O3', '-msse3', '-axSSE3', '-xSSE3', '-fno-alias', '-fno-fnalias', '-DERT_INTEL', '-std=c++11'], 'ERT_LD': ['mpicc'], 'ERT_LDFLAGS': [], 'ERT_LDLIBS': [], 'ERT_PRECISION': ['FP64'], 'ERT_RUN': ['export', 'OMP_NUM_THREADS=ERT_OPENMP_THREADS;', 'mpirun', '-np', 'ERT_MPI_PROCS', 'ERT_CODE'], 'ERT_PROCS_THREADS': ['1-24'], 'ERT_MPI_PROCS': ['1,2,4,8,12,24'], 'ERT_OPENMP_THREADS': ['1,2,4,8,12,24'], 'ERT_NUM_EXPERIMENTS': ['1'], 'ERT_MEMORY_MAX': ['1073741824'], 'ERT_WORKING_SET_MIN': ['1'], 'ERT_TRIALS_MIN': ['1'], 'ERT_GNUPLOT': ['gnuplot'], 'ERT_GPU': [False], 'ERT_HIP': [False], 'ERT_OCL': [False], 'ERT_SYCL': [False], 'ERT_WSS_MULT': [1.1]}
 