fp64
 192 4194304 45006.99 45006.99 45006.99 35.7858354002345 35.7858354002345 35.7858354002345 4.473229425029312 4.473229425029312 4.473229425029312
 384 2097152 45996.904 45996.904 45996.904 35.01567705513397 35.01567705513397 35.01567705513397 4.376959631891746 4.376959631891746 4.376959631891746
 576 1048576 45001.03 45001.03 45001.03 26.842931195130422 26.842931195130422 26.842931195130422 3.3553663993913028 3.3553663993913028 3.3553663993913028
 768 1048576 52999.02 52999.02 52999.02 30.389481465883712 30.389481465883712 30.389481465883712 3.798685183235464 3.798685183235464 3.798685183235464
 960 1048576 44991.97 44991.97 44991.97 44.74722756082919 44.74722756082919 44.74722756082919 5.5934034451036485 5.5934034451036485 5.5934034451036485
 1152 524288 53001.165 53001.165 53001.165 22.79118868424873 22.79118868424873 22.79118868424873 2.8488985855310913 2.8488985855310913 2.8488985855310913
 1344 524288 52001.953 52001.953 52001.953 27.100638777932048 27.100638777932048 27.100638777932048 3.387579847241506 3.387579847241506 3.387579847241506
 1536 524288 44997.931 44997.931 44997.931 35.79303981776407 35.79303981776407 35.79303981776407 4.4741299772205085 4.4741299772205085 4.4741299772205085
 1728 524288 51996.946 51996.946 51996.946 34.847033670015925 34.847033670015925 34.847033670015925 4.355879208751991 4.355879208751991 4.355879208751991
 1920 524288 57998.18 57998.18 57998.18 34.71257063583719 34.71257063583719 34.71257063583719 4.339071329479649 4.339071329479649 4.339071329479649
 2112 262144 52997.828 52997.828 52997.828 20.893238417242305 20.893238417242305 20.893238417242305 2.611654802155288 2.611654802155288 2.611654802155288
 2304 262144 48998.117 48998.117 48998.117 24.65318314171134 24.65318314171134 24.65318314171134 3.0816478927139177 3.0816478927139177 3.0816478927139177
 2496 262144 51425.934 51425.934 51425.934 25.446749260791258 25.446749260791258 25.446749260791258 3.180843657598907 3.180843657598907 3.180843657598907
 2688 262144 42995.93 42995.93 42995.93 32.777198772069816 32.777198772069816 32.777198772069816 4.097149846508727 4.097149846508727 4.097149846508727
 2880 262144 43995.142 43995.142 43995.142 34.320822058035404 34.320822058035404 34.320822058035404 4.2901027572544255 4.2901027572544255 4.2901027572544255
 3072 262144 51192.045 51192.045 51192.045 31.462168311502307 31.462168311502307 31.462168311502307 3.9327710389377883 3.9327710389377883 3.9327710389377883
 3264 262144 46998.024 46998.024 46998.024 36.41165917954338 36.41165917954338 36.41165917954338 4.551457397442922 4.551457397442922 4.551457397442922
 3456 262144 34999.132 34999.132 34999.132 51.770979005993645 51.770979005993645 51.770979005993645 6.471372375749206 6.471372375749206 6.471372375749206
 3648 262144 50997.972 50997.972 50997.972 37.50350355108238 37.50350355108238 37.50350355108238 4.687937943885298 4.687937943885298 4.687937943885298
 3840 262144 50997.019 50997.019 50997.019 39.47810988716811 39.47810988716811 39.47810988716811 4.934763735896014 4.934763735896014 4.934763735896014
 4224 131072 37999.153 37999.153 37999.153 29.140024673707856 29.140024673707856 29.140024673707856 3.642503084213482 3.642503084213482 3.642503084213482
 4608 131072 25452.852 25452.852 25452.852 47.458711188828666 47.458711188828666 47.458711188828666 5.932338898603583 5.932338898603583 5.932338898603583
 4992 131072 26324.034 26324.034 26324.034 49.712093822702094 49.712093822702094 49.712093822702094 6.214011727837762 6.214011727837762 6.214011727837762
 5376 131072 45995.951 45995.951 45995.951 30.63935223341724 30.63935223341724 30.63935223341724 3.829919029177155 3.829919029177155 3.829919029177155
 5760 131072 57994.843 57994.843 57994.843 26.03592598741926 26.03592598741926 26.03592598741926 3.2544907484274077 3.2544907484274077 3.2544907484274077
 6336 131072 26002.169 26002.169 26002.169 63.877147479504494 63.877147479504494 63.877147479504494 7.984643434938062 7.984643434938062 7.984643434938062
 6912 131072 26000.023 26000.023 26000.023 69.6899125050774 69.6899125050774 69.6899125050774 8.711239063134675 8.711239063134675 8.711239063134675
 7488 131072 52997.828 52997.828 52997.828 37.03801355783863 37.03801355783863 37.03801355783863 4.629751694729829 4.629751694729829 4.629751694729829
 8064 131072 49998.045 49998.045 49998.045 42.28023747728536 42.28023747728536 42.28023747728536 5.28502968466067 5.28502968466067 5.28502968466067
 8832 65536 48762.798 48762.798 48762.798 23.73998112249424 23.73998112249424 23.73998112249424 2.96749764031178 2.96749764031178 2.96749764031178
 9600 65536 28897.047 28897.047 28897.047 43.54393720576362 43.54393720576362 43.54393720576362 5.442992150720452 5.442992150720452 5.442992150720452
 10560 65536 38998.842 38998.842 38998.842 35.49131843453198 35.49131843453198 35.49131843453198 4.436414804316498 4.436414804316498 4.436414804316498
 11520 65536 39000.988 39000.988 39000.988 38.7156715106807 38.7156715106807 38.7156715106807 4.8394589388350875 4.8394589388350875 4.8394589388350875
 12672 65536 52999.02 52999.02 52999.02 31.339152761692578 31.339152761692578 31.339152761692578 3.9173940952115722 3.9173940952115722 3.9173940952115722
 13824 65536 51657.915 51657.915 51657.915 35.07573482205002 35.07573482205002 35.07573482205002 4.384466852756253 4.384466852756253 4.384466852756253
 15168 65536 52000.999 52000.999 52000.999 38.2319596590827 38.2319596590827 38.2319596590827 4.778994957385337 4.778994957385337 4.778994957385337
 16512 32768 39000.034 39000.034 39000.034 27.746909964232337 27.746909964232337 27.746909964232337 3.468363745529042 3.468363745529042 3.468363745529042
 18048 32768 38002.968 38002.968 38002.968 31.123719810515855 31.123719810515855 31.123719810515855 3.890464976314482 3.890464976314482 3.890464976314482
 19776 32768 25996.923 25996.923 25996.923 49.853589826765266 49.853589826765266 49.853589826765266 6.231698728345658 6.231698728345658 6.231698728345658
 21696 32768 46996.832 46996.832 46996.832 30.254572393305146 30.254572393305146 30.254572393305146 3.7818215491631433 3.7818215491631433 3.7818215491631433
 23808 32768 31001.091 31001.091 31001.091 50.32987671304858 50.32987671304858 50.32987671304858 6.291234589131072 6.291234589131072 6.291234589131072
 26112 32768 52995.92 52995.92 52995.92 32.290712794494375 32.290712794494375 32.290712794494375 4.036339099311797 4.036339099311797 4.036339099311797
 28608 32768 51998.138 51998.138 51998.138 36.05617354990673 36.05617354990673 36.05617354990673 4.507021693738341 4.507021693738341 4.507021693738341
 31296 32768 53996.086 53996.086 53996.086 37.984506062161614 37.984506062161614 37.984506062161614 4.748063257770202 4.748063257770202 4.748063257770202
 34368 16384 26000.023 26000.023 26000.023 43.31421645280852 43.31421645280852 43.31421645280852 5.414277056601065 5.414277056601065 5.414277056601065
 37632 16384 42994.022 42994.022 42994.022 28.681321696304664 28.681321696304664 28.681321696304664 3.585165212038083 3.585165212038083 3.585165212038083
 41280 16384 32000.065 32000.065 32000.065 42.2706341377744 42.2706341377744 42.2706341377744 5.2838292672218 5.2838292672218 5.2838292672218
 45312 16384 49000.978 49000.978 49000.978 30.30110166372598 30.30110166372598 30.30110166372598 3.7876377079657475 3.7876377079657475 3.7876377079657475
 49728 16384 28006.077 28006.077 28006.077 58.18334013721379 58.18334013721379 58.18334013721379 7.272917517151724 7.272917517151724 7.272917517151724
 54528 16384 42999.983 42999.983 42999.983 41.55288861393271 41.55288861393271 41.55288861393271 5.194111076741589 5.194111076741589 5.194111076741589
 59904 16384 48994.064 48994.064 48994.064 40.06473665871033 40.06473665871033 40.06473665871033 5.008092082338791 5.008092082338791 5.008092082338791
 65856 8192 50999.165 50999.165 50999.165 21.156909216062655 21.156909216062655 21.156909216062655 2.644613652007832 2.644613652007832 2.644613652007832
 72384 8192 43998.957 43998.957 43998.957 26.953808382321423 26.953808382321423 26.953808382321423 3.369226047790178 3.369226047790178 3.369226047790178
 79488 8192 53003.073 53003.073 53003.073 24.57086576848101 24.57086576848101 24.57086576848101 3.0713582210601262 3.0713582210601262 3.0713582210601262
 87360 8192 25998.116 25998.116 25998.116 55.05422931415492 55.05422931415492 55.05422931415492 6.881778664269365 6.881778664269365 6.881778664269365
 96000 8192 46995.163 46995.163 46995.163 33.468635910465935 33.468635910465935 33.468635910465935 4.183579488808242 4.183579488808242 4.183579488808242
 105600 8192 29238.939 29238.939 29238.939 59.172817454149076 59.172817454149076 59.172817454149076 7.3966021817686345 7.3966021817686345 7.3966021817686345
 116160 8192 48999.071 48999.071 48999.071 38.84084741116826 38.84084741116826 38.84084741116826 4.855105926396033 4.855105926396033 4.855105926396033
 127680 8192 30000.925 30000.925 30000.925 69.7281540485835 69.7281540485835 69.7281540485835 8.716019256072938 8.716019256072938 8.716019256072938
 140352 4096 19351.959 19351.959 19351.959 59.41329164659764 59.41329164659764 59.41329164659764 7.426661455824705 7.426661455824705 7.426661455824705
 154368 4096 44996.977 44996.977 44996.977 28.103724745775697 28.103724745775697 28.103724745775697 3.512965593221962 3.512965593221962 3.512965593221962
 169728 4096 40997.982 40997.982 40997.982 33.914151579460665 33.914151579460665 33.914151579460665 4.239268947432583 4.239268947432583 4.239268947432583
 186624 4096 43007.135 43007.135 43007.135 35.54814353478789 35.54814353478789 35.54814353478789 4.443517941848486 4.443517941848486 4.443517941848486
 205248 4096 52000.999 52000.999 52000.999 32.333832971170416 32.333832971170416 32.333832971170416 4.041729121396302 4.041729121396302 4.041729121396302
 225600 4096 20288.944 20288.944 20288.944 91.08976790512114 91.08976790512114 91.08976790512114 11.386220988140142 11.386220988140142 11.386220988140142
 248064 4096 30002.832 30002.832 30002.832 67.73161573547456 67.73161573547456 67.73161573547456 8.46645196693432 8.46645196693432 8.46645196693432
 272832 2048 46000.957 46000.957 46000.957 24.293404852425134 24.293404852425134 24.293404852425134 3.0366756065531417 3.0366756065531417 3.0366756065531417
 300096 2048 46000.957 46000.957 46000.957 26.721035738452137 26.721035738452137 26.721035738452137 3.340129467306517 3.340129467306517 3.340129467306517
 330048 2048 38000.822 38000.822 38000.822 35.574930668605006 35.574930668605006 35.574930668605006 4.446866333575626 4.446866333575626 4.446866333575626
 362880 2048 30000.925 30000.925 30000.925 49.543688402940916 49.543688402940916 49.543688402940916 6.1929610503676145 6.1929610503676145 6.1929610503676145
 399168 2048 33999.92 33999.92 33999.92 48.08811691321627 48.08811691321627 48.08811691321627 6.0110146141520335 6.0110146141520335 6.0110146141520335
 438912 2048 51999.092 51999.092 51999.092 34.57336431951543 34.57336431951543 34.57336431951543 4.321670539939428 4.321670539939428 4.321670539939428
 482688 2048 37909.985 37909.985 37909.985 52.15222448650402 52.15222448650402 52.15222448650402 6.519028060813002 6.519028060813002 6.519028060813002
 530880 1024 19003.153 19003.153 19003.153 57.21378131302737 57.21378131302737 57.21378131302737 7.151722664128421 7.151722664128421 7.151722664128421
 583872 1024 26003.122 26003.122 26003.122 45.98562649515701 45.98562649515701 45.98562649515701 5.748203311894626 5.748203311894626 5.748203311894626
 642240 1024 45001.03 45001.03 45001.03 29.228386994697676 29.228386994697676 29.228386994697676 3.6535483743372095 3.6535483743372095 3.6535483743372095
 706368 1024 32002.926 32002.926 32002.926 45.20341871240148 45.20341871240148 45.20341871240148 5.650427339050185 5.650427339050185 5.650427339050185
 776832 1024 35995.96 35995.96 35995.96 44.19806933889247 44.19806933889247 44.19806933889247 5.524758667361559 5.524758667361559 5.524758667361559
 854400 1024 44000.864 44000.864 44000.864 39.76765547149256 39.76765547149256 39.76765547149256 4.97095693393657 4.97095693393657 4.97095693393657
 939840 1024 47996.998 47996.998 47996.998 40.1023480676854 40.1023480676854 40.1023480676854 5.012793508460675 5.012793508460675 5.012793508460675
 1033728 1024 52995.92 52995.92 52995.92 39.94788549760057 39.94788549760057 39.94788549760057 4.993485687200072 4.993485687200072 4.993485687200072
 1137024 512 39996.147 39996.147 39996.147 29.11061848032512 29.11061848032512 29.11061848032512 3.63882731004064 3.63882731004064 3.63882731004064
 1250688 512 51999.092 51999.092 51999.092 24.62936298964605 24.62936298964605 24.62936298964605 3.0786703737057564 3.0786703737057564 3.0786703737057564
 1375680 512 45001.984 45001.984 45001.984 31.302982552947004 31.302982552947004 31.302982552947004 3.9128728191183755 3.9128728191183755 3.9128728191183755
 1513152 512 46000.004 46000.004 46000.004 33.68407637529771 33.68407637529771 33.68407637529771 4.210509546912213 4.210509546912213 4.210509546912213
 1664448 512 42999.029 42999.029 42999.029 39.637982336763926 39.637982336763926 39.637982336763926 4.954747792095491 4.954747792095491 4.954747792095491
 1830720 512 44000.149 44000.149 44000.149 42.605702994323956 42.605702994323956 42.605702994323956 5.3257128742904944 5.3257128742904944 5.3257128742904944
 2013696 512 28586.864 28586.864 28586.864 72.13189610444854 72.13189610444854 72.13189610444854 9.016487013056068 9.016487013056068 9.016487013056068
 2214912 256 68994.999 68994.999 68994.999 16.436480330987468 16.436480330987468 16.436480330987468 2.0545600413734335 2.0545600413734335 2.0545600413734335
 2436288 256 39995.909 39995.909 39995.909 31.187676119575126 31.187676119575126 31.187676119575126 3.898459514946891 3.898459514946891 3.898459514946891
 2679744 256 53000.927 53000.927 53000.927 25.886885487870803 25.886885487870803 25.886885487870803 3.2358606859838503 3.2358606859838503 3.2358606859838503
 2947584 256 30000.925 30000.925 30000.925 50.30388256362096 50.30388256362096 50.30388256362096 6.28798532045262 6.28798532045262 6.28798532045262
 3242304 256 41999.102 41999.102 41999.102 39.52607481940924 39.52607481940924 39.52607481940924 4.940759352426155 4.940759352426155 4.940759352426155
 3566400 256 27999.878 27999.878 27999.878 65.21445557727073 65.21445557727073 65.21445557727073 8.15180694715884 8.15180694715884 8.15180694715884
 3922944 256 27003.05 27003.05 27003.05 74.38223933963016 74.38223933963016 74.38223933963016 9.29777991745377 9.29777991745377 9.29777991745377
 4315200 128 27998.924 27998.924 27998.924 39.454773333432385 39.454773333432385 39.454773333432385 4.931846666679048 4.931846666679048 4.931846666679048
 4746624 128 35010.099 35010.099 35010.099 34.70814932571313 34.70814932571313 34.70814932571313 4.338518665714141 4.338518665714141 4.338518665714141
 5221248 128 25186.062 25186.062 25186.062 53.070602621402266 53.070602621402266 53.070602621402266 6.633825327675283 6.633825327675283 6.633825327675283
 5743296 128 45001.03 45001.03 45001.03 32.672224969072936 32.672224969072936 32.672224969072936 4.084028121134117 4.084028121134117 4.084028121134117
 6317568 128 40004.015 40004.015 40004.015 40.42837720163839 40.42837720163839 40.42837720163839 5.053547150204799 5.053547150204799 5.053547150204799
 6949248 128 45995.951 45995.951 45995.951 38.67748028516684 38.67748028516684 38.67748028516684 4.834685035645855 4.834685035645855 4.834685035645855
 7644096 128 51996.946 51996.946 51996.946 37.63468292926281 37.63468292926281 37.63468292926281 4.704335366157851 4.704335366157851 4.704335366157851
 8408448 64 49999.952 49999.952 49999.952 21.525647544621645 21.525647544621645 21.525647544621645 2.6907059430777056 2.6907059430777056 2.6907059430777056
 9249216 64 51998.854 51998.854 51998.854 22.76780269042083 22.76780269042083 22.76780269042083 2.8459753363026037 2.8459753363026037 2.8459753363026037
 10174080 64 41993.141 41993.141 41993.141 31.011784519762404 31.011784519762404 31.011784519762404 3.8764730649703005 3.8764730649703005 3.8764730649703005
 11191488 64 28533.936 28533.936 28533.936 50.203745603130244 50.203745603130244 50.203745603130244 6.2754682003912805 6.2754682003912805 6.2754682003912805
 12310464 64 40016.174 40016.174 40016.174 39.37756248261015 39.37756248261015 39.37756248261015 4.922195310326269 4.922195310326269 4.922195310326269
 13541376 64 40999.889 40999.889 40999.889 42.27562977060742 42.27562977060742 42.27562977060742 5.284453721325928 5.284453721325928 5.284453721325928
 14895360 64 39995.909 39995.909 39995.909 47.67002745205765 47.67002745205765 47.67002745205765 5.958753431507207 5.958753431507207 5.958753431507207
 16384896 64 51997.9 51997.9 51997.9 40.33368055248385 40.33368055248385 40.33368055248385 5.041710069060481 5.041710069060481 5.041710069060481
 18023232 32 39994.955 39994.955 39994.955 28.840808747003216 28.840808747003216 28.840808747003216 3.605101093375402 3.605101093375402 3.605101093375402
 19825536 32 44996.023 44996.023 44996.023 28.198810014831754 28.198810014831754 28.198810014831754 3.524851251853969 3.524851251853969 3.524851251853969
 21807936 32 26632.071 26632.071 26632.071 52.407036013083626 52.407036013083626 52.407036013083626 6.550879501635453 6.550879501635453 6.550879501635453
 23988672 32 30004.978 30004.978 30004.978 51.167343232179675 51.167343232179675 51.167343232179675 6.395917904022459 6.395917904022459 6.395917904022459
 26387520 32 62994.957 62994.957 62994.957 26.80851548164403 26.80851548164403 26.80851548164403 3.3510644352055037 3.3510644352055037 3.3510644352055037
 29026176 32 48996.925 48996.925 48996.925 37.91411938606351 37.91411938606351 37.91411938606351 4.739264923257939 4.739264923257939 4.739264923257939
 31928640 32 28376.102 28376.102 28376.102 72.01246175390827 72.01246175390827 72.01246175390827 9.001557719238534 9.001557719238534 9.001557719238534
 35121408 16 45994.997 45994.997 45994.997 24.434941391560475 24.434941391560475 24.434941391560475 3.0543676739450594 3.0543676739450594 3.0543676739450594
 38633472 16 43996.811 43996.811 43996.811 28.099107092102653 28.099107092102653 28.099107092102653 3.5123883865128316 3.5123883865128316 3.5123883865128316
 42496704 16 32588.959 32588.959 32588.959 41.72868878689866 41.72868878689866 41.72868878689866 5.216086098362332 5.216086098362332 5.216086098362332
 46746240 16 68995.953 68995.953 68995.953 21.680687271614325 21.680687271614325 21.680687271614325 2.7100859089517906 2.7100859089517906 2.7100859089517906
 51420864 16 31002.998 31002.998 31002.998 53.07446873363666 53.07446873363666 53.07446873363666 6.634308591704582 6.634308591704582 6.634308591704582
 56562816 16 41000.128 41000.128 41000.128 44.14645027449671 44.14645027449671 44.14645027449671 5.5183062843120885 5.5183062843120885 5.5183062843120885
 62218944 16 49996.853 49996.853 49996.853 39.822630596369734 39.822630596369734 39.822630596369734 4.977828824546217 4.977828824546217 4.977828824546217
 68440704 8 29400.11 29400.11 29400.11 37.24650227499149 37.24650227499149 37.24650227499149 4.6558127843739365 4.6558127843739365 4.6558127843739365
 75284736 8 29563.904 29563.904 29563.904 40.74413771604725 40.74413771604725 40.74413771604725 5.093017214505906 5.093017214505906 5.093017214505906
 82813056 8 27830.124 27830.124 27830.124 47.61059979466854 47.61059979466854 47.61059979466854 5.951324974333567 5.951324974333567 5.951324974333567
 91094208 8 53007.126 53007.126 53007.126 27.496441289799414 27.496441289799414 27.496441289799414 3.4370551612249267 3.4370551612249267 3.4370551612249267
 100203456 8 44002.056 44002.056 44002.056 36.435917812567666 36.435917812567666 36.435917812567666 4.554489726570958 4.554489726570958 4.554489726570958
 110223744 8 55008.173 55008.173 55008.173 32.06032499934146 32.06032499934146 32.06032499934146 4.007540624917683 4.007540624917683 4.007540624917683
 121246080 8 30695.2 30695.2 30695.2 63.200020850165494 63.200020850165494 63.200020850165494 7.900002606270687 7.900002606270687 7.900002606270687
 133370688 8 52001.953 52001.953 52001.953 41.03559356703391 41.03559356703391 41.03559356703391 5.129449195879238 5.129449195879238 5.129449195879238
 146707584 4 30735.97 30735.97 30735.97 38.18524913968877 38.18524913968877 38.18524913968877 4.773156142461096 4.773156142461096 4.773156142461096
 161378304 4 43007.135 43007.135 43007.135 30.01888947031696 30.01888947031696 30.01888947031696 3.75236118378962 3.75236118378962 3.75236118378962
 177516096 4 50399.065 50399.065 50399.065 28.17768083594408 28.17768083594408 28.17768083594408 3.52221010449301 3.52221010449301 3.52221010449301
 195267648 4 54009.199 54009.199 54009.199 28.923613253364486 28.923613253364486 28.923613253364486 3.615451656670561 3.615451656670561 3.615451656670561
 214794240 4 57003.021 57003.021 57003.021 30.144962316997198 30.144962316997198 30.144962316997198 3.7681202896246497 3.7681202896246497 3.7681202896246497
 236273664 4 51002.026 51002.026 51002.026 37.06106326050655 37.06106326050655 37.06106326050655 4.632632907563319 4.632632907563319 4.632632907563319
 259900992 4 49999.952 49999.952 49999.952 41.58419864083069 41.58419864083069 41.58419864083069 5.1980248301038365 5.1980248301038365 5.1980248301038365
 285891072 2 62005.997 62005.997 62005.997 18.442801395484377 18.442801395484377 18.442801395484377 2.305350174435547 2.305350174435547 2.305350174435547
 314480064 2 45006.99 45006.99 45006.99 27.94944198667807 27.94944198667807 27.94944198667807 3.493680248334759 3.493680248334759 3.493680248334759
 345927936 2 58002.234 58002.234 58002.234 23.856180160233137 23.856180160233137 23.856180160233137 2.982022520029142 2.982022520029142 2.982022520029142
 380520576 2 53006.172 53006.172 53006.172 28.71519007258249 28.71519007258249 28.71519007258249 3.5893987590728114 3.5893987590728114 3.5893987590728114
 418572480 2 54003.0 54003.0 54003.0 31.003646464085328 31.003646464085328 31.003646464085328 3.875455808010666 3.875455808010666 3.875455808010666
 460429632 2 40001.869 40001.869 40001.869 46.04081194306196 46.04081194306196 46.04081194306196 5.755101492882745 5.755101492882745 5.755101492882745
 506472576 2 52008.152 52008.152 52008.152 38.953322240713334 38.953322240713334 38.953322240713334 4.869165280089167 4.869165280089167 4.869165280089167
 557119680 1 53992.987 53992.987 53992.987 20.636742323591026 20.636742323591026 20.636742323591026 2.5795927904488782 2.5795927904488782 2.5795927904488782
 612831552 1 63999.176 63999.176 63999.176 19.151232572119362 19.151232572119362 19.151232572119362 2.3939040715149202 2.3939040715149202 2.3939040715149202
 674114688 1 52996.874 52996.874 52996.874 25.439790580855764 25.439790580855764 25.439790580855764 3.1799738226069705 3.1799738226069705 3.1799738226069705
 741526080 1 52997.112 52997.112 52997.112 27.98364107085684 27.98364107085684 27.98364107085684 3.497955133857105 3.497955133857105 3.497955133857105
 815678592 1 51390.886 51390.886 51390.886 31.744095324606782 31.744095324606782 31.744095324606782 3.9680119155758478 3.9680119155758478 3.9680119155758478
 897246336 1 58366.06 58366.06 58366.06 30.74548242591671 30.74548242591671 30.74548242591671 3.8431853032395886 3.8431853032395886 3.8431853032395886
 986970816 1 40203.81 40203.81 40203.81 49.09837231844445 49.09837231844445 49.09837231844445 6.137296539805556 6.137296539805556 6.137296539805556
 
META_DATA
 MPI startup(): shm:tmi fabric is unknown or has been removed from the product, please use ofi or shm:ofi instead
 FLOPS          2
 MPI_PROCS      24
 OPENMP_THREADS 1
 ERT_VERSION  1.1.0
 HOSTNAME  ('shas0642.rc.int.colorado.edu', [], ['10.225.7.27'])
 UNAME  uname_result(system='Linux', node='shas0642.rc.int.colorado.edu', release='3.10.0-957.27.2.el7.x86_64', version='#1 SMP Mon Jul 29 17:46:05 UTC 2019', machine='x86_64', processor='x86_64')
 TIMESTAMP_DATA  1664553564.1670167
 CONFIG  {'ERT_RESULTS': ['lab5_results'], 'ERT_DRIVER': ['driver1'], 'ERT_KERNEL': ['kernel1'], 'ERT_MPI': ['True'], 'ERT_MPI_CFLAGS': ['-I/usr/include/mpi'], 'ERT_MPI_LDFLAGS': ['-lmpi'], 'ERT_OPENMP': ['True'], 'ERT_OPENMP_CFLAGS': ['-qopenmp'], 'ERT_OPENMP_LDFLAGS': ['-qopenmp'], 'ERT_FLOPS': ['1,2,4,8,16'], 'ERT_ALIGN': ['32'], 'ERT_CC': ['mpicc'], 'ERT_CFLAGS': ['-O3', '-msse3', '-axSSE3', '-xSSE3', '-fno-alias', '-fno-fnalias', '-DERT_INTEL', '-std=c++11'], 'ERT_LD': ['mpicc'], 'ERT_LDFLAGS': [], 'ERT_LDLIBS': [], 'ERT_PRECISION': ['FP64'], 'ERT_RUN': ['export', 'OMP_NUM_THREADS=ERT_OPENMP_THREADS;', 'mpirun', '-np', 'ERT_MPI_PROCS', 'ERT_CODE'], 'ERT_PROCS_THREADS': ['1-24'], 'ERT_MPI_PROCS': ['24'], 'ERT_OPENMP_THREADS': ['1'], 'ERT_NUM_EXPERIMENTS': ['1'], 'ERT_MEMORY_MAX': ['1073741824'], 'ERT_WORKING_SET_MIN': ['1'], 'ERT_TRIALS_MIN': ['1'], 'ERT_GNUPLOT': ['gnuplot'], 'ERT_GPU': [False], 'ERT_HIP': [False], 'ERT_OCL': [False], 'ERT_SYCL': [False], 'ERT_WSS_MULT': [1.1]}
 