fp64
 64 16777216 122996.092 122996.092 122996.092 17.459771388508834 17.459771388508834 17.459771388508834 1.0912357117818021 1.0912357117818021 1.0912357117818021
 128 8388608 67997.932 67997.932 67997.932 31.581602334612178 31.581602334612178 31.581602334612178 1.9738501459132611 1.9738501459132611 1.9738501459132611
 192 4194304 49999.952 49999.952 49999.952 32.21228564379422 32.21228564379422 32.21228564379422 2.0132678527371386 2.0132678527371386 2.0132678527371386
 256 4194304 62000.99 62000.99 62000.99 34.63627996907792 34.63627996907792 34.63627996907792 2.16476749806737 2.16476749806737 2.16476749806737
 320 2097152 53305.149 53305.149 53305.149 25.179130068654345 25.179130068654345 25.179130068654345 1.5736956292908966 1.5736956292908966 1.5736956292908966
 384 2097152 41001.081 41001.081 41001.081 39.282201754631785 39.282201754631785 39.282201754631785 2.4551376096644866 2.4551376096644866 2.4551376096644866
 448 2097152 47995.09 47995.09 47995.09 39.150842138227056 39.150842138227056 39.150842138227056 2.446927633639191 2.446927633639191 2.446927633639191
 512 2097152 37803.888 37803.888 37803.888 56.80589382764016 56.80589382764016 56.80589382764016 3.55036836422751 3.55036836422751 3.55036836422751
 576 1048576 41998.863 41998.863 41998.863 28.76172033514336 28.76172033514336 28.76172033514336 1.79760752094646 1.79760752094646 1.79760752094646
 640 1048576 32426.834 32426.834 32426.834 41.390944302487256 41.390944302487256 41.390944302487256 2.5869340189054535 2.5869340189054535 2.5869340189054535
 704 1048576 33999.92 33999.92 33999.92 43.423484761140614 43.423484761140614 43.423484761140614 2.7139677975712884 2.7139677975712884 2.7139677975712884
 768 1048576 60998.917 60998.917 60998.917 26.403956253846278 26.403956253846278 26.403956253846278 1.6502472658653924 1.6502472658653924 1.6502472658653924
 832 1048576 35002.947 35002.947 35002.947 49.848101761260274 49.848101761260274 49.848101761260274 3.115506360078767 3.115506360078767 3.115506360078767
 896 1048576 34667.015 34667.015 34667.015 54.20276859718092 54.20276859718092 54.20276859718092 3.3876730373238075 3.3876730373238075 3.3876730373238075
 960 1048576 32998.085 32998.085 32998.085 61.011598703379306 61.011598703379306 61.011598703379306 3.8132249189612066 3.8132249189612066 3.8132249189612066
 1024 1048576 41998.148 41998.148 41998.148 51.13281776139272 51.13281776139272 51.13281776139272 3.195801110087045 3.195801110087045 3.195801110087045
 1088 524288 31001.091 31001.091 31001.091 36.80033996222907 36.80033996222907 36.80033996222907 2.3000212476393167 2.3000212476393167 2.3000212476393167
 1152 524288 25999.069 25999.069 25999.069 46.461646453571085 46.461646453571085 46.461646453571085 2.903852903348193 2.903852903348193 2.903852903348193
 1216 524288 28522.968 28522.968 28522.968 44.70321657970518 44.70321657970518 44.70321657970518 2.7939510362315736 2.7939510362315736 2.7939510362315736
 1280 524288 29042.006 29042.006 29042.006 46.2150334932098 46.2150334932098 46.2150334932098 2.8884395933256126 2.8884395933256126 2.8884395933256126
 1408 524288 29005.051 29005.051 29005.051 50.90130708613475 50.90130708613475 50.90130708613475 3.181331692883422 3.181331692883422 3.181331692883422
 1536 524288 27962.208 27962.208 27962.208 57.599626467266106 57.599626467266106 57.599626467266106 3.5999766542041316 3.5999766542041316 3.5999766542041316
 1664 524288 51986.933 51986.933 51986.933 33.56286596095215 33.56286596095215 33.56286596095215 2.0976791225595095 2.0976791225595095 2.0976791225595095
 1792 524288 30592.918 30592.918 30592.918 61.42101881226237 61.42101881226237 61.42101881226237 3.838813675766398 3.838813675766398 3.838813675766398
 1920 524288 25999.069 25999.069 25999.069 77.43607742261847 77.43607742261847 77.43607742261847 4.839754838913654 4.839754838913654 4.839754838913654
 2112 262144 31152.01 31152.01 31152.01 35.54493774238003 35.54493774238003 35.54493774238003 2.221558608898752 2.221558608898752 2.221558608898752
 2304 262144 39999.008 39999.008 39999.008 30.199737753496283 30.199737753496283 30.199737753496283 1.8874836095935177 1.8874836095935177 1.8874836095935177
 2496 262144 24688.005 24688.005 24688.005 53.006423483793036 53.006423483793036 53.006423483793036 3.3129014677370647 3.3129014677370647 3.3129014677370647
 2688 262144 41997.91 41997.91 41997.91 33.55610181554272 33.55610181554272 33.55610181554272 2.09725636347142 2.09725636347142 2.09725636347142
 2944 262144 40997.028 40997.028 40997.028 37.64916500776593 37.64916500776593 37.64916500776593 2.3530728129853706 2.3530728129853706 2.3530728129853706
 3200 262144 28413.057 28413.057 28413.057 59.04755690315195 59.04755690315195 59.04755690315195 3.690472306446997 3.690472306446997 3.690472306446997
 3520 262144 26614.189 26614.189 26614.189 69.34247592515406 69.34247592515406 69.34247592515406 4.333904745322129 4.333904745322129 4.333904745322129
 3840 262144 41997.91 41997.91 41997.91 47.937288307918166 47.937288307918166 47.937288307918166 2.9960805192448854 2.9960805192448854 2.9960805192448854
 4224 131072 26000.023 26000.023 26000.023 42.58827986421396 42.58827986421396 42.58827986421396 2.6617674915133724 2.6617674915133724 2.6617674915133724
 4608 131072 28465.033 28465.033 28465.033 42.436611684237285 42.436611684237285 42.436611684237285 2.6522882302648303 2.6522882302648303 2.6522882302648303
 5056 131072 28843.164 28843.164 28843.164 45.95196504793996 45.95196504793996 45.95196504793996 2.8719978154962473 2.8719978154962473 2.8719978154962473
 5504 131072 40998.936 40998.936 40998.936 35.19214684010336 35.19214684010336 35.19214684010336 2.19950917750646 2.19950917750646 2.19950917750646
 6016 131072 28023.958 28023.958 28023.958 56.275359247969185 56.275359247969185 56.275359247969185 3.517209952998074 3.517209952998074 3.517209952998074
 6592 131072 20518.064 20518.064 20518.064 84.22106725078936 84.22106725078936 84.22106725078936 5.263816703174335 5.263816703174335 5.263816703174335
 7232 131072 41999.817 41999.817 41999.817 45.13889686709825 45.13889686709825 45.13889686709825 2.821181054193641 2.821181054193641 2.821181054193641
 7936 131072 41999.102 41999.102 41999.102 49.53379203202964 49.53379203202964 49.53379203202964 3.0958620020018524 3.0958620020018524 3.0958620020018524
 8704 65536 22155.046 22155.046 22155.046 51.49394354676583 51.49394354676583 51.49394354676583 3.218371471672864 3.218371471672864 3.218371471672864
 9536 65536 28970.957 28970.957 28970.957 43.14329664705242 43.14329664705242 43.14329664705242 2.6964560404407765 2.6964560404407765 2.6964560404407765
 10432 65536 28506.041 28506.041 28506.041 47.9667837424355 47.9667837424355 47.9667837424355 2.997923983902219 2.997923983902219 2.997923983902219
 11456 65536 40997.982 40997.982 40997.982 36.625237603158126 36.625237603158126 36.625237603158126 2.289077350197383 2.289077350197383 2.289077350197383
 12544 65536 26000.023 26000.023 26000.023 63.23714282868134 63.23714282868134 63.23714282868134 3.952321426792584 3.952321426792584 3.952321426792584
 13760 65536 55998.087 55998.087 55998.087 32.207363083671055 32.207363083671055 32.207363083671055 2.012960192729441 2.012960192729441 2.012960192729441
 15104 65536 20632.029 20632.029 20632.029 95.95331065112404 95.95331065112404 95.95331065112404 5.997081915695253 5.997081915695253 5.997081915695253
 16576 32768 25988.102 25988.102 25988.102 41.8008493271267 41.8008493271267 41.8008493271267 2.6125530829454187 2.6125530829454187 2.6125530829454187
 18176 32768 28177.977 28177.977 28177.977 42.27352219075202 42.27352219075202 42.27352219075202 2.642095136922001 2.642095136922001 2.642095136922001
 19968 32768 28997.898 28997.898 28997.898 45.12819680929976 45.12819680929976 45.12819680929976 2.820512300581235 2.820512300581235 2.820512300581235
 21952 32768 41997.91 41997.91 41997.91 34.25518727003319 34.25518727003319 34.25518727003319 2.1409492043770744 2.1409492043770744 2.1409492043770744
 24128 32768 34001.112 34001.112 34001.112 46.50590863028245 46.50590863028245 46.50590863028245 2.906619289392653 2.906619289392653 2.906619289392653
 26496 32768 32158.852 32158.852 32158.852 53.99576626678091 53.99576626678091 53.99576626678091 3.374735391673807 3.374735391673807 3.374735391673807
 29120 32768 29670.954 29670.954 29670.954 64.3190751466906 64.3190751466906 64.3190751466906 4.019942196668162 4.019942196668162 4.019942196668162
 32000 32768 24002.075 24002.075 24002.075 87.37377914201167 87.37377914201167 87.37377914201167 5.460861196375729 5.460861196375729 5.460861196375729
 35200 16384 25999.069 25999.069 25999.069 44.36441935670851 44.36441935670851 44.36441935670851 2.772776209794282 2.772776209794282 2.772776209794282
 38720 16384 26000.023 26000.023 26000.023 48.79907067774517 48.79907067774517 48.79907067774517 3.049941917359073 3.049941917359073 3.049941917359073
 42560 16384 26000.023 26000.023 26000.023 53.63864793504221 53.63864793504221 53.63864793504221 3.352415495940138 3.352415495940138 3.352415495940138
 46784 16384 28037.071 28037.071 28037.071 54.6782548005817 54.6782548005817 54.6782548005817 3.417390925036356 3.417390925036356 3.417390925036356
 51456 16384 44998.884 44998.884 44998.884 37.470044990449104 37.470044990449104 37.470044990449104 2.341877811903069 2.341877811903069 2.341877811903069
 56576 16384 27001.143 27001.143 27001.143 68.65940334451767 68.65940334451767 68.65940334451767 4.291212709032354 4.291212709032354 4.291212709032354
 62208 16384 29752.97 29752.97 29752.97 68.51187441119323 68.51187441119323 68.51187441119323 4.281992150699577 4.281992150699577 4.281992150699577
 68416 8192 44996.023 44996.023 44996.023 24.911707063533147 24.911707063533147 24.911707063533147 1.5569816914708217 1.5569816914708217 1.5569816914708217
 75200 8192 26000.023 26000.023 26000.023 47.38752731103353 47.38752731103353 47.38752731103353 2.9617204569395956 2.9617204569395956 2.9617204569395956
 82688 8192 28494.12 28494.12 28494.12 47.54525467008633 47.54525467008633 47.54525467008633 2.9715784168803956 2.9715784168803956 2.9715784168803956
 90944 8192 40997.982 40997.982 40997.982 36.34389848749141 36.34389848749141 36.34389848749141 2.271493655468213 2.271493655468213 2.271493655468213
 100032 8192 29002.19 29002.19 29002.19 56.51036311395795 56.51036311395795 56.51036311395795 3.531897694622372 3.531897694622372 3.531897694622372
 110016 8192 41998.863 41998.863 41998.863 42.91787956259673 42.91787956259673 42.91787956259673 2.6823674726622957 2.6823674726622957 2.6823674726622957
 120960 8192 31587.839 31587.839 31587.839 62.739608113109604 62.739608113109604 62.739608113109604 3.9212255070693502 3.9212255070693502 3.9212255070693502
 133056 4096 30973.911 30973.911 30973.911 35.19073687530128 35.19073687530128 35.19073687530128 2.19942105470633 2.19942105470633 2.19942105470633
 146304 4096 26000.977 26000.977 26000.977 46.095282034978915 46.095282034978915 46.095282034978915 2.880955127186182 2.880955127186182 2.880955127186182
 160896 4096 46998.978 46998.978 46998.978 28.044440285488758 28.044440285488758 28.044440285488758 1.7527775178430474 1.7527775178430474 1.7527775178430474
 176960 4096 28624.058 28624.058 28624.058 50.64468217609118 50.64468217609118 50.64468217609118 3.1652926360056988 3.1652926360056988 3.1652926360056988
 194624 4096 28872.967 28872.967 28872.967 55.21981194381583 55.21981194381583 55.21981194381583 3.451238246488489 3.451238246488489 3.451238246488489
 214080 4096 28352.976 28352.976 28352.976 61.853942951173806 61.853942951173806 61.853942951173806 3.865871434448363 3.865871434448363 3.865871434448363
 235456 4096 42639.971 42639.971 42639.971 45.23585515571762 45.23585515571762 45.23585515571762 2.8272409472323514 2.8272409472323514 2.8272409472323514
 258944 4096 25650.978 25650.978 25650.978 82.69740233686217 82.69740233686217 82.69740233686217 5.1685876460538855 5.1685876460538855 5.1685876460538855
 284800 2048 28321.028 28321.028 28321.028 41.18991725865318 41.18991725865318 41.18991725865318 2.574369828665824 2.574369828665824 2.574369828665824
 313280 2048 27693.987 27693.987 27693.987 46.33478307041886 46.33478307041886 46.33478307041886 2.8959239419011786 2.8959239419011786 2.8959239419011786
 344576 2048 31836.987 31836.987 31836.987 44.33155989290066 44.33155989290066 44.33155989290066 2.770722493306291 2.770722493306291 2.770722493306291
 379008 2048 33134.937 33134.937 33134.937 46.85135716419199 46.85135716419199 46.85135716419199 2.9282098227619993 2.9282098227619993 2.9282098227619993
 416896 2048 47997.952 47997.952 47997.952 35.57664327011286 35.57664327011286 35.57664327011286 2.223540204382054 2.223540204382054 2.223540204382054
 458560 2048 29810.905 29810.905 29810.905 63.00586178111668 63.00586178111668 63.00586178111668 3.9378663613197924 3.9378663613197924 3.9378663613197924
 504384 2048 29328.108 29328.108 29328.108 70.44289607771493 70.44289607771493 70.44289607771493 4.402681004857183 4.402681004857183 4.402681004857183
 554816 1024 26000.023 26000.023 26000.023 43.70239087865422 43.70239087865422 43.70239087865422 2.731399429915889 2.731399429915889 2.731399429915889
 610240 1024 20576.954 20576.954 20576.954 60.73646857547526 60.73646857547526 60.73646857547526 3.7960292859672036 3.7960292859672036 3.7960292859672036
 671232 1024 27235.031 27235.031 27235.031 50.47481444026996 50.47481444026996 50.47481444026996 3.1546759025168725 3.1546759025168725 3.1546759025168725
 738304 1024 42999.983 42999.983 42999.983 35.16388813456042 35.16388813456042 35.16388813456042 2.1977430084100265 2.1977430084100265 2.1977430084100265
 812096 1024 41999.102 41999.102 41999.102 39.60019449939668 39.60019449939668 39.60019449939668 2.4750121562122924 2.4750121562122924 2.4750121562122924
 893248 1024 42999.029 42999.029 42999.029 42.544493365187385 42.544493365187385 42.544493365187385 2.6590308353242116 2.6590308353242116 2.6590308353242116
 982528 1024 30376.911 30376.911 30376.911 66.24167098491351 66.24167098491351 66.24167098491351 4.1401044365570945 4.1401044365570945 4.1401044365570945
 1080768 512 34000.874 34000.874 34000.874 32.549352466645416 32.549352466645416 32.549352466645416 2.0343345291653385 2.0343345291653385 2.0343345291653385
 1188800 512 33002.138 33002.138 33002.138 36.886434448580275 36.886434448580275 36.886434448580275 2.305402153036267 2.305402153036267 2.305402153036267
 1307648 512 47997.952 47997.952 47997.952 27.897680967721293 27.897680967721293 27.897680967721293 1.7436050604825808 1.7436050604825808 1.7436050604825808
 1438400 512 41998.863 41998.863 41998.863 35.070511313603895 35.070511313603895 35.070511313603895 2.1919069571002434 2.1919069571002434 2.1919069571002434
 1582208 512 41999.817 41999.817 41999.817 38.575905985495126 38.575905985495126 38.575905985495126 2.4109941240934454 2.4109941240934454 2.4109941240934454
 1740416 512 49000.025 49000.025 49000.025 36.37112397391634 36.37112397391634 36.37112397391634 2.2731952483697713 2.2731952483697713 2.2731952483697713
 1914432 512 53000.212 53000.212 53000.212 36.988123141847055 36.988123141847055 36.988123141847055 2.311757696365441 2.311757696365441 2.311757696365441
 2105856 256 28001.07 28001.07 28001.07 38.50560967848729 38.50560967848729 38.50560967848729 2.4066006049054556 2.4066006049054556 2.4066006049054556
 2316416 256 34000.874 34000.874 34000.874 34.88160310232025 34.88160310232025 34.88160310232025 2.1801001938950155 2.1801001938950155 2.1801001938950155
 2548032 256 26001.215 26001.215 26001.215 50.174285470890496 50.174285470890496 50.174285470890496 3.135892841930656 3.135892841930656 3.135892841930656
 2802816 256 30193.09 30193.09 30193.09 47.52881510305835 47.52881510305835 47.52881510305835 2.970550943941147 2.970550943941147 2.970550943941147
 3083072 256 26000.023 26000.023 26000.023 60.71274875410687 60.71274875410687 60.71274875410687 3.7945467971316793 3.7945467971316793 3.7945467971316793
 3391360 256 32001.972 32001.972 32001.972 54.25841632509396 54.25841632509396 54.25841632509396 3.3911510203183726 3.3911510203183726 3.3911510203183726
 3730496 256 31157.97 31157.97 31157.97 61.30097538446824 61.30097538446824 61.30097538446824 3.831310961529265 3.831310961529265 3.831310961529265
 4103488 256 55001.02 55001.02 55001.02 38.19903441790716 38.19903441790716 38.19903441790716 2.3874396511191973 2.3874396511191973 2.3874396511191973
 4513792 128 34803.867 34803.867 34803.867 33.201217324500185 33.201217324500185 33.201217324500185 2.0750760827812615 2.0750760827812615 2.0750760827812615
 4965120 128 51989.079 51989.079 51989.079 24.448802410983276 24.448802410983276 24.448802410983276 1.5280501506864548 1.5280501506864548 1.5280501506864548
 5461632 128 49988.985 49988.985 49988.985 27.969717568780403 27.969717568780403 27.969717568780403 1.7481073480487752 1.7481073480487752 1.7481073480487752
 6007744 128 42011.023 42011.023 42011.023 36.60902197025766 36.60902197025766 36.60902197025766 2.2880638731411036 2.2880638731411036 2.2880638731411036
 6608512 128 42000.055 42000.055 42000.055 40.28040134709347 40.28040134709347 40.28040134709347 2.517525084193342 2.517525084193342 2.517525084193342
 7269312 128 50997.972 50997.972 50997.972 36.490546565263415 36.490546565263415 36.490546565263415 2.2806591603289634 2.2806591603289634 2.2806591603289634
 7996224 128 32276.154 32276.154 32276.154 63.422467992933726 63.422467992933726 63.422467992933726 3.963904249558358 3.963904249558358 3.963904249558358
 8795840 64 29797.077 29797.077 29797.077 37.784495438931806 37.784495438931806 37.784495438931806 2.361530964933238 2.361530964933238 2.361530964933238
 9675392 64 54997.921 54997.921 54997.921 22.518127112477575 22.518127112477575 22.518127112477575 1.4073829445298485 1.4073829445298485 1.4073829445298485
 10642880 64 41115.046 41115.046 41115.046 33.13357937140579 33.13357937140579 33.13357937140579 2.0708487107128617 2.0708487107128617 2.0708487107128617
 11707136 64 40997.982 40997.982 40997.982 36.550906529984815 36.550906529984815 36.550906529984815 2.284431658124051 2.284431658124051 2.284431658124051
 12877824 64 41999.817 41999.817 41999.817 39.24687271851684 39.24687271851684 39.24687271851684 2.4529295449073025 2.4529295449073025 2.4529295449073025
 14165568 64 42001.009 42001.009 42001.009 43.170217744054675 43.170217744054675 43.170217744054675 2.698138609003417 2.698138609003417 2.698138609003417
 15582080 64 35028.934 35028.934 35028.934 56.938822060642785 56.938822060642785 56.938822060642785 3.558676378790174 3.558676378790174 3.558676378790174
 17140288 32 29651.165 29651.165 29651.165 36.996132597150904 36.996132597150904 36.996132597150904 2.3122582873219315 2.3122582873219315 2.3122582873219315
 18854272 32 21985.769 21985.769 21985.769 54.88429392667593 54.88429392667593 54.88429392667593 3.4302683704172456 3.4302683704172456 3.4302683704172456
 20739648 32 41999.102 41999.102 41999.102 31.603948865382886 31.603948865382886 31.603948865382886 1.9752468040864304 1.9752468040864304 1.9752468040864304
 22813568 32 41996.956 41996.956 41996.956 34.76605190147591 34.76605190147591 34.76605190147591 2.1728782438422445 2.1728782438422445 2.1728782438422445
 25094912 32 26197.91 26197.91 26197.91 61.30543879263651 61.30543879263651 61.30543879263651 3.8315899245397818 3.8315899245397818 3.8315899245397818
 27604352 32 46001.911 46001.911 46001.911 38.40445950169331 38.40445950169331 38.40445950169331 2.400278718855832 2.400278718855832 2.400278718855832
 30364736 32 35605.192 35605.192 35605.192 54.58032929579483 54.58032929579483 54.58032929579483 3.411270580987177 3.411270580987177 3.411270580987177
 33401152 32 41998.863 41998.863 41998.863 50.898371415435705 50.898371415435705 50.898371415435705 3.1811482134647315 3.1811482134647315 3.1811482134647315
 36741248 16 41996.002 41996.002 41996.002 27.99599676178699 27.99599676178699 27.99599676178699 1.749749797611687 1.749749797611687 1.749749797611687
 40415360 16 26000.977 26000.977 26000.977 49.74011245808187 49.74011245808187 49.74011245808187 3.1087570286301167 3.1087570286301167 3.1087570286301167
 44456896 16 26000.023 26000.023 26000.023 54.71613128957617 54.71613128957617 54.71613128957617 3.4197582055985105 3.4197582055985105 3.4197582055985105
 48902528 16 45008.898 45008.898 45008.898 34.768256179033756 34.768256179033756 34.768256179033756 2.1730160111896097 2.1730160111896097 2.1730160111896097
 53792768 16 52000.046 52000.046 52000.046 33.10321256254273 33.10321256254273 33.10321256254273 2.0689507851589206 2.0689507851589206 2.0689507851589206
 59172032 16 51174.879 51174.879 51174.879 37.00067417843822 37.00067417843822 37.00067417843822 2.3125421361523886 2.3125421361523886 2.3125421361523886
 65089216 16 47001.839 47001.839 47001.839 44.314328041504936 44.314328041504936 44.314328041504936 2.7696455025940585 2.7696455025940585 2.7696455025940585
 71598080 8 34005.165 34005.165 34005.165 33.68809649945824 33.68809649945824 33.68809649945824 2.10550603121614 2.10550603121614 2.10550603121614
 78757888 8 43267.965 43267.965 43267.965 29.123768774426992 29.123768774426992 29.123768774426992 1.820235548401687 1.820235548401687 1.820235548401687
 86633664 8 42001.963 42001.963 42001.963 33.00175813211396 33.00175813211396 33.00175813211396 2.0626098832571227 2.0626098832571227 2.0626098832571227
 95297024 8 42004.824 42004.824 42004.824 36.29945893833527 36.29945893833527 36.29945893833527 2.2687161836459544 2.2687161836459544 2.2687161836459544
 104826688 8 36383.152 36383.152 36383.152 46.09900230744164 46.09900230744164 46.09900230744164 2.8811876442151023 2.8811876442151023 2.8811876442151023
 115309312 8 42004.824 42004.824 42004.824 43.922312161098446 43.922312161098446 43.922312161098446 2.745144510068653 2.745144510068653 2.745144510068653
 126840192 8 36644.936 36644.936 36644.936 55.38126937921244 55.38126937921244 55.38126937921244 3.4613293362007775 3.4613293362007775 3.4613293362007775
 139524160 4 33043.861 33043.861 33043.861 33.77914221343566 33.77914221343566 33.77914221343566 2.111196388339729 2.111196388339729 2.111196388339729
 153476544 4 42176.008 42176.008 42176.008 29.111630289903207 29.111630289903207 29.111630289903207 1.8194768931189504 1.8194768931189504 1.8194768931189504
 168824192 4 55015.087 55015.087 55015.087 24.549511954784332 24.549511954784332 24.549511954784332 1.5343444971740208 1.5343444971740208 1.5343444971740208
 185706560 4 55006.027 55006.027 55006.027 27.008903587965005 27.008903587965005 27.008903587965005 1.6880564742478128 1.6880564742478128 1.6880564742478128
 204277184 4 51644.087 51644.087 51644.087 31.643844763873936 31.643844763873936 31.643844763873936 1.977740297742121 1.977740297742121 1.977740297742121
 224704896 4 51390.171 51390.171 51390.171 34.98021378446084 34.98021378446084 34.98021378446084 2.1862633615288023 2.1862633615288023 2.1862633615288023
 247175360 4 57889.938 57889.938 57889.938 34.15797197778999 34.15797197778999 34.15797197778999 2.1348732486118744 2.1348732486118744 2.1348732486118744
 271892864 2 55006.981 55006.981 55006.981 19.771516928005923 19.771516928005923 19.771516928005923 1.2357198080003702 1.2357198080003702 1.2357198080003702
 299082112 2 52005.053 52005.053 52005.053 23.004080930366516 23.004080930366516 23.004080930366516 1.4377550581479073 1.4377550581479073 1.4377550581479073
 328990272 2 35324.097 35324.097 35324.097 37.253920121440046 37.253920121440046 37.253920121440046 2.328370007590003 2.328370007590003 2.328370007590003
 361889280 2 51015.854 51015.854 51015.854 28.374652318865426 28.374652318865426 28.374652318865426 1.7734157699290891 1.7734157699290891 1.7734157699290891
 398078208 2 52008.152 52008.152 52008.152 30.61660087441676 30.61660087441676 30.61660087441676 1.9135375546510476 1.9135375546510476 1.9135375546510476
 437886016 2 49295.902 49295.902 49295.902 35.531230648746416 35.531230648746416 35.531230648746416 2.220701915546651 2.220701915546651 2.220701915546651
 481674560 2 52013.874 52013.874 52013.874 37.042006138592946 37.042006138592946 37.042006138592946 2.315125383662059 2.315125383662059 2.315125383662059
 529841984 2 61815.023 61815.023 61815.023 34.28564502839383 34.28564502839383 34.28564502839383 2.1428528142746144 2.1428528142746144 2.1428528142746144
 582826176 1 32469.988 32469.988 32469.988 35.899377357330714 35.899377357330714 35.899377357330714 2.2437110848331696 2.2437110848331696 2.2437110848331696
 641108736 1 34762.859 34762.859 34762.859 36.88469558847274 36.88469558847274 36.88469558847274 2.305293474279546 2.305293474279546 2.305293474279546
 705219584 1 40637.016 40637.016 40637.016 34.708236648084586 34.708236648084586 34.708236648084586 2.1692647905052866 2.1692647905052866 2.1692647905052866
 775741504 1 56004.047 56004.047 56004.047 27.703051674104906 27.703051674104906 27.703051674104906 1.7314407296315566 1.7314407296315566 1.7314407296315566
 853315648 1 50993.919 50993.919 50993.919 33.46734923432734 33.46734923432734 33.46734923432734 2.0917093271454585 2.0917093271454585 2.0917093271454585
 938647168 1 50832.033 50832.033 50832.033 36.93132509573245 36.93132509573245 36.93132509573245 2.308207818483278 2.308207818483278 2.308207818483278
 1032511872 1 52157.164 52157.164 52157.164 39.59233182233604 39.59233182233604 39.59233182233604 2.4745207388960027 2.4745207388960027 2.4745207388960027
 
META_DATA
 MPI startup(): shm:tmi fabric is unknown or has been removed from the product, please use ofi or shm:ofi instead
 FLOPS          1
 MPI_PROCS      8
 OPENMP_THREADS 1
 ERT_VERSION  1.1.0
 HOSTNAME  ('shas0642.rc.int.colorado.edu', [], ['10.225.7.27'])
 UNAME  uname_result(system='Linux', node='shas0642.rc.int.colorado.edu', release='3.10.0-957.27.2.el7.x86_64', version='#1 SMP Mon Jul 29 17:46:05 UTC 2019', machine='x86_64', processor='x86_64')
 TIMESTAMP_DATA  1664551357.6783688
 CONFIG  {'ERT_RESULTS': ['lab5_results'], 'ERT_DRIVER': ['driver1'], 'ERT_KERNEL': ['kernel1'], 'ERT_MPI': ['True'], 'ERT_MPI_CFLAGS': ['-I/usr/include/mpi'], 'ERT_MPI_LDFLAGS': ['-lmpi'], 'ERT_OPENMP': ['True'], 'ERT_OPENMP_CFLAGS': ['-qopenmp'], 'ERT_OPENMP_LDFLAGS': ['-qopenmp'], 'ERT_FLOPS': ['1,2,4,8,16'], 'ERT_ALIGN': ['32'], 'ERT_CC': ['mpicc'], 'ERT_CFLAGS': ['-O3', '-msse3', '-axSSE3', '-xSSE3', '-fno-alias', '-fno-fnalias', '-DERT_INTEL', '-std=c++11'], 'ERT_LD': ['mpicc'], 'ERT_LDFLAGS': [], 'ERT_LDLIBS': [], 'ERT_PRECISION': ['FP64'], 'ERT_RUN': ['export', 'OMP_NUM_THREADS=ERT_OPENMP_THREADS;', 'mpirun', '-np', 'ERT_MPI_PROCS', 'ERT_CODE'], 'ERT_PROCS_THREADS': ['1-24'], 'ERT_MPI_PROCS': ['1,2,4,8,12,24'], 'ERT_OPENMP_THREADS': ['1,2,4,8,12,24'], 'ERT_NUM_EXPERIMENTS': ['1'], 'ERT_MEMORY_MAX': ['1073741824'], 'ERT_WORKING_SET_MIN': ['1'], 'ERT_TRIALS_MIN': ['1'], 'ERT_GNUPLOT': ['gnuplot'], 'ERT_GPU': [False], 'ERT_HIP': [False], 'ERT_OCL': [False], 'ERT_SYCL': [False], 'ERT_WSS_MULT': [1.1]}
 