fp64
 16 67108864 184861.898 184861.898 184861.898 11.616691547762862 11.616691547762862 11.616691547762862 1.4520864434703578 1.4520864434703578 1.4520864434703578
 32 33554432 102494.001 102494.001 102494.001 20.95228625136802 20.95228625136802 20.95228625136802 2.6190357814210024 2.6190357814210024 2.6190357814210024
 48 16777216 50506.115 50506.115 50506.115 31.889460038650768 31.889460038650768 31.889460038650768 3.986182504831346 3.986182504831346 3.986182504831346
 64 16777216 70084.095 70084.095 70084.095 30.64152641194839 30.64152641194839 30.64152641194839 3.830190801493549 3.830190801493549 3.830190801493549
 80 8388608 26944.876 26944.876 26944.876 49.811967217811656 49.811967217811656 49.811967217811656 6.226495902226457 6.226495902226457 6.226495902226457
 96 8388608 41597.843 41597.843 41597.843 38.71865990743799 38.71865990743799 38.71865990743799 4.839832488429749 4.839832488429749 4.839832488429749
 112 8388608 30683.994 30683.994 30683.994 61.23870940660463 61.23870940660463 61.23870940660463 7.654838675825578 7.654838675825578 7.654838675825578
 128 8388608 46025.991 46025.991 46025.991 46.65806430979401 46.65806430979401 46.65806430979401 5.832258038724251 5.832258038724251 5.832258038724251
 144 4194304 23261.07 23261.07 23261.07 51.930523918289225 51.930523918289225 51.930523918289225 6.491315489786153 6.491315489786153 6.491315489786153
 160 4194304 25985.956 25985.956 25985.956 51.65010207821487 51.65010207821487 51.65010207821487 6.456262759776859 6.456262759776859 6.456262759776859
 176 4194304 27287.006 27287.006 27287.006 54.10615616825092 54.10615616825092 54.10615616825092 6.763269521031365 6.763269521031365 6.763269521031365
 192 4194304 29477.119 29477.119 29477.119 54.63942171553468 54.63942171553468 54.63942171553468 6.829927714441835 6.829927714441835 6.829927714441835
 208 4194304 31100.988 31100.988 31100.988 56.102091161862774 56.102091161862774 56.102091161862774 7.012761395232847 7.012761395232847 7.012761395232847
 224 4194304 33437.967 33437.967 33437.967 56.195048939428645 56.195048939428645 56.195048939428645 7.024381117428581 7.024381117428581 7.024381117428581
 240 4194304 34894.943 34894.943 34894.943 57.695062576832406 57.695062576832406 57.695062576832406 7.211882822104051 7.211882822104051 7.211882822104051
 256 4194304 15920.877 15920.877 15920.877 134.88475842128548 134.88475842128548 134.88475842128548 16.860594802660685 16.860594802660685 16.860594802660685
 272 2097152 10260.82 10260.82 10260.82 111.18513802990404 111.18513802990404 111.18513802990404 13.898142253738005 13.898142253738005 13.898142253738005
 288 2097152 10299.921 10299.921 10299.921 117.27852592267455 117.27852592267455 117.27852592267455 14.659815740334318 14.659815740334318 14.659815740334318
 304 2097152 11485.1 11485.1 11485.1 111.01935690590417 111.01935690590417 111.01935690590417 13.877419613238022 13.877419613238022 13.877419613238022
 320 2097152 12326.956 12326.956 12326.956 108.8814854210561 108.8814854210561 108.8814854210561 13.610185677632012 13.610185677632012 13.610185677632012
 352 2097152 14209.032 14209.032 14209.032 103.90538975491081 103.90538975491081 103.90538975491081 12.988173719363852 12.988173719363852 12.988173719363852
 384 2097152 16095.161 16095.161 16095.161 100.0681345157094 100.0681345157094 100.0681345157094 12.508516814463675 12.508516814463675 12.508516814463675
 416 2097152 18377.066 18377.066 18377.066 94.94608464702692 94.94608464702692 94.94608464702692 11.868260580878365 11.868260580878365 11.868260580878365
 448 2097152 19971.848 19971.848 19971.848 94.08484342560588 94.08484342560588 94.08484342560588 11.760605428200735 11.760605428200735 11.760605428200735
 480 2097152 21909.952 21909.952 21909.952 91.88819400425888 91.88819400425888 91.88819400425888 11.48602425053236 11.48602425053236 11.48602425053236
 528 1048576 8380.89 8380.89 8380.89 132.12155940478874 132.12155940478874 132.12155940478874 16.515194925598593 16.515194925598593 16.515194925598593
 576 1048576 9464.979 9464.979 9464.979 127.62411327061581 127.62411327061581 127.62411327061581 15.953014158826976 15.953014158826976 15.953014158826976
 624 1048576 10781.05 10781.05 10781.05 121.38176225877814 121.38176225877814 121.38176225877814 15.172720282347267 15.172720282347267 15.172720282347267
 672 1048576 11926.889 11926.889 11926.889 118.1604141700321 118.1604141700321 118.1604141700321 14.770051771254012 14.770051771254012 14.770051771254012
 736 1048576 13745.07 13745.07 13745.07 112.2950899486143 112.2950899486143 112.2950899486143 14.036886243576788 14.036886243576788 14.036886243576788
 800 1048576 12527.943 12527.943 12527.943 133.91836153788375 133.91836153788375 133.91836153788375 16.73979519223547 16.73979519223547 16.73979519223547
 880 1048576 14393.091 14393.091 14393.091 128.2208081641393 128.2208081641393 128.2208081641393 16.027601020517412 16.027601020517412 16.027601020517412
 960 1048576 15830.994 15830.994 15830.994 127.17242644397437 127.17242644397437 127.17242644397437 15.896553305496797 15.896553305496797 15.896553305496797
 1056 524288 8303.881 8303.881 8303.881 133.34683577474195 133.34683577474195 133.34683577474195 16.668354471842743 16.668354471842743 16.668354471842743
 1152 524288 9238.005 9238.005 9238.005 130.75978547316222 130.75978547316222 130.75978547316222 16.344973184145278 16.344973184145278 16.344973184145278
 1264 524288 10426.044 10426.044 10426.044 127.12396609874273 127.12396609874273 127.12396609874273 15.890495762342841 15.890495762342841 15.890495762342841
 1376 524288 10897.875 10897.875 10897.875 132.39650629136415 132.39650629136415 132.39650629136415 16.54956328642052 16.54956328642052 16.54956328642052
 1504 524288 11923.075 11923.075 11923.075 132.2694274757141 132.2694274757141 132.2694274757141 16.533678434464264 16.533678434464264 16.533678434464264
 1648 524288 12910.843 12910.843 12910.843 133.84511359947604 133.84511359947604 133.84511359947604 16.730639199934505 16.730639199934505 16.730639199934505
 1808 524288 13994.932 13994.932 13994.932 135.4651389517291 135.4651389517291 135.4651389517291 16.933142368966138 16.933142368966138 16.933142368966138
 1984 524288 15452.147 15452.147 15452.147 134.63338033219588 134.63338033219588 134.63338033219588 16.829172541524485 16.829172541524485 16.829172541524485
 2176 262144 8455.992 8455.992 8455.992 134.91624495387413 134.91624495387413 134.91624495387413 16.864530619234266 16.864530619234266 16.864530619234266
 2384 262144 9296.894 9296.894 9296.894 134.44302925256542 134.44302925256542 134.44302925256542 16.805378656570678 16.805378656570678 16.805378656570678
 2608 262144 10083.199 10083.199 10083.199 135.60608136366244 135.60608136366244 135.60608136366244 16.950760170457805 16.950760170457805 16.950760170457805
 2864 262144 10985.851 10985.851 10985.851 136.68133966135167 136.68133966135167 136.68133966135167 17.08516745766896 17.08516745766896 17.08516745766896
 3136 262144 11924.982 11924.982 11924.982 137.87586161555632 137.87586161555632 137.87586161555632 17.23448270194454 17.23448270194454 17.23448270194454
 3440 262144 13170.958 13170.958 13170.958 136.93390564300637 136.93390564300637 136.93390564300637 17.116738205375796 17.116738205375796 17.116738205375796
 3776 262144 14418.125 14418.125 14418.125 137.30713861892582 137.30713861892582 137.30713861892582 17.163392327365727 17.163392327365727 17.163392327365727
 4144 131072 7890.94 7890.94 7890.94 137.66734204036527 137.66734204036527 137.66734204036527 17.20841775504566 17.20841775504566 17.20841775504566
 4544 131072 8651.972 8651.972 8651.972 137.6775532791831 137.6775532791831 137.6775532791831 17.209694159897886 17.209694159897886 17.209694159897886
 4992 131072 9501.219 9501.219 9501.219 137.73210027050212 137.73210027050212 137.73210027050212 17.216512533812764 17.216512533812764 17.216512533812764
 5488 131072 12275.934 12275.934 12275.934 117.1924084961682 117.1924084961682 117.1924084961682 14.649051062021025 14.649051062021025 14.649051062021025
 6032 131072 11435.986 11435.986 11435.986 138.26989714747813 138.26989714747813 138.26989714747813 17.283737143434767 17.283737143434767 17.283737143434767
 6624 131072 12593.031 12593.031 12593.031 137.8891115252555 137.8891115252555 137.8891115252555 17.236138940656936 17.236138940656936 17.236138940656936
 7280 131072 13802.052 13802.052 13802.052 138.2698978383794 138.2698978383794 138.2698978383794 17.283737229797424 17.283737229797424 17.283737229797424
 8000 131072 15251.875 15251.875 15251.875 137.50125804204401 137.50125804204401 137.50125804204401 17.187657255255502 17.187657255255502 17.187657255255502
 8800 65536 8708.0 8708.0 8708.0 132.45677537896188 132.45677537896188 132.45677537896188 16.557096922370235 16.557096922370235 16.557096922370235
 9680 65536 9616.852 9616.852 9616.852 131.93266985911814 131.93266985911814 131.93266985911814 16.491583732389767 16.491583732389767 16.491583732389767
 10640 65536 10503.054 10503.054 10503.054 132.78100636253038 132.78100636253038 132.78100636253038 16.597625795316297 16.597625795316297 16.597625795316297
 11696 65536 12442.112 12442.112 12442.112 123.21204888687708 123.21204888687708 123.21204888687708 15.401506110859636 15.401506110859636 15.401506110859636
 12864 65536 12510.061 12510.061 12510.061 134.78033464425155 134.78033464425155 134.78033464425155 16.847541830531444 16.847541830531444 16.847541830531444
 14144 65536 14600.992 14600.992 14600.992 126.96961740681729 126.96961740681729 126.96961740681729 15.871202175852162 15.871202175852162 15.871202175852162
 15552 65536 16149.998 16149.998 16149.998 126.21869946980799 126.21869946980799 126.21869946980799 15.777337433725998 15.777337433725998 15.777337433725998
 17104 32768 8831.978 8831.978 8831.978 126.91695382393391 126.91695382393391 126.91695382393391 15.864619227991739 15.864619227991739 15.864619227991739
 18800 32768 9098.053 9098.053 9098.053 135.4220293067099 135.4220293067099 135.4220293067099 16.927753663338738 16.927753663338738 16.927753663338738
 20672 32768 10056.973 10056.973 10056.973 134.70854421106628 134.70854421106628 134.70854421106628 16.838568026383285 16.838568026383285 16.838568026383285
 22736 32768 10941.029 10941.029 10941.029 136.1870529728054 136.1870529728054 136.1870529728054 17.023381621600674 17.023381621600674 17.023381621600674
 25008 32768 12021.78 12021.78 12021.78 136.32958580176978 136.32958580176978 136.32958580176978 17.041198225221223 17.041198225221223 17.041198225221223
 27504 32768 13180.017 13180.017 13180.017 136.76022906495493 136.76022906495493 136.76022906495493 17.095028633119366 17.095028633119366 17.095028633119366
 30240 32768 14374.018 14374.018 14374.018 137.8743674872259 137.8743674872259 137.8743674872259 17.234295935903237 17.234295935903237 17.234295935903237
 33264 16384 7950.068 7950.068 7950.068 137.10508539046458 137.10508539046458 137.10508539046458 17.138135673808073 17.138135673808073 17.138135673808073
 36576 16384 8694.887 8694.887 8694.887 137.8422017445425 137.8422017445425 137.8422017445425 17.230275218067813 17.230275218067813 17.230275218067813
 40224 16384 9542.942 9542.942 9542.942 138.11883505107755 138.11883505107755 138.11883505107755 17.264854381384694 17.264854381384694 17.264854381384694
 44240 16384 10503.054 10503.054 10503.054 138.0223618768408 138.0223618768408 138.0223618768408 17.2527952346051 17.2527952346051 17.2527952346051
 48656 16384 11523.008 11523.008 11523.008 138.36316073025378 138.36316073025378 138.36316073025378 17.295395091281723 17.295395091281723 17.295395091281723
 53520 16384 12714.148 12714.148 12714.148 137.9363650635497 137.9363650635497 137.9363650635497 17.24204563294371 17.24204563294371 17.24204563294371
 58864 16384 14014.006 14014.006 14014.006 137.63769988395896 137.63769988395896 137.63769988395896 17.20471248549487 17.20471248549487 17.20471248549487
 64736 16384 15388.012 15388.012 15388.012 137.85206614083742 137.85206614083742 137.85206614083742 17.231508267604678 17.231508267604678 17.231508267604678
 71200 8192 9114.981 9114.981 9114.981 127.98060687125952 127.98060687125952 127.98060687125952 15.99757585890744 15.99757585890744 15.99757585890744
 78320 8192 10309.935 10309.935 10309.935 124.46197575445433 124.46197575445433 124.46197575445433 15.557746969306791 15.557746969306791 15.557746969306791
 86144 8192 11425.018 11425.018 11425.018 123.5344483483527 123.5344483483527 123.5344483483527 15.441806043544087 15.441806043544087 15.441806043544087
 94752 8192 12481.928 12481.928 12481.928 124.37315517282266 124.37315517282266 124.37315517282266 15.546644396602833 15.546644396602833 15.546644396602833
 104224 8192 13989.925 13989.925 13989.925 122.05969767529133 122.05969767529133 122.05969767529133 15.257462209411417 15.257462209411417 15.257462209411417
 114640 8192 15119.791 15119.791 15119.791 124.22537851217653 124.22537851217653 124.22537851217653 15.528172314022067 15.528172314022067 15.528172314022067
 126096 8192 16566.992 16566.992 16566.992 124.7031968144851 124.7031968144851 124.7031968144851 15.587899601810637 15.587899601810637 15.587899601810637
 138704 4096 9202.003 9202.003 9202.003 123.47998234732154 123.47998234732154 123.47998234732154 15.434997793415192 15.434997793415192 15.434997793415192
 152560 4096 10063.887 10063.887 10063.887 124.18377909052435 124.18377909052435 124.18377909052435 15.522972386315544 15.522972386315544 15.522972386315544
 167808 4096 11062.145 11062.145 11062.145 124.26913008281848 124.26913008281848 124.26913008281848 15.53364126035231 15.53364126035231 15.53364126035231
 184576 4096 12225.866 12225.866 12225.866 123.67603178376075 123.67603178376075 123.67603178376075 15.459503972970094 15.459503972970094 15.459503972970094
 203024 4096 13409.138 13409.138 13409.138 124.03277585777698 124.03277585777698 124.03277585777698 15.504096982222123 15.504096982222123 15.504096982222123
 223312 4096 14776.945 14776.945 14776.945 123.799060225236 123.799060225236 123.799060225236 15.4748825281545 15.4748825281545 15.4748825281545
 245632 4096 16233.921 16233.921 16233.921 123.9514066872692 123.9514066872692 123.9514066872692 15.49392583590865 15.49392583590865 15.49392583590865
 270192 2048 8955.002 8955.002 8955.002 123.58528027129418 123.58528027129418 123.58528027129418 15.448160033911773 15.448160033911773 15.448160033911773
 297200 2048 9886.98 9886.98 9886.98 123.1246750777285 123.1246750777285 123.1246750777285 15.390584384716062 15.390584384716062 15.390584384716062
 326912 2048 11210.918 11210.918 11210.918 119.43995594294776 119.43995594294776 119.43995594294776 14.92999449286847 14.92999449286847 14.92999449286847
 359600 2048 12325.048 12325.048 12325.048 119.50635810911244 119.50635810911244 119.50635810911244 14.938294763639055 14.938294763639055 14.938294763639055
 395552 2048 14201.88 14201.88 14201.88 114.08214912391881 114.08214912391881 114.08214912391881 14.260268640489851 14.260268640489851 14.260268640489851
 435104 2048 16819.0 16819.0 16819.0 105.96266032463285 105.96266032463285 105.96266032463285 13.245332540579106 13.245332540579106 13.245332540579106
 478608 2048 19117.832 19117.832 19117.832 102.54187650566237 102.54187650566237 102.54187650566237 12.817734563207797 12.817734563207797 12.817734563207797
 526464 1024 11053.085 11053.085 11053.085 97.5472704679282 97.5472704679282 97.5472704679282 12.193408808491025 12.193408808491025 12.193408808491025
 579104 1024 14124.155 14124.155 14124.155 83.96997852260895 83.96997852260895 83.96997852260895 10.49624731532612 10.49624731532612 10.49624731532612
 637008 1024 15661.955 15661.955 15661.955 83.29690539910249 83.29690539910249 83.29690539910249 10.41211317488781 10.41211317488781 10.41211317488781
 700704 1024 18473.148 18473.148 18473.148 77.68257970974952 77.68257970974952 77.68257970974952 9.71032246371869 9.71032246371869 9.71032246371869
 770768 1024 20336.151 20336.151 20336.151 77.6220074290361 77.6220074290361 77.6220074290361 9.702750928629513 9.702750928629513 9.702750928629513
 847840 1024 22336.96 22336.96 22336.96 77.73557010443677 77.73557010443677 77.73557010443677 9.716946263054597 9.716946263054597 9.716946263054597
 932624 1024 24580.002 24580.002 24580.002 77.70601287990131 77.70601287990131 77.70601287990131 9.713251609987664 9.713251609987664 9.713251609987664
 1025872 1024 27144.909 27144.909 27144.909 77.39889111435224 77.39889111435224 77.39889111435224 9.67486138929403 9.67486138929403 9.67486138929403
 1128448 512 15352.011 15352.011 15352.011 75.26901537524954 75.26901537524954 75.26901537524954 9.408626921906192 9.408626921906192 9.408626921906192
 1241280 512 16373.873 16373.873 16373.873 77.62798209073686 77.62798209073686 77.62798209073686 9.703497761342108 9.703497761342108 9.703497761342108
 1365408 512 18038.988 18038.988 18038.988 77.508660241916 77.508660241916 77.508660241916 9.6885825302395 9.6885825302395 9.6885825302395
 1501936 512 19888.878 19888.878 19888.878 77.32876957664479 77.32876957664479 77.32876957664479 9.666096197080599 9.666096197080599 9.666096197080599
 1652128 512 21856.07 21856.07 21856.07 77.40545633318342 77.40545633318342 77.40545633318342 9.675682041647928 9.675682041647928 9.675682041647928
 1817328 512 23993.969 23993.969 23993.969 77.55881788461092 77.55881788461092 77.55881788461092 9.694852235576365 9.694852235576365 9.694852235576365
 1999056 512 26392.221 26392.221 26392.221 77.56199616546103 77.56199616546103 77.56199616546103 9.695249520682628 9.695249520682628 9.695249520682628
 2198960 256 14500.141 14500.141 14500.141 77.6452808286485 77.6452808286485 77.6452808286485 9.705660103581062 9.705660103581062 9.705660103581062
 2418848 256 15950.918 15950.918 15950.918 77.64131042489217 77.64131042489217 77.64131042489217 9.705163803111521 9.705163803111521 9.705163803111521
 2660720 256 17596.96 17596.96 17596.96 77.41613551431612 77.41613551431612 77.41613551431612 9.677016939289516 9.677016939289516 9.677016939289516
 2926784 256 19376.993 19376.993 19376.993 77.33467251600906 77.33467251600906 77.33467251600906 9.666834064501133 9.666834064501133 9.666834064501133
 3219456 256 22117.853 22117.853 22117.853 74.52628751986009 74.52628751986009 74.52628751986009 9.315785939982511 9.315785939982511 9.315785939982511
 3541392 256 23447.037 23447.037 23447.037 77.33142162056554 77.33142162056554 77.33142162056554 9.666427702570692 9.666427702570692 9.666427702570692
 3895520 256 25781.155 25781.155 25781.155 77.36295134954194 77.36295134954194 77.36295134954194 9.670368918692743 9.670368918692743 9.670368918692743
 4285072 128 14195.919 14195.919 14195.919 77.27421042624997 77.27421042624997 77.27421042624997 9.659276303281246 9.659276303281246 9.659276303281246
 4713568 128 15666.962 15666.962 15666.962 77.02025497987421 77.02025497987421 77.02025497987421 9.627531872484276 9.627531872484276 9.627531872484276
 5184912 128 17148.018 17148.018 17148.018 77.40471651009463 77.40471651009463 77.40471651009463 9.675589563761829 9.675589563761829 9.675589563761829
 5703392 128 18879.89 18879.89 18879.89 77.33457938579092 77.33457938579092 77.33457938579092 9.666822423223865 9.666822423223865 9.666822423223865
 6273728 128 20781.994 20781.994 20781.994 77.28201480570152 77.28201480570152 77.28201480570152 9.66025185071269 9.66025185071269 9.66025185071269
 6901088 128 22858.143 22858.143 22858.143 77.2888037317817 77.2888037317817 77.2888037317817 9.661100466472712 9.661100466472712 9.661100466472712
 7591184 128 25298.119 25298.119 25298.119 76.81769162363416 76.81769162363416 76.81769162363416 9.60221145295427 9.60221145295427 9.60221145295427
 8350288 128 27673.006 27673.006 27673.006 77.24761552828775 77.24761552828775 77.24761552828775 9.655951941035969 9.655951941035969 9.655951941035969
 9185312 64 15266.895 15266.895 15266.895 77.01107107895875 77.01107107895875 77.01107107895875 9.626383884869844 9.626383884869844 9.626383884869844
 10103840 64 16892.91 16892.91 16892.91 76.55824366553779 76.55824366553779 76.55824366553779 9.569780458192223 9.569780458192223 9.569780458192223
 11114224 64 18393.993 18393.993 18393.993 77.34159037681488 77.34159037681488 77.34159037681488 9.66769879710186 9.66769879710186 9.66769879710186
 12225632 64 20291.805 20291.805 20291.805 77.11886133342993 77.11886133342993 77.11886133342993 9.639857666678742 9.639857666678742 9.639857666678742
 13448192 64 23088.217 23088.217 23088.217 74.5561502648732 74.5561502648732 74.5561502648732 9.31951878310915 9.31951878310915 9.31951878310915
 14793008 64 24575.949 24575.949 24575.949 77.04707655439877 77.04707655439877 77.04707655439877 9.630884569299846 9.630884569299846 9.630884569299846
 16272304 64 27070.045 27070.045 27070.045 76.94316400286739 76.94316400286739 76.94316400286739 9.617895500358424 9.617895500358424 9.617895500358424
 17899520 32 15377.998 15377.998 15377.998 74.49404532371508 74.49404532371508 74.49404532371508 9.311755665464386 9.311755665464386 9.311755665464386
 19689472 32 16810.894 16810.894 16810.894 74.9589051004664 74.9589051004664 74.9589051004664 9.3698631375583 9.3698631375583 9.3698631375583
 21658416 32 18110.991 18110.991 18110.991 76.53576902556021 76.53576902556021 76.53576902556021 9.566971128195027 9.566971128195027 9.566971128195027
 23824256 32 19973.04 19973.04 19973.04 76.34052622935717 76.34052622935717 76.34052622935717 9.542565778669646 9.542565778669646 9.542565778669646
 26206672 32 22024.87 22024.87 22024.87 76.15150545723994 76.15150545723994 76.15150545723994 9.518938182154992 9.518938182154992 9.518938182154992
 28827328 32 24246.931 24246.931 24246.931 76.09000050356889 76.09000050356889 76.09000050356889 9.511250062946111 9.511250062946111 9.511250062946111
 31710048 32 26695.967 26695.967 26695.967 76.02058663018275 76.02058663018275 76.02058663018275 9.502573328772844 9.502573328772844 9.502573328772844
 34881040 16 14817.953 14817.953 14817.953 75.32709005083227 75.32709005083227 75.32709005083227 9.415886256354034 9.415886256354034 9.415886256354034
 38369136 16 16021.967 16021.967 16021.967 76.63305959873715 76.63305959873715 76.63305959873715 9.579132449842144 9.579132449842144 9.579132449842144
 42206048 16 17806.053 17806.053 17806.053 75.8502480027438 75.8502480027438 75.8502480027438 9.481281000342975 9.481281000342975 9.481281000342975
 46426640 16 19849.062 19849.062 19849.062 74.84749052625257 74.84749052625257 74.84749052625257 9.355936315781571 9.355936315781571 9.355936315781571
 51069296 16 22289.038 22289.038 22289.038 73.31933625847827 73.31933625847827 73.31933625847827 9.164917032309784 9.164917032309784 9.164917032309784
 56176224 16 31470.06 31470.06 31470.06 57.122203389507355 57.122203389507355 57.122203389507355 7.140275423688419 7.140275423688419 7.140275423688419
 61793840 16 38871.05 38871.05 38871.05 50.870837808600484 50.870837808600484 50.870837808600484 6.3588547260750605 6.3588547260750605 6.3588547260750605
 67973216 8 24243.832 24243.832 24243.832 44.85971755620152 44.85971755620152 44.85971755620152 5.60746469452519 5.60746469452519 5.60746469452519
 74770528 8 30681.133 30681.133 30681.133 38.992316483227654 38.992316483227654 38.992316483227654 4.874039560403457 4.874039560403457 4.874039560403457
 82247568 8 35604.0 35604.0 35604.0 36.961046174587125 36.961046174587125 36.961046174587125 4.620130771823391 4.620130771823391 4.620130771823391
 90472320 8 40293.932 40293.932 40293.932 35.92494075782924 35.92494075782924 35.92494075782924 4.490617594728655 4.490617594728655 4.490617594728655
 99519552 8 44920.921 44920.921 44920.921 35.447021043936296 35.447021043936296 35.447021043936296 4.430877630492037 4.430877630492037 4.430877630492037
 109471504 8 49751.997 49751.997 49751.997 35.205502685650984 35.205502685650984 35.205502685650984 4.400687835706373 4.400687835706373 4.400687835706373
 120418640 8 55191.994 55191.994 55191.994 34.90901669542868 34.90901669542868 34.90901669542868 4.363627086928585 4.363627086928585 4.363627086928585
 132460496 8 60534.0 60534.0 60534.0 35.01119925992005 35.01119925992005 35.01119925992005 4.376399907490006 4.376399907490006 4.376399907490006
 145706544 4 33396.006 33396.006 33396.006 34.903944860951334 34.903944860951334 34.903944860951334 4.362993107618917 4.362993107618917 4.362993107618917
 160277184 4 36712.17 36712.17 36712.17 34.9262239742298 34.9262239742298 34.9262239742298 4.365777996778725 4.365777996778725 4.365777996778725
 176304896 4 40497.065 40497.065 40497.065 34.828182437418604 34.828182437418604 34.828182437418604 4.3535228046773256 4.3535228046773256 4.3535228046773256
 193935376 4 44493.914 44493.914 44493.914 34.8695555980982 34.8695555980982 34.8695555980982 4.358694449762275 4.358694449762275 4.358694449762275
 213328912 4 48972.845 48972.845 48972.845 34.84852260472105 34.84852260472105 34.84852260472105 4.356065325590131 4.356065325590131 4.356065325590131
 234661792 4 53771.973 53771.973 53771.973 34.912134170713806 34.912134170713806 34.912134170713806 4.364016771339226 4.364016771339226 4.364016771339226
 258127968 4 59215.069 59215.069 59215.069 34.87328105621223 34.87328105621223 34.87328105621223 4.3591601320265285 4.3591601320265285 4.3591601320265285
 283940752 2 32569.17 32569.17 32569.17 34.87233503340736 34.87233503340736 34.87233503340736 4.35904187917592 4.35904187917592 4.35904187917592
 312334816 2 35816.193 35816.193 35816.193 34.88196704769823 34.88196704769823 34.88196704769823 4.360245880962279 4.360245880962279 4.360245880962279
 343568288 2 39447.784 39447.784 39447.784 34.83777826404647 34.83777826404647 34.83777826404647 4.354722283005809 4.354722283005809 4.354722283005809
 377925104 2 43425.083 43425.083 43425.083 34.81168742958995 34.81168742958995 34.81168742958995 4.351460928698744 4.351460928698744 4.351460928698744
 415717600 2 47722.816 47722.816 47722.816 34.84434782725311 34.84434782725311 34.84434782725311 4.355543478406639 4.355543478406639 4.355543478406639
 457289360 2 53971.052 53971.052 53971.052 33.891454255885165 33.891454255885165 33.891454255885165 4.236431781985646 4.236431781985646 4.236431781985646
 503018288 2 57811.975 57811.975 57811.975 34.803743549671154 34.803743549671154 34.803743549671154 4.350467943708894 4.350467943708894 4.350467943708894
 553320112 1 31588.793 31588.793 31588.793 35.03268466129744 35.03268466129744 35.03268466129744 4.37908558266218 4.37908558266218 4.37908558266218
 608652112 1 34857.988 34857.988 34857.988 34.92181545303189 34.92181545303189 34.92181545303189 4.365226931628986 4.365226931628986 4.365226931628986
 669517312 1 38240.194 38240.194 38240.194 35.01641816984505 35.01641816984505 35.01641816984505 4.377052271230632 4.377052271230632 4.377052271230632
 736469040 1 42064.905 42064.905 42064.905 35.015842303697106 35.015842303697106 35.015842303697106 4.376980287962138 4.376980287962138 4.376980287962138
 810115936 1 46472.073 46472.073 46472.073 34.86463519714302 34.86463519714302 34.86463519714302 4.358079399642878 4.358079399642878 4.358079399642878
 891127520 1 51115.036 51115.036 51115.036 34.867529781256536 34.867529781256536 34.867529781256536 4.358441222657067 4.358441222657067 4.358441222657067
 980240272 1 56514.978 56514.978 56514.978 34.68957457614157 34.68957457614157 34.68957457614157 4.336196822017696 4.336196822017696 4.336196822017696
 
META_DATA
 MPI startup(): shm:tmi fabric is unknown or has been removed from the product, please use ofi or shm:ofi instead
 FLOPS          2
 MPI_PROCS      2
 OPENMP_THREADS 1
 ERT_VERSION  1.1.0
 HOSTNAME  ('shas0420.rc.int.colorado.edu', [], ['10.225.6.135'])
 UNAME  uname_result(system='Linux', node='shas0420.rc.int.colorado.edu', release='3.10.0-957.27.2.el7.x86_64', version='#1 SMP Mon Jul 29 17:46:05 UTC 2019', machine='x86_64', processor='x86_64')
 TIMESTAMP_DATA  1664552513.3071542
 CONFIG  {'ERT_RESULTS': ['lab5_results'], 'ERT_DRIVER': ['driver1'], 'ERT_KERNEL': ['kernel1'], 'ERT_MPI': ['True'], 'ERT_MPI_CFLAGS': ['-I/usr/include/mpi'], 'ERT_MPI_LDFLAGS': ['-lmpi'], 'ERT_OPENMP': ['True'], 'ERT_OPENMP_CFLAGS': ['-qopenmp'], 'ERT_OPENMP_LDFLAGS': ['-qopenmp'], 'ERT_FLOPS': ['1,2,4,8,16'], 'ERT_ALIGN': ['32'], 'ERT_CC': ['mpicc'], 'ERT_CFLAGS': ['-O3', '-msse3', '-axSSE3', '-xSSE3', '-fno-alias', '-fno-fnalias', '-DERT_INTEL', '-std=c++11'], 'ERT_LD': ['mpicc'], 'ERT_LDFLAGS': [], 'ERT_LDLIBS': [], 'ERT_PRECISION': ['FP64'], 'ERT_RUN': ['export', 'OMP_NUM_THREADS=ERT_OPENMP_THREADS;', 'mpirun', '-np', 'ERT_MPI_PROCS', 'ERT_CODE'], 'ERT_PROCS_THREADS': ['1-24'], 'ERT_MPI_PROCS': ['1,2,4'], 'ERT_OPENMP_THREADS': ['1,2,4'], 'ERT_NUM_EXPERIMENTS': ['1'], 'ERT_MEMORY_MAX': ['1073741824'], 'ERT_WORKING_SET_MIN': ['1'], 'ERT_TRIALS_MIN': ['1'], 'ERT_GNUPLOT': ['gnuplot'], 'ERT_GPU': [False], 'ERT_HIP': [False], 'ERT_OCL': [False], 'ERT_SYCL': [False], 'ERT_WSS_MULT': [1.1]}
 