fp64
 8 134217728 702359.2 702359.2 702359.2 3.0575290364246674 3.0575290364246674 3.0575290364246674 0.7643822591061669 0.7643822591061669 0.7643822591061669
 16 67108864 371038.198 371038.198 371038.198 5.787769721757867 5.787769721757867 5.787769721757867 1.4469424304394667 1.4469424304394667 1.4469424304394667
 24 33554432 183792.114 183792.114 183792.114 8.763230918601872 8.763230918601872 8.763230918601872 2.190807729650468 2.190807729650468 2.190807729650468
 32 33554432 184196.949 184196.949 184196.949 11.658627679006779 11.658627679006779 11.658627679006779 2.9146569197516947 2.9146569197516947 2.9146569197516947
 40 16777216 92023.134 92023.134 92023.134 14.585215930594147 14.585215930594147 14.585215930594147 3.646303982648537 3.646303982648537 3.646303982648537
 48 16777216 91948.986 91948.986 91948.986 17.516373002743062 17.516373002743062 17.516373002743062 4.379093250685766 4.379093250685766 4.379093250685766
 56 16777216 95051.05 95051.05 95051.05 19.76883150685868 19.76883150685868 19.76883150685868 4.94220787671467 4.94220787671467 4.94220787671467
 64 16777216 93116.999 93116.999 93116.999 23.06220852327941 23.06220852327941 23.06220852327941 5.765552130819852 5.765552130819852 5.765552130819852
 72 8388608 56465.149 56465.149 56465.149 21.393010970359786 21.393010970359786 21.393010970359786 5.348252742589946 5.348252742589946 5.348252742589946
 80 8388608 52062.035 52062.035 52062.035 25.780346081362357 25.780346081362357 25.780346081362357 6.445086520340589 6.445086520340589 6.445086520340589
 88 8388608 61471.939 61471.939 61471.939 24.017381459205314 24.017381459205314 24.017381459205314 6.0043453648013285 6.0043453648013285 6.0043453648013285
 96 8388608 59683.084 59683.084 59683.084 26.986084298190754 26.986084298190754 26.986084298190754 6.7465210745476885 6.7465210745476885 6.7465210745476885
 104 8388608 68969.965 68969.965 68969.965 25.298410170282096 25.298410170282096 25.298410170282096 6.324602542570524 6.324602542570524 6.324602542570524
 112 8388608 67458.868 67458.868 67458.868 27.85472463012572 27.85472463012572 27.85472463012572 6.96368115753143 6.96368115753143 6.96368115753143
 120 8388608 76694.012 76694.012 76694.012 26.25062723280143 26.25062723280143 26.25062723280143 6.562656808200358 6.562656808200358 6.562656808200358
 128 8388608 51251.173 51251.173 51251.173 41.901160935379956 41.901160935379956 41.901160935379956 10.475290233844989 10.475290233844989 10.475290233844989
 136 4194304 31751.871 31751.871 31751.871 35.930187799011904 35.930187799011904 35.930187799011904 8.982546949752976 8.982546949752976 8.982546949752976
 144 4194304 30179.024 30179.024 30179.024 40.02646182328493 40.02646182328493 40.02646182328493 10.006615455821233 10.006615455821233 10.006615455821233
 152 4194304 35130.024 35130.024 35130.024 36.29568872483549 36.29568872483549 36.29568872483549 9.073922181208873 9.073922181208873 9.073922181208873
 160 4194304 33813.0 33813.0 33813.0 39.69412001301274 39.69412001301274 39.69412001301274 9.923530003253186 9.923530003253186 9.923530003253186
 176 4194304 37753.105 37753.105 37753.105 39.10658495506528 39.10658495506528 39.10658495506528 9.77664623876632 9.77664623876632 9.77664623876632
 192 4194304 41817.188 41817.188 41817.188 38.51556771344835 38.51556771344835 38.51556771344835 9.628891928362087 9.628891928362087 9.628891928362087
 208 4194304 45364.857 45364.857 45364.857 38.46216166844745 38.46216166844745 38.46216166844745 9.615540417111863 9.615540417111863 9.615540417111863
 224 4194304 49240.112 49240.112 49240.112 38.16092441056998 38.16092441056998 38.16092441056998 9.540231102642496 9.540231102642496 9.540231102642496
 240 4194304 52936.077 52936.077 52936.077 38.03201963757155 38.03201963757155 38.03201963757155 9.508004909392888 9.508004909392888 9.508004909392888
 264 2097152 25531.769 25531.769 25531.769 43.369351179700864 43.369351179700864 43.369351179700864 10.842337794925216 10.842337794925216 10.842337794925216
 288 2097152 28036.833 28036.833 28036.833 43.08473613977727 43.08473613977727 43.08473613977727 10.771184034944318 10.771184034944318 10.771184034944318
 312 2097152 33061.028 33061.028 33061.028 39.58203743694842 39.58203743694842 39.58203743694842 9.895509359237105 9.895509359237105 9.895509359237105
 336 2097152 34204.96 34204.96 34204.96 41.20122181110576 41.20122181110576 41.20122181110576 10.30030545277644 10.30030545277644 10.30030545277644
 368 2097152 39506.912 39506.912 39506.912 39.0692107750664 39.0692107750664 39.0692107750664 9.7673026937666 9.7673026937666 9.7673026937666
 400 2097152 35661.936 35661.936 35661.936 47.045163223892274 47.045163223892274 47.045163223892274 11.761290805973069 11.761290805973069 11.761290805973069
 440 2097152 43058.872 43058.872 43058.872 42.85977951303508 42.85977951303508 42.85977951303508 10.71494487825877 10.71494487825877 10.71494487825877
 480 2097152 46281.099 46281.099 46281.099 43.50082352193062 43.50082352193062 43.50082352193062 10.875205880482655 10.875205880482655 10.875205880482655
 528 1048576 23355.007 23355.007 23355.007 47.41151462724888 47.41151462724888 47.41151462724888 11.85287865681222 11.85287865681222 11.85287865681222
 576 1048576 26875.019 26875.019 26875.019 44.94730039074577 44.94730039074577 44.94730039074577 11.236825097686442 11.236825097686442 11.236825097686442
 632 1048576 30025.005 30025.005 30025.005 44.14320876882452 44.14320876882452 44.14320876882452 11.03580219220613 11.03580219220613 11.03580219220613
 688 1048576 31489.849 31489.849 31489.849 45.819228158255065 45.819228158255065 45.819228158255065 11.454807039563766 11.454807039563766 11.454807039563766
 752 1048576 34579.992 34579.992 34579.992 45.606092216562686 45.606092216562686 45.606092216562686 11.401523054140672 11.401523054140672 11.401523054140672
 824 1048576 37328.959 37328.959 37328.959 46.2925646546961 46.2925646546961 46.2925646546961 11.573141163674025 11.573141163674025 11.573141163674025
 904 1048576 38790.226 38790.226 38790.226 48.87379124834178 48.87379124834178 48.87379124834178 12.218447812085445 12.218447812085445 12.218447812085445
 992 1048576 43899.059 43899.059 43899.059 47.38996305137201 47.38996305137201 47.38996305137201 11.847490762843002 11.847490762843002 11.847490762843002
 1088 524288 23826.122 23826.122 23826.122 47.882348961362666 47.882348961362666 47.882348961362666 11.970587240340667 11.970587240340667 11.970587240340667
 1192 524288 26201.01 26201.01 26201.01 47.70436681639372 47.70436681639372 47.70436681639372 11.92609170409843 11.92609170409843 11.92609170409843
 1304 524288 28003.931 28003.931 28003.931 48.826827347917686 48.826827347917686 48.826827347917686 12.206706836979421 12.206706836979421 12.206706836979421
 1432 524288 30695.2 30695.2 30695.2 48.918424769996605 48.918424769996605 48.918424769996605 12.229606192499151 12.229606192499151 12.229606192499151
 1568 524288 33082.008 33082.008 33082.008 49.69973914521754 49.69973914521754 49.69973914521754 12.424934786304386 12.424934786304386 12.424934786304386
 1720 524288 36833.048 36833.048 36833.048 48.9655572354479 48.9655572354479 48.9655572354479 12.241389308861976 12.241389308861976 12.241389308861976
 1888 524288 40408.134 40408.134 40408.134 48.99289553929909 48.99289553929909 48.99289553929909 12.248223884824773 12.248223884824773 12.248223884824773
 2072 262144 21785.021 21785.021 21785.021 49.86567311548609 49.86567311548609 49.86567311548609 12.466418278871522 12.466418278871522 12.466418278871522
 2272 262144 24004.936 24004.936 24004.936 49.62239166144829 49.62239166144829 49.62239166144829 12.405597915362073 12.405597915362073 12.405597915362073
 2496 262144 26204.824 26204.824 26204.824 49.93824221067082 49.93824221067082 49.93824221067082 12.484560552667705 12.484560552667705 12.484560552667705
 2744 262144 28832.912 28832.912 28832.912 49.895975543503894 49.895975543503894 49.895975543503894 12.473993885875974 12.473993885875974 12.473993885875974
 3016 262144 31630.039 31630.039 31630.039 49.99211692404173 49.99211692404173 49.99211692404173 12.498029231010433 12.498029231010433 12.498029231010433
 3312 262144 34698.009 34698.009 34698.009 50.04442347109888 50.04442347109888 50.04442347109888 12.51110586777472 12.51110586777472 12.51110586777472
 3640 262144 37869.93 37869.93 37869.93 50.393764128954025 50.393764128954025 50.393764128954025 12.598441032238506 12.598441032238506 12.598441032238506
 4000 262144 41428.089 41428.089 41428.089 50.62149982346518 50.62149982346518 50.62149982346518 12.655374955866295 12.655374955866295 12.655374955866295
 4400 131072 22840.977 22840.977 22840.977 50.4984353340052 50.4984353340052 50.4984353340052 12.6246088335013 12.6246088335013 12.6246088335013
 4840 131072 25985.003 25985.003 25985.003 48.827277795580784 48.827277795580784 48.827277795580784 12.206819448895196 12.206819448895196 12.206819448895196
 5320 131072 28209.925 28209.925 28209.925 49.436717041963064 49.436717041963064 49.436717041963064 12.359179260490766 12.359179260490766 12.359179260490766
 5848 131072 30256.987 30256.987 30256.987 50.66658196997605 50.66658196997605 50.66658196997605 12.666645492494013 12.666645492494013 12.666645492494013
 6432 131072 33010.006 33010.006 33010.006 51.0787610277926 51.0787610277926 51.0787610277926 12.76969025694815 12.76969025694815 12.76969025694815
 7072 131072 36298.037 36298.037 36298.037 51.07390154459317 51.07390154459317 51.07390154459317 12.768475386148292 12.768475386148292 12.768475386148292
 7776 131072 39975.882 39975.882 39975.882 50.991538948408945 50.991538948408945 50.991538948408945 12.747884737102236 12.747884737102236 12.747884737102236
 8552 65536 22058.01 22058.01 22058.01 50.81726520207399 50.81726520207399 50.81726520207399 12.704316300518498 12.704316300518498 12.704316300518498
 9400 65536 24209.023 24209.023 24209.023 50.8932888369762 50.8932888369762 50.8932888369762 12.72332220924405 12.72332220924405 12.72332220924405
 10336 65536 26769.876 26769.876 26769.876 50.60763792854326 50.60763792854326 50.60763792854326 12.651909482135816 12.651909482135816 12.651909482135816
 11368 65536 29201.984 29201.984 29201.984 51.02483776444779 51.02483776444779 51.02483776444779 12.756209441111947 12.756209441111947 12.756209441111947
 12504 65536 32386.065 32386.065 32386.065 50.605848163399905 50.605848163399905 50.605848163399905 12.651462040849976 12.651462040849976 12.651462040849976
 13752 65536 35498.142 35498.142 35498.142 50.77736586889534 50.77736586889534 50.77736586889534 12.694341467223834 12.694341467223834 12.694341467223834
 15120 65536 38995.028 38995.028 38995.028 50.82208531815902 50.82208531815902 50.82208531815902 12.705521329539755 12.705521329539755 12.705521329539755
 16632 32768 21608.829 21608.829 21608.829 50.44210179089296 50.44210179089296 50.44210179089296 12.61052544772324 12.61052544772324 12.61052544772324
 18288 32768 23515.94 23515.94 23515.94 50.96638144169444 50.96638144169444 50.96638144169444 12.74159536042361 12.74159536042361 12.74159536042361
 20112 32768 25983.095 25983.095 25983.095 50.72759931024383 50.72759931024383 50.72759931024383 12.681899827560958 12.681899827560958 12.681899827560958
 22120 32768 28409.004 28409.004 28409.004 51.02805856903677 51.02805856903677 51.02805856903677 12.757014642259193 12.757014642259193 12.757014642259193
 24328 32768 31324.863 31324.863 31324.863 50.89758279230144 50.89758279230144 50.89758279230144 12.72439569807536 12.72439569807536 12.72439569807536
 26760 32768 34411.907 34411.907 34411.907 50.9632715211046 50.9632715211046 50.9632715211046 12.74081788027615 12.74081788027615 12.74081788027615
 29432 32768 38137.913 38137.913 38137.913 50.57580240428992 50.57580240428992 50.57580240428992 12.64395060107248 12.64395060107248 12.64395060107248
 32368 32768 41814.804 41814.804 41814.804 50.73010142532296 50.73010142532296 50.73010142532296 12.68252535633074 12.68252535633074 12.68252535633074
 35600 16384 25020.123 25020.123 25020.123 46.62410332675023 46.62410332675023 46.62410332675023 11.656025831687558 11.656025831687558 11.656025831687558
 39160 16384 28190.136 28190.136 28190.136 45.51928660436403 45.51928660436403 45.51928660436403 11.379821651091007 11.379821651091007 11.379821651091007
 43072 16384 30925.989 30925.989 30925.989 45.63745062445699 45.63745062445699 45.63745062445699 11.409362656114247 11.409362656114247 11.409362656114247
 47376 16384 33998.966 33998.966 33998.966 45.66070532850911 45.66070532850911 45.66070532850911 11.415176332127277 11.415176332127277 11.415176332127277
 52112 16384 37403.822 37403.822 37403.822 45.65324944600581 45.65324944600581 45.65324944600581 11.413312361501452 11.413312361501452 11.413312361501452
 57320 16384 41204.929 41204.929 41204.929 45.58342425489922 45.58342425489922 45.58342425489922 11.395856063724805 11.395856063724805 11.395856063724805
 63048 16384 45316.935 45316.935 45316.935 45.58906872232202 45.58906872232202 45.58906872232202 11.397267180580505 11.397267180580505 11.397267180580505
 69352 8192 24877.071 24877.071 24877.071 45.675118586106855 45.675118586106855 45.675118586106855 11.418779646526714 11.418779646526714 11.418779646526714
 76280 8192 27415.037 27415.037 27415.037 45.587081279518245 45.587081279518245 45.587081279518245 11.396770319879561 11.396770319879561 11.396770319879561
 83904 8192 30178.07 30178.07 30178.07 45.55238741244884 45.55238741244884 45.55238741244884 11.38809685311221 11.38809685311221 11.38809685311221
 92288 8192 33203.84 33203.84 33203.84 45.538304967136334 45.538304967136334 45.538304967136334 11.384576241784083 11.384576241784083 11.384576241784083
 101512 8192 36474.943 36474.943 36474.943 45.59767531370782 45.59767531370782 45.59767531370782 11.399418828426954 11.399418828426954 11.399418828426954
 111656 8192 40171.862 40171.862 40171.862 45.53863856248436 45.53863856248436 45.53863856248436 11.38465964062109 11.38465964062109 11.38465964062109
 122816 8192 44223.07 44223.07 44223.07 45.50152994805653 45.50152994805653 45.50152994805653 11.375382487014132 11.375382487014132 11.375382487014132
 135096 4096 24399.996 24399.996 24399.996 45.3568284191522 45.3568284191522 45.3568284191522 11.33920710478805 11.33920710478805 11.33920710478805
 148600 4096 28146.982 28146.982 28146.982 43.24908439562011 43.24908439562011 43.24908439562011 10.812271098905027 10.812271098905027 10.812271098905027
 163456 4096 29432.058 29432.058 29432.058 45.49568202128441 45.49568202128441 45.49568202128441 11.373920505321102 11.373920505321102 11.373920505321102
 179800 4096 32457.113 32457.113 32457.113 45.380548787564685 45.380548787564685 45.380548787564685 11.345137196891171 11.345137196891171 11.345137196891171
 197776 4096 35779.953 35779.953 35779.953 45.281808838597414 45.281808838597414 45.281808838597414 11.320452209649353 11.320452209649353 11.320452209649353
 217552 4096 39374.113 39374.113 39374.113 45.262885896629605 45.262885896629605 45.262885896629605 11.315721474157401 11.315721474157401 11.315721474157401
 239304 4096 43330.908 43330.908 43330.908 45.2420329617833 45.2420329617833 45.2420329617833 11.310508240445825 11.310508240445825 11.310508240445825
 263232 2048 24328.947 24328.947 24328.947 44.31750671329919 44.31750671329919 44.31750671329919 11.079376678324797 11.079376678324797 11.079376678324797
 289552 2048 33778.191 33778.191 33778.191 35.111560355615254 35.111560355615254 35.111560355615254 8.777890088903813 8.777890088903813 8.777890088903813
 318504 2048 37362.814 37362.814 37362.814 34.916866379497 34.916866379497 34.916866379497 8.72921659487425 8.72921659487425 8.72921659487425
 350352 2048 42403.936 42403.936 42403.936 33.84218370672006 33.84218370672006 33.84218370672006 8.460545926680014 8.460545926680014 8.460545926680014
 385384 2048 46622.038 46622.038 46622.038 33.85808368136974 33.85808368136974 33.85808368136974 8.464520920342435 8.464520920342435 8.464520920342435
 423920 2048 51291.943 51291.943 51291.943 33.85280842256258 33.85280842256258 33.85280842256258 8.463202105640645 8.463202105640645 8.463202105640645
 466312 2048 56313.992 56313.992 56313.992 33.91721815778927 33.91721815778927 33.91721815778927 8.479304539447318 8.479304539447318 8.479304539447318
 512936 2048 62011.957 62011.957 62011.957 33.88033465868526 33.88033465868526 33.88033465868526 8.470083664671314 8.470083664671314 8.470083664671314
 564224 1024 34415.007 34415.007 34415.007 33.57636254439815 33.57636254439815 33.57636254439815 8.394090636099538 8.394090636099538 8.394090636099538
 620640 1024 37538.052 37538.052 37538.052 33.86085990823391 33.86085990823391 33.86085990823391 8.465214977058478 8.465214977058478 8.465214977058478
 682704 1024 41368.008 41368.008 41368.008 33.79852837003899 33.79852837003899 33.79852837003899 8.449632092509747 8.449632092509747 8.449632092509747
 750968 1024 45381.069 45381.069 45381.069 33.89039742541102 33.89039742541102 33.89039742541102 8.472599356352754 8.472599356352754 8.472599356352754
 826064 1024 49902.916 49902.916 49902.916 33.90140712418489 33.90140712418489 33.90140712418489 8.475351781046223 8.475351781046223 8.475351781046223
 908664 1024 54944.038 54944.038 54944.038 33.86980534630527 33.86980534630527 33.86980534630527 8.467451336576318 8.467451336576318 8.467451336576318
 999528 1024 60742.14 60742.14 60742.14 33.700382370459785 33.700382370459785 33.700382370459785 8.425095592614946 8.425095592614946 8.425095592614946
 1099480 512 33313.036 33313.036 33313.036 33.7966050287341 33.7966050287341 33.7966050287341 8.449151257183525 8.449151257183525 8.449151257183525
 1209424 512 36559.105 36559.105 36559.105 33.875287045456936 33.875287045456936 33.875287045456936 8.468821761364234 8.468821761364234 8.468821761364234
 1330360 512 40186.882 40186.882 40186.882 33.898838929579064 33.898838929579064 33.898838929579064 8.474709732394766 8.474709732394766 8.474709732394766
 1463392 512 44230.938 44230.938 44230.938 33.8793043005328 33.8793043005328 33.8793043005328 8.4698260751332 8.4698260751332 8.4698260751332
 1609728 512 49909.115 49909.115 49909.115 33.027263096129836 33.027263096129836 33.027263096129836 8.256815774032459 8.256815774032459 8.256815774032459
 1770696 512 53544.998 53544.998 53544.998 33.86297080448112 33.86297080448112 33.86297080448112 8.46574270112028 8.46574270112028 8.46574270112028
 1947760 512 58957.815 58957.815 58957.815 33.829378514112165 33.829378514112165 33.829378514112165 8.457344628528041 8.457344628528041 8.457344628528041
 2142536 256 32405.138 32405.138 32405.138 33.85199075529319 33.85199075529319 33.85199075529319 8.462997688823297 8.462997688823297 8.462997688823297
 2356784 256 35661.936 35661.936 35661.936 33.836452625566935 33.836452625566935 33.836452625566935 8.459113156391734 8.459113156391734 8.459113156391734
 2592456 256 39450.884 39450.884 39450.884 33.64531633815861 33.64531633815861 33.64531633815861 8.411329084539652 8.411329084539652 8.411329084539652
 2851696 256 43278.933 43278.933 43278.933 33.73623725889915 33.73623725889915 33.73623725889915 8.434059314724788 8.434059314724788 8.434059314724788
 3136864 256 47607.899 47607.899 47607.899 33.735459907609034 33.735459907609034 33.735459907609034 8.433864976902258 8.433864976902258 8.433864976902258
 3450544 256 52498.817 52498.817 52498.817 33.65177786768033 33.65177786768033 33.65177786768033 8.412944466920083 8.412944466920083 8.412944466920083
 3795592 256 57681.084 57681.084 57681.084 33.69116821729633 33.69116821729633 33.69116821729633 8.422792054324082 8.422792054324082 8.422792054324082
 4175144 256 63990.831 63990.831 63990.831 33.40593792257519 33.40593792257519 33.40593792257519 8.351484480643798 8.351484480643798 8.351484480643798
 4592656 128 34898.996 34898.996 34898.996 33.68921948356336 33.68921948356336 33.68921948356336 8.42230487089084 8.42230487089084 8.42230487089084
 5051920 128 38397.074 38397.074 38397.074 33.682033167423114 33.682033167423114 33.682033167423114 8.420508291855779 8.420508291855779 8.420508291855779
 5557112 128 42665.958 42665.958 42665.958 33.34322581014119 33.34322581014119 33.34322581014119 8.335806452535298 8.335806452535298 8.335806452535298
 6112816 128 46740.055 46740.055 46740.055 33.48051036739259 33.48051036739259 33.48051036739259 8.370127591848147 8.370127591848147 8.370127591848147
 6724096 128 54162.025 54162.025 54162.025 31.78183563114562 31.78183563114562 31.78183563114562 7.945458907786405 7.945458907786405 7.945458907786405
 7396504 128 56631.088 56631.088 56631.088 33.4357874953771 33.4357874953771 33.4357874953771 8.358946873844275 8.358946873844275 8.358946873844275
 8136152 128 62552.929 62552.929 62552.929 33.29748015476622 33.29748015476622 33.29748015476622 8.324370038691555 8.324370038691555 8.324370038691555
 8949760 64 36019.087 36019.087 36019.087 31.804506316331672 31.804506316331672 31.804506316331672 7.951126579082918 7.951126579082918 7.951126579082918
 9844736 64 39569.139 39569.139 39569.139 31.846187201596674 31.846187201596674 31.846187201596674 7.9615468003991685 7.9615468003991685 7.9615468003991685
 10829208 64 41868.925 41868.925 41868.925 33.10662081722901 33.10662081722901 33.10662081722901 8.276655204307252 8.276655204307252 8.276655204307252
 11912128 64 45960.903 45960.903 45960.903 33.174987532338086 33.174987532338086 33.174987532338086 8.293746883084522 8.293746883084522 8.293746883084522
 13103336 64 50829.887 50829.887 50829.887 32.99686674495263 32.99686674495263 32.99686674495263 8.249216686238157 8.249216686238157 8.249216686238157
 14413664 64 56155.205 56155.205 56155.205 32.854460988967986 32.854460988967986 32.854460988967986 8.213615247241997 8.213615247241997 8.213615247241997
 15855024 64 63150.167 63150.167 63150.167 32.13678076259085 32.13678076259085 32.13678076259085 8.034195190647713 8.034195190647713 8.034195190647713
 17440520 32 33854.008 33854.008 33854.008 32.970786797238304 32.970786797238304 32.970786797238304 8.242696699309576 8.242696699309576 8.242696699309576
 19184568 32 37473.917 37473.917 37473.917 32.764451925321815 32.764451925321815 32.764451925321815 8.191112981330454 8.191112981330454 8.191112981330454
 21103024 32 41297.913 41297.913 41297.913 32.70367526804563 32.70367526804563 32.70367526804563 8.175918817011407 8.175918817011407 8.175918817011407
 23213320 32 45629.978 45629.978 45629.978 32.558693760492275 32.558693760492275 32.558693760492275 8.139673440123069 8.139673440123069 8.139673440123069
 25534648 32 50491.095 50491.095 50491.095 32.36644941053467 32.36644941053467 32.36644941053467 8.091612352633668 8.091612352633668 8.091612352633668
 28088112 32 62880.039 62880.039 62880.039 28.588391428955696 28.588391428955696 28.588391428955696 7.147097857238924 7.147097857238924 7.147097857238924
 30896920 32 81486.225 81486.225 81486.225 24.26671354575574 24.26671354575574 24.26671354575574 6.066678386438935 6.066678386438935 6.066678386438935
 33986608 16 52073.002 52073.002 52073.002 20.885514839340356 20.885514839340356 20.885514839340356 5.221378709835089 5.221378709835089 5.221378709835089
 37385264 16 62284.946 62284.946 62284.946 19.207345030049478 19.207345030049478 19.207345030049478 4.801836257512369 4.801836257512369 4.801836257512369
 41123784 16 69602.013 69602.013 69602.013 18.90694006220768 18.90694006220768 18.90694006220768 4.72673501555192 4.72673501555192 4.72673501555192
 45236160 16 79419.136 79419.136 79419.136 18.226805187102514 18.226805187102514 18.226805187102514 4.556701296775628 4.556701296775628 4.556701296775628
 49759776 16 88040.113 88040.113 88040.113 18.08621976666477 18.08621976666477 18.08621976666477 4.521554941666192 4.521554941666192 4.521554941666192
 54735752 16 98512.888 98512.888 98512.888 17.779846876481784 17.779846876481784 17.779846876481784 4.444961719120446 4.444961719120446 4.444961719120446
 60209320 16 113512.039 113512.039 113512.039 16.97351450095967 16.97351450095967 16.97351450095967 4.2433786252399175 4.2433786252399175 4.2433786252399175
 66230248 16 118698.12 118698.12 118698.12 17.855109550176536 17.855109550176536 17.855109550176536 4.463777387544134 4.463777387544134 4.463777387544134
 72853272 8 64561.844 64561.844 64561.844 18.05481813685495 18.05481813685495 18.05481813685495 4.513704534213738 4.513704534213738 4.513704534213738
 80138592 8 72089.911 72089.911 72089.911 17.786365029636393 17.786365029636393 17.786365029636393 4.446591257409098 4.446591257409098 4.446591257409098
 88152448 8 80519.915 80519.915 80519.915 17.516649986528176 17.516649986528176 17.516649986528176 4.379162496632044 4.379162496632044 4.379162496632044
 96967688 8 87516.069 87516.069 87516.069 17.72797870982985 17.72797870982985 17.72797870982985 4.431994677457462 4.431994677457462 4.431994677457462
 106664456 8 97481.012 97481.012 97481.012 17.507320256379774 17.507320256379774 17.507320256379774 4.376830064094944 4.376830064094944 4.376830064094944
 117330896 8 106857.061 106857.061 106857.061 17.568275960724765 17.568275960724765 17.568275960724765 4.392068990181191 4.392068990181191 4.392068990181191
 129063984 8 117299.795 117299.795 117299.795 17.60466626561453 17.60466626561453 17.60466626561453 4.401166566403632 4.401166566403632 4.401166566403632
 141970376 4 64332.962 64332.962 64332.962 17.654449176457945 17.654449176457945 17.654449176457945 4.413612294114486 4.413612294114486 4.413612294114486
 156167408 4 69489.956 69489.956 69489.956 17.978702763892958 17.978702763892958 17.978702763892958 4.4946756909732395 4.4946756909732395 4.4946756909732395
 171784144 4 76992.989 76992.989 76992.989 17.8493284888576 17.8493284888576 17.8493284888576 4.4623321222144 4.4623321222144 4.4623321222144
 188962552 4 86468.22 86468.22 86468.22 17.482728521530802 17.482728521530802 17.482728521530802 4.370682130382701 4.370682130382701 4.370682130382701
 207858800 4 92504.025 92504.025 92504.025 17.976195089889334 17.976195089889334 17.976195089889334 4.4940487724723335 4.4940487724723335 4.4940487724723335
 228644680 4 101788.044 101788.044 101788.044 17.970258275127087 17.970258275127087 17.970258275127087 4.492564568781772 4.492564568781772 4.492564568781772
 251509144 4 114114.046 114114.046 114114.046 17.632125251259605 17.632125251259605 17.632125251259605 4.408031312814901 4.408031312814901 4.408031312814901
 276660056 2 63295.126 63295.126 63295.126 17.483814219755246 17.483814219755246 17.483814219755246 4.370953554938811 4.370953554938811 4.370953554938811
 304326056 2 68355.799 68355.799 68355.799 17.808353377597125 17.808353377597125 17.808353377597125 4.452088344399281 4.452088344399281 4.452088344399281
 334758656 2 73992.968 73992.968 73992.968 18.096782169894848 18.096782169894848 18.096782169894848 4.524195542473712 4.524195542473712 4.524195542473712
 368234520 2 83410.025 83410.025 83410.025 17.659005377351225 17.659005377351225 17.659005377351225 4.414751344337806 4.414751344337806 4.414751344337806
 405057968 2 92391.014 92391.014 92391.014 17.536682431042482 17.536682431042482 17.536682431042482 4.384170607760621 4.384170607760621 4.384170607760621
 445563760 2 100028.992 100028.992 100028.992 17.81738478380348 17.81738478380348 17.81738478380348 4.45434619595087 4.45434619595087 4.45434619595087
 490120136 2 110247.135 110247.135 110247.135 17.78259855913716 17.78259855913716 17.78259855913716 4.44564963978429 4.44564963978429 4.44564963978429
 539132144 1 60343.027 60343.027 60343.027 17.868912807440037 17.868912807440037 17.868912807440037 4.467228201860009 4.467228201860009 4.467228201860009
 593045352 1 68241.835 68241.835 68241.835 17.380697690793337 17.380697690793337 17.380697690793337 4.345174422698334 4.345174422698334 4.345174422698334
 652349880 1 71911.812 71911.812 71911.812 18.14305221512149 18.14305221512149 18.14305221512149 4.535763053780372 4.535763053780372 4.535763053780372
 717584864 1 81712.008 81712.008 81712.008 17.563755476428874 17.563755476428874 17.563755476428874 4.390938869107218 4.390938869107218 4.390938869107218
 789343344 1 93125.105 93125.105 93125.105 16.95232115979896 16.95232115979896 16.95232115979896 4.23808028994974 4.23808028994974 4.23808028994974
 868277672 1 97898.006 97898.006 97898.006 17.73841383449628 17.73841383449628 17.73841383449628 4.43460345862407 4.43460345862407 4.43460345862407
 955105432 1 106024.027 106024.027 106024.027 18.016773348931558 18.016773348931558 18.016773348931558 4.5041933372328895 4.5041933372328895 4.5041933372328895
 1050615968 1 123250.961 123250.961 123250.961 17.048402048564963 17.048402048564963 17.048402048564963 4.262100512141241 4.262100512141241 4.262100512141241
 
META_DATA
 MPI startup(): shm:tmi fabric is unknown or has been removed from the product, please use ofi or shm:ofi instead
 FLOPS          4
 MPI_PROCS      1
 OPENMP_THREADS 1
 ERT_VERSION  1.1.0
 HOSTNAME  shas0105.rc.int.colorado.edu
 UNAME  uname_result(system='Linux', node='shas0105.rc.int.colorado.edu', release='3.10.0-957.27.2.el7.x86_64', version='#1 SMP Mon Jul 29 17:46:05 UTC 2019', machine='x86_64', processor='x86_64')
 TIMESTAMP_DATA  1664512522.6771467
 CONFIG  {'ERT_RESULTS': ['lab5_results'], 'ERT_DRIVER': ['driver1'], 'ERT_KERNEL': ['kernel1'], 'ERT_MPI': ['True'], 'ERT_MPI_CFLAGS': ['-I/usr/include/mpi'], 'ERT_MPI_LDFLAGS': ['-lmpi'], 'ERT_OPENMP': ['True'], 'ERT_OPENMP_CFLAGS': ['-qopenmp'], 'ERT_OPENMP_LDFLAGS': ['-qopenmp'], 'ERT_FLOPS': ['1,2,4,8,16'], 'ERT_ALIGN': ['32'], 'ERT_CC': ['mpicc'], 'ERT_CFLAGS': ['-O3', '-msse3', '-axSSE3', '-xSSE3', '-fno-alias', '-fno-fnalias', '-DERT_INTEL', '-std=c++11'], 'ERT_LD': ['mpicc'], 'ERT_LDFLAGS': [], 'ERT_LDLIBS': [], 'ERT_PRECISION': ['FP64'], 'ERT_RUN': ['export', 'OMP_NUM_THREADS=ERT_OPENMP_THREADS;', 'mpirun', '-np', 'ERT_MPI_PROCS', 'ERT_CODE'], 'ERT_PROCS_THREADS': ['1-24'], 'ERT_MPI_PROCS': ['1'], 'ERT_OPENMP_THREADS': ['1'], 'ERT_NUM_EXPERIMENTS': ['1'], 'ERT_MEMORY_MAX': ['1073741824'], 'ERT_WORKING_SET_MIN': ['1'], 'ERT_TRIALS_MIN': ['1'], 'ERT_GNUPLOT': ['gnuplot'], 'ERT_GPU': [False], 'ERT_HIP': [False], 'ERT_OCL': [False], 'ERT_SYCL': [False], 'ERT_WSS_MULT': [1.1]}
 