fp64
 16 67108864 196066.141 196066.141 196066.141 10.952853139492351 10.952853139492351 10.952853139492351 1.369106642436544 1.369106642436544 1.369106642436544
 32 33554432 104783.058 104783.058 104783.058 20.494569341543745 20.494569341543745 20.494569341543745 2.561821167692968 2.561821167692968 2.561821167692968
 48 16777216 50449.848 50449.848 50449.848 31.92502653328113 31.92502653328113 31.92502653328113 3.9906283166601413 3.9906283166601413 3.9906283166601413
 64 16777216 70238.113 70238.113 70238.113 30.574335731371377 30.574335731371377 30.574335731371377 3.821791966421422 3.821791966421422 3.821791966421422
 80 8388608 27005.196 27005.196 27005.196 49.70070500506644 49.70070500506644 49.70070500506644 6.212588125633305 6.212588125633305 6.212588125633305
 96 8388608 41868.925 41868.925 41868.925 38.467974422558015 38.467974422558015 38.467974422558015 4.808496802819752 4.808496802819752 4.808496802819752
 112 8388608 30682.087 30682.087 30682.087 61.24251560853732 61.24251560853732 61.24251560853732 7.655314451067165 7.655314451067165 7.655314451067165
 128 8388608 46118.021 46118.021 46118.021 46.56495663593197 46.56495663593197 46.56495663593197 5.820619579491496 5.820619579491496 5.820619579491496
 144 4194304 23521.185 23521.185 23521.185 51.356237026323285 51.356237026323285 51.356237026323285 6.419529628290411 6.419529628290411 6.419529628290411
 160 4194304 25617.123 25617.123 25617.123 52.393755536092016 52.393755536092016 52.393755536092016 6.549219442011502 6.549219442011502 6.549219442011502
 176 4194304 27236.938 27236.938 27236.938 54.205616211337706 54.205616211337706 54.205616211337706 6.775702026417213 6.775702026417213 6.775702026417213
 192 4194304 29398.918 29398.918 29398.918 54.78476235077767 54.78476235077767 54.78476235077767 6.848095293847209 6.848095293847209 6.848095293847209
 208 4194304 30581.951 30581.951 30581.951 57.054256087193394 57.054256087193394 57.054256087193394 7.131782010899174 7.131782010899174 7.131782010899174
 224 4194304 33698.797 33698.797 33698.797 55.760097074088435 55.760097074088435 55.760097074088435 6.970012134261054 6.970012134261054 6.970012134261054
 240 4194304 34792.9 34792.9 34792.9 57.864274607750424 57.864274607750424 57.864274607750424 7.233034325968803 7.233034325968803 7.233034325968803
 256 4194304 16689.062 16689.062 16689.062 128.6761142118113 128.6761142118113 128.6761142118113 16.084514276476412 16.084514276476412 16.084514276476412
 272 2097152 10231.972 10231.972 10231.972 111.4986131705599 111.4986131705599 111.4986131705599 13.937326646319988 13.937326646319988 13.937326646319988
 288 2097152 10227.919 10227.919 10227.919 118.10413750832402 118.10413750832402 118.10413750832402 14.763017188540502 14.763017188540502 14.763017188540502
 304 2097152 11479.855 11479.855 11479.855 111.07008024056054 111.07008024056054 111.07008024056054 13.883760030070068 13.883760030070068 13.883760030070068
 320 2097152 12197.971 12197.971 12197.971 110.0328308699865 110.0328308699865 110.0328308699865 13.754103858748312 13.754103858748312 13.754103858748312
 352 2097152 14141.083 14141.083 14141.083 104.40466320719565 104.40466320719565 104.40466320719565 13.050582900899457 13.050582900899457 13.050582900899457
 384 2097152 16047.001 16047.001 16047.001 100.36845738340764 100.36845738340764 100.36845738340764 12.546057172925956 12.546057172925956 12.546057172925956
 416 2097152 17989.874 17989.874 17989.874 96.98958780923091 96.98958780923091 96.98958780923091 12.123698476153864 12.123698476153864 12.123698476153864
 448 2097152 19927.025 19927.025 19927.025 94.296473858993 94.296473858993 94.296473858993 11.787059232374125 11.787059232374125 11.787059232374125
 480 2097152 23357.153 23357.153 23357.153 86.19483376248809 86.19483376248809 86.19483376248809 10.774354220311011 10.774354220311011 10.774354220311011
 528 1048576 8950.949 8950.949 8950.949 123.70713496412503 123.70713496412503 123.70713496412503 15.463391870515629 15.463391870515629 15.463391870515629
 576 1048576 10046.959 10046.959 10046.959 120.23136075303978 120.23136075303978 120.23136075303978 15.028920094129973 15.028920094129973 15.028920094129973
 624 1048576 11448.86 11448.86 11448.86 114.30158531067721 114.30158531067721 114.30158531067721 14.287698163834651 14.287698163834651 14.287698163834651
 672 1048576 12660.027 12660.027 12660.027 111.31778344548553 111.31778344548553 111.31778344548553 13.914722930685691 13.914722930685691 13.914722930685691
 736 1048576 14658.928 14658.928 14658.928 105.29445754832823 105.29445754832823 105.29445754832823 13.161807193541028 13.161807193541028 13.161807193541028
 800 1048576 13370.991 13370.991 13370.991 125.47473855901929 125.47473855901929 125.47473855901929 15.68434231987741 15.68434231987741 15.68434231987741
 880 1048576 15262.127 15262.127 15262.127 120.91982722984811 120.91982722984811 120.91982722984811 15.114978403731014 15.114978403731014 15.114978403731014
 960 1048576 16845.942 16845.942 16845.942 119.51043877510678 119.51043877510678 119.51043877510678 14.938804846888347 14.938804846888347 14.938804846888347
 1056 524288 8342.981 8342.981 8342.981 132.7218959266478 132.7218959266478 132.7218959266478 16.590236990830974 16.590236990830974 16.590236990830974
 1152 524288 9274.006 9274.006 9274.006 130.25218573289686 130.25218573289686 130.25218573289686 16.281523216612108 16.281523216612108 16.281523216612108
 1264 524288 10452.986 10452.986 10452.986 126.79631102538548 126.79631102538548 126.79631102538548 15.849538878173185 15.849538878173185 15.849538878173185
 1376 524288 10982.99 10982.99 10982.99 131.37047161110044 131.37047161110044 131.37047161110044 16.421308951387555 16.421308951387555 16.421308951387555
 1504 524288 11945.009 11945.009 11945.009 132.0265479917177 132.0265479917177 132.0265479917177 16.503318498964713 16.503318498964713 16.503318498964713
 1648 524288 12876.987 12876.987 12876.987 134.1970173612818 134.1970173612818 134.1970173612818 16.774627170160226 16.774627170160226 16.774627170160226
 1808 524288 13998.985 13998.985 13998.985 135.4259189505525 135.4259189505525 135.4259189505525 16.928239868819063 16.928239868819063 16.928239868819063
 1984 524288 15419.006 15419.006 15419.006 134.92275598050873 134.92275598050873 134.92275598050873 16.86534449756359 16.86534449756359 16.86534449756359
 2176 262144 8456.945 8456.945 8456.945 134.9010414517299 134.9010414517299 134.9010414517299 16.862630181466237 16.862630181466237 16.862630181466237
 2384 262144 9291.887 9291.887 9291.887 134.51547484380728 134.51547484380728 134.51547484380728 16.81443435547591 16.81443435547591 16.81443435547591
 2608 262144 10026.932 10026.932 10026.932 136.36704666990858 136.36704666990858 136.36704666990858 17.045880833738572 17.045880833738572 17.045880833738572
 2864 262144 11010.17 11010.17 11010.17 136.3794411893731 136.3794411893731 136.3794411893731 17.047430148671637 17.047430148671637 17.047430148671637
 3136 262144 11924.982 11924.982 11924.982 137.87586161555632 137.87586161555632 137.87586161555632 17.23448270194454 17.23448270194454 17.23448270194454
 3440 262144 13205.051 13205.051 13205.051 136.58036761842118 136.58036761842118 136.58036761842118 17.072545952302647 17.072545952302647 17.072545952302647
 3776 262144 14417.887 14417.887 14417.887 137.3094051853784 137.3094051853784 137.3094051853784 17.1636756481723 17.1636756481723 17.1636756481723
 4144 131072 7922.173 7922.173 7922.173 137.12459144732134 137.12459144732134 137.12459144732134 17.140573930915167 17.140573930915167 17.140573930915167
 4544 131072 8686.781 8686.781 8686.781 137.1258623879202 137.1258623879202 137.1258623879202 17.140732798490024 17.140732798490024 17.140732798490024
 4992 131072 9500.98 9500.98 9500.98 137.73556496277226 137.73556496277226 137.73556496277226 17.216945620346532 17.216945620346532 17.216945620346532
 5488 131072 10454.178 10454.178 10454.178 137.61448025851482 137.61448025851482 137.61448025851482 17.201810032314352 17.201810032314352 17.201810032314352
 6032 131072 11434.078 11434.078 11434.078 138.29297018963837 138.29297018963837 138.29297018963837 17.286621273704796 17.286621273704796 17.286621273704796
 6624 131072 12593.031 12593.031 12593.031 137.8891115252555 137.8891115252555 137.8891115252555 17.236138940656936 17.236138940656936 17.236138940656936
 7280 131072 13831.854 13831.854 13831.854 137.97198264238475 137.97198264238475 137.97198264238475 17.246497830298093 17.246497830298093 17.246497830298093
 8000 131072 15229.94 15229.94 15229.94 137.69929494141144 137.69929494141144 137.69929494141144 17.21241186767643 17.21241186767643 17.21241186767643
 8800 65536 8709.908 8709.908 8709.908 132.42775928287648 132.42775928287648 132.42775928287648 16.55346991035956 16.55346991035956 16.55346991035956
 9680 65536 9616.137 9616.137 9616.137 131.9424796048559 131.9424796048559 131.9424796048559 16.492809950606986 16.492809950606986 16.492809950606986
 10640 65536 10507.107 10507.107 10507.107 132.7297875618855 132.7297875618855 132.7297875618855 16.591223445235688 16.591223445235688 16.591223445235688
 11696 65536 11476.04 11476.04 11476.04 133.58424264816085 133.58424264816085 133.58424264816085 16.698030331020107 16.698030331020107 16.698030331020107
 12864 65536 12547.97 12547.97 12547.97 134.37314625393591 134.37314625393591 134.37314625393591 16.79664328174199 16.79664328174199 16.79664328174199
 14144 65536 13695.955 13695.955 13695.955 135.35984661164557 135.35984661164557 135.35984661164557 16.919980826455696 16.919980826455696 16.919980826455696
 15552 65536 15259.027 15259.027 15259.027 133.58857966500747 133.58857966500747 133.58857966500747 16.698572458125934 16.698572458125934 16.698572458125934
 17104 32768 8274.078 8274.078 8274.078 135.47464067899773 135.47464067899773 135.47464067899773 16.934330084874716 16.934330084874716 16.934330084874716
 18800 32768 9027.004 9027.004 9027.004 136.48789786733226 136.48789786733226 136.48789786733226 17.060987233416533 17.060987233416533 17.060987233416533
 20672 32768 10025.024 10025.024 10025.024 135.13785024355056 135.13785024355056 135.13785024355056 16.89223128044382 16.89223128044382 16.89223128044382
 22736 32768 10910.034 10910.034 10910.034 136.57395531489638 136.57395531489638 136.57395531489638 17.071744414362048 17.071744414362048 17.071744414362048
 25008 32768 11987.925 11987.925 11987.925 136.71459305926587 136.71459305926587 136.71459305926587 17.089324132408233 17.089324132408233 17.089324132408233
 27504 32768 13161.898 13161.898 13161.898 136.94849663779493 136.94849663779493 136.94849663779493 17.118562079724366 17.118562079724366 17.118562079724366
 30240 32768 14352.798 14352.798 14352.798 138.07820886213267 138.07820886213267 138.07820886213267 17.259776107766584 17.259776107766584 17.259776107766584
 33264 16384 7929.087 7929.087 7929.087 137.46787644025093 137.46787644025093 137.46787644025093 17.183484555031367 17.183484555031367 17.183484555031367
 36576 16384 8698.94 8698.94 8698.94 137.77797846634186 137.77797846634186 137.77797846634186 17.222247308292733 17.222247308292733 17.222247308292733
 40224 16384 9554.148 9554.148 9554.148 137.95683633956688 137.95683633956688 137.95683633956688 17.24460454244586 17.24460454244586 17.24460454244586
 44240 16384 10521.173 10521.173 10521.173 137.78466716591393 137.78466716591393 137.78466716591393 17.22308339573924 17.22308339573924 17.22308339573924
 48656 16384 11520.863 11520.863 11520.863 138.38892173268619 138.38892173268619 138.38892173268619 17.298615216585773 17.298615216585773 17.298615216585773
 53520 16384 12647.867 12647.867 12647.867 138.65921898135076 138.65921898135076 138.65921898135076 17.332402372668845 17.332402372668845 17.332402372668845
 58864 16384 13942.957 13942.957 13942.957 138.3390590675995 138.3390590675995 138.3390590675995 17.292382383449937 17.292382383449937 17.292382383449937
 64736 16384 15329.838 15329.838 15329.838 138.375190135734 138.375190135734 138.375190135734 17.29689876696675 17.29689876696675 17.29689876696675
 71200 8192 8994.102 8994.102 8994.102 129.7006415982385 129.7006415982385 129.7006415982385 16.21258019977981 16.21258019977981 16.21258019977981
 78320 8192 10096.073 10096.073 10096.073 127.09841539378725 127.09841539378725 127.09841539378725 15.887301924223406 15.887301924223406 15.887301924223406
 86144 8192 11346.102 11346.102 11346.102 124.39367247006945 124.39367247006945 124.39367247006945 15.54920905875868 15.54920905875868 15.54920905875868
 94752 8192 12466.908 12466.908 12466.908 124.52299864569468 124.52299864569468 124.52299864569468 15.565374830711836 15.565374830711836 15.565374830711836
 104224 8192 13708.115 13708.115 13708.115 124.56898822339906 124.56898822339906 124.56898822339906 15.571123527924883 15.571123527924883 15.571123527924883
 114640 8192 15079.975 15079.975 15079.975 124.55337359644163 124.55337359644163 124.55337359644163 15.569171699555204 15.569171699555204 15.569171699555204
 126096 8192 16617.06 16617.06 16617.06 124.32746009221844 124.32746009221844 124.32746009221844 15.540932511527306 15.540932511527306 15.540932511527306
 138704 4096 9135.962 9135.962 9135.962 124.37258035880622 124.37258035880622 124.37258035880622 15.546572544850777 15.546572544850777 15.546572544850777
 152560 4096 10047.913 10047.913 10047.913 124.38120433566651 124.38120433566651 124.38120433566651 15.547650541958314 15.547650541958314 15.547650541958314
 167808 4096 11069.059 11069.059 11069.059 124.19150860068594 124.19150860068594 124.19150860068594 15.523938575085742 15.523938575085742 15.523938575085742
 184576 4096 12249.947 12249.947 12249.947 123.43290889340173 123.43290889340173 123.43290889340173 15.429113611675216 15.429113611675216 15.429113611675216
 203024 4096 13401.031 13401.031 13401.031 124.10780991402825 124.10780991402825 124.10780991402825 15.513476239253531 15.513476239253531 15.513476239253531
 223312 4096 14757.156 14757.156 14757.156 123.96507186072981 123.96507186072981 123.96507186072981 15.495633982591226 15.495633982591226 15.495633982591226
 245632 4096 16200.066 16200.066 16200.066 124.21044111795595 124.21044111795595 124.21044111795595 15.526305139744494 15.526305139744494 15.526305139744494
 270192 2048 8980.989 8980.989 8980.989 123.2276792678401 123.2276792678401 123.2276792678401 15.403459908480013 15.403459908480013 15.403459908480013
 297200 2048 9840.965 9840.965 9840.965 123.7003891386668 123.7003891386668 123.7003891386668 15.46254864233335 15.46254864233335 15.46254864233335
 326912 2048 10956.049 10956.049 10956.049 122.21847054535809 122.21847054535809 122.21847054535809 15.277308818169761 15.277308818169761 15.277308818169761
 359600 2048 12357.95 12357.95 12357.95 119.18818250599816 119.18818250599816 119.18818250599816 14.89852281324977 14.89852281324977 14.89852281324977
 395552 2048 13553.858 13553.858 13553.858 119.53651808953585 119.53651808953585 119.53651808953585 14.94206476119198 14.94206476119198 14.94206476119198
 435104 2048 17663.002 17663.002 17663.002 100.89938188310232 100.89938188310232 100.89938188310232 12.61242273538779 12.61242273538779 12.61242273538779
 478608 2048 19710.064 19710.064 19710.064 99.46078145662034 99.46078145662034 99.46078145662034 12.432597682077542 12.432597682077542 12.432597682077542
 526464 1024 11953.831 11953.831 11953.831 90.19688098317603 90.19688098317603 90.19688098317603 11.274610122897004 11.274610122897004 11.274610122897004
 579104 1024 14178.991 14178.991 14178.991 83.6452320196832 83.6452320196832 83.6452320196832 10.4556540024604 10.4556540024604 10.4556540024604
 637008 1024 15743.971 15743.971 15743.971 82.86298189954746 82.86298189954746 82.86298189954746 10.357872737443433 10.357872737443433 10.357872737443433
 700704 1024 18490.076 18490.076 18490.076 77.61145989881274 77.61145989881274 77.61145989881274 9.701432487351592 9.701432487351592 9.701432487351592
 770768 1024 20446.062 20446.062 20446.062 77.20473820337628 77.20473820337628 77.20473820337628 9.650592275422035 9.650592275422035 9.650592275422035
 847840 1024 22492.17 22492.17 22492.17 77.19914619176363 77.19914619176363 77.19914619176363 9.649893273970454 9.649893273970454 9.649893273970454
 932624 1024 24777.889 24777.889 24777.889 77.0854188587252 77.0854188587252 77.0854188587252 9.63567735734065 9.63567735734065 9.63567735734065
 1025872 1024 27262.926 27262.926 27262.926 77.06384325732314 77.06384325732314 77.06384325732314 9.632980407165393 9.632980407165393 9.632980407165393
 1128448 512 15640.974 15640.974 15640.974 73.87843953963481 73.87843953963481 73.87843953963481 9.234804942454351 9.234804942454351 9.234804942454351
 1241280 512 16522.169 16522.169 16522.169 76.93122616043934 76.93122616043934 76.93122616043934 9.616403270054917 9.616403270054917 9.616403270054917
 1365408 512 18117.905 18117.905 18117.905 77.17105217187087 77.17105217187087 77.17105217187087 9.646381521483859 9.646381521483859 9.646381521483859
 1501936 512 19901.991 19901.991 19901.991 77.2778192895374 77.2778192895374 77.2778192895374 9.659727411192176 9.659727411192176 9.659727411192176
 1652128 512 21887.064 21887.064 21887.064 77.29584342605295 77.29584342605295 77.29584342605295 9.66198042825662 9.66198042825662 9.66198042825662
 1817328 512 24034.977 24034.977 24034.977 77.42648857121853 77.42648857121853 77.42648857121853 9.678311071402316 9.678311071402316 9.678311071402316
 1999056 512 26463.985 26463.985 26463.985 77.35166657629227 77.35166657629227 77.35166657629227 9.668958322036534 9.668958322036534 9.668958322036534
 2198960 256 14548.063 14548.063 14548.063 77.38951364178172 77.38951364178172 77.38951364178172 9.673689205222715 9.673689205222715 9.673689205222715
 2418848 256 16038.179 16038.179 16038.179 77.21887728026978 77.21887728026978 77.21887728026978 9.652359660033722 9.652359660033722 9.652359660033722
 2660720 256 17611.027 17611.027 17611.027 77.35429853125545 77.35429853125545 77.35429853125545 9.669287316406932 9.669287316406932 9.669287316406932
 2926784 256 19428.015 19428.015 19428.015 77.13157561387511 77.13157561387511 77.13157561387511 9.64144695173439 9.64144695173439 9.64144695173439
 3219456 256 22156.0 22156.0 22156.0 74.3979721971475 74.3979721971475 74.3979721971475 9.299746524643437 9.299746524643437 9.299746524643437
 3541392 256 23481.131 23481.131 23481.131 77.21913837966322 77.21913837966322 77.21913837966322 9.652392297457903 9.652392297457903 9.652392297457903
 3895520 256 25810.003 25810.003 25810.003 77.27648230029264 77.27648230029264 77.27648230029264 9.65956028753658 9.65956028753658 9.65956028753658
 4285072 128 14210.939 14210.939 14210.939 77.19253681969924 77.19253681969924 77.19253681969924 9.649067102462405 9.649067102462405 9.649067102462405
 4713568 128 15609.98 15609.98 15609.98 77.30140640795183 77.30140640795183 77.30140640795183 9.662675800993979 9.662675800993979 9.662675800993979
 5184912 128 17190.933 17190.933 17190.933 77.21148538011286 77.21148538011286 77.21148538011286 9.651435672514108 9.651435672514108 9.651435672514108
 5703392 128 18958.092 18958.092 18958.092 77.01557477408592 77.01557477408592 77.01557477408592 9.62694684676074 9.62694684676074 9.62694684676074
 6273728 128 20792.007 20792.007 20792.007 77.2447973877654 77.2447973877654 77.2447973877654 9.655599673470675 9.655599673470675 9.655599673470675
 6901088 128 22886.038 22886.038 22886.038 77.19459908263718 77.19459908263718 77.19459908263718 9.649324885329648 9.649324885329648 9.649324885329648
 7591184 128 25599.957 25599.957 25599.957 75.91196750838293 75.91196750838293 75.91196750838293 9.488995938547866 9.488995938547866 9.488995938547866
 8350288 128 27680.159 27680.159 27680.159 77.22765349722161 77.22765349722161 77.22765349722161 9.653456687152701 9.653456687152701 9.653456687152701
 9185312 64 15305.042 15305.042 15305.042 76.81912509616112 76.81912509616112 76.81912509616112 9.60239063702014 9.60239063702014 9.60239063702014
 10103840 64 16840.935 16840.935 16840.935 76.79452001922695 76.79452001922695 76.79452001922695 9.599315002403369 9.599315002403369 9.599315002403369
 11114224 64 18521.07 18521.07 18521.07 76.81093327761302 76.81093327761302 76.81093327761302 9.601366659701627 9.601366659701627 9.601366659701627
 12225632 64 20367.861 20367.861 20367.861 76.8308903914849 76.8308903914849 76.8308903914849 9.603861298935612 9.603861298935612 9.603861298935612
 13448192 64 23433.924 23433.924 23433.924 73.45626690604612 73.45626690604612 73.45626690604612 9.182033363255766 9.182033363255766 9.182033363255766
 14793008 64 24738.073 24738.073 24738.073 76.54213907445418 76.54213907445418 76.54213907445418 9.567767384306773 9.567767384306773 9.567767384306773
 16272304 64 27425.051 27425.051 27425.051 75.9471664063633 75.9471664063633 75.9471664063633 9.493395800795412 9.493395800795412 9.493395800795412
 17899520 32 15599.966 15599.966 15599.966 73.4340882537821 73.4340882537821 73.4340882537821 9.179261031722762 9.179261031722762 9.179261031722762
 19689472 32 17093.897 17093.897 17093.897 73.71790107311399 73.71790107311399 73.71790107311399 9.214737634139249 9.214737634139249 9.214737634139249
 21658416 32 18234.968 18234.968 18234.968 76.01541302403163 76.01541302403163 76.01541302403163 9.501926628003954 9.501926628003954 9.501926628003954
 23824256 32 20205.975 20205.975 20205.975 75.46047067760898 75.46047067760898 75.46047067760898 9.432558834701123 9.432558834701123 9.432558834701123
 26206672 32 22129.059 22129.059 22129.059 75.79296562045408 75.79296562045408 75.79296562045408 9.47412070255676 9.47412070255676 9.47412070255676
 28827328 32 24603.128 24603.128 24603.128 74.98839139478524 74.98839139478524 74.98839139478524 9.373548924348155 9.373548924348155 9.373548924348155
 31710048 32 27218.103 27218.103 27218.103 74.56225263017043 74.56225263017043 74.56225263017043 9.320281578771304 9.320281578771304 9.320281578771304
 34881040 16 15434.98 15434.98 15434.98 72.31582289060304 72.31582289060304 72.31582289060304 9.03947786132538 9.03947786132538 9.03947786132538
 38369136 16 17186.88 17186.88 17186.88 71.43893202256604 71.43893202256604 71.43893202256604 8.929866502820754 8.929866502820754 8.929866502820754
 42206048 16 19768.0 19768.0 19768.0 68.32221448806152 68.32221448806152 68.32221448806152 8.54027681100769 8.54027681100769 8.54027681100769
 46426640 16 22936.821 22936.821 22936.821 64.77150778654112 64.77150778654112 64.77150778654112 8.09643847331764 8.09643847331764 8.09643847331764
 51069296 16 27724.028 27724.028 27724.028 58.94588881529048 58.94588881529048 58.94588881529048 7.36823610191131 7.36823610191131 7.36823610191131
 56176224 16 33202.171 33202.171 33202.171 54.1422176278774 54.1422176278774 54.1422176278774 6.767777203484675 6.767777203484675 6.767777203484675
 61793840 16 40388.823 40388.823 40388.823 48.959160805453536 48.959160805453536 48.959160805453536 6.119895100681692 6.119895100681692 6.119895100681692
 67973216 8 24796.963 24796.963 24796.963 43.8590587081168 43.8590587081168 43.8590587081168 5.4823823385146 5.4823823385146 5.4823823385146
 74770528 8 29706.955 29706.955 29706.955 40.27098866241929 40.27098866241929 40.27098866241929 5.0338735828024115 5.0338735828024115 5.0338735828024115
 82247568 8 34940.958 34940.958 34940.958 37.66242150544355 37.66242150544355 37.66242150544355 4.707802688180443 4.707802688180443 4.707802688180443
 90472320 8 39726.973 39726.973 39726.973 36.43763948489103 36.43763948489103 36.43763948489103 4.554704935611379 4.554704935611379 4.554704935611379
 99519552 8 45397.043 45397.043 45397.043 35.075254394873255 35.075254394873255 35.075254394873255 4.384406799359157 4.384406799359157 4.384406799359157
 109471504 8 50665.855 50665.855 50665.855 34.570502441930564 34.570502441930564 34.570502441930564 4.3213128052413206 4.3213128052413206 4.3213128052413206
 120418640 8 55880.07 55880.07 55880.07 34.47916654363532 34.47916654363532 34.47916654363532 4.309895817954415 4.309895817954415 4.309895817954415
 132460496 8 62091.112 62091.112 62091.112 34.13319342710435 34.13319342710435 34.13319342710435 4.266649178388044 4.266649178388044 4.266649178388044
 145706544 4 34240.007 34240.007 34240.007 34.043578086885326 34.043578086885326 34.043578086885326 4.255447260860666 4.255447260860666 4.255447260860666
 160277184 4 37779.093 37779.093 37779.093 33.93986912285057 33.93986912285057 33.93986912285057 4.242483640356321 4.242483640356321 4.242483640356321
 176304896 4 41715.86 41715.86 41715.86 33.81062185940791 33.81062185940791 33.81062185940791 4.226327732425989 4.226327732425989 4.226327732425989
 193935376 4 45776.129 45776.129 45776.129 33.89283982487903 33.89283982487903 33.89283982487903 4.236604978109879 4.236604978109879 4.236604978109879
 213328912 4 50365.21 50365.21 50365.21 33.885122210351156 33.885122210351156 33.885122210351156 4.2356402762938945 4.2356402762938945 4.2356402762938945
 234661792 4 55376.053 55376.053 55376.053 33.90083319950593 33.90083319950593 33.90083319950593 4.2376041499382415 4.2376041499382415 4.2376041499382415
 258127968 4 60845.852 60845.852 60845.852 33.93861169040743 33.93861169040743 33.93861169040743 4.242326461300928 4.242326461300928 4.242326461300928
 283940752 2 33478.975 33478.975 33478.975 33.92466489789487 33.92466489789487 33.92466489789487 4.240583112236859 4.240583112236859 4.240583112236859
 312334816 2 36792.04 36792.04 36792.04 33.95678152122036 33.95678152122036 33.95678152122036 4.244597690152545 4.244597690152545 4.244597690152545
 343568288 2 40571.928 40571.928 40571.928 33.872512836954655 33.872512836954655 33.872512836954655 4.234064104619332 4.234064104619332 4.234064104619332
 377925104 2 44737.816 44737.816 44737.816 33.79021488219273 33.79021488219273 33.79021488219273 4.223776860274091 4.223776860274091 4.223776860274091
 415717600 2 49131.155 49131.155 49131.155 33.845538538631956 33.845538538631956 33.845538538631956 4.2306923173289945 4.2306923173289945 4.2306923173289945
 457289360 2 54205.894 54205.894 54205.894 33.74462267885481 33.74462267885481 33.74462267885481 4.218077834856851 4.218077834856851 4.218077834856851
 503018288 2 59607.983 59607.983 59607.983 33.755095387139676 33.755095387139676 33.755095387139676 4.2193869233924595 4.2193869233924595 4.2193869233924595
 553320112 1 32707.93 32707.93 32707.93 33.83400368045302 33.83400368045302 33.83400368045302 4.229250460056628 4.229250460056628 4.229250460056628
 608652112 1 36051.989 36051.989 36051.989 33.765244519518745 33.765244519518745 33.765244519518745 4.220655564939843 4.220655564939843 4.220655564939843
 669517312 1 39566.994 39566.994 39566.994 33.84221262803032 33.84221262803032 33.84221262803032 4.23027657850379 4.23027657850379 4.23027657850379
 736469040 1 43564.081 43564.081 43564.081 33.8108378781134 33.8108378781134 33.8108378781134 4.226354734764175 4.226354734764175 4.226354734764175
 810115936 1 48097.849 48097.849 48097.849 33.68616072623122 33.68616072623122 33.68616072623122 4.210770090778903 4.210770090778903 4.210770090778903
 891127520 1 52866.936 52866.936 52866.936 33.71209256386638 33.71209256386638 33.71209256386638 4.214011570483297 4.214011570483297 4.214011570483297
 980240272 1 58175.087 58175.087 58175.087 33.69965813716789 33.69965813716789 33.69965813716789 4.212457267145986 4.212457267145986 4.212457267145986
 
META_DATA
 MPI startup(): shm:tmi fabric is unknown or has been removed from the product, please use ofi or shm:ofi instead
 FLOPS          2
 MPI_PROCS      2
 OPENMP_THREADS 1
 ERT_VERSION  1.1.0
 HOSTNAME  ('shas0339.rc.int.colorado.edu', [], ['10.225.6.91'])
 UNAME  uname_result(system='Linux', node='shas0339.rc.int.colorado.edu', release='3.10.0-957.27.2.el7.x86_64', version='#1 SMP Mon Jul 29 17:46:05 UTC 2019', machine='x86_64', processor='x86_64')
 TIMESTAMP_DATA  1664517248.487052
 CONFIG  {'ERT_RESULTS': ['lab5_results'], 'ERT_DRIVER': ['driver1'], 'ERT_KERNEL': ['kernel1'], 'ERT_MPI': ['True'], 'ERT_MPI_CFLAGS': ['-I/usr/include/mpi'], 'ERT_MPI_LDFLAGS': ['-lmpi'], 'ERT_OPENMP': ['True'], 'ERT_OPENMP_CFLAGS': ['-qopenmp'], 'ERT_OPENMP_LDFLAGS': ['-qopenmp'], 'ERT_FLOPS': ['1,2,4,8,16'], 'ERT_ALIGN': ['32'], 'ERT_CC': ['mpicc'], 'ERT_CFLAGS': ['-O3', '-msse3', '-axSSE3', '-xSSE3', '-fno-alias', '-fno-fnalias', '-DERT_INTEL', '-std=c++11'], 'ERT_LD': ['mpicc'], 'ERT_LDFLAGS': [], 'ERT_LDLIBS': [], 'ERT_PRECISION': ['FP64'], 'ERT_RUN': ['export', 'OMP_NUM_THREADS=ERT_OPENMP_THREADS;', 'mpirun', '-np', 'ERT_MPI_PROCS', 'ERT_CODE'], 'ERT_PROCS_THREADS': ['1-8'], 'ERT_MPI_PROCS': ['1,2'], 'ERT_OPENMP_THREADS': ['1'], 'ERT_NUM_EXPERIMENTS': ['1'], 'ERT_MEMORY_MAX': ['1073741824'], 'ERT_WORKING_SET_MIN': ['1'], 'ERT_TRIALS_MIN': ['1'], 'ERT_GNUPLOT': ['gnuplot'], 'ERT_GPU': [False], 'ERT_HIP': [False], 'ERT_OCL': [False], 'ERT_SYCL': [False], 'ERT_WSS_MULT': [1.1]}
 