fp64
 8 134217728 2666038.036 2666038.036 2666038.036 0.8054962528674142 0.8054962528674142 0.8054962528674142 0.8054962528674142 0.8054962528674142 0.8054962528674142
 16 67108864 1352219.105 1352219.105 1352219.105 1.588118109010152 1.588118109010152 1.588118109010152 1.588118109010152 1.588118109010152 1.588118109010152
 24 33554432 674165.01 674165.01 674165.01 2.389048247994953 2.389048247994953 2.389048247994953 2.389048247994953 2.389048247994953 2.389048247994953
 32 33554432 674387.932 674387.932 674387.932 3.184344716298986 3.184344716298986 3.184344716298986 3.184344716298986 3.184344716298986 3.184344716298986
 40 16777216 338633.06 338633.06 338633.06 3.963515198427466 3.963515198427466 3.963515198427466 3.963515198427466 3.963515198427466 3.963515198427466
 48 16777216 337931.871 337931.871 337931.871 4.766087114642111 4.766087114642111 4.766087114642111 4.766087114642111 4.766087114642111 4.766087114642111
 56 16777216 347004.175 347004.175 347004.175 5.415059320251695 5.415059320251695 5.415059320251695 5.415059320251695 5.415059320251695 5.415059320251695
 64 16777216 346947.908 346947.908 346947.908 6.189642878607587 6.189642878607587 6.189642878607587 6.189642878607587 6.189642878607587 6.189642878607587
 72 8388608 175881.147 175881.147 175881.147 6.868044543739529 6.868044543739529 6.868044543739529 6.868044543739529 6.868044543739529 6.868044543739529
 80 8388608 175653.934 175653.934 175653.934 7.641031711820356 7.641031711820356 7.641031711820356 7.641031711820356 7.641031711820356 7.641031711820356
 88 8388608 199644.089 199644.089 199644.089 7.395135089624416 7.395135089624416 7.395135089624416 7.395135089624416 7.395135089624416 7.395135089624416
 96 8388608 200285.912 200285.912 200285.912 8.041567776369613 8.041567776369613 8.041567776369613 8.041567776369613 8.041567776369613 8.041567776369613
 104 8388608 232995.987 232995.987 232995.987 7.488671742659672 7.488671742659672 7.488671742659672 7.488671742659672 7.488671742659672 7.488671742659672
 112 8388608 234273.911 234273.911 234273.911 8.020731732267022 8.020731732267022 8.020731732267022 8.020731732267022 8.020731732267022 8.020731732267022
 120 8388608 266945.839 266945.839 266945.839 7.541851663775138 7.541851663775138 7.541851663775138 7.541851663775138 7.541851663775138 7.541851663775138
 128 8388608 180011.988 180011.988 180011.988 11.929670195076119 11.929670195076119 11.929670195076119 11.929670195076119 11.929670195076119 11.929670195076119
 136 4194304 110414.982 110414.982 110414.982 10.33239029102047 10.33239029102047 10.33239029102047 10.33239029102047 10.33239029102047 10.33239029102047
 144 4194304 112419.844 112419.844 112419.844 10.74507408140506 10.74507408140506 10.74507408140506 10.74507408140506 10.74507408140506 10.74507408140506
 152 4194304 133757.114 133757.114 133757.114 9.532714768352433 9.532714768352433 9.532714768352433 9.532714768352433 9.532714768352433 9.532714768352433
 160 4194304 130776.882 130776.882 130776.882 10.26310812334553 10.26310812334553 10.26310812334553 10.26310812334553 10.26310812334553 10.26310812334553
 176 4194304 149224.997 149224.997 149224.997 9.893751299589571 9.893751299589571 9.893751299589571 9.893751299589571 9.893751299589571 9.893751299589571
 192 4194304 163571.835 163571.835 163571.835 9.846516278306714 9.846516278306714 9.846516278306714 9.846516278306714 9.846516278306714 9.846516278306714
 208 4194304 178790.092 178790.092 178790.092 9.7591004315832 9.7591004315832 9.7591004315832 9.7591004315832 9.7591004315832 9.7591004315832
 224 4194304 203639.984 203639.984 203639.984 9.227304751703379 9.227304751703379 9.227304751703379 9.227304751703379 9.227304751703379 9.227304751703379
 240 4194304 213163.137 213163.137 213163.137 9.444718952508191 9.444718952508191 9.444718952508191 9.444718952508191 9.444718952508191 9.444718952508191
 264 2097152 100539.923 100539.923 100539.923 11.013498150381515 11.013498150381515 11.013498150381515 11.013498150381515 11.013498150381515 11.013498150381515
 288 2097152 111778.021 111778.021 111778.021 10.806771681885476 10.806771681885476 10.806771681885476 10.806771681885476 10.806771681885476 10.806771681885476
 312 2097152 126915.932 126915.932 126915.932 10.31094227003746 10.31094227003746 10.31094227003746 10.31094227003746 10.31094227003746 10.31094227003746
 336 2097152 134325.027 134325.027 134325.027 10.491612586833872 10.491612586833872 10.491612586833872 10.491612586833872 10.491612586833872 10.491612586833872
 368 2097152 152289.152 152289.152 152289.152 10.135350100314433 10.135350100314433 10.135350100314433 10.135350100314433 10.135350100314433 10.135350100314433
 400 2097152 147126.913 147126.913 147126.913 11.403227090070189 11.403227090070189 11.403227090070189 11.403227090070189 11.403227090070189 11.403227090070189
 440 2097152 171375.036 171375.036 171375.036 10.768743237492306 10.768743237492306 10.768743237492306 10.768743237492306 10.768743237492306 10.768743237492306
 480 2097152 187953.949 187953.949 187953.949 10.71148507765591 10.71148507765591 10.71148507765591 10.71148507765591 10.71148507765591 10.71148507765591
 528 1048576 96658.945 96658.945 96658.945 11.455703928901768 11.455703928901768 11.455703928901768 11.455703928901768 11.455703928901768 11.455703928901768
 576 1048576 111628.056 111628.056 111628.056 10.821289873578017 10.821289873578017 10.821289873578017 10.821289873578017 10.821289873578017 10.821289873578017
 632 1048576 125993.013 125993.013 125993.013 10.519631465595635 10.519631465595635 10.519631465595635 10.519631465595635 10.519631465595635 10.519631465595635
 688 1048576 128592.968 128592.968 128592.968 11.220213658961507 11.220213658961507 11.220213658961507 11.220213658961507 11.220213658961507 11.220213658961507
 752 1048576 144052.029 144052.029 144052.029 10.94783818699284 10.94783818699284 10.94783818699284 10.94783818699284 10.94783818699284 10.94783818699284
 824 1048576 155081.987 155081.987 155081.987 11.142836646786064 11.142836646786064 11.142836646786064 11.142836646786064 11.142836646786064 11.142836646786064
 904 1048576 163954.02 163954.02 163954.02 11.563152937634591 11.563152937634591 11.563152937634591 11.563152937634591 11.563152937634591 11.563152937634591
 992 1048576 185334.921 185334.921 185334.921 11.224947639522288 11.224947639522288 11.224947639522288 11.224947639522288 11.224947639522288 11.224947639522288
 1088 524288 100234.032 100234.032 100234.032 11.381869662790777 11.381869662790777 11.381869662790777 11.381869662790777 11.381869662790777 11.381869662790777
 1192 524288 109860.897 109860.897 109860.897 11.377138054862233 11.377138054862233 11.377138054862233 11.377138054862233 11.377138054862233 11.377138054862233
 1304 524288 119695.902 119695.902 119695.902 11.423474664988946 11.423474664988946 11.423474664988946 11.423474664988946 11.423474664988946 11.423474664988946
 1432 524288 130676.031 130676.031 130676.031 11.49071348822953 11.49071348822953 11.49071348822953 11.49071348822953 11.49071348822953 11.49071348822953
 1568 524288 142230.034 142230.034 142230.034 11.559915453581345 11.559915453581345 11.559915453581345 11.559915453581345 11.559915453581345 11.559915453581345
 1720 524288 157567.024 157567.024 157567.024 11.446244742173972 11.446244742173972 11.446244742173972 11.446244742173972 11.446244742173972 11.446244742173972
 1888 524288 173260.927 173260.927 173260.927 11.426185478044914 11.426185478044914 11.426185478044914 11.426185478044914 11.426185478044914 11.426185478044914
 2072 262144 94171.047 94171.047 94171.047 11.535655284792574 11.535655284792574 11.535655284792574 11.535655284792574 11.535655284792574 11.535655284792574
 2272 262144 103261.948 103261.948 103261.948 11.535540042300964 11.535540042300964 11.535540042300964 11.535540042300964 11.535540042300964 11.535540042300964
 2496 262144 112644.911 112644.911 112644.911 11.61723895365322 11.61723895365322 11.61723895365322 11.61723895365322 11.61723895365322 11.61723895365322
 2744 262144 125416.04 125416.04 125416.04 11.470991047078188 11.470991047078188 11.470991047078188 11.470991047078188 11.470991047078188 11.470991047078188
 3016 262144 136749.983 136749.983 136749.983 11.563091806746328 11.563091806746328 11.563091806746328 11.563091806746328 11.563091806746328 11.563091806746328
 3312 262144 150068.998 150068.998 150068.998 11.570956554264459 11.570956554264459 11.570956554264459 11.570956554264459 11.570956554264459 11.570956554264459
 3640 262144 164175.034 164175.034 164175.034 11.624229783926827 11.624229783926827 11.624229783926827 11.624229783926827 11.624229783926827 11.624229783926827
 4000 262144 179122.925 179122.925 179122.925 11.707892778101966 11.707892778101966 11.707892778101966 11.707892778101966 11.707892778101966 11.707892778101966
 4400 131072 99636.078 99636.078 99636.078 11.576465304063857 11.576465304063857 11.576465304063857 11.576465304063857 11.576465304063857 11.576465304063857
 4840 131072 109637.976 109637.976 109637.976 11.5724223146914 11.5724223146914 11.5724223146914 11.5724223146914 11.5724223146914 11.5724223146914
 5320 131072 120229.959 120229.959 120229.959 11.599488942685243 11.599488942685243 11.599488942685243 11.599488942685243 11.599488942685243 11.599488942685243
 5848 131072 132006.168 132006.168 132006.168 11.613230921149077 11.613230921149077 11.613230921149077 11.613230921149077 11.613230921149077 11.613230921149077
 6432 131072 144047.976 144047.976 144047.976 11.705198884571624 11.705198884571624 11.705198884571624 11.705198884571624 11.705198884571624 11.705198884571624
 7072 131072 158196.926 158196.926 158196.926 11.718826748883856 11.718826748883856 11.718826748883856 11.718826748883856 11.718826748883856 11.718826748883856
 7776 131072 174530.029 174530.029 174530.029 11.679547386083343 11.679547386083343 11.679547386083343 11.679547386083343 11.679547386083343 11.679547386083343
 8552 65536 96081.972 96081.972 96081.972 11.666369045797689 11.666369045797689 11.666369045797689 11.666369045797689 11.666369045797689 11.666369045797689
 9400 65536 105647.802 105647.802 105647.802 11.662114844566288 11.662114844566288 11.662114844566288 11.662114844566288 11.662114844566288 11.662114844566288
 10336 65536 115998.03 115998.03 115998.03 11.679165516862657 11.679165516862657 11.679165516862657 11.679165516862657 11.679165516862657 11.679165516862657
 11368 65536 127572.06 127572.06 127572.06 11.679881127576055 11.679881127576055 11.679881127576055 11.679881127576055 11.679881127576055 11.679881127576055
 12504 65536 140800.953 140800.953 140800.953 11.640008487726641 11.640008487726641 11.640008487726641 11.640008487726641 11.640008487726641 11.640008487726641
 13752 65536 153855.085 153855.085 153855.085 11.71558381707046 11.71558381707046 11.71558381707046 11.71558381707046 11.71558381707046 11.71558381707046
 15120 65536 169244.051 169244.051 169244.051 11.709768398299564 11.709768398299564 11.709768398299564 11.709768398299564 11.709768398299564 11.709768398299564
 16632 32768 93962.908 93962.908 93962.908 11.600266266769863 11.600266266769863 11.600266266769863 11.600266266769863 11.600266266769863 11.600266266769863
 18288 32768 102858.067 102858.067 102858.067 11.652196108254687 11.652196108254687 11.652196108254687 11.652196108254687 11.652196108254687 11.652196108254687
 20112 32768 112742.901 112742.901 112742.901 11.690847231259378 11.690847231259378 11.690847231259378 11.690847231259378 11.690847231259378 11.690847231259378
 22120 32768 124006.033 124006.033 124006.033 11.690208007863617 11.690208007863617 11.690208007863617 11.690208007863617 11.690208007863617 11.690208007863617
 24328 32768 136394.978 136394.978 136394.978 11.689285275591306 11.689285275591306 11.689285275591306 11.689285275591306 11.689285275591306 11.689285275591306
 26760 32768 150197.983 150197.983 150197.983 11.67621112461943 11.67621112461943 11.67621112461943 11.67621112461943 11.67621112461943 11.67621112461943
 29432 32768 165280.104 165280.104 165280.104 11.670222279143776 11.670222279143776 11.670222279143776 11.670222279143776 11.670222279143776 11.670222279143776
 32368 32768 181725.979 181725.979 181725.979 11.672900372708957 11.672900372708957 11.672900372708957 11.672900372708957 11.672900372708957 11.672900372708957
 35600 16384 99591.97 99591.97 99591.97 11.713201375572748 11.713201375572748 11.713201375572748 11.713201375572748 11.713201375572748 11.713201375572748
 39160 16384 109712.839 109712.839 109712.839 11.695940891658084 11.695940891658084 11.695940891658084 11.695940891658084 11.695940891658084 11.695940891658084
 43072 16384 120450.974 120450.974 120450.974 11.717491765570944 11.717491765570944 11.717491765570944 11.717491765570944 11.717491765570944 11.717491765570944
 47376 16384 132616.997 132616.997 132616.997 11.70601659755574 11.70601659755574 11.70601659755574 11.70601659755574 11.70601659755574 11.70601659755574
 52112 16384 145988.941 145988.941 145988.941 11.696817610314744 11.696817610314744 11.696817610314744 11.696817610314744 11.696817610314744 11.696817610314744
 57320 16384 160522.938 160522.938 160522.938 11.700893239320102 11.700893239320102 11.700893239320102 11.700893239320102 11.700893239320102 11.700893239320102
 63048 16384 176576.138 176576.138 176576.138 11.70009089223596 11.70009089223596 11.70009089223596 11.70009089223596 11.70009089223596 11.70009089223596
 69352 8192 97201.109 97201.109 97201.109 11.689816913508672 11.689816913508672 11.689816913508672 11.689816913508672 11.689816913508672 11.689816913508672
 76280 8192 106698.036 106698.036 106698.036 11.713163305086516 11.713163305086516 11.713163305086516 11.713163305086516 11.713163305086516 11.713163305086516
 83904 8192 117540.121 117540.121 117540.121 11.695437475345122 11.695437475345122 11.695437475345122 11.695437475345122 11.695437475345122 11.695437475345122
 92288 8192 129196.882 129196.882 129196.882 11.70342943725221 11.70342943725221 11.70342943725221 11.70342943725221 11.70342943725221 11.70342943725221
 101512 8192 141977.072 141977.072 141977.072 11.714374613951753 11.714374613951753 11.714374613951753 11.714374613951753 11.714374613951753 11.714374613951753
 111656 8192 156707.048 156707.048 156707.048 11.673832972719898 11.673832972719898 11.673832972719898 11.673832972719898 11.673832972719898 11.673832972719898
 122816 8192 171835.184 171835.184 171835.184 11.710159102224374 11.710159102224374 11.710159102224374 11.710159102224374 11.710159102224374 11.710159102224374
 135096 4096 94567.06 94567.06 94567.06 11.702874468128755 11.702874468128755 11.702874468128755 11.702874468128755 11.702874468128755 11.702874468128755
 148600 4096 104119.062 104119.062 104119.062 11.691722693391148 11.691722693391148 11.691722693391148 11.691722693391148 11.691722693391148 11.691722693391148
 163456 4096 114319.086 114319.086 114319.086 11.713105823816681 11.713105823816681 11.713105823816681 11.713105823816681 11.713105823816681 11.713105823816681
 179800 4096 125849.962 125849.962 125849.962 11.703790581994772 11.703790581994772 11.703790581994772 11.703790581994772 11.703790581994772 11.703790581994772
 197776 4096 138396.025 138396.025 138396.025 11.706846291286185 11.706846291286185 11.706846291286185 11.706846291286185 11.706846291286185 11.706846291286185
 217552 4096 152150.869 152150.869 152150.869 11.713281663872719 11.713281663872719 11.713281663872719 11.713281663872719 11.713281663872719 11.713281663872719
 239304 4096 167474.031 167474.031 167474.031 11.705566267763627 11.705566267763627 11.705566267763627 11.705566267763627 11.705566267763627 11.705566267763627
 263232 2048 92447.996 92447.996 92447.996 11.6627543987 11.6627543987 11.6627543987 11.6627543987 11.6627543987 11.6627543987
 289552 2048 101488.113 101488.113 101488.113 11.68614684953301 11.68614684953301 11.68614684953301 11.68614684953301 11.68614684953301 11.68614684953301
 318504 2048 112936.974 112936.974 112936.974 11.551508224401339 11.551508224401339 11.551508224401339 11.551508224401339 11.551508224401339 11.551508224401339
 350352 2048 123047.113 123047.113 123047.113 11.662539307200161 11.662539307200161 11.662539307200161 11.662539307200161 11.662539307200161 11.662539307200161
 385384 2048 135283.947 135283.947 135283.947 11.66829397725955 11.66829397725955 11.66829397725955 11.66829397725955 11.66829397725955 11.66829397725955
 423920 2048 148604.155 148604.155 148604.155 11.684574499279648 11.684574499279648 11.684574499279648 11.684574499279648 11.684574499279648 11.684574499279648
 466312 2048 163341.999 163341.999 163341.999 11.693342579944792 11.693342579944792 11.693342579944792 11.693342579944792 11.693342579944792 11.693342579944792
 512936 2048 179645.061 179645.061 179645.061 11.695205224706957 11.695205224706957 11.695205224706957 11.695205224706957 11.695205224706957 11.695205224706957
 564224 1024 98887.205 98887.205 98887.205 11.685341414999037 11.685341414999037 11.685341414999037 11.685341414999037 11.685341414999037 11.685341414999037
 620640 1024 108854.055 108854.055 108854.055 11.676833903890858 11.676833903890858 11.676833903890858 11.676833903890858 11.676833903890858 11.676833903890858
 682704 1024 119570.971 119570.971 119570.971 11.693287930228484 11.693287930228484 11.693287930228484 11.693287930228484 11.693287930228484 11.693287930228484
 750968 1024 131531.954 131531.954 131531.954 11.692842820536216 11.692842820536216 11.692842820536216 11.692842820536216 11.692842820536216 11.692842820536216
 826064 1024 144581.795 144581.795 144581.795 11.701190125630962 11.701190125630962 11.701190125630962 11.701190125630962 11.701190125630962 11.701190125630962
 908664 1024 159139.872 159139.872 159139.872 11.693762528601253 11.693762528601253 11.693762528601253 11.693762528601253 11.693762528601253 11.693762528601253
 999528 1024 175045.013 175045.013 175045.013 11.694325413315259 11.694325413315259 11.694325413315259 11.694325413315259 11.694325413315259 11.694325413315259
 1099480 512 96234.798 96234.798 96234.798 11.699172683876782 11.699172683876782 11.699172683876782 11.699172683876782 11.699172683876782 11.699172683876782
 1209424 512 105965.137 105965.137 105965.137 11.687336147170743 11.687336147170743 11.687336147170743 11.687336147170743 11.687336147170743 11.687336147170743
 1330360 512 116473.913 116473.913 116473.913 11.696083740227737 11.696083740227737 11.696083740227737 11.696083740227737 11.696083740227737 11.696083740227737
 1463392 512 128292.084 128292.084 128292.084 11.680482234585885 11.680482234585885 11.680482234585885 11.680482234585885 11.680482234585885 11.680482234585885
 1609728 512 141127.11 141127.11 141127.11 11.6799775181395 11.6799775181395 11.6799775181395 11.6799775181395 11.6799775181395 11.6799775181395
 1770696 512 155041.933 155041.933 155041.933 11.694853572291311 11.694853572291311 11.694853572291311 11.694853572291311 11.694853572291311 11.694853572291311
 1947760 512 170656.919 170656.919 170656.919 11.687227518738927 11.687227518738927 11.687227518738927 11.687227518738927 11.687227518738927 11.687227518738927
 2142536 256 93826.056 93826.056 93826.056 11.691618285649778 11.691618285649778 11.691618285649778 11.691618285649778 11.691618285649778 11.691618285649778
 2356784 256 103294.849 103294.849 103294.849 11.68183524814485 11.68183524814485 11.68183524814485 11.68183524814485 11.68183524814485 11.68183524814485
 2592456 256 113542.08 113542.08 113542.08 11.690269123130385 11.690269123130385 11.690269123130385 11.690269123130385 11.690269123130385 11.690269123130385
 2851696 256 125144.005 125144.005 125144.005 11.667105843384187 11.667105843384187 11.667105843384187 11.667105843384187 11.667105843384187 11.667105843384187
 3136864 256 137578.011 137578.011 137578.011 11.673917629176948 11.673917629176948 11.673917629176948 11.673917629176948 11.673917629176948 11.673917629176948
 3450544 256 151358.128 151358.128 151358.128 11.67217480385328 11.67217480385328 11.67217480385328 11.67217480385328 11.67217480385328 11.67217480385328
 3795592 256 169146.061 169146.061 169146.061 11.489141943423679 11.489141943423679 11.489141943423679 11.489141943423679 11.489141943423679 11.489141943423679
 4175144 256 183028.936 183028.936 183028.936 11.679430448090462 11.679430448090462 11.679430448090462 11.679430448090462 11.679430448090462 11.679430448090462
 4592656 128 100826.025 100826.025 100826.025 11.66087759583897 11.66087759583897 11.66087759583897 11.66087759583897 11.66087759583897 11.66087759583897
 5051920 128 111021.996 111021.996 111021.996 11.648966570552378 11.648966570552378 11.648966570552378 11.648966570552378 11.648966570552378 11.648966570552378
 5557112 128 121930.122 121930.122 121930.122 11.667507984614335 11.667507984614335 11.667507984614335 11.667507984614335 11.667507984614335 11.667507984614335
 6112816 128 134188.89 134188.89 134188.89 11.66177688778855 11.66177688778855 11.66177688778855 11.66177688778855 11.66177688778855 11.66177688778855
 6724096 128 147832.87 147832.87 147832.87 11.644017842581286 11.644017842581286 11.644017842581286 11.644017842581286 11.644017842581286 11.644017842581286
 7396504 128 162541.866 162541.866 162541.866 11.649337309810385 11.649337309810385 11.649337309810385 11.649337309810385 11.649337309810385 11.649337309810385
 8136152 128 178755.999 178755.999 178755.999 11.65194412300535 11.65194412300535 11.65194412300535 11.65194412300535 11.65194412300535 11.65194412300535
 8949760 64 98432.064 98432.064 98432.064 11.638171886754298 11.638171886754298 11.638171886754298 11.638171886754298 11.638171886754298 11.638171886754298
 9844736 64 108287.096 108287.096 108287.096 11.63690092862034 11.63690092862034 11.63690092862034 11.63690092862034 11.63690092862034 11.63690092862034
 10829208 64 119081.974 119081.974 119081.974 11.640205292532352 11.640205292532352 11.640205292532352 11.640205292532352 11.640205292532352 11.640205292532352
 11912128 64 131025.076 131025.076 131025.076 11.637103602977493 11.637103602977493 11.637103602977493 11.637103602977493 11.637103602977493 11.637103602977493
 13103336 64 144140.005 144140.005 144140.005 11.636096502147339 11.636096502147339 11.636096502147339 11.636096502147339 11.636096502147339 11.636096502147339
 14413664 64 158586.025 158586.025 158586.025 11.633742582298787 11.633742582298787 11.633742582298787 11.633742582298787 11.633742582298787 11.633742582298787
 15855024 64 174494.028 174494.028 174494.028 11.630444292339908 11.630444292339908 11.630444292339908 11.630444292339908 11.630444292339908 11.630444292339908
 17440520 32 96175.909 96175.909 96175.909 11.605747131539978 11.605747131539978 11.605747131539978 11.605747131539978 11.605747131539978 11.605747131539978
 19184568 32 108273.983 108273.983 108273.983 11.339865016326222 11.339865016326222 11.339865016326222 11.339865016326222 11.339865016326222 11.339865016326222
 21103024 32 116199.97 116199.97 116199.97 11.623011055854835 11.623011055854835 11.623011055854835 11.623011055854835 11.623011055854835 11.623011055854835
 23213320 32 127744.913 127744.913 127744.913 11.629836719995263 11.629836719995263 11.629836719995263 11.629836719995263 11.629836719995263 11.629836719995263
 25534648 32 140514.135 140514.135 140514.135 11.630271018641647 11.630271018641647 11.630271018641647 11.630271018641647 11.630271018641647 11.630271018641647
 28088112 32 156409.979 156409.979 156409.979 11.49312326165583 11.49312326165583 11.49312326165583 11.49312326165583 11.49312326165583 11.49312326165583
 30896920 32 180171.013 180171.013 180171.013 10.975144375749277 10.975144375749277 10.975144375749277 10.975144375749277 10.975144375749277 10.975144375749277
 33986608 16 104135.036 104135.036 104135.036 10.44385730082237 10.44385730082237 10.44385730082237 10.44385730082237 10.44385730082237 10.44385730082237
 37385264 16 117207.05 117207.05 117207.05 10.206966628713888 10.206966628713888 10.206966628713888 10.206966628713888 10.206966628713888 10.206966628713888
 41123784 16 129411.936 129411.936 129411.936 10.168776765691844 10.168776765691844 10.168776765691844 10.168776765691844 10.168776765691844 10.168776765691844
 45236160 16 143091.917 143091.917 143091.917 10.116274562175304 10.116274562175304 10.116274562175304 10.116274562175304 10.116274562175304 10.116274562175304
 49759776 16 157490.015 157490.015 157490.015 10.110563720499995 10.110563720499995 10.110563720499995 10.110563720499995 10.110563720499995 10.110563720499995
 54735752 16 173774.004 173774.004 173774.004 10.079436645771253 10.079436645771253 10.079436645771253 10.079436645771253 10.079436645771253 10.079436645771253
 60209320 16 192152.977 192152.977 192152.977 10.026897683713742 10.026897683713742 10.026897683713742 10.026897683713742 10.026897683713742 10.026897683713742
 66230248 16 210510.969 210510.969 210510.969 10.067731605947811 10.067731605947811 10.067731605947811 10.067731605947811 10.067731605947811 10.067731605947811
 72853272 8 115998.03 115998.03 115998.03 10.048897830420051 10.048897830420051 10.048897830420051 10.048897830420051 10.048897830420051 10.048897830420051
 80138592 8 127546.072 127546.072 127546.072 10.052974990872316 10.052974990872316 10.052974990872316 10.052974990872316 10.052974990872316 10.052974990872316
 88152448 8 139738.083 139738.083 139738.083 10.093448669966367 10.093448669966367 10.093448669966367 10.093448669966367 10.093448669966367 10.093448669966367
 96967688 8 154496.908 154496.908 154496.908 10.042162190067907 10.042162190067907 10.042162190067907 10.042162190067907 10.042162190067907 10.042162190067907
 106664456 8 169923.067 169923.067 169923.067 10.043552803810915 10.043552803810915 10.043552803810915 10.043552803810915 10.043552803810915 10.043552803810915
 117330896 8 186681.986 186681.986 186681.986 10.056108659568258 10.056108659568258 10.056108659568258 10.056108659568258 10.056108659568258 10.056108659568258
 129063984 8 205378.056 205378.056 205378.056 10.054743842740432 10.054743842740432 10.054743842740432 10.054743842740432 10.054743842740432 10.054743842740432
 141970376 4 113047.123 113047.123 113047.123 10.046810373051244 10.046810373051244 10.046810373051244 10.046810373051244 10.046810373051244 10.046810373051244
 156167408 4 124287.128 124287.128 124287.128 10.052040658627176 10.052040658627176 10.052040658627176 10.052040658627176 10.052040658627176 10.052040658627176
 171784144 4 137203.932 137203.932 137203.932 10.016281107745513 10.016281107745513 10.016281107745513 10.016281107745513 10.016281107745513 10.016281107745513
 188962552 4 150238.037 150238.037 150238.037 10.06203519552109 10.06203519552109 10.06203519552109 10.06203519552109 10.06203519552109 10.06203519552109
 207858800 4 165592.909 165592.909 165592.909 10.041917918115685 10.041917918115685 10.041917918115685 10.041917918115685 10.041917918115685 10.041917918115685
 228644680 4 181848.049 181848.049 181848.049 10.058713580149545 10.058713580149545 10.058713580149545 10.058713580149545 10.058713580149545 10.058713580149545
 251509144 4 200155.02 200155.02 200155.02 10.052574009884939 10.052574009884939 10.052574009884939 10.052574009884939 10.052574009884939 10.052574009884939
 276660056 2 110046.864 110046.864 110046.864 10.05608141636821 10.05608141636821 10.05608141636821 10.05608141636821 10.05608141636821 10.05608141636821
 304326056 2 121011.019 121011.019 121011.019 10.059449412619193 10.059449412619193 10.059449412619193 10.059449412619193 10.059449412619193 10.059449412619193
 334758656 2 133056.164 133056.164 133056.164 10.06367975556548 10.06367975556548 10.06367975556548 10.06367975556548 10.06367975556548 10.06367975556548
 368234520 2 146433.83 146433.83 146433.83 10.058728095823213 10.058728095823213 10.058728095823213 10.058728095823213 10.058728095823213 10.058728095823213
 405057968 2 161164.045 161164.045 161164.045 10.053308552785454 10.053308552785454 10.053308552785454 10.053308552785454 10.053308552785454 10.053308552785454
 445563760 2 177276.85 177276.85 177276.85 10.053512570874313 10.053512570874313 10.053512570874313 10.053512570874313 10.053512570874313 10.053512570874313
 490120136 2 195015.907 195015.907 195015.907 10.052926318466932 10.052926318466932 10.052926318466932 10.052926318466932 10.052926318466932 10.052926318466932
 539132144 1 107504.129 107504.129 107504.129 10.029980225224651 10.029980225224651 10.029980225224651 10.029980225224651 10.029980225224651 10.029980225224651
 593045352 1 117951.155 117951.155 117951.155 10.055778631417386 10.055778631417386 10.055778631417386 10.055778631417386 10.055778631417386 10.055778631417386
 652349880 1 130015.135 130015.135 130015.135 10.034983696321202 10.034983696321202 10.034983696321202 10.034983696321202 10.034983696321202 10.034983696321202
 717584864 1 143135.071 143135.071 143135.071 10.02668121777087 10.02668121777087 10.02668121777087 10.02668121777087 10.02668121777087 10.02668121777087
 789343344 1 157444.0 157444.0 157444.0 10.026972688702013 10.026972688702013 10.026972688702013 10.026972688702013 10.026972688702013 10.026972688702013
 868277672 1 173330.069 173330.069 173330.069 10.0187772036253 10.0187772036253 10.0187772036253 10.0187772036253 10.0187772036253 10.0187772036253
 955105432 1 190912.008 190912.008 190912.008 10.00571354317325 10.00571354317325 10.00571354317325 10.00571354317325 10.00571354317325 10.00571354317325
 1050615968 1 210211.039 210211.039 210211.039 9.99582108530466 9.99582108530466 9.99582108530466 9.99582108530466 9.99582108530466 9.99582108530466
 
META_DATA
 MPI startup(): shm:tmi fabric is unknown or has been removed from the product, please use ofi or shm:ofi instead
 FLOPS          16
 MPI_PROCS      1
 OPENMP_THREADS 1
 ERT_VERSION  1.1.0
 HOSTNAME  shas0105.rc.int.colorado.edu
 UNAME  uname_result(system='Linux', node='shas0105.rc.int.colorado.edu', release='3.10.0-957.27.2.el7.x86_64', version='#1 SMP Mon Jul 29 17:46:05 UTC 2019', machine='x86_64', processor='x86_64')
 TIMESTAMP_DATA  1664512626.21847
 CONFIG  {'ERT_RESULTS': ['lab5_results'], 'ERT_DRIVER': ['driver1'], 'ERT_KERNEL': ['kernel1'], 'ERT_MPI': ['True'], 'ERT_MPI_CFLAGS': ['-I/usr/include/mpi'], 'ERT_MPI_LDFLAGS': ['-lmpi'], 'ERT_OPENMP': ['True'], 'ERT_OPENMP_CFLAGS': ['-qopenmp'], 'ERT_OPENMP_LDFLAGS': ['-qopenmp'], 'ERT_FLOPS': ['1,2,4,8,16'], 'ERT_ALIGN': ['32'], 'ERT_CC': ['mpicc'], 'ERT_CFLAGS': ['-O3', '-msse3', '-axSSE3', '-xSSE3', '-fno-alias', '-fno-fnalias', '-DERT_INTEL', '-std=c++11'], 'ERT_LD': ['mpicc'], 'ERT_LDFLAGS': [], 'ERT_LDLIBS': [], 'ERT_PRECISION': ['FP64'], 'ERT_RUN': ['export', 'OMP_NUM_THREADS=ERT_OPENMP_THREADS;', 'mpirun', '-np', 'ERT_MPI_PROCS', 'ERT_CODE'], 'ERT_PROCS_THREADS': ['1-24'], 'ERT_MPI_PROCS': ['1'], 'ERT_OPENMP_THREADS': ['1'], 'ERT_NUM_EXPERIMENTS': ['1'], 'ERT_MEMORY_MAX': ['1073741824'], 'ERT_WORKING_SET_MIN': ['1'], 'ERT_TRIALS_MIN': ['1'], 'ERT_GNUPLOT': ['gnuplot'], 'ERT_GPU': [False], 'ERT_HIP': [False], 'ERT_OCL': [False], 'ERT_SYCL': [False], 'ERT_WSS_MULT': [1.1]}
 