fp64
 32 33554432 98872.185 98872.185 98872.185 21.7197955926634 21.7197955926634 21.7197955926634 1.3574872245414624 1.3574872245414624 1.3574872245414624
 64 16777216 54805.04 54805.04 54805.04 39.184054021308995 39.184054021308995 39.184054021308995 2.449003376331812 2.449003376331812 2.449003376331812
 96 8388608 27382.851 27382.851 27382.851 58.8182996723022 58.8182996723022 58.8182996723022 3.6761437295188877 3.6761437295188877 3.6761437295188877
 128 8388608 36947.966 36947.966 36947.966 58.12183674738686 58.12183674738686 58.12183674738686 3.6326147967116786 3.6326147967116786 3.6326147967116786
 160 4194304 15053.034 15053.034 15053.034 89.16323978275742 89.16323978275742 89.16323978275742 5.5727024864223385 5.5727024864223385 5.5727024864223385
 192 4194304 22330.999 22330.999 22330.999 72.124526806884 72.124526806884 72.124526806884 4.50778292543025 4.50778292543025 4.50778292543025
 224 4194304 17714.024 17714.024 17714.024 106.07686836147448 106.07686836147448 106.07686836147448 6.629804272592155 6.629804272592155 6.629804272592155
 256 4194304 24611.95 24611.95 24611.95 87.2536978175236 87.2536978175236 87.2536978175236 5.453356113595225 5.453356113595225 5.453356113595225
 288 2097152 11705.875 11705.875 11705.875 103.19258936217925 103.19258936217925 103.19258936217925 6.449536835136203 6.449536835136203 6.449536835136203
 320 2097152 13695.955 13695.955 13695.955 97.99807899485651 97.99807899485651 97.99807899485651 6.124879937178532 6.124879937178532 6.124879937178532
 352 2097152 13026.953 13026.953 13026.953 113.33387078313709 113.33387078313709 113.33387078313709 7.083366923946068 7.083366923946068 7.083366923946068
 384 2097152 15033.96 15033.96 15033.96 107.13163637524644 107.13163637524644 107.13163637524644 6.695727273452903 6.695727273452903 6.695727273452903
 416 2097152 14456.987 14456.987 14456.987 120.69115535623018 120.69115535623018 120.69115535623018 7.5431972097643865 7.5431972097643865 7.5431972097643865
 448 2097152 16454.935 16454.935 16454.935 114.19359553835976 114.19359553835976 114.19359553835976 7.137099721147485 7.137099721147485 7.137099721147485
 480 2097152 15737.772 15737.772 15737.772 127.92572671658985 127.92572671658985 127.92572671658985 7.995357919786866 7.995357919786866 7.995357919786866
 512 2097152 8817.911 8817.911 8817.911 243.53655281846235 243.53655281846235 243.53655281846235 15.221034551153897 15.221034551153897 15.221034551153897
 544 1048576 5474.806 5474.806 5474.806 208.38193864768908 208.38193864768908 208.38193864768908 13.023871165480568 13.023871165480568 13.023871165480568
 576 1048576 5578.041 5578.041 5578.041 216.55623398967484 216.55623398967484 216.55623398967484 13.534764624354677 13.534764624354677 13.534764624354677
 608 1048576 6184.101 6184.101 6184.101 206.18492744539589 206.18492744539589 206.18492744539589 12.886557965337243 12.886557965337243 12.886557965337243
 640 1048576 6640.911 6640.911 6640.911 202.10740363784427 202.10740363784427 202.10740363784427 12.631712727365267 12.631712727365267 12.631712727365267
 704 1048576 7352.114 7352.114 7352.114 200.8123116698136 200.8123116698136 200.8123116698136 12.55076947936335 12.55076947936335 12.55076947936335
 768 1048576 8061.171 8061.171 8061.171 199.79885502987096 199.79885502987096 199.79885502987096 12.487428439366935 12.487428439366935 12.487428439366935
 832 1048576 8627.892 8627.892 8627.892 202.23137517252187 202.23137517252187 202.23137517252187 12.639460948282617 12.639460948282617 12.639460948282617
 896 1048576 9580.135 9580.135 9580.135 196.1400535587442 196.1400535587442 196.1400535587442 12.258753347421512 12.258753347421512 12.258753347421512
 960 1048576 10292.053 10292.053 10292.053 195.613637045981 195.613637045981 195.613637045981 12.225852315373812 12.225852315373812 12.225852315373812
 1056 524288 4804.85 4804.85 4804.85 230.4538655733269 230.4538655733269 230.4538655733269 14.403366598332932 14.403366598332932 14.403366598332932
 1152 524288 5308.151 5308.151 5308.151 227.56691586203934 227.56691586203934 227.56691586203934 14.222932241377459 14.222932241377459 14.222932241377459
 1248 524288 6095.886 6095.886 6095.886 214.67311691852504 214.67311691852504 214.67311691852504 13.417069807407815 13.417069807407815 13.417069807407815
 1344 524288 6386.995 6386.995 6386.995 220.64932632638667 220.64932632638667 220.64932632638667 13.790582895399167 13.790582895399167 13.790582895399167
 1472 524288 7153.034 7153.034 7153.034 215.78310294624632 215.78310294624632 215.78310294624632 13.486443934140395 13.486443934140395 13.486443934140395
 1600 524288 7100.105 7100.105 7100.105 236.29532239311953 236.29532239311953 236.29532239311953 14.76845764956997 14.76845764956997 14.76845764956997
 1760 524288 7997.036 7997.036 7997.036 230.77222110792047 230.77222110792047 230.77222110792047 14.42326381924503 14.42326381924503 14.42326381924503
 1920 524288 8883.953 8883.953 8883.953 226.61825428387564 226.61825428387564 226.61825428387564 14.163640892742228 14.163640892742228 14.163640892742228
 2112 262144 4640.102 4640.102 4640.102 238.63618860102642 238.63618860102642 238.63618860102642 14.914761787564151 14.914761787564151 14.914761787564151
 2304 262144 5157.948 5157.948 5157.948 234.19382126380486 234.19382126380486 234.19382126380486 14.637113828987804 14.637113828987804 14.637113828987804
 2528 262144 5917.072 5917.072 5917.072 223.99593312368012 223.99593312368012 223.99593312368012 13.999745820230007 13.999745820230007 13.999745820230007
 2752 262144 6185.055 6185.055 6185.055 233.2785360841577 233.2785360841577 233.2785360841577 14.579908505259857 14.579908505259857 14.579908505259857
 3008 262144 6925.106 6925.106 6925.106 227.730565279434 227.730565279434 227.730565279434 14.233160329964624 14.233160329964624 14.233160329964624
 3296 262144 7438.898 7438.898 7438.898 232.29962932681693 232.29962932681693 232.29962932681693 14.518726832926058 14.518726832926058 14.518726832926058
 3616 262144 7934.093 7934.093 7934.093 238.9467085903833 238.9467085903833 238.9467085903833 14.934169286898957 14.934169286898957 14.934169286898957
 3968 262144 8946.896 8946.896 8946.896 232.52475316579066 232.52475316579066 232.52475316579066 14.532797072861916 14.532797072861916 14.532797072861916
 4352 131072 4817.963 4817.963 4817.963 236.79108536117857 236.79108536117857 236.79108536117857 14.79944283507366 14.79944283507366 14.79944283507366
 4768 131072 5275.965 5275.965 5275.965 236.9050196504336 236.9050196504336 236.9050196504336 14.8065637281521 14.8065637281521 14.8065637281521
 5216 131072 5624.056 5624.056 5624.056 243.12402010221805 243.12402010221805 243.12402010221805 15.195251256388628 15.195251256388628 15.195251256388628
 5728 131072 6128.073 6128.073 6128.073 245.0298539198211 245.0298539198211 245.0298539198211 15.31436586998882 15.31436586998882 15.31436586998882
 6272 131072 6640.911 6640.911 6640.911 247.58156945635923 247.58156945635923 247.58156945635923 15.473848091022452 15.473848091022452 15.473848091022452
 6880 131072 7296.085 7296.085 7296.085 247.1943131144991 247.1943131144991 247.1943131144991 15.449644569656193 15.449644569656193 15.449644569656193
 7552 131072 8028.03 8028.03 8028.03 246.59991155987208 246.59991155987208 246.59991155987208 15.412494472492005 15.412494472492005 15.412494472492005
 8288 65536 4407.883 4407.883 4407.883 246.45044707402624 246.45044707402624 246.45044707402624 15.40315294212664 15.40315294212664 15.40315294212664
 9088 65536 4887.104 4887.104 4887.104 243.7399195924621 243.7399195924621 243.7399195924621 15.23374497452888 15.23374497452888 15.23374497452888
 9984 65536 5259.991 5259.991 5259.991 248.78803937117002 248.78803937117002 248.78803937117002 15.549252460698126 15.549252460698126 15.549252460698126
 10976 65536 5778.074 5778.074 5778.074 248.98370495081926 248.98370495081926 248.98370495081926 15.561481559426204 15.561481559426204 15.561481559426204
 12064 65536 6375.074 6375.074 6375.074 248.0367456126784 248.0367456126784 248.0367456126784 15.5022966007924 15.5022966007924 15.5022966007924
 13248 65536 7009.983 7009.983 7009.983 247.70985264871538 247.70985264871538 247.70985264871538 15.481865790544711 15.481865790544711 15.481865790544711
 14560 65536 7678.986 7678.986 7678.986 248.52347953232368 248.52347953232368 248.52347953232368 15.53271747077023 15.53271747077023 15.53271747077023
 16000 65536 8467.913 8467.913 8467.913 247.65866158520993 247.65866158520993 247.65866158520993 15.47866634907562 15.47866634907562 15.47866634907562
 17600 32768 4853.01 4853.01 4853.01 237.67385601925403 237.67385601925403 237.67385601925403 14.854616001203377 14.854616001203377 14.854616001203377
 19360 32768 5323.887 5323.887 5323.887 238.31778548267462 238.31778548267462 238.31778548267462 14.894861592667164 14.894861592667164 14.894861592667164
 21280 32768 5737.066 5737.066 5737.066 243.08698557764544 243.08698557764544 243.08698557764544 15.19293659860284 15.19293659860284 15.19293659860284
 23392 32768 5825.043 5825.043 5825.043 263.17713225464604 263.17713225464604 263.17713225464604 16.448570765915377 16.448570765915377 16.448570765915377
 25728 32768 6351.948 6351.948 6351.948 265.44773477364737 265.44773477364737 265.44773477364737 16.59048342335296 16.59048342335296 16.59048342335296
 28288 32768 6987.095 6987.095 6987.095 265.3294921566116 265.3294921566116 265.3294921566116 16.583093259788225 16.583093259788225 16.583093259788225
 31104 32768 7581.949 7581.949 7581.949 268.85326503778913 268.85326503778913 268.85326503778913 16.80332906486182 16.80332906486182 16.80332906486182
 34208 16384 4156.113 4156.113 4156.113 269.7057909638164 269.7057909638164 269.7057909638164 16.856611935238526 16.856611935238526 16.856611935238526
 37600 16384 4579.067 4579.067 4579.067 269.06721391060665 269.06721391060665 269.06721391060665 16.816700869412916 16.816700869412916 16.816700869412916
 41344 16384 5055.904 5055.904 5055.904 267.95607511535025 267.95607511535025 267.95607511535025 16.74725469470939 16.74725469470939 16.74725469470939
 45472 16384 5514.145 5514.145 5514.145 270.2189543437831 270.2189543437831 270.2189543437831 16.888684646486443 16.888684646486443 16.888684646486443
 50016 16384 6117.821 6117.821 6117.821 267.8934686058974 267.8934686058974 267.8934686058974 16.743341787868587 16.743341787868587 16.743341787868587
 55008 16384 6669.998 6669.998 6669.998 270.24028253081934 270.24028253081934 270.24028253081934 16.89001765817621 16.89001765817621 16.89001765817621
 60480 16384 7641.077 7641.077 7641.077 259.36247468779595 259.36247468779595 259.36247468779595 16.210154667987247 16.210154667987247 16.210154667987247
 66528 8192 4230.022 4230.022 4230.022 257.6806342851172 257.6806342851172 257.6806342851172 16.105039642819825 16.105039642819825 16.105039642819825
 73152 8192 4624.844 4624.844 4624.844 259.14871247549104 259.14871247549104 259.14871247549104 16.19679452971819 16.19679452971819 16.19679452971819
 80448 8192 5076.17 5076.17 5076.17 259.65640079035967 259.65640079035967 259.65640079035967 16.22852504939748 16.22852504939748 16.22852504939748
 88480 8192 5589.008 5589.008 5589.008 259.37631865976937 259.37631865976937 259.37631865976937 16.211019916235585 16.211019916235585 16.211019916235585
 97312 8192 6132.841 6132.841 6132.841 259.9708370068619 259.9708370068619 259.9708370068619 16.24817731292887 16.24817731292887 16.24817731292887
 107040 8192 6736.04 6736.04 6736.04 260.3522781931224 260.3522781931224 260.3522781931224 16.27201738707015 16.27201738707015 16.27201738707015
 117728 8192 7411.957 7411.957 7411.957 260.2356640763026 260.2356640763026 260.2356640763026 16.264729004768913 16.264729004768913 16.264729004768913
 129472 8192 8148.909 8148.909 8148.909 260.3132821829278 260.3132821829278 260.3132821829278 16.26958013643299 16.26958013643299 16.26958013643299
 142400 4096 4760.027 4760.027 4760.027 245.07020653454276 245.07020653454276 245.07020653454276 15.316887908408923 15.316887908408923 15.316887908408923
 156640 4096 5480.051 5480.051 5480.051 234.1574704323007 234.1574704323007 234.1574704323007 14.634841902018794 14.634841902018794 14.634841902018794
 172288 4096 6018.162 6018.162 6018.162 234.5206553097108 234.5206553097108 234.5206553097108 14.657540956856925 14.657540956856925 14.657540956856925
 189504 4096 6606.102 6606.102 6606.102 234.99739604383947 234.99739604383947 234.99739604383947 14.687337252739967 14.687337252739967 14.687337252739967
 208448 4096 7282.019 7282.019 7282.019 234.49623188294345 234.49623188294345 234.49623188294345 14.656014492683965 14.656014492683965 14.656014492683965
 229280 4096 7978.916 7978.916 7978.916 235.4031249357682 235.4031249357682 235.4031249357682 14.712695308485513 14.712695308485513 14.712695308485513
 252192 4096 8799.076 8799.076 8799.076 234.79247866480526 234.79247866480526 234.79247866480526 14.674529916550329 14.674529916550329 14.674529916550329
 277408 2048 4835.844 4835.844 4835.844 234.9668781705944 234.9668781705944 234.9668781705944 14.68542988566215 14.68542988566215 14.68542988566215
 305120 2048 5325.079 5325.079 5325.079 234.69539512934924 234.69539512934924 234.69539512934924 14.668462195584327 14.668462195584327 14.668462195584327
 335616 2048 5852.938 5852.938 5852.938 234.87061301520706 234.87061301520706 234.87061301520706 14.679413313450441 14.679413313450441 14.679413313450441
 369152 2048 6441.116 6441.116 6441.116 234.7491633437435 234.7491633437435 234.7491633437435 14.671822708983969 14.671822708983969 14.671822708983969
 406048 2048 7075.787 7075.787 7075.787 235.05125408664787 235.05125408664787 235.05125408664787 14.690703380415492 14.690703380415492 14.690703380415492
 446624 2048 7822.99 7822.99 7822.99 233.84561452846035 233.84561452846035 233.84561452846035 14.615350908028772 14.615350908028772 14.615350908028772
 491264 2048 8579.016 8579.016 8579.016 234.5510655301261 234.5510655301261 234.5510655301261 14.659441595632881 14.659441595632881 14.659441595632881
 540384 1024 4733.801 4733.801 4733.801 233.7881191034435 233.7881191034435 233.7881191034435 14.61175744396522 14.61175744396522 14.61175744396522
 594400 1024 5254.984 5254.984 5254.984 231.65269389973403 231.65269389973403 231.65269389973403 14.478293368733377 14.478293368733377 14.478293368733377
 653824 1024 5753.994 5753.994 5753.994 232.71340776511067 232.71340776511067 232.71340776511067 14.544587985319417 14.544587985319417 14.544587985319417
 719200 1024 6345.987 6345.987 6345.987 232.1028391643412 232.1028391643412 232.1028391643412 14.506427447771324 14.506427447771324 14.506427447771324
 791104 1024 6712.198 6712.198 6712.198 241.37860533911547 241.37860533911547 241.37860533911547 15.086162833694717 15.086162833694717 15.086162833694717
 870208 1024 7636.786 7636.786 7636.786 233.3685903991548 233.3685903991548 233.3685903991548 14.585536899947176 14.585536899947176 14.585536899947176
 957216 1024 9304.047 9304.047 9304.047 210.70168368667956 210.70168368667956 210.70168368667956 13.168855230417472 13.168855230417472 13.168855230417472
 1052928 512 5454.063 5454.063 5454.063 197.68716863006534 197.68716863006534 197.68716863006534 12.355448039379084 12.355448039379084 12.355448039379084
 1158208 512 7218.122 7218.122 7218.122 164.30935802969248 164.30935802969248 164.30935802969248 10.26933487685578 10.26933487685578 10.26933487685578
 1274016 512 8047.819 8047.819 8047.819 162.10508511684964 162.10508511684964 162.10508511684964 10.131567819803102 10.131567819803102 10.131567819803102
 1401408 512 9477.854 9477.854 9477.854 151.4099913334812 151.4099913334812 151.4099913334812 9.463124458342575 9.463124458342575 9.463124458342575
 1541536 512 10607.958 10607.958 10607.958 148.80647755204157 148.80647755204157 148.80647755204157 9.300404847002598 9.300404847002598 9.300404847002598
 1695680 512 11592.865 11592.865 11592.865 149.7797412460164 149.7797412460164 149.7797412460164 9.361233827876026 9.361233827876026 9.361233827876026
 1865248 512 12743.95 12743.95 12743.95 149.87613353787484 149.87613353787484 149.87613353787484 9.367258346117177 9.367258346117177 9.367258346117177
 2051744 512 14147.997 14147.997 14147.997 148.5005867615041 148.5005867615041 148.5005867615041 9.281286672594007 9.281286672594007 9.281286672594007
 2256896 256 7799.149 7799.149 7799.149 148.161132964635 148.161132964635 148.161132964635 9.260070810289687 9.260070810289687 9.260070810289687
 2482560 256 8500.099 8500.099 8500.099 149.53599011023283 149.53599011023283 149.53599011023283 9.345999381889552 9.345999381889552 9.345999381889552
 2730816 256 9423.018 9423.018 9423.018 148.37897921875987 148.37897921875987 148.37897921875987 9.273686201172492 9.273686201172492 9.273686201172492
 3003872 256 10426.044 10426.044 10426.044 147.5135213317726 147.5135213317726 147.5135213317726 9.219595083235788 9.219595083235788 9.219595083235788
 3304256 256 11432.886 11432.886 11432.886 147.9748046118889 147.9748046118889 147.9748046118889 9.248425288243057 9.248425288243057 9.248425288243057
 3634656 256 12584.925 12584.925 12584.925 147.87087503501215 147.87087503501215 147.87087503501215 9.24192968968826 9.24192968968826 9.24192968968826
 3998112 256 13857.841 13857.841 13857.841 147.7166135763861 147.7166135763861 147.7166135763861 9.232288348524131 9.232288348524131 9.232288348524131
 4397920 128 7632.971 7632.971 7632.971 147.50056301799128 147.50056301799128 147.50056301799128 9.218785188624455 9.218785188624455 9.218785188624455
 4837696 128 8362.055 8362.055 8362.055 148.10356736472073 148.10356736472073 148.10356736472073 9.256472960295046 9.256472960295046 9.256472960295046
 5321440 128 9203.911 9203.911 9203.911 148.0119310149783 148.0119310149783 148.0119310149783 9.250745688436144 9.250745688436144 9.250745688436144
 5853568 128 10113.001 10113.001 10113.001 148.1769267104789 148.1769267104789 148.1769267104789 9.261057919404932 9.261057919404932 9.261057919404932
 6438912 128 11450.052 11450.052 11450.052 143.96104681445988 143.96104681445988 143.96104681445988 8.997565425903742 8.997565425903742 8.997565425903742
 7082784 128 12250.9 12250.9 12250.9 148.00485711253867 148.00485711253867 148.00485711253867 9.250303569533667 9.250303569533667 9.250303569533667
 7791040 128 13492.107 13492.107 13492.107 147.82763285230394 147.82763285230394 147.82763285230394 9.239227053268996 9.239227053268996 9.239227053268996
 8570144 64 7408.857 7408.857 7408.857 148.06311310908012 148.06311310908012 148.06311310908012 9.253944569317508 9.253944569317508 9.253944569317508
 9427136 64 8173.943 8173.943 8173.943 147.624397185055 147.624397185055 147.624397185055 9.226524824065937 9.226524824065937 9.226524824065937
 10369824 64 8970.022 8970.022 8970.022 147.974829047242 147.974829047242 147.974829047242 9.248426815452625 9.248426815452625 9.248426815452625
 11406784 64 9929.895 9929.895 9929.895 147.03764259340102 147.03764259340102 147.03764259340102 9.189852662087564 9.189852662087564 9.189852662087564
 12547456 64 10865.927 10865.927 10865.927 147.80831566418587 147.80831566418587 147.80831566418587 9.238019729011617 9.238019729011617 9.238019729011617
 13802176 64 11970.997 11970.997 11970.997 147.57989898418654 147.57989898418654 147.57989898418654 9.223743686511659 9.223743686511659 9.223743686511659
 15182368 64 13233.9 13233.9 13233.9 146.84583561912967 146.84583561912967 146.84583561912967 9.177864726195605 9.177864726195605 9.177864726195605
 16700576 64 14589.071 14589.071 14589.071 146.52569228020073 146.52569228020073 146.52569228020073 9.157855767512546 9.157855767512546 9.157855767512546
 18370624 32 8095.98 8095.98 8095.98 145.22268286235885 145.22268286235885 145.22268286235885 9.076417678897428 9.076417678897428 9.076417678897428
 20207680 32 8999.109 8999.109 8999.109 143.71328539303167 143.71328539303167 143.71328539303167 8.98208033706448 8.98208033706448 8.98208033706448
 22228448 32 9686.947 9686.947 9686.947 146.85954945350687 146.85954945350687 146.85954945350687 9.17872184084418 9.17872184084418 9.17872184084418
 24451264 32 10621.071 10621.071 10621.071 147.33739149281652 147.33739149281652 147.33739149281652 9.208586968301033 9.208586968301033 9.208586968301033
 26896384 32 12009.859 12009.859 12009.859 143.32962410299737 143.32962410299737 143.32962410299737 8.958101506437336 8.958101506437336 8.958101506437336
 29586016 32 13134.003 13134.003 13134.003 144.1681583291857 144.1681583291857 144.1681583291857 9.010509895574106 9.010509895574106 9.010509895574106
 32544608 32 14172.077 14172.077 14172.077 146.9689243150457 146.9689243150457 146.9689243150457 9.185557769690357 9.185557769690357 9.185557769690357
 35799040 16 7953.882 7953.882 7953.882 144.0264363992325 144.0264363992325 144.0264363992325 9.001652274952031 9.001652274952031 9.001652274952031
 39378944 16 8769.989 8769.989 8769.989 143.68617885381613 143.68617885381613 143.68617885381613 8.980386178363508 8.980386178363508 8.980386178363508
 43316832 16 9639.978 9639.978 9639.978 143.79064184586315 143.79064184586315 143.79064184586315 8.986915115366447 8.986915115366447 8.986915115366447
 47648512 16 10514.975 10514.975 10514.975 145.00770415526426 145.00770415526426 145.00770415526426 9.062981509704017 9.062981509704017 9.062981509704017
 52413344 16 13199.091 13199.091 13199.091 127.07140272008125 127.07140272008125 127.07140272008125 7.941962670005078 7.941962670005078 7.941962670005078
 57654656 16 16868.114 16868.114 16868.114 109.3749420948898 109.3749420948898 109.3749420948898 6.835933880930613 6.835933880930613 6.835933880930613
 63420096 16 21525.145 21525.145 21525.145 94.28243442727099 94.28243442727099 94.28243442727099 5.892652151704437 5.892652151704437 5.892652151704437
 69762080 8 13536.93 13536.93 13536.93 82.45542231510395 82.45542231510395 82.45542231510395 5.153463894693997 5.153463894693997 5.153463894693997
 76738272 8 16494.036 16494.036 16494.036 74.43977641372918 74.43977641372918 74.43977641372918 4.652486025858074 4.652486025858074 4.652486025858074
 84412096 8 18817.902 18817.902 18817.902 71.77173820971117 71.77173820971117 71.77173820971117 4.485733638106948 4.485733638106948 4.485733638106948
 92853280 8 20980.835 20980.835 20980.835 70.80997872582287 70.80997872582287 70.80997872582287 4.42562367036393 4.42562367036393 4.42562367036393
 102138592 8 23449.898 23449.898 23449.898 69.68974756308108 69.68974756308108 69.68974756308108 4.355609222692568 4.355609222692568 4.355609222692568
 112352448 8 26045.084 26045.084 26045.084 69.02028682264952 69.02028682264952 69.02028682264952 4.313767926415595 4.313767926415595 4.313767926415595
 123587680 8 28927.088 28927.088 28927.088 68.35817279637688 68.35817279637688 68.35817279637688 4.272385799773555 4.272385799773555 4.272385799773555
 135946432 4 15944.004 15944.004 15944.004 68.21194073960342 68.21194073960342 68.21194073960342 4.263246296225214 4.263246296225214 4.263246296225214
 149541056 4 17467.022 17467.022 17467.022 68.4906933763523 68.4906933763523 68.4906933763523 4.280668336022019 4.280668336022019 4.280668336022019
 164495136 4 19192.934 19192.934 19192.934 68.56487330180991 68.56487330180991 68.56487330180991 4.285304581363119 4.285304581363119 4.285304581363119
 180944640 4 21217.823 21217.823 21217.823 68.2236400972899 68.2236400972899 68.2236400972899 4.263977506080619 4.263977506080619 4.263977506080619
 199039104 4 23127.794 23127.794 23127.794 68.84845273180831 68.84845273180831 68.84845273180831 4.303028295738019 4.303028295738019 4.303028295738019
 218943008 4 25552.034 25552.034 25552.034 68.54812669707624 68.54812669707624 68.54812669707624 4.284257918567265 4.284257918567265 4.284257918567265
 240837280 4 28251.171 28251.171 28251.171 68.19888067648594 68.19888067648594 68.19888067648594 4.262430042280371 4.262430042280371 4.262430042280371
 264920992 4 31013.012 31013.012 31013.012 68.33802327874507 68.33802327874507 68.33802327874507 4.271126454921567 4.271126454921567 4.271126454921567
 291413088 2 17015.934 17015.934 17015.934 68.50357741161902 68.50357741161902 68.50357741161902 4.281473588226189 4.281473588226189 4.281473588226189
 320554368 2 18728.971 18728.971 18728.971 68.46171484808214 68.46171484808214 68.46171484808214 4.278857178005134 4.278857178005134 4.278857178005134
 352609792 2 20552.874 20552.874 20552.874 68.62491192229369 68.62491192229369 68.62491192229369 4.289056995143356 4.289056995143356 4.289056995143356
 387870752 2 23075.819 23075.819 23075.819 67.23414705237548 67.23414705237548 67.23414705237548 4.202134190773467 4.202134190773467 4.202134190773467
 426657824 2 24873.972 24873.972 24873.972 68.61112877348258 68.61112877348258 68.61112877348258 4.288195548342661 4.288195548342661 4.288195548342661
 469323584 2 27472.019 27472.019 27472.019 68.3347785978162 68.3347785978162 68.3347785978162 4.270923662363512 4.270923662363512 4.270923662363512
 516255936 2 30139.923 30139.923 30139.923 68.51456601266035 68.51456601266035 68.51456601266035 4.282160375791272 4.282160375791272 4.282160375791272
 567881504 1 16464.949 16464.949 16464.949 68.98065751676486 68.98065751676486 68.98065751676486 4.311291094797804 4.311291094797804 4.311291094797804
 624669632 1 18188.953 18188.953 18188.953 68.68670582633315 68.68670582633315 68.68670582633315 4.292919114145822 4.292919114145822 4.292919114145822
 687136576 1 20267.01 20267.01 20267.01 67.8083817987952 67.8083817987952 67.8083817987952 4.2380238624247 4.2380238624247 4.2380238624247
 755850208 1 21945.953 21945.953 21945.953 68.88287858813878 68.88287858813878 68.88287858813878 4.305179911758674 4.305179911758674 4.305179911758674
 831435200 1 24146.08 24146.08 24146.08 68.86709561137874 68.86709561137874 68.86709561137874 4.3041934757111715 4.3041934757111715 4.3041934757111715
 914578720 1 26561.975 26561.975 26561.975 68.86375881311537 68.86375881311537 68.86375881311537 4.3039849258197105 4.3039849258197105 4.3039849258197105
 1006036576 1 29229.879 29229.879 29229.879 68.83617793970342 68.83617793970342 68.83617793970342 4.302261121231464 4.302261121231464 4.302261121231464
 
META_DATA
 MPI startup(): shm:tmi fabric is unknown or has been removed from the product, please use ofi or shm:ofi instead
 FLOPS          1
 MPI_PROCS      4
 OPENMP_THREADS 1
 ERT_VERSION  1.1.0
 HOSTNAME  ('shas0642.rc.int.colorado.edu', [], ['10.225.7.27'])
 UNAME  uname_result(system='Linux', node='shas0642.rc.int.colorado.edu', release='3.10.0-957.27.2.el7.x86_64', version='#1 SMP Mon Jul 29 17:46:05 UTC 2019', machine='x86_64', processor='x86_64')
 TIMESTAMP_DATA  1664551174.7227767
 CONFIG  {'ERT_RESULTS': ['lab5_results'], 'ERT_DRIVER': ['driver1'], 'ERT_KERNEL': ['kernel1'], 'ERT_MPI': ['True'], 'ERT_MPI_CFLAGS': ['-I/usr/include/mpi'], 'ERT_MPI_LDFLAGS': ['-lmpi'], 'ERT_OPENMP': ['True'], 'ERT_OPENMP_CFLAGS': ['-qopenmp'], 'ERT_OPENMP_LDFLAGS': ['-qopenmp'], 'ERT_FLOPS': ['1,2,4,8,16'], 'ERT_ALIGN': ['32'], 'ERT_CC': ['mpicc'], 'ERT_CFLAGS': ['-O3', '-msse3', '-axSSE3', '-xSSE3', '-fno-alias', '-fno-fnalias', '-DERT_INTEL', '-std=c++11'], 'ERT_LD': ['mpicc'], 'ERT_LDFLAGS': [], 'ERT_LDLIBS': [], 'ERT_PRECISION': ['FP64'], 'ERT_RUN': ['export', 'OMP_NUM_THREADS=ERT_OPENMP_THREADS;', 'mpirun', '-np', 'ERT_MPI_PROCS', 'ERT_CODE'], 'ERT_PROCS_THREADS': ['1-24'], 'ERT_MPI_PROCS': ['1,2,4,8,12,24'], 'ERT_OPENMP_THREADS': ['1,2,4,8,12,24'], 'ERT_NUM_EXPERIMENTS': ['1'], 'ERT_MEMORY_MAX': ['1073741824'], 'ERT_WORKING_SET_MIN': ['1'], 'ERT_TRIALS_MIN': ['1'], 'ERT_GNUPLOT': ['gnuplot'], 'ERT_GPU': [False], 'ERT_HIP': [False], 'ERT_OCL': [False], 'ERT_SYCL': [False], 'ERT_WSS_MULT': [1.1]}
 