fp64
 64 16777216 188044.071 188044.071 188044.071 11.420108257494595 11.420108257494595 11.420108257494595 5.710054128747298 5.710054128747298 5.710054128747298
 128 8388608 96923.113 96923.113 96923.113 22.156569073467548 22.156569073467548 22.156569073467548 11.078284536733774 11.078284536733774 11.078284536733774
 192 4194304 48568.964 48568.964 48568.964 33.16135662271898 33.16135662271898 33.16135662271898 16.58067831135949 16.58067831135949 16.58067831135949
 256 4194304 48534.87 48534.87 48534.87 44.24620171023432 44.24620171023432 44.24620171023432 22.12310085511716 22.12310085511716 22.12310085511716
 320 2097152 24804.115 24804.115 24804.115 54.111073102184854 54.111073102184854 54.111073102184854 27.055536551092427 27.055536551092427 27.055536551092427
 384 2097152 24800.777 24800.777 24800.777 64.94202725987174 64.94202725987174 64.94202725987174 32.47101362993587 32.47101362993587 32.47101362993587
 448 2097152 24721.146 24721.146 24721.146 76.00975262230966 76.00975262230966 76.00975262230966 38.00487631115483 38.00487631115483 38.00487631115483
 512 2097152 24586.201 24586.201 24586.201 87.34507815989953 87.34507815989953 87.34507815989953 43.672539079949765 43.672539079949765 43.672539079949765
 576 1048576 13289.928 13289.928 13289.928 90.89285901323167 90.89285901323167 90.89285901323167 45.446429506615836 45.446429506615836 45.446429506615836
 640 1048576 13269.186 13269.186 13269.186 101.14993338702163 101.14993338702163 101.14993338702163 50.57496669351082 50.57496669351082 50.57496669351082
 704 1048576 13631.105 13631.105 13631.105 108.31073548329354 108.31073548329354 108.31073548329354 54.15536774164677 54.15536774164677 54.15536774164677
 768 1048576 13463.974 13463.974 13463.974 119.62387449648966 119.62387449648966 119.62387449648966 59.81193724824483 59.81193724824483 59.81193724824483
 832 1048576 13790.131 13790.131 13790.131 126.52747562731639 126.52747562731639 126.52747562731639 63.263737813658196 63.263737813658196 63.263737813658196
 896 1048576 13993.979 13993.979 13993.979 134.27547604580514 134.27547604580514 134.27547604580514 67.13773802290257 67.13773802290257 67.13773802290257
 960 1048576 15789.986 15789.986 15789.986 127.50270456224594 127.50270456224594 127.50270456224594 63.75135228112297 63.75135228112297 63.75135228112297
 1024 1048576 13285.16 13285.16 13285.16 161.64529806189765 161.64529806189765 161.64529806189765 80.82264903094882 80.82264903094882 80.82264903094882
 1088 524288 7263.899 7263.899 7263.899 157.05761988155396 157.05761988155396 157.05761988155396 78.52880994077698 78.52880994077698 78.52880994077698
 1152 524288 7356.882 7356.882 7356.882 164.19449870203164 164.19449870203164 164.19449870203164 82.09724935101582 82.09724935101582 82.09724935101582
 1216 524288 8573.055 8573.055 8573.055 148.7297603946318 148.7297603946318 148.7297603946318 74.3648801973159 74.3648801973159 74.3648801973159
 1280 524288 8627.892 8627.892 8627.892 155.56259628655528 155.56259628655528 155.56259628655528 77.78129814327764 77.78129814327764 77.78129814327764
 1408 524288 9516.001 9516.001 9516.001 155.14868146819236 155.14868146819236 155.14868146819236 77.57434073409618 77.57434073409618 77.57434073409618
 1536 524288 10579.824 10579.824 10579.824 152.23436004228427 152.23436004228427 152.23436004228427 76.11718002114213 76.11718002114213 76.11718002114213
 1664 524288 11366.129 11366.129 11366.129 153.51140779767675 153.51140779767675 153.51140779767675 76.75570389883838 76.75570389883838 76.75570389883838
 1792 524288 12235.165 12235.165 12235.165 153.57767484132825 153.57767484132825 153.57767484132825 76.78883742066412 76.78883742066412 76.78883742066412
 1920 524288 13051.987 13051.987 13051.987 154.24976442284228 154.24976442284228 154.24976442284228 77.12488221142114 77.12488221142114 77.12488221142114
 2112 262144 6547.928 6547.928 6547.928 169.10635791963503 169.10635791963503 169.10635791963503 84.55317895981752 84.55317895981752 84.55317895981752
 2304 262144 7285.118 7285.118 7285.118 165.81194045175383 165.81194045175383 165.81194045175383 82.90597022587691 82.90597022587691 82.90597022587691
 2496 262144 8355.856 8355.856 8355.856 156.61146482179683 156.61146482179683 156.61146482179683 78.30573241089841 78.30573241089841 78.30573241089841
 2688 262144 8752.108 8752.108 8752.108 161.0224809840098 161.0224809840098 161.0224809840098 80.5112404920049 80.5112404920049 80.5112404920049
 2944 262144 9531.021 9531.021 9531.021 161.9452807836642 161.9452807836642 161.9452807836642 80.9726403918321 80.9726403918321 80.9726403918321
 3200 262144 9643.793 9643.793 9643.793 173.9690596842964 173.9690596842964 173.9690596842964 86.9845298421482 86.9845298421482 86.9845298421482
 3520 262144 11323.929 11323.929 11323.929 162.97291867513476 162.97291867513476 162.97291867513476 81.48645933756738 81.48645933756738 81.48645933756738
 3840 262144 12913.227 12913.227 12913.227 155.90726624723624 155.90726624723624 155.90726624723624 77.95363312361812 77.95363312361812 77.95363312361812
 4224 131072 6325.006 6325.006 6325.006 175.0664356682033 175.0664356682033 175.0664356682033 87.53321783410165 87.53321783410165 87.53321783410165
 4608 131072 6942.034 6942.034 6942.034 174.0065738658151 174.0065738658151 174.0065738658151 87.00328693290756 87.00328693290756 87.00328693290756
 5056 131072 7970.095 7970.095 7970.095 166.29664564851487 166.29664564851487 166.29664564851487 83.14832282425743 83.14832282425743 83.14832282425743
 5504 131072 8167.982 8167.982 8167.982 176.64590543906684 176.64590543906684 176.64590543906684 88.32295271953342 88.32295271953342 88.32295271953342
 6016 131072 9040.117 9040.117 9040.117 174.45109438295984 174.45109438295984 174.45109438295984 87.22554719147992 87.22554719147992 87.22554719147992
 6592 131072 9974.003 9974.003 9974.003 173.2557377414063 173.2557377414063 173.2557377414063 86.62786887070315 86.62786887070315 86.62786887070315
 7232 131072 10481.119 10481.119 10481.119 180.88005755873968 180.88005755873968 180.88005755873968 90.44002877936984 90.44002877936984 90.44002877936984
 7936 131072 11699.2 11699.2 11699.2 177.8219693654267 177.8219693654267 177.8219693654267 88.91098468271335 88.91098468271335 88.91098468271335
 8704 65536 6361.008 6361.008 6361.008 179.3506136134399 179.3506136134399 179.3506136134399 89.67530680671995 89.67530680671995 89.67530680671995
 9536 65536 6943.941 6943.941 6943.941 179.99902245713207 179.99902245713207 179.99902245713207 89.99951122856604 89.99951122856604 89.99951122856604
 10432 65536 7745.028 7745.028 7745.028 176.5446301808076 176.5446301808076 176.5446301808076 88.2723150904038 88.2723150904038 88.2723150904038
 11456 65536 8450.985 8450.985 8450.985 177.67879507536693 177.67879507536693 177.67879507536693 88.83939753768347 88.83939753768347 88.83939753768347
 12544 65536 9132.147 9132.147 9132.147 180.0416887726402 180.0416887726402 180.0416887726402 90.0208443863201 90.0208443863201 90.0208443863201
 13760 65536 10152.102 10152.102 10152.102 177.65293532314783 177.65293532314783 177.65293532314783 88.82646766157391 88.82646766157391 88.82646766157391
 15104 65536 11066.914 11066.914 11066.914 178.88559430388634 178.88559430388634 178.88559430388634 89.44279715194317 89.44279715194317 89.44279715194317
 16576 32768 6036.997 6036.997 6036.997 179.9445545525366 179.9445545525366 179.9445545525366 89.9722772762683 89.9722772762683 89.9722772762683
 18176 32768 6618.023 6618.023 6618.023 179.99066125941238 179.99066125941238 179.99066125941238 89.99533062970619 89.99533062970619 89.99533062970619
 19968 32768 7264.137 7264.137 7264.137 180.14842616542063 180.14842616542063 180.14842616542063 90.07421308271032 90.07421308271032 90.07421308271032
 21952 32768 7994.89 7994.89 7994.89 179.94572433141667 179.94572433141667 179.94572433141667 89.97286216570834 89.97286216570834 89.97286216570834
 24128 32768 8780.003 8780.003 8780.003 180.09704643608893 180.09704643608893 180.09704643608893 90.04852321804447 90.04852321804447 90.04852321804447
 26496 32768 9593.01 9593.01 9593.01 181.0111587499648 181.0111587499648 181.0111587499648 90.5055793749824 90.5055793749824 90.5055793749824
 29120 32768 10542.154 10542.154 10542.154 181.02641262876637 181.02641262876637 181.02641262876637 90.51320631438318 90.51320631438318 90.51320631438318
 32000 32768 11489.868 11489.868 11489.868 182.5218531666334 182.5218531666334 182.5218531666334 91.2609265833167 91.2609265833167 91.2609265833167
 35200 16384 6330.967 6330.967 6330.967 182.18916636273732 182.18916636273732 182.18916636273732 91.09458318136866 91.09458318136866 91.09458318136866
 38720 16384 7065.058 7065.058 7065.058 179.5847903867173 179.5847903867173 179.5847903867173 89.79239519335864 89.79239519335864 89.79239519335864
 42560 16384 7755.041 7755.041 7755.041 179.83219946870688 179.83219946870688 179.83219946870688 89.91609973435344 89.91609973435344 89.91609973435344
 46784 16384 8414.03 8414.03 8414.03 182.19784241320744 182.19784241320744 182.19784241320744 91.09892120660372 91.09892120660372 91.09892120660372
 51456 16384 9207.964 9207.964 9207.964 183.11433537316177 183.11433537316177 183.11433537316177 91.55716768658088 91.55716768658088 91.55716768658088
 56576 16384 10119.915 10119.915 10119.915 183.19149597600375 183.19149597600375 183.19149597600375 91.59574798800188 91.59574798800188 91.59574798800188
 62208 16384 11154.89 11154.89 11154.89 182.73884762646696 182.73884762646696 182.73884762646696 91.36942381323348 91.36942381323348 91.36942381323348
 68416 8192 6191.969 6191.969 6191.969 181.02928874482416 181.02928874482416 181.02928874482416 90.51464437241208 90.51464437241208 90.51464437241208
 75200 8192 6742.954 6742.954 6742.954 182.72062956383806 182.72062956383806 182.72062956383806 91.36031478191903 91.36031478191903 91.36031478191903
 82688 8192 7446.051 7446.051 7446.051 181.9434478759278 181.9434478759278 181.9434478759278 90.9717239379639 90.9717239379639 90.9717239379639
 90944 8192 8138.895 8138.895 8138.895 183.07479037387753 183.07479037387753 183.07479037387753 91.53739518693877 91.53739518693877 91.53739518693877
 100032 8192 8986.95 8986.95 8986.95 182.36713100662627 182.36713100662627 182.36713100662627 91.18356550331313 91.18356550331313 91.18356550331313
 110016 8192 9845.018 9845.018 9845.018 183.0877448878204 183.0877448878204 183.0877448878204 91.5438724439102 91.5438724439102 91.5438724439102
 120960 8192 10934.114 10934.114 10934.114 181.25004367066228 181.25004367066228 181.25004367066228 90.62502183533114 90.62502183533114 90.62502183533114
 133056 4096 5831.003 5831.003 5831.003 186.93091943187133 186.93091943187133 186.93091943187133 93.46545971593567 93.46545971593567 93.46545971593567
 146304 4096 6555.08 6555.08 6555.08 182.83870951994484 182.83870951994484 182.83870951994484 91.41935475997242 91.41935475997242 91.41935475997242
 160896 4096 7200.003 7200.003 7200.003 183.0638170567429 183.0638170567429 183.0638170567429 91.53190852837145 91.53190852837145 91.53190852837145
 176960 4096 7956.028 7956.028 7956.028 182.20854929117897 182.20854929117897 182.20854929117897 91.10427464558948 91.10427464558948 91.10427464558948
 194624 4096 8747.101 8747.101 8747.101 182.272939114342 182.272939114342 182.272939114342 91.136469557171 91.136469557171 91.136469557171
 214080 4096 9608.03 9608.03 9608.03 182.52892216198327 182.52892216198327 182.52892216198327 91.26446108099164 91.26446108099164 91.26446108099164
 235456 4096 10581.97 10581.97 10581.97 182.27754869839927 182.27754869839927 182.27754869839927 91.13877434919964 91.13877434919964 91.13877434919964
 258944 4096 11615.992 11615.992 11615.992 182.61628003876035 182.61628003876035 182.61628003876035 91.30814001938018 91.30814001938018 91.30814001938018
 284800 2048 6407.976 6407.976 6407.976 182.04512626139675 182.04512626139675 182.04512626139675 91.02256313069837 91.02256313069837 91.02256313069837
 313280 2048 7038.116 7038.116 7038.116 182.32079153000603 182.32079153000603 182.32079153000603 91.16039576500302 91.16039576500302 91.16039576500302
 344576 2048 7750.034 7750.034 7750.034 182.11317472929795 182.11317472929795 182.11317472929795 91.05658736464898 91.05658736464898 91.05658736464898
 379008 2048 8517.027 8517.027 8517.027 182.27214355431772 182.27214355431772 182.27214355431772 91.13607177715886 91.13607177715886 91.13607177715886
 416896 2048 9378.91 9378.91 9378.91 182.06870691796806 182.06870691796806 182.06870691796806 91.03435345898403 91.03435345898403 91.03435345898403
 458560 2048 10298.967 10298.967 10298.967 182.37380117831233 182.37380117831233 182.37380117831233 91.18690058915617 91.18690058915617 91.18690058915617
 504384 2048 11317.968 11317.968 11317.968 182.53778982234263 182.53778982234263 182.53778982234263 91.26889491117132 91.26889491117132 91.26889491117132
 554816 1024 6232.977 6232.977 6232.977 182.2986300125927 182.2986300125927 182.2986300125927 91.14931500629635 91.14931500629635 91.14931500629635
 610240 1024 6851.912 6851.912 6851.912 182.39748554855927 182.39748554855927 182.39748554855927 91.19874277427964 91.19874277427964 91.19874277427964
 671232 1024 7529.02 7529.02 7529.02 182.58460410518234 182.58460410518234 182.58460410518234 91.29230205259117 91.29230205259117 91.29230205259117
 738304 1024 8296.013 8296.013 8296.013 182.2618397536262 182.2618397536262 182.2618397536262 91.1309198768131 91.1309198768131 91.1309198768131
 812096 1024 9322.166 9322.166 9322.166 178.41053334600565 178.41053334600565 178.41053334600565 89.20526667300282 89.20526667300282 89.20526667300282
 893248 1024 10005.951 10005.951 10005.951 182.8283892255719 182.8283892255719 182.8283892255719 91.41419461278595 91.41419461278595 91.41419461278595
 982528 1024 12027.025 12027.025 12027.025 167.3079871373012 167.3079871373012 167.3079871373012 83.6539935686506 83.6539935686506 83.6539935686506
 1080768 512 6057.024 6057.024 6057.024 182.7145528893397 182.7145528893397 182.7145528893397 91.35727644466985 91.35727644466985 91.35727644466985
 1188800 512 6672.859 6672.859 6672.859 182.43022968116065 182.43022968116065 182.43022968116065 91.21511484058033 91.21511484058033 91.21511484058033
 1307648 512 7381.201 7381.201 7381.201 181.41106738591728 181.41106738591728 181.41106738591728 90.70553369295864 90.70553369295864 90.70553369295864
 1438400 512 8152.962 8152.962 8152.962 180.6609180810606 180.6609180810606 180.6609180810606 90.3304590405303 90.3304590405303 90.3304590405303
 1582208 512 8970.022 8970.022 8970.022 180.62174117298707 180.62174117298707 180.62174117298707 90.31087058649354 90.31087058649354 90.31087058649354
 1740416 512 9933.949 9933.949 9933.949 179.40357696621956 179.40357696621956 179.40357696621956 89.70178848310978 89.70178848310978 89.70178848310978
 1914432 512 10921.001 10921.001 10921.001 179.5053739121533 179.5053739121533 179.5053739121533 89.75268695607664 89.75268695607664 89.75268695607664
 2105856 256 6066.084 6066.084 6066.084 177.74206094079804 177.74206094079804 177.74206094079804 88.87103047039902 88.87103047039902 88.87103047039902
 2316416 256 6767.988 6767.988 6767.988 175.2374549127451 175.2374549127451 175.2374549127451 87.61872745637255 87.61872745637255 87.61872745637255
 2548032 256 7460.117 7460.117 7460.117 174.87559296992256 174.87559296992256 174.87559296992256 87.43779648496128 87.43779648496128 87.43779648496128
 2802816 256 8255.005 8255.005 8255.005 173.83899731132811 173.83899731132811 173.83899731132811 86.91949865566406 86.91949865566406 86.91949865566406
 3083072 256 8929.014 8929.014 8929.014 176.7869177940588 176.7869177940588 176.7869177940588 88.3934588970294 88.3934588970294 88.3934588970294
 3391360 256 10027.885 10027.885 10027.885 173.15478986845181 173.15478986845181 173.15478986845181 86.57739493422591 86.57739493422591 86.57739493422591
 3730496 256 10825.157 10825.157 10825.157 176.44214785984167 176.44214785984167 176.44214785984167 88.22107392992083 88.22107392992083 88.22107392992083
 4103488 256 11976.004 11976.004 11976.004 175.43296211323909 175.43296211323909 175.43296211323909 87.71648105661954 87.71648105661954 87.71648105661954
 4513792 128 6672.859 6672.859 6672.859 173.16876499263657 173.16876499263657 173.16876499263657 86.58438249631828 86.58438249631828 86.58438249631828
 4965120 128 7266.998 7266.998 7266.998 174.91001373607094 174.91001373607094 174.91001373607094 87.45500686803547 87.45500686803547 87.45500686803547
 5461632 128 7944.822 7944.822 7944.822 175.986043740187 175.986043740187 175.986043740187 87.9930218700935 87.9930218700935 87.9930218700935
 6007744 128 8703.947 8703.947 8703.947 176.69942889128345 176.69942889128345 176.69942889128345 88.34971444564172 88.34971444564172 88.34971444564172
 6608512 128 9603.977 9603.977 9603.977 176.15401119765278 176.15401119765278 176.15401119765278 88.07700559882639 88.07700559882639 88.07700559882639
 7269312 128 10546.923 10546.923 10546.923 176.44424558707783 176.44424558707783 176.44424558707783 88.22212279353892 88.22212279353892 88.22212279353892
 7996224 128 11626.005 11626.005 11626.005 176.07366795386721 176.07366795386721 176.07366795386721 88.03683397693361 88.03683397693361 88.03683397693361
 8795840 64 6409.168 6409.168 6409.168 175.66515965878878 175.66515965878878 175.66515965878878 87.83257982939439 87.83257982939439 87.83257982939439
 9675392 64 7083.178 7083.178 7083.178 174.8438590700389 174.8438590700389 174.8438590700389 87.42192953501944 87.42192953501944 87.42192953501944
 10642880 64 7722.855 7722.855 7722.855 176.39702415751688 176.39702415751688 176.39702415751688 88.19851207875844 88.19851207875844 88.19851207875844
 11707136 64 8635.998 8635.998 8635.998 173.5194250855547 173.5194250855547 173.5194250855547 86.75971254277735 86.75971254277735 86.75971254277735
 12877824 64 9536.028 9536.028 9536.028 172.85619043903813 172.85619043903813 172.85619043903813 86.42809521951907 86.42809521951907 86.42809521951907
 14165568 64 10358.095 10358.095 10358.095 175.05078916538224 175.05078916538224 175.05078916538224 87.52539458269112 87.52539458269112 87.52539458269112
 15582080 64 11497.974 11497.974 11497.974 173.46588538119846 173.46588538119846 173.46588538119846 86.73294269059923 86.73294269059923 86.73294269059923
 17140288 32 6273.985 6273.985 6273.985 174.84556179206677 174.84556179206677 174.84556179206677 87.42278089603339 87.42278089603339 87.42278089603339
 18854272 32 6872.892 6872.892 6872.892 175.5699650161824 175.5699650161824 175.5699650161824 87.7849825080912 87.7849825080912 87.7849825080912
 20739648 32 7501.125 7501.125 7501.125 176.9517868319752 176.9517868319752 176.9517868319752 88.4758934159876 88.4758934159876 88.4758934159876
 22813568 32 8355.141 8355.141 8355.141 174.75089313274304 174.75089313274304 174.75089313274304 87.37544656637152 87.37544656637152 87.37544656637152
 25094912 32 9220.839 9220.839 9220.839 174.17876702976812 174.17876702976812 174.17876702976812 87.08938351488406 87.08938351488406 87.08938351488406
 27604352 32 10154.963 10154.963 10154.963 173.97193155701305 173.97193155701305 173.97193155701305 86.98596577850653 86.98596577850653 86.98596577850653
 30364736 32 11070.967 11070.967 11070.967 175.5350823464653 175.5350823464653 175.5350823464653 87.76754117323264 87.76754117323264 87.76754117323264
 33401152 32 12303.829 12303.829 12303.829 173.7405264653792 173.7405264653792 173.7405264653792 86.8702632326896 86.8702632326896 86.8702632326896
 36741248 16 6696.939 6696.939 6696.939 175.56079516328276 175.56079516328276 175.56079516328276 87.78039758164138 87.78039758164138 87.78039758164138
 40415360 16 7377.148 7377.148 7377.148 175.31050210731843 175.31050210731843 175.31050210731843 87.65525105365921 87.65525105365921 87.65525105365921
 44456896 16 8059.025 8059.025 8059.025 176.5251593089735 176.5251593089735 176.5251593089735 88.26257965448676 88.26257965448676 88.26257965448676
 48902528 16 9006.023 9006.023 9006.023 173.75937147839844 173.75937147839844 173.75937147839844 86.87968573919922 86.87968573919922 86.87968573919922
 53792768 16 10396.004 10396.004 10396.004 165.57983009625622 165.57983009625622 165.57983009625622 82.78991504812811 82.78991504812811 82.78991504812811
 59172032 16 12435.913 12435.913 12435.913 152.2610381722677 152.2610381722677 152.2610381722677 76.13051908613384 76.13051908613384 76.13051908613384
 65089216 16 15130.997 15130.997 15130.997 137.65483609573118 137.65483609573118 137.65483609573118 68.82741804786559 68.82741804786559 68.82741804786559
 71598080 8 9548.903 9548.903 9548.903 119.968679124712 119.968679124712 119.968679124712 59.984339562356 59.984339562356 59.984339562356
 78757888 8 12114.048 12114.048 12114.048 104.02189325979226 104.02189325979226 104.02189325979226 52.01094662989613 52.01094662989613 52.01094662989613
 86633664 8 14247.894 14247.894 14247.894 97.28726392826897 97.28726392826897 97.28726392826897 48.643631964134485 48.643631964134485 48.643631964134485
 95297024 8 16117.096 16117.096 16117.096 94.60465979727364 94.60465979727364 94.60465979727364 47.30232989863682 47.30232989863682 47.30232989863682
 104826688 8 17969.131 17969.131 17969.131 93.33935002199048 93.33935002199048 93.33935002199048 46.66967501099524 46.66967501099524 46.66967501099524
 115309312 8 19762.993 19762.993 19762.993 93.35372390204257 93.35372390204257 93.35372390204257 46.67686195102129 46.67686195102129 46.67686195102129
 126840192 8 21891.117 21891.117 21891.117 92.70623659815989 92.70623659815989 92.70623659815989 46.353118299079945 46.353118299079945 46.353118299079945
 139524160 4 12132.883 12132.883 12132.883 91.99736616598051 91.99736616598051 91.99736616598051 45.998683082990254 45.998683082990254 45.998683082990254
 153476544 4 13369.083 13369.083 13369.083 91.83968354448842 91.83968354448842 91.83968354448842 45.91984177224421 45.91984177224421 45.91984177224421
 168824192 4 14736.176 14736.176 14736.176 91.65156116485038 91.65156116485038 91.65156116485038 45.82578058242519 45.82578058242519 45.82578058242519
 185706560 4 16080.856 16080.856 16080.856 92.38640530081234 92.38640530081234 92.38640530081234 46.19320265040617 46.19320265040617 46.19320265040617
 204277184 4 17719.984 17719.984 17719.984 92.22454557521044 92.22454557521044 92.22454557521044 46.11227278760522 46.11227278760522 46.11227278760522
 224704896 4 19500.017 19500.017 19500.017 92.186543632244 92.186543632244 92.186543632244 46.093271816122 46.093271816122 46.093271816122
 247175360 4 21306.992 21306.992 21306.992 92.80535140765062 92.80535140765062 92.80535140765062 46.40267570382531 46.40267570382531 46.40267570382531
 271892864 2 11739.016 11739.016 11739.016 92.64587900723537 92.64587900723537 92.64587900723537 46.32293950361768 46.32293950361768 46.32293950361768
 299082112 2 12973.785 12973.785 12973.785 92.21121268773916 92.21121268773916 92.21121268773916 46.10560634386958 46.10560634386958 46.10560634386958
 328990272 2 14231.92 14231.92 14231.92 92.46546411165885 92.46546411165885 92.46546411165885 46.23273205582942 46.23273205582942 46.23273205582942
 361889280 2 15739.918 15739.918 15739.918 91.96725929575999 91.96725929575999 91.96725929575999 45.983629647879994 45.983629647879994 45.983629647879994
 398078208 2 17313.004 17313.004 17313.004 91.97207093581218 91.97207093581218 91.97207093581218 45.98603546790609 45.98603546790609 45.98603546790609
 437886016 2 18891.096 18891.096 18891.096 92.71796956619137 92.71796956619137 92.71796956619137 46.358984783095686 46.358984783095686 46.358984783095686
 481674560 2 20996.809 20996.809 20996.809 91.76147861325022 91.76147861325022 91.76147861325022 45.88073930662511 45.88073930662511 45.88073930662511
 529841984 2 23027.182 23027.182 23027.182 92.03765949302873 92.03765949302873 92.03765949302873 46.01882974651436 46.01882974651436 46.01882974651436
 582826176 1 12680.054 12680.054 12680.054 91.92802743584531 91.92802743584531 91.92802743584531 45.964013717922654 45.964013717922654 45.964013717922654
 641108736 1 13960.123 13960.123 13960.123 91.84857984417472 91.84857984417472 91.84857984417472 45.92428992208736 45.92428992208736 45.92428992208736
 705219584 1 15323.162 15323.162 15323.162 92.04622179155973 92.04622179155973 92.04622179155973 46.023110895779865 46.023110895779865 46.023110895779865
 775741504 1 16895.056 16895.056 16895.056 91.83059280774208 91.83059280774208 91.83059280774208 45.91529640387104 45.91529640387104 45.91529640387104
 853315648 1 18552.065 18552.065 18552.065 91.99144655864455 91.99144655864455 91.99144655864455 45.99572327932228 45.99572327932228 45.99572327932228
 938647168 1 20331.144 20331.144 20331.144 92.33589295319535 92.33589295319535 92.33589295319535 46.16794647659768 46.16794647659768 46.16794647659768
 1032511872 1 22372.007 22372.007 22372.007 92.30391104383257 92.30391104383257 92.30391104383257 46.151955521916285 46.151955521916285 46.151955521916285
 
META_DATA
 MPI startup(): shm:tmi fabric is unknown or has been removed from the product, please use ofi or shm:ofi instead
 FLOPS          8
 MPI_PROCS      4
 OPENMP_THREADS 2
 ERT_VERSION  1.1.0
 HOSTNAME  ('shas0420.rc.int.colorado.edu', [], ['10.225.6.135'])
 UNAME  uname_result(system='Linux', node='shas0420.rc.int.colorado.edu', release='3.10.0-957.27.2.el7.x86_64', version='#1 SMP Mon Jul 29 17:46:05 UTC 2019', machine='x86_64', processor='x86_64')
 TIMESTAMP_DATA  1664555411.8170962
 CONFIG  {'ERT_RESULTS': ['lab5_results'], 'ERT_DRIVER': ['driver1'], 'ERT_KERNEL': ['kernel1'], 'ERT_MPI': ['True'], 'ERT_MPI_CFLAGS': ['-I/usr/include/mpi'], 'ERT_MPI_LDFLAGS': ['-lmpi'], 'ERT_OPENMP': ['True'], 'ERT_OPENMP_CFLAGS': ['-qopenmp'], 'ERT_OPENMP_LDFLAGS': ['-qopenmp'], 'ERT_FLOPS': ['1,2,4,8,16'], 'ERT_ALIGN': ['32'], 'ERT_CC': ['mpicc'], 'ERT_CFLAGS': ['-O3', '-msse3', '-axSSE3', '-xSSE3', '-fno-alias', '-fno-fnalias', '-DERT_INTEL', '-std=c++11'], 'ERT_LD': ['mpicc'], 'ERT_LDFLAGS': [], 'ERT_LDLIBS': [], 'ERT_PRECISION': ['FP64'], 'ERT_RUN': ['export', 'OMP_NUM_THREADS=ERT_OPENMP_THREADS;', 'mpirun', '-np', 'ERT_MPI_PROCS', 'ERT_CODE'], 'ERT_PROCS_THREADS': ['1-24'], 'ERT_MPI_PROCS': ['1,2,4,8,12,24'], 'ERT_OPENMP_THREADS': ['1,2,4,8,12,24'], 'ERT_NUM_EXPERIMENTS': ['1'], 'ERT_MEMORY_MAX': ['1073741824'], 'ERT_WORKING_SET_MIN': ['1'], 'ERT_TRIALS_MIN': ['1'], 'ERT_GNUPLOT': ['gnuplot'], 'ERT_GPU': [False], 'ERT_HIP': [False], 'ERT_OCL': [False], 'ERT_SYCL': [False], 'ERT_WSS_MULT': [1.1]}
 