fp64
 128 8388608 26287.079 26287.079 26287.079 81.69350607574162 81.69350607574162 81.69350607574162 10.211688259467703 10.211688259467703 10.211688259467703
 256 4194304 14596.224 14596.224 14596.224 147.12597230626224 147.12597230626224 147.12597230626224 18.39074653828278 18.39074653828278 18.39074653828278
 384 2097152 7304.907 7304.907 7304.907 220.48367433014548 220.48367433014548 220.48367433014548 27.560459291268185 27.560459291268185 27.560459291268185
 512 2097152 10226.011 10226.011 10226.011 210.00208663964864 210.00208663964864 210.00208663964864 26.25026082995608 26.25026082995608 26.25026082995608
 640 1048576 4142.046 4142.046 4142.046 324.0372704697147 324.0372704697147 324.0372704697147 40.50465880871434 40.50465880871434 40.50465880871434
 768 1048576 6012.917 6012.917 6012.917 267.858800645344 267.858800645344 267.858800645344 33.482350080668 33.482350080668 33.482350080668
 896 1048576 4382.849 4382.849 4382.849 428.7275678445686 428.7275678445686 428.7275678445686 53.59094598057108 53.59094598057108 53.59094598057108
 1024 1048576 6581.068 6581.068 6581.068 326.3123322840609 326.3123322840609 326.3123322840609 40.789041535507614 40.789041535507614 40.789041535507614
 1152 524288 3459.93 3459.93 3459.93 349.1283210932013 349.1283210932013 349.1283210932013 43.64104013665016 43.64104013665016 43.64104013665016
 1280 524288 3734.827 3734.827 3734.827 359.3679921452854 359.3679921452854 359.3679921452854 44.92099901816068 44.92099901816068 44.92099901816068
 1408 524288 3924.131 3924.131 3924.131 376.2348932795567 376.2348932795567 376.2348932795567 47.029361659944584 47.029361659944584 47.029361659944584
 1536 524288 4276.991 4276.991 4276.991 376.57613401571336 376.57613401571336 376.57613401571336 47.07201675196417 47.07201675196417 47.07201675196417
 1664 524288 4523.993 4523.993 4523.993 385.68372320646824 385.68372320646824 385.68372320646824 48.21046540080853 48.21046540080853 48.21046540080853
 1792 524288 4883.051 4883.051 4883.051 384.81027374074114 384.81027374074114 384.81027374074114 48.10128421759264 48.10128421759264 48.10128421759264
 1920 524288 5087.852 5087.852 5087.852 395.70056676176904 395.70056676176904 395.70056676176904 49.46257084522113 49.46257084522113 49.46257084522113
 2048 524288 2276.897 2276.897 2276.897 943.1624039207748 943.1624039207748 943.1624039207748 117.89530049009684 117.89530049009684 117.89530049009684
 2176 262144 1502.037 1502.037 1502.037 759.5356758854808 759.5356758854808 759.5356758854808 94.9419594856851 94.9419594856851 94.9419594856851
 2304 262144 1547.813 1547.813 1547.813 780.4299046461038 780.4299046461038 780.4299046461038 97.55373808076297 97.55373808076297 97.55373808076297
 2432 262144 1688.957 1688.957 1688.957 754.9442738921122 754.9442738921122 754.9442738921122 94.36803423651402 94.36803423651402 94.36803423651402
 2560 262144 1821.041 1821.041 1821.041 737.0384741474794 737.0384741474794 737.0384741474794 92.12980926843493 92.12980926843493 92.12980926843493
 2816 262144 2104.998 2104.998 2104.998 701.3759671030566 701.3759671030566 701.3759671030566 87.67199588788208 87.67199588788208 87.67199588788208
 3072 262144 2371.073 2371.073 2371.073 679.2758957653349 679.2758957653349 679.2758957653349 84.90948697066686 84.90948697066686 84.90948697066686
 3328 262144 2644.062 2644.062 2644.062 659.9052760487463 659.9052760487463 659.9052760487463 82.48815950609328 82.48815950609328 82.48815950609328
 3584 262144 2892.971 2892.971 2892.971 649.5219592591837 649.5219592591837 649.5219592591837 81.19024490739797 81.19024490739797 81.19024490739797
 3840 262144 3193.14 3193.14 3193.14 630.4972284334542 630.4972284334542 630.4972284334542 78.81215355418178 78.81215355418178 78.81215355418178
 4224 131072 1219.988 1219.988 1219.988 907.6288094636996 907.6288094636996 907.6288094636996 113.45360118296244 113.45360118296244 113.45360118296244
 4608 131072 1354.933 1354.933 1354.933 891.5271470987864 891.5271470987864 891.5271470987864 111.4408933873483 111.4408933873483 111.4408933873483
 4992 131072 1553.059 1553.059 1553.059 842.6098738038929 842.6098738038929 842.6098738038929 105.32623422548662 105.32623422548662 105.32623422548662
 5376 131072 1734.972 1734.972 1734.972 812.2817797635927 812.2817797635927 812.2817797635927 101.53522247044909 101.53522247044909 101.53522247044909
 5888 131072 1975.06 1975.06 1975.06 781.4972061608256 781.4972061608256 781.4972061608256 97.6871507701032 97.6871507701032 97.6871507701032
 6400 131072 1805.067 1805.067 1805.067 929.4511505667102 929.4511505667102 929.4511505667102 116.18139382083878 116.18139382083878 116.18139382083878
 7040 131072 2049.208 2049.208 2049.208 900.5887933289348 900.5887933289348 900.5887933289348 112.57359916611685 112.57359916611685 112.57359916611685
 7680 131072 2259.016 2259.016 2259.016 891.2136611692878 891.2136611692878 891.2136611692878 111.40170764616097 111.40170764616097 111.40170764616097
 8448 65536 1196.146 1196.146 1196.146 925.7199840153293 925.7199840153293 925.7199840153293 115.71499800191616 115.71499800191616 115.71499800191616
 9216 65536 1321.077 1321.077 1321.077 914.3748259942456 914.3748259942456 914.3748259942456 114.2968532492807 114.2968532492807 114.2968532492807
 10112 65536 1494.884 1494.884 1494.884 886.6240216632194 886.6240216632194 886.6240216632194 110.82800270790243 110.82800270790243 110.82800270790243
 11008 65536 1548.052 1548.052 1548.052 932.0362468444214 932.0362468444214 932.0362468444214 116.50453085555267 116.50453085555267 116.50453085555267
 12032 65536 1707.077 1707.077 1707.077 923.8354825236354 923.8354825236354 923.8354825236354 115.47943531545442 115.47943531545442 115.47943531545442
 13184 65536 1870.155 1870.155 1870.155 924.0160564231307 924.0160564231307 924.0160564231307 115.50200705289134 115.50200705289134 115.50200705289134
 14464 65536 2007.008 2007.008 2007.008 944.6028157336692 944.6028157336692 944.6028157336692 118.07535196670865 118.07535196670865 118.07535196670865
 15872 65536 2204.895 2204.895 2204.895 943.5255574528492 943.5255574528492 943.5255574528492 117.94069468160615 117.94069468160615 117.94069468160615
 17408 32768 1208.067 1208.067 1208.067 944.3604435846688 944.3604435846688 944.3604435846688 118.0450554480836 118.0450554480836 118.0450554480836
 19072 32768 1327.991 1327.991 1327.991 941.1980894448833 941.1980894448833 941.1980894448833 117.64976118061041 117.64976118061041 117.64976118061041
 20864 32768 1438.856 1438.856 1438.856 950.2987818099934 950.2987818099934 950.2987818099934 118.78734772624918 118.78734772624918 118.78734772624918
 22912 32768 1582.146 1582.146 1582.146 949.0659092144467 949.0659092144467 949.0659092144467 118.63323865180584 118.63323865180584 118.63323865180584
 25088 32768 1701.832 1701.832 1701.832 966.1160255536387 966.1160255536387 966.1160255536387 120.76450319420483 120.76450319420483 120.76450319420483
 27520 32768 1884.937 1884.937 1884.937 956.8228115846844 956.8228115846844 956.8228115846844 119.60285144808554 119.60285144808554 119.60285144808554
 30208 32768 2061.844 2061.844 2061.844 960.165506216765 960.165506216765 960.165506216765 120.02068827709563 120.02068827709563 120.02068827709563
 33152 16384 1128.912 1128.912 1128.912 962.2758337230891 962.2758337230891 962.2758337230891 120.28447921538614 120.28447921538614 120.28447921538614
 36352 16384 1238.108 1238.108 1238.108 962.098892826797 962.098892826797 962.098892826797 120.26236160334963 120.26236160334963 120.26236160334963
 39936 16384 1363.993 1363.993 1363.993 959.4058385930133 959.4058385930133 959.4058385930133 119.92572982412666 119.92572982412666 119.92572982412666
 43904 16384 1487.97 1487.97 1487.97 966.8516650201279 966.8516650201279 966.8516650201279 120.85645812751599 120.85645812751599 120.85645812751599
 48256 16384 1634.121 1634.121 1634.121 967.6471987080515 967.6471987080515 967.6471987080515 120.95589983850644 120.95589983850644 120.95589983850644
 52992 16384 1796.961 1796.961 1796.961 966.3213926178698 966.3213926178698 966.3213926178698 120.79017407723373 120.79017407723373 120.79017407723373
 58240 16384 1971.96 1971.96 1971.96 967.7723280391083 967.7723280391083 967.7723280391083 120.97154100488854 120.97154100488854 120.97154100488854
 64000 16384 2175.093 2175.093 2175.093 964.1665896584652 964.1665896584652 964.1665896584652 120.52082370730815 120.52082370730815 120.52082370730815
 70400 8192 1240.015 1240.015 1240.015 930.1771349540126 930.1771349540126 930.1771349540126 116.27214186925157 116.27214186925157 116.27214186925157
 77440 8192 1379.013 1379.013 1379.013 920.061638287674 920.061638287674 920.061638287674 115.00770478595925 115.00770478595925 115.00770478595925
 85120 8192 1496.792 1496.792 1496.792 931.7300466597899 931.7300466597899 931.7300466597899 116.46625583247373 116.46625583247373 116.46625583247373
 93568 8192 1638.889 1638.889 1638.889 935.4008184813005 935.4008184813005 935.4008184813005 116.92510231016256 116.92510231016256 116.92510231016256
 102912 8192 1779.795 1779.795 1779.795 947.3620321441515 947.3620321441515 947.3620321441515 118.42025401801894 118.42025401801894 118.42025401801894
 113152 8192 1955.032 1955.032 1955.032 948.2619046644762 948.2619046644762 948.2619046644762 118.53273808305953 118.53273808305953 118.53273808305953
 124416 8192 2161.026 2161.026 2161.026 943.270346585372 943.270346585372 943.270346585372 117.9087933231715 117.9087933231715 117.9087933231715
 136832 4096 1182.079 1182.079 1182.079 948.2680463826869 948.2680463826869 948.2680463826869 118.53350579783586 118.53350579783586 118.53350579783586
 150400 4096 1291.037 1291.037 1291.037 954.3311307112034 954.3311307112034 954.3311307112034 119.29139133890043 119.29139133890043 119.29139133890043
 165376 4096 1425.982 1425.982 1425.982 950.0542026477194 950.0542026477194 950.0542026477194 118.75677533096493 118.75677533096493 118.75677533096493
 181888 4096 1557.112 1557.112 1557.112 956.916712477972 956.916712477972 956.916712477972 119.6145890597465 119.6145890597465 119.6145890597465
 200064 4096 1720.19 1720.19 1720.19 952.7577116481317 952.7577116481317 952.7577116481317 119.09471395601646 119.09471395601646 119.09471395601646
 220032 4096 1883.03 1883.03 1883.03 957.2349585508463 957.2349585508463 957.2349585508463 119.65436981885578 119.65436981885578 119.65436981885578
 241920 4096 2053.022 2053.022 2053.022 965.3129094573756 965.3129094573756 965.3129094573756 120.66411368217194 120.66411368217194 120.66411368217194
 266112 2048 1133.204 1133.204 1133.204 961.8698416172199 961.8698416172199 961.8698416172199 120.23373020215249 120.23373020215249 120.23373020215249
 292608 2048 1243.114 1243.114 1243.114 964.1290887239625 964.1290887239625 964.1290887239625 120.51613609049531 120.51613609049531 120.51613609049531
 321792 2048 1363.993 1363.993 1363.993 966.3246306982514 966.3246306982514 966.3246306982514 120.79057883728143 120.79057883728143 120.79057883728143
 353920 2048 1507.998 1507.998 1507.998 961.311831978557 961.311831978557 961.311831978557 120.16397899731963 120.16397899731963 120.16397899731963
 389248 2048 1644.135 1644.135 1644.135 969.7256052574759 969.7256052574759 969.7256052574759 121.21570065718448 121.21570065718448 121.21570065718448
 428160 2048 1812.935 1812.935 1812.935 967.3503793572303 967.3503793572303 967.3503793572303 120.91879741965379 120.91879741965379 120.91879741965379
 470912 2048 1996.04 1996.04 1996.04 966.3411314402516 966.3411314402516 966.3411314402516 120.79264143003145 120.79264143003145 120.79264143003145
 517888 2048 2192.02 2192.02 2192.02 967.7234915739821 967.7234915739821 967.7234915739821 120.96543644674776 120.96543644674776 120.96543644674776
 569600 1024 1283.884 1283.884 1283.884 908.6029578996232 908.6029578996232 908.6029578996232 113.5753697374529 113.5753697374529 113.5753697374529
 626560 1024 1474.857 1474.857 1474.857 870.0469808259377 870.0469808259377 870.0469808259377 108.75587260324221 108.75587260324221 108.75587260324221
 689152 1024 1628.16 1628.16 1628.16 866.85786163522 866.85786163522 866.85786163522 108.3572327044025 108.3572327044025 108.3572327044025
 758016 1024 1787.186 1787.186 1787.186 868.6374938031073 868.6374938031073 868.6374938031073 108.57968672538841 108.57968672538841 108.57968672538841
 833792 1024 1972.914 1972.914 1972.914 865.5248105087195 865.5248105087195 865.5248105087195 108.19060131358994 108.19060131358994 108.19060131358994
 917120 1024 2158.165 2158.165 2158.165 870.3049859487111 870.3049859487111 870.3049859487111 108.78812324358888 108.78812324358888 108.78812324358888
 1008768 1024 2389.908 2389.908 2389.908 864.4503738219211 864.4503738219211 864.4503738219211 108.05629672774013 108.05629672774013 108.05629672774013
 1109632 512 1304.15 1304.15 1304.15 871.2672376643791 871.2672376643791 871.2672376643791 108.90840470804739 108.90840470804739 108.90840470804739
 1220480 512 1430.988 1430.988 1430.988 873.3626836842797 873.3626836842797 873.3626836842797 109.17033546053496 109.17033546053496 109.17033546053496
 1342464 512 1578.093 1578.093 1578.093 871.1040071782842 871.1040071782842 871.1040071782842 108.88800089728552 108.88800089728552 108.88800089728552
 1476608 512 1750.946 1750.946 1750.946 863.5598082408023 863.5598082408023 863.5598082408023 107.94497603010029 107.94497603010029 107.94497603010029
 1624192 512 1914.978 1914.978 1914.978 868.5074230617793 868.5074230617793 868.5074230617793 108.56342788272241 108.56342788272241 108.56342788272241
 1786496 512 2112.865 2112.865 2112.865 865.8252675869022 865.8252675869022 865.8252675869022 108.22815844836278 108.22815844836278 108.22815844836278
 1965056 512 2328.157 2328.157 2328.157 864.2962411899199 864.2962411899199 864.2962411899199 108.03703014873999 108.03703014873999 108.03703014873999
 2161536 256 1289.845 1289.845 1289.845 858.0150576232028 858.0150576232028 858.0150576232028 107.25188220290035 107.25188220290035 107.25188220290035
 2377600 256 1418.114 1418.114 1418.114 858.4156139774376 858.4156139774376 858.4156139774376 107.3019517471797 107.3019517471797 107.3019517471797
 2615296 256 1565.933 1565.933 1565.933 855.1014328199227 855.1014328199227 855.1014328199227 106.88767910249034 106.88767910249034 106.88767910249034
 2876800 256 1874.924 1874.924 1874.924 785.5900292491856 785.5900292491856 785.5900292491856 98.1987536561482 98.1987536561482 98.1987536561482
 3164416 256 2063.036 2063.036 2063.036 785.3382064103585 785.3382064103585 785.3382064103585 98.1672758012948 98.1672758012948 98.1672758012948
 3480832 256 2481.937 2481.937 2481.937 718.0625390571961 718.0625390571961 718.0625390571961 89.75781738214951 89.75781738214951 89.75781738214951
 3828864 256 2821.922 2821.922 2821.922 694.6961567328933 694.6961567328933 694.6961567328933 86.83701959161166 86.83701959161166 86.83701959161166
 4211712 128 1569.033 1569.033 1569.033 687.1737382196551 687.1737382196551 687.1737382196551 85.89671727745689 85.89671727745689 85.89671727745689
 4632832 128 2011.061 2011.061 2011.061 589.7409337658082 589.7409337658082 589.7409337658082 73.71761672072603 73.71761672072603 73.71761672072603
 5096064 128 2221.823 2221.823 2221.823 587.1720582602665 587.1720582602665 587.1720582602665 73.3965072825333 73.3965072825333 73.3965072825333
 5605632 128 2639.055 2639.055 2639.055 543.7710816940155 543.7710816940155 543.7710816940155 67.97138521175194 67.97138521175194 67.97138521175194
 6166144 128 2887.964 2887.964 2887.964 546.5902151134849 546.5902151134849 546.5902151134849 68.32377688918561 68.32377688918561 68.32377688918561
 6782720 128 3169.06 3169.06 3169.06 547.9152556278518 547.9152556278518 547.9152556278518 68.48940695348148 68.48940695348148 68.48940695348148
 7460992 128 3496.885 3496.885 3496.885 546.2043939105803 546.2043939105803 546.2043939105803 68.27554923882253 68.27554923882253 68.27554923882253
 8206976 128 3844.976 3844.976 3844.976 546.4236593414367 546.4236593414367 546.4236593414367 68.3029574176796 68.3029574176796 68.3029574176796
 9027584 64 2150.774 2150.774 2150.774 537.262749131243 537.262749131243 537.262749131243 67.15784364140538 67.15784364140538 67.15784364140538
 9930240 64 2326.012 2326.012 2326.012 546.4592272094899 546.4592272094899 546.4592272094899 68.30740340118624 68.30740340118624 68.30740340118624
 10923264 64 2557.993 2557.993 2557.993 546.5917193674886 546.5917193674886 546.5917193674886 68.32396492093608 68.32396492093608 68.32396492093608
 12015488 64 2825.022 2825.022 2825.022 544.4143316406031 544.4143316406031 544.4143316406031 68.05179145507539 68.05179145507539 68.05179145507539
 13217024 64 3095.15 3095.15 3095.15 546.5903339095036 546.5903339095036 546.5903339095036 68.32379173868794 68.32379173868794 68.32379173868794
 14538624 64 3408.194 3408.194 3408.194 546.0205234795907 546.0205234795907 546.0205234795907 68.25256543494883 68.25256543494883 68.25256543494883
 15992448 64 3745.794 3745.794 3745.794 546.4884999014895 546.4884999014895 546.4884999014895 68.31106248768619 68.31106248768619 68.31106248768619
 17591680 32 2056.837 2056.837 2056.837 547.3780955904624 547.3780955904624 547.3780955904624 68.4222619488078 68.4222619488078 68.4222619488078
 19350784 32 2270.937 2270.937 2270.937 545.3476586977094 545.3476586977094 545.3476586977094 68.16845733721368 68.16845733721368 68.16845733721368
 21285760 32 2490.997 2490.997 2490.997 546.884897894297 546.884897894297 546.884897894297 68.36061223678712 68.36061223678712 68.36061223678712
 23414272 32 2746.105 2746.105 2746.105 545.6868575673545 545.6868575673545 545.6868575673545 68.21085719591932 68.21085719591932 68.21085719591932
 25755648 32 3076.077 3076.077 3076.077 535.8648278310327 535.8648278310327 535.8648278310327 66.98310347887909 66.98310347887909 66.98310347887909
 28331136 32 3312.111 3312.111 3312.111 547.4432179356307 547.4432179356307 547.4432179356307 68.43040224195384 68.43040224195384 68.43040224195384
 31164160 32 3651.142 3651.142 3651.142 546.2691508574577 546.2691508574577 546.2691508574577 68.28364385718221 68.28364385718221 68.28364385718221
 34280576 16 2017.021 2017.021 2017.021 543.8606896011495 543.8606896011495 543.8606896011495 67.98258620014369 67.98258620014369 67.98258620014369
 37708544 16 2212.048 2212.048 2212.048 545.5005533333815 545.5005533333815 545.5005533333815 68.18756916667269 68.18756916667269 68.18756916667269
 41479296 16 2435.923 2435.923 2435.923 544.9012435943173 544.9012435943173 544.9012435943173 68.11265544928966 68.11265544928966 68.11265544928966
 45627136 16 2679.11 2679.11 2679.11 544.9826069105038 544.9826069105038 544.9826069105038 68.12282586381298 68.12282586381298 68.12282586381298
 50189824 16 3176.928 3176.928 3176.928 505.543206519002 505.543206519002 505.543206519002 63.19290081487525 63.19290081487525 63.19290081487525
 55208704 16 3975.153 3975.153 3975.153 444.43032205301284 444.43032205301284 444.43032205301284 55.553790256626606 55.553790256626606 55.553790256626606
 60729472 16 5204.916 5204.916 5204.916 373.36685241414074 373.36685241414074 373.36685241414074 46.67085655176759 46.67085655176759 46.67085655176759
 66802304 16 7595.062 7595.062 7595.062 281.45573110528926 281.45573110528926 281.45573110528926 35.18196638816116 35.18196638816116 35.18196638816116
 73482496 8 7526.875 7526.875 7526.875 156.2029309640455 156.2029309640455 156.2029309640455 19.525366370505687 19.525366370505687 19.525366370505687
 80830720 8 10799.885 10799.885 10799.885 119.75048993577245 119.75048993577245 119.75048993577245 14.968811241971556 14.968811241971556 14.968811241971556
 88913792 8 12803.078 12803.078 12803.078 111.11552018975439 111.11552018975439 111.11552018975439 13.889440023719299 13.889440023719299 13.889440023719299
 97805056 8 14526.129 14526.129 14526.129 107.72869330845127 107.72869330845127 107.72869330845127 13.466086663556409 13.466086663556409 13.466086663556409
 107585536 8 16549.826 16549.826 16549.826 104.01127939351144 104.01127939351144 104.01127939351144 13.00140992418893 13.00140992418893 13.00140992418893
 118344064 8 18688.202 18688.202 18688.202 101.32087741774194 101.32087741774194 101.32087741774194 12.665109677217743 12.665109677217743 12.665109677217743
 130178432 8 20825.863 20825.863 20825.863 100.01289800091358 100.01289800091358 100.01289800091358 12.501612250114198 12.501612250114198 12.501612250114198
 143196160 4 11264.086 11264.086 11264.086 101.70104170014326 101.70104170014326 101.70104170014326 12.712630212517908 12.712630212517908 12.712630212517908
 157515776 4 12382.03 12382.03 12382.03 101.77056653876626 101.77056653876626 101.77056653876626 12.721320817345783 12.721320817345783 12.721320817345783
 173267328 4 13561.01 13561.01 13561.01 102.2149990303082 102.2149990303082 102.2149990303082 12.776874878788526 12.776874878788526 12.776874878788526
 190594048 4 14919.043 14919.043 14919.043 102.20175543431304 102.20175543431304 102.20175543431304 12.77521942928913 12.77521942928913 12.77521942928913
 209653376 4 16516.924 16516.924 16516.924 101.54596630704361 101.54596630704361 101.54596630704361 12.693245788380452 12.693245788380452 12.693245788380452
 230618624 4 18022.06 18022.06 18022.06 102.37170401163905 102.37170401163905 102.37170401163905 12.796463001454882 12.796463001454882 12.796463001454882
 253680384 4 19842.863 19842.863 19842.863 102.2757185795215 102.2757185795215 102.2757185795215 12.784464822440187 12.784464822440187 12.784464822440187
 279048320 2 10922.909 10922.909 10922.909 102.18827969728578 102.18827969728578 102.18827969728578 12.773534962160722 12.773534962160722 12.773534962160722
 306953088 2 11950.016 11950.016 11950.016 102.74566594722552 102.74566594722552 102.74566594722552 12.84320824340319 12.84320824340319 12.84320824340319
 337648384 2 13237.953 13237.953 13237.953 102.02434893068438 102.02434893068438 102.02434893068438 12.753043616335548 12.753043616335548 12.753043616335548
 371413120 2 14614.82 14614.82 14614.82 101.65383357441283 101.65383357441283 101.65383357441283 12.706729196801604 12.706729196801604 12.706729196801604
 408554368 2 16093.969 16093.969 16093.969 101.5422281476993 101.5422281476993 101.5422281476993 12.692778518462413 12.692778518462413 12.692778518462413
 449409792 2 17645.836 17645.836 17645.836 101.87327865905588 101.87327865905588 101.87327865905588 12.734159832381986 12.734159832381986 12.734159832381986
 494350720 2 19442.797 19442.797 19442.797 101.7036221691766 101.7036221691766 101.7036221691766 12.712952771147075 12.712952771147075 12.712952771147075
 543785728 1 10683.06 10683.06 10683.06 101.80336495348712 101.80336495348712 101.80336495348712 12.72542061918589 12.72542061918589 12.72542061918589
 598164224 1 11750.937 11750.937 11750.937 101.80706849164454 101.80706849164454 101.80706849164454 12.725883561455568 12.725883561455568 12.725883561455568
 657980544 1 12934.923 12934.923 12934.923 101.73706391603567 101.73706391603567 101.73706391603567 12.717132989504458 12.717132989504458 12.717132989504458
 723778560 1 14180.183 14180.183 14180.183 102.08310569757808 102.08310569757808 102.08310569757808 12.76038821219726 12.76038821219726 12.76038821219726
 796156416 1 15577.078 15577.078 15577.078 102.2215355151974 102.2215355151974 102.2215355151974 12.777691939399675 12.777691939399675 12.777691939399675
 875772032 1 17114.878 17114.878 17114.878 102.34043526340065 102.34043526340065 102.34043526340065 12.792554407925081 12.792554407925081 12.792554407925081
 963349120 1 18735.886 18735.886 18735.886 102.83464790509505 102.83464790509505 102.83464790509505 12.854330988136882 12.854330988136882 12.854330988136882
 1059683968 1 20580.053 20580.053 20580.053 102.9816558781457 102.9816558781457 102.9816558781457 12.872706984768213 12.872706984768213 12.872706984768213
 
META_DATA
 MPI startup(): shm:tmi fabric is unknown or has been removed from the product, please use ofi or shm:ofi instead
 FLOPS          2
 MPI_PROCS      8
 OPENMP_THREADS 2
 ERT_VERSION  1.1.0
 HOSTNAME  ('shas0420.rc.int.colorado.edu', [], ['10.225.6.135'])
 UNAME  uname_result(system='Linux', node='shas0420.rc.int.colorado.edu', release='3.10.0-957.27.2.el7.x86_64', version='#1 SMP Mon Jul 29 17:46:05 UTC 2019', machine='x86_64', processor='x86_64')
 TIMESTAMP_DATA  1664554985.057759
 CONFIG  {'ERT_RESULTS': ['lab5_results'], 'ERT_DRIVER': ['driver1'], 'ERT_KERNEL': ['kernel1'], 'ERT_MPI': ['True'], 'ERT_MPI_CFLAGS': ['-I/usr/include/mpi'], 'ERT_MPI_LDFLAGS': ['-lmpi'], 'ERT_OPENMP': ['True'], 'ERT_OPENMP_CFLAGS': ['-qopenmp'], 'ERT_OPENMP_LDFLAGS': ['-qopenmp'], 'ERT_FLOPS': ['1,2,4,8,16'], 'ERT_ALIGN': ['32'], 'ERT_CC': ['mpicc'], 'ERT_CFLAGS': ['-O3', '-msse3', '-axSSE3', '-xSSE3', '-fno-alias', '-fno-fnalias', '-DERT_INTEL', '-std=c++11'], 'ERT_LD': ['mpicc'], 'ERT_LDFLAGS': [], 'ERT_LDLIBS': [], 'ERT_PRECISION': ['FP64'], 'ERT_RUN': ['export', 'OMP_NUM_THREADS=ERT_OPENMP_THREADS;', 'mpirun', '-np', 'ERT_MPI_PROCS', 'ERT_CODE'], 'ERT_PROCS_THREADS': ['1-24'], 'ERT_MPI_PROCS': ['1,2,4,8,12,24'], 'ERT_OPENMP_THREADS': ['1,2,4,8,12,24'], 'ERT_NUM_EXPERIMENTS': ['1'], 'ERT_MEMORY_MAX': ['1073741824'], 'ERT_WORKING_SET_MIN': ['1'], 'ERT_TRIALS_MIN': ['1'], 'ERT_GNUPLOT': ['gnuplot'], 'ERT_GPU': [False], 'ERT_HIP': [False], 'ERT_OCL': [False], 'ERT_SYCL': [False], 'ERT_WSS_MULT': [1.1]}
 