fp64
 64 16777216 187939.167 187939.167 187939.167 11.426482740556152 11.426482740556152 11.426482740556152 5.713241370278076 5.713241370278076 5.713241370278076
 128 8388608 96843.004 96843.004 96843.004 22.17489709427023 22.17489709427023 22.17489709427023 11.087448547135114 11.087448547135114 11.087448547135114
 192 4194304 48435.926 48435.926 48435.926 33.25244026510405 33.25244026510405 33.25244026510405 16.626220132552024 16.626220132552024 16.626220132552024
 256 4194304 48409.939 48409.939 48409.939 44.360387398959546 44.360387398959546 44.360387398959546 22.180193699479773 22.180193699479773 22.180193699479773
 320 2097152 24276.972 24276.972 24276.972 55.28602496225641 55.28602496225641 55.28602496225641 27.643012481128206 27.643012481128206 27.643012481128206
 384 2097152 24298.191 24298.191 24298.191 66.28529407806532 66.28529407806532 66.28529407806532 33.14264703903266 33.14264703903266 33.14264703903266
 448 2097152 24553.061 24553.061 24553.061 76.53009911880233 76.53009911880233 76.53009911880233 38.26504955940116 38.26504955940116 38.26504955940116
 512 2097152 24472.952 24472.952 24472.952 87.7492689888821 87.7492689888821 87.7492689888821 43.87463449444105 43.87463449444105 43.87463449444105
 576 1048576 13203.859 13203.859 13203.859 91.4853416717037 91.4853416717037 91.4853416717037 45.74267083585185 45.74267083585185 45.74267083585185
 640 1048576 13190.031 13190.031 13190.031 101.7569465909519 101.7569465909519 101.7569465909519 50.87847329547595 50.87847329547595 50.87847329547595
 704 1048576 13559.103 13559.103 13559.103 108.8858907554578 108.8858907554578 108.8858907554578 54.4429453777289 54.4429453777289 54.4429453777289
 768 1048576 13391.018 13391.018 13391.018 120.27560085424425 120.27560085424425 120.27560085424425 60.13780042712212 60.13780042712212 60.13780042712212
 832 1048576 13697.147 13697.147 13697.147 127.38641587186002 127.38641587186002 127.38641587186002 63.69320793593001 63.69320793593001 63.69320793593001
 896 1048576 13766.05 13766.05 13766.05 136.49871909516528 136.49871909516528 136.49871909516528 68.24935954758264 68.24935954758264 68.24935954758264
 960 1048576 15585.899 15585.899 15585.899 129.17226783004304 129.17226783004304 129.17226783004304 64.58613391502152 64.58613391502152 64.58613391502152
 1024 1048576 13118.982 13118.982 13118.982 163.69285726590678 163.69285726590678 163.69285726590678 81.84642863295339 81.84642863295339 81.84642863295339
 1088 524288 7201.91 7201.91 7201.91 158.4094619344035 158.4094619344035 158.4094619344035 79.20473096720175 79.20473096720175 79.20473096720175
 1152 524288 7295.847 7295.847 7295.847 165.56810360743586 165.56810360743586 165.56810360743586 82.78405180371793 82.78405180371793 82.78405180371793
 1216 524288 8477.926 8477.926 8477.926 150.39862532416538 150.39862532416538 150.39862532416538 75.19931266208269 75.19931266208269 75.19931266208269
 1280 524288 8585.93 8585.93 8585.93 156.3228770791283 156.3228770791283 156.3228770791283 78.16143853956414 78.16143853956414 78.16143853956414
 1408 524288 9362.936 9362.936 9362.936 157.68504751073806 157.68504751073806 157.68504751073806 78.84252375536903 78.84252375536903 78.84252375536903
 1536 524288 10526.896 10526.896 10526.896 152.9997765723153 152.9997765723153 152.9997765723153 76.49988828615766 76.49988828615766 76.49988828615766
 1664 524288 11574.03 11574.03 11574.03 150.7539261605508 150.7539261605508 150.7539261605508 75.3769630802754 75.3769630802754 75.3769630802754
 1792 524288 12151.957 12151.957 12151.957 154.6292660515504 154.6292660515504 154.6292660515504 77.3146330257752 77.3146330257752 77.3146330257752
 1920 524288 13010.979 13010.979 13010.979 154.7359287875263 154.7359287875263 154.7359287875263 77.36796439376315 77.36796439376315 77.36796439376315
 2112 262144 6529.093 6529.093 6529.093 169.5941926390082 169.5941926390082 169.5941926390082 84.7970963195041 84.7970963195041 84.7970963195041
 2304 262144 7207.87 7207.87 7207.87 167.58897593880022 167.58897593880022 167.58897593880022 83.79448796940011 83.79448796940011 83.79448796940011
 2496 262144 8267.164 8267.164 8267.164 158.29162793915785 158.29162793915785 158.29162793915785 79.14581396957892 79.14581396957892 79.14581396957892
 2688 262144 8630.037 8630.037 8630.037 163.30012768195547 163.30012768195547 163.30012768195547 81.65006384097774 81.65006384097774 81.65006384097774
 2944 262144 9566.069 9566.069 9566.069 161.3519484335729 161.3519484335729 161.3519484335729 80.67597421678644 80.67597421678644 80.67597421678644
 3200 262144 9454.966 9454.966 9454.966 177.4434302566503 177.4434302566503 177.4434302566503 88.72171512832514 88.72171512832514 88.72171512832514
 3520 262144 11084.08 11084.08 11084.08 166.49949837965804 166.49949837965804 166.49949837965804 83.24974918982902 83.24974918982902 83.24974918982902
 3840 262144 11883.02 11883.02 11883.02 169.4237592800483 169.4237592800483 169.4237592800483 84.71187964002415 84.71187964002415 84.71187964002415
 4224 131072 6119.967 6119.967 6119.967 180.93173639661782 180.93173639661782 180.93173639661782 90.46586819830891 90.46586819830891 90.46586819830891
 4608 131072 6911.993 6911.993 6911.993 174.7628436545002 174.7628436545002 174.7628436545002 87.3814218272501 87.3814218272501 87.3814218272501
 5056 131072 7807.016 7807.016 7807.016 169.77037884897382 169.77037884897382 169.77037884897382 84.88518942448691 84.88518942448691 84.88518942448691
 5504 131072 8069.038 8069.038 8069.038 178.81196940700988 178.81196940700988 178.81196940700988 89.40598470350494 89.40598470350494 89.40598470350494
 6016 131072 8978.128 8978.128 8978.128 175.6555825446017 175.6555825446017 175.6555825446017 87.82779127230086 87.82779127230086 87.82779127230086
 6592 131072 9947.777 9947.777 9947.777 173.71250360758992 173.71250360758992 173.71250360758992 86.85625180379496 86.85625180379496 86.85625180379496
 7232 131072 10622.025 10622.025 10622.025 178.48060120363115 178.48060120363115 178.48060120363115 89.24030060181558 89.24030060181558 89.24030060181558
 7936 131072 11568.069 11568.069 11568.069 179.83768803592025 179.83768803592025 179.83768803592025 89.91884401796013 89.91884401796013 89.91884401796013
 8704 65536 6388.903 6388.903 6388.903 178.5675393725652 178.5675393725652 178.5675393725652 89.2837696862826 89.2837696862826 89.2837696862826
 9536 65536 6874.084 6874.084 6874.084 181.8282395152576 181.8282395152576 181.8282395152576 90.9141197576288 90.9141197576288 90.9141197576288
 10432 65536 7472.038 7472.038 7472.038 182.99466678301155 182.99466678301155 182.99466678301155 91.49733339150578 91.49733339150578 91.49733339150578
 11456 65536 8202.076 8202.076 8202.076 183.07082645905746 183.07082645905746 183.07082645905746 91.53541322952873 91.53541322952873 91.53541322952873
 12544 65536 8956.909 8956.909 8956.909 183.56412552589293 183.56412552589293 183.56412552589293 91.78206276294647 91.78206276294647 91.78206276294647
 13760 65536 10171.175 10171.175 10171.175 177.3198003180557 177.3198003180557 177.3198003180557 88.65990015902786 88.65990015902786 88.65990015902786
 15104 65536 11076.212 11076.212 11076.212 178.73542759925505 178.73542759925505 178.73542759925505 89.36771379962752 89.36771379962752 89.36771379962752
 16576 32768 5875.111 5875.111 5875.111 184.90284455902193 184.90284455902193 184.90284455902193 92.45142227951096 92.45142227951096 92.45142227951096
 18176 32768 6471.872 6471.872 6471.872 184.0552989923163 184.0552989923163 184.0552989923163 92.02764949615815 92.02764949615815 92.02764949615815
 19968 32768 7109.165 7109.165 7109.165 184.0754642774503 184.0754642774503 184.0754642774503 92.03773213872515 92.03773213872515 92.03773213872515
 21952 32768 7823.944 7823.944 7823.944 183.87737335543298 183.87737335543298 183.87737335543298 91.93868667771649 91.93868667771649 91.93868667771649
 24128 32768 8744.001 8744.001 8744.001 180.83856669275315 180.83856669275315 180.83856669275315 90.41928334637657 90.41928334637657 90.41928334637657
 26496 32768 9364.843 9364.843 9364.843 185.42135260569768 185.42135260569768 185.42135260569768 92.71067630284884 92.71067630284884 92.71067630284884
 29120 32768 10284.901 10284.901 10284.901 185.55436945868513 185.55436945868513 185.55436945868513 92.77718472934257 92.77718472934257 92.77718472934257
 32000 32768 11272.907 11272.907 11272.907 186.0347113659325 186.0347113659325 186.0347113659325 93.01735568296625 93.01735568296625 93.01735568296625
 35200 16384 6191.015 6191.015 6191.015 186.3076732975126 186.3076732975126 186.3076732975126 93.1538366487563 93.1538366487563 93.1538366487563
 38720 16384 6868.124 6868.124 6868.124 184.73413700742736 184.73413700742736 184.73413700742736 92.36706850371368 92.36706850371368 92.36706850371368
 42560 16384 7659.197 7659.197 7659.197 182.08254468451457 182.08254468451457 182.08254468451457 91.04127234225729 91.04127234225729 91.04127234225729
 46784 16384 8184.91 8184.91 8184.91 187.29810248371697 187.29810248371697 187.29810248371697 93.64905124185849 93.64905124185849 93.64905124185849
 51456 16384 9057.999 9057.999 9057.999 186.14599184654358 186.14599184654358 186.14599184654358 93.07299592327179 93.07299592327179 93.07299592327179
 56576 16384 10123.014 10123.014 10123.014 183.13541480827746 183.13541480827746 183.13541480827746 91.56770740413873 91.56770740413873 91.56770740413873
 62208 16384 11200.905 11200.905 11200.905 181.98812899493387 181.98812899493387 181.98812899493387 90.99406449746694 90.99406449746694 90.99406449746694
 68416 8192 6211.042 6211.042 6211.042 180.4733801510278 180.4733801510278 180.4733801510278 90.2366900755139 90.2366900755139 90.2366900755139
 75200 8192 6645.918 6645.918 6645.918 185.3885046430004 185.3885046430004 185.3885046430004 92.6942523215002 92.6942523215002 92.6942523215002
 82688 8192 7350.922 7350.922 7350.922 184.29799581603507 184.29799581603507 184.29799581603507 92.14899790801753 92.14899790801753 92.14899790801753
 90944 8192 8138.895 8138.895 8138.895 183.07479037387753 183.07479037387753 183.07479037387753 91.53739518693877 91.53739518693877 91.53739518693877
 100032 8192 8986.95 8986.95 8986.95 182.36713100662627 182.36713100662627 182.36713100662627 91.18356550331313 91.18356550331313 91.18356550331313
 110016 8192 9868.86 9868.86 9868.86 182.64542652342823 182.64542652342823 182.64542652342823 91.32271326171411 91.32271326171411 91.32271326171411
 120960 8192 10729.074 10729.074 10729.074 184.71385694608873 184.71385694608873 184.71385694608873 92.35692847304436 92.35692847304436 92.35692847304436
 133056 4096 5923.986 5923.986 5923.986 183.99684806817572 183.99684806817572 183.99684806817572 91.99842403408786 91.99842403408786 91.99842403408786
 146304 4096 6553.888 6553.888 6553.888 182.87196363441058 182.87196363441058 182.87196363441058 91.43598181720529 91.43598181720529 91.43598181720529
 160896 4096 7198.811 7198.811 7198.811 183.0941292944071 183.0941292944071 183.0941292944071 91.54706464720356 91.54706464720356 91.54706464720356
 176960 4096 7956.028 7956.028 7956.028 182.20854929117897 182.20854929117897 182.20854929117897 91.10427464558948 91.10427464558948 91.10427464558948
 194624 4096 8745.909 8745.909 8745.909 182.29778151133291 182.29778151133291 182.29778151133291 91.14889075566646 91.14889075566646 91.14889075566646
 214080 4096 9611.845 9611.845 9611.845 182.456475317694 182.456475317694 182.456475317694 91.228237658847 91.228237658847 91.228237658847
 235456 4096 10579.109 10579.109 10579.109 182.32684359334988 182.32684359334988 182.32684359334988 91.16342179667494 91.16342179667494 91.16342179667494
 258944 4096 11620.045 11620.045 11620.045 182.55258460703033 182.55258460703033 182.55258460703033 91.27629230351516 91.27629230351516 91.27629230351516
 284800 2048 6402.016 6402.016 6402.016 182.2146024002439 182.2146024002439 182.2146024002439 91.10730120012195 91.10730120012195 91.10730120012195
 313280 2048 7029.057 7029.057 7029.057 182.55576530393762 182.55576530393762 182.55576530393762 91.27788265196881 91.27788265196881 91.27788265196881
 344576 2048 7750.988 7750.988 7750.988 182.09076004246165 182.09076004246165 182.09076004246165 91.04538002123083 91.04538002123083 91.04538002123083
 379008 2048 8440.018 8440.018 8440.018 183.9352437400015 183.9352437400015 183.9352437400015 91.96762187000076 91.96762187000076 91.96762187000076
 416896 2048 9162.188 9162.188 9162.188 186.37535226301839 186.37535226301839 186.37535226301839 93.18767613150919 93.18767613150919 93.18767613150919
 458560 2048 10219.097 10219.097 10219.097 183.79919086784284 183.79919086784284 183.79919086784284 91.89959543392142 91.89959543392142 91.89959543392142
 504384 2048 11341.095 11341.095 11341.095 182.16555491334833 182.16555491334833 182.16555491334833 91.08277745667417 91.08277745667417 91.08277745667417
 554816 1024 6228.924 6228.924 6228.924 182.4172470237235 182.4172470237235 182.4172470237235 91.20862351186175 91.20862351186175 91.20862351186175
 610240 1024 6846.189 6846.189 6846.189 182.5499588165036 182.5499588165036 182.5499588165036 91.2749794082518 91.2749794082518 91.2749794082518
 671232 1024 7530.928 7530.928 7530.928 182.53834534070702 182.53834534070702 182.53834534070702 91.26917267035351 91.26917267035351 91.26917267035351
 738304 1024 8177.996 8177.996 8177.996 184.89206793449154 184.89206793449154 184.89206793449154 92.44603396724577 92.44603396724577 92.44603396724577
 812096 1024 8974.075 8974.075 8974.075 185.33081214498426 185.33081214498426 185.33081214498426 92.66540607249213 92.66540607249213 92.66540607249213
 893248 1024 9883.881 9883.881 9883.881 185.086395111394 185.086395111394 185.086395111394 92.543197555697 92.543197555697 92.543197555697
 982528 1024 10889.053 10889.053 10889.053 184.7926852775903 184.7926852775903 184.7926852775903 92.39634263879515 92.39634263879515 92.39634263879515
 1080768 512 5973.816 5973.816 5973.816 185.2595446528651 185.2595446528651 185.2595446528651 92.62977232643254 92.62977232643254 92.62977232643254
 1188800 512 6569.147 6569.147 6569.147 185.31039113601813 185.31039113601813 185.31039113601813 92.65519556800906 92.65519556800906 92.65519556800906
 1307648 512 7281.78 7281.78 7281.78 183.88794388185306 183.88794388185306 183.88794388185306 91.94397194092653 91.94397194092653 91.94397194092653
 1438400 512 8034.945 8034.945 8034.945 183.3144595264809 183.3144595264809 183.3144595264809 91.65722976324045 91.65722976324045 91.65722976324045
 1582208 512 8785.963 8785.963 8785.963 184.40562428956284 184.40562428956284 184.40562428956284 92.20281214478142 92.20281214478142 92.20281214478142
 1740416 512 9929.895 9929.895 9929.895 179.47682065117505 179.47682065117505 179.47682065117505 89.73841032558752 89.73841032558752 89.73841032558752
 1914432 512 10915.041 10915.041 10915.041 179.6033902208888 179.6033902208888 179.6033902208888 89.8016951104444 89.8016951104444 89.8016951104444
 2105856 256 6093.025 6093.025 6093.025 176.95615429117723 176.95615429117723 176.95615429117723 88.47807714558861 88.47807714558861 88.47807714558861
 2316416 256 6752.014 6752.014 6752.014 175.65203389684916 175.65203389684916 175.65203389684916 87.82601694842458 87.82601694842458 87.82601694842458
 2548032 256 7380.009 7380.009 7380.009 176.7738201945282 176.7738201945282 176.7738201945282 88.3869100972641 88.3869100972641 88.3869100972641
 2802816 256 8157.969 8157.969 8157.969 175.90674737793196 175.90674737793196 175.90674737793196 87.95337368896598 87.95337368896598 87.95337368896598
 3083072 256 8984.089 8984.089 8984.089 175.70316411602778 175.70316411602778 175.70316411602778 87.85158205801389 87.85158205801389 87.85158205801389
 3391360 256 9876.013 9876.013 9876.013 175.81754094491367 175.81754094491367 175.81754094491367 87.90877047245684 87.90877047245684 87.90877047245684
 3730496 256 10851.145 10851.145 10851.145 176.01957692022359 176.01957692022359 176.01957692022359 88.00978846011179 88.00978846011179 88.00978846011179
 4103488 256 11915.207 11915.207 11915.207 176.32810374171424 176.32810374171424 176.32810374171424 88.16405187085712 88.16405187085712 88.16405187085712
 4513792 128 6650.925 6650.925 6650.925 173.7398560350628 173.7398560350628 173.7398560350628 86.8699280175314 86.8699280175314 86.8699280175314
 4965120 128 7301.807 7301.807 7301.807 174.07618689455913 174.07618689455913 174.07618689455913 87.03809344727956 87.03809344727956 87.03809344727956
 5461632 128 8075.953 8075.953 8075.953 173.12852018826757 173.12852018826757 173.12852018826757 86.56426009413379 86.56426009413379 86.56426009413379
 6007744 128 8735.18 8735.18 8735.18 176.0676327219359 176.0676327219359 176.0676327219359 88.03381636096795 88.03381636096795 88.03381636096795
 6608512 128 9665.012 9665.012 9665.012 175.04159042947904 175.04159042947904 175.04159042947904 87.52079521473952 87.52079521473952 87.52079521473952
 7269312 128 10591.03 10591.03 10591.03 175.7094326047608 175.7094326047608 175.7094326047608 87.8547163023804 87.8547163023804 87.8547163023804
 7996224 128 11645.794 11645.794 11645.794 175.7744765191622 175.7744765191622 175.7744765191622 87.8872382595811 87.8872382595811 87.8872382595811
 8795840 64 6382.942 6382.942 6382.942 176.38692627944917 176.38692627944917 176.38692627944917 88.19346313972459 88.19346313972459 88.19346313972459
 9675392 64 7149.935 7149.935 7149.935 173.21138947417003 173.21138947417003 173.21138947417003 86.60569473708502 86.60569473708502 86.60569473708502
 10642880 64 7733.107 7733.107 7733.107 176.16316960311036 176.16316960311036 176.16316960311036 88.08158480155518 88.08158480155518 88.08158480155518
 11707136 64 8564.949 8564.949 8564.949 174.95882438996424 174.95882438996424 174.95882438996424 87.47941219498212 87.47941219498212 87.47941219498212
 12877824 64 9516.954 9516.954 9516.954 173.20263100987984 173.20263100987984 173.20263100987984 86.60131550493992 86.60131550493992 86.60131550493992
 14165568 64 10286.093 10286.093 10286.093 176.2761336106916 176.2761336106916 176.2761336106916 88.1380668053458 88.1380668053458 88.1380668053458
 15582080 64 11409.998 11409.998 11409.998 174.8033820864824 174.8033820864824 174.8033820864824 87.4016910432412 87.4016910432412 87.4016910432412
 17140288 32 6276.846 6276.846 6276.846 174.7658668063547 174.7658668063547 174.7658668063547 87.38293340317735 87.38293340317735 87.38293340317735
 18854272 32 6988.049 6988.049 6988.049 172.6767239325311 172.6767239325311 172.6767239325311 86.33836196626555 86.33836196626555 86.33836196626555
 20739648 32 7649.899 7649.899 7649.899 173.51045706616517 173.51045706616517 173.51045706616517 86.75522853308259 86.75522853308259 86.75522853308259
 22813568 32 8514.166 8514.166 8514.166 171.48694916213753 171.48694916213753 171.48694916213753 85.74347458106877 85.74347458106877 85.74347458106877
 25094912 32 9488.106 9488.106 9488.106 169.2723888202767 169.2723888202767 169.2723888202767 84.63619441013834 84.63619441013834 84.63619441013834
 27604352 32 10338.068 10338.068 10338.068 170.89058884116454 170.89058884116454 170.89058884116454 85.44529442058227 85.44529442058227 85.44529442058227
 30364736 32 11227.131 11227.131 11227.131 173.09347365769582 173.09347365769582 173.09347365769582 86.54673682884791 86.54673682884791 86.54673682884791
 33401152 32 12327.194 12327.194 12327.194 173.41121815718972 173.41121815718972 173.41121815718972 86.70560907859486 86.70560907859486 86.70560907859486
 36741248 16 6844.044 6844.044 6844.044 171.78731404999735 171.78731404999735 171.78731404999735 85.89365702499867 85.89365702499867 85.89365702499867
 40415360 16 7539.988 7539.988 7539.988 171.52434725360305 171.52434725360305 171.52434725360305 85.76217362680153 85.76217362680153 85.76217362680153
 44456896 16 8289.814 8289.814 8289.814 171.61068656063938 171.61068656063938 171.61068656063938 85.80534328031969 85.80534328031969 85.80534328031969
 48902528 16 9202.003 9202.003 9202.003 170.05872482328033 170.05872482328033 170.05872482328033 85.02936241164016 85.02936241164016 85.02936241164016
 53792768 16 11016.13 11016.13 11016.13 156.25891996554145 156.25891996554145 156.25891996554145 78.12945998277073 78.12945998277073 78.12945998277073
 59172032 16 12926.817 12926.817 12926.817 146.47882955254957 146.47882955254957 146.47882955254957 73.23941477627478 73.23941477627478 73.23941477627478
 65089216 16 15069.962 15069.962 15069.962 138.21235328927838 138.21235328927838 138.21235328927838 69.10617664463919 69.10617664463919 69.10617664463919
 71598080 8 9722.948 9722.948 9722.948 117.82118756574651 117.82118756574651 117.82118756574651 58.910593782873256 58.910593782873256 58.910593782873256
 78757888 8 12255.907 12255.907 12255.907 102.81786635619869 102.81786635619869 102.81786635619869 51.408933178099346 51.408933178099346 51.408933178099346
 86633664 8 14168.024 14168.024 14168.024 97.83570552957843 97.83570552957843 97.83570552957843 48.91785276478922 48.91785276478922 48.91785276478922
 95297024 8 15784.025 15784.025 15784.025 96.60098637704894 96.60098637704894 96.60098637704894 48.30049318852447 48.30049318852447 48.30049318852447
 104826688 8 17779.112 17779.112 17779.112 94.33693921271208 94.33693921271208 94.33693921271208 47.16846960635604 47.16846960635604 47.16846960635604
 115309312 8 19996.166 19996.166 19996.166 92.26513682672967 92.26513682672967 92.26513682672967 46.13256841336484 46.13256841336484 46.13256841336484
 126840192 8 21921.873 21921.873 21921.873 92.57617138827509 92.57617138827509 92.57617138827509 46.28808569413754 46.28808569413754 46.28808569413754
 139524160 4 11985.064 11985.064 11985.064 93.13202499377559 93.13202499377559 93.13202499377559 46.566012496887794 46.566012496887794 46.566012496887794
 153476544 4 13387.918 13387.918 13387.918 91.71047746184283 91.71047746184283 91.71047746184283 45.855238730921414 45.855238730921414 45.855238730921414
 168824192 4 14745.951 14745.951 14745.951 91.59080591004272 91.59080591004272 91.59080591004272 45.79540295502136 45.79540295502136 45.79540295502136
 185706560 4 16180.038 16180.038 16180.038 91.8200859602431 91.8200859602431 91.8200859602431 45.91004298012155 45.91004298012155 45.91004298012155
 204277184 4 17696.142 17696.142 17696.142 92.34879964231752 92.34879964231752 92.34879964231752 46.17439982115876 46.17439982115876 46.17439982115876
 224704896 4 19665.956 19665.956 19665.956 91.40868453076983 91.40868453076983 91.40868453076983 45.704342265384916 45.704342265384916 45.704342265384916
 247175360 4 21503.925 21503.925 21503.925 91.955439762741 91.955439762741 91.955439762741 45.9777198813705 45.9777198813705 45.9777198813705
 271892864 2 11733.055 11733.055 11733.055 92.6929479150997 92.6929479150997 92.6929479150997 46.34647395754985 46.34647395754985 46.34647395754985
 299082112 2 12965.918 12965.918 12965.918 92.26716133790141 92.26716133790141 92.26716133790141 46.13358066895071 46.13358066895071 46.13358066895071
 328990272 2 14266.014 14266.014 14266.014 92.24448314714958 92.24448314714958 92.24448314714958 46.12224157357479 46.12224157357479 46.12224157357479
 361889280 2 15693.903 15693.903 15693.903 92.23691009177259 92.23691009177259 92.23691009177259 46.11845504588629 46.11845504588629 46.11845504588629
 398078208 2 17281.055 17281.055 17281.055 92.14210775904596 92.14210775904596 92.14210775904596 46.07105387952298 46.07105387952298 46.07105387952298
 437886016 2 18914.938 18914.938 18914.938 92.60109993487687 92.60109993487687 92.60109993487687 46.300549967438435 46.300549967438435 46.300549967438435
 481674560 2 20751.953 20751.953 20751.953 92.84418868913205 92.84418868913205 92.84418868913205 46.42209434456603 46.42209434456603 46.42209434456603
 529841984 2 22744.894 22744.894 22744.894 93.17994341938899 93.17994341938899 93.17994341938899 46.589971709694495 46.589971709694495 46.589971709694495
 582826176 1 12516.975 12516.975 12516.975 93.12572342758534 93.12572342758534 93.12572342758534 46.56286171379267 46.56286171379267 46.56286171379267
 641108736 1 13870.955 13870.955 13870.955 92.43901894281971 92.43901894281971 92.43901894281971 46.21950947140986 46.21950947140986 46.21950947140986
 705219584 1 15340.09 15340.09 15340.09 91.9446475216247 91.9446475216247 91.9446475216247 45.97232376081235 45.97232376081235 45.97232376081235
 775741504 1 16798.019 16798.019 16798.019 92.36106995711815 92.36106995711815 92.36106995711815 46.18053497855907 46.18053497855907 46.18053497855907
 853315648 1 18457.89 18457.89 18457.89 92.46080109915056 92.46080109915056 92.46080109915056 46.23040054957528 46.23040054957528 46.23040054957528
 938647168 1 20240.068 20240.068 20240.068 92.75138482736322 92.75138482736322 92.75138482736322 46.37569241368161 46.37569241368161 46.37569241368161
 1032511872 1 22249.937 22249.937 22249.937 92.8103186988799 92.8103186988799 92.8103186988799 46.40515934943995 46.40515934943995 46.40515934943995
 
META_DATA
 MPI startup(): shm:tmi fabric is unknown or has been removed from the product, please use ofi or shm:ofi instead
 FLOPS          8
 MPI_PROCS      8
 OPENMP_THREADS 1
 ERT_VERSION  1.1.0
 HOSTNAME  ('shas0420.rc.int.colorado.edu', [], ['10.225.6.135'])
 UNAME  uname_result(system='Linux', node='shas0420.rc.int.colorado.edu', release='3.10.0-957.27.2.el7.x86_64', version='#1 SMP Mon Jul 29 17:46:05 UTC 2019', machine='x86_64', processor='x86_64')
 TIMESTAMP_DATA  1664555426.1554859
 CONFIG  {'ERT_RESULTS': ['lab5_results'], 'ERT_DRIVER': ['driver1'], 'ERT_KERNEL': ['kernel1'], 'ERT_MPI': ['True'], 'ERT_MPI_CFLAGS': ['-I/usr/include/mpi'], 'ERT_MPI_LDFLAGS': ['-lmpi'], 'ERT_OPENMP': ['True'], 'ERT_OPENMP_CFLAGS': ['-qopenmp'], 'ERT_OPENMP_LDFLAGS': ['-qopenmp'], 'ERT_FLOPS': ['1,2,4,8,16'], 'ERT_ALIGN': ['32'], 'ERT_CC': ['mpicc'], 'ERT_CFLAGS': ['-O3', '-msse3', '-axSSE3', '-xSSE3', '-fno-alias', '-fno-fnalias', '-DERT_INTEL', '-std=c++11'], 'ERT_LD': ['mpicc'], 'ERT_LDFLAGS': [], 'ERT_LDLIBS': [], 'ERT_PRECISION': ['FP64'], 'ERT_RUN': ['export', 'OMP_NUM_THREADS=ERT_OPENMP_THREADS;', 'mpirun', '-np', 'ERT_MPI_PROCS', 'ERT_CODE'], 'ERT_PROCS_THREADS': ['1-24'], 'ERT_MPI_PROCS': ['1,2,4,8,12,24'], 'ERT_OPENMP_THREADS': ['1,2,4,8,12,24'], 'ERT_NUM_EXPERIMENTS': ['1'], 'ERT_MEMORY_MAX': ['1073741824'], 'ERT_WORKING_SET_MIN': ['1'], 'ERT_TRIALS_MIN': ['1'], 'ERT_GNUPLOT': ['gnuplot'], 'ERT_GPU': [False], 'ERT_HIP': [False], 'ERT_OCL': [False], 'ERT_SYCL': [False], 'ERT_WSS_MULT': [1.1]}
 