fp64
 16 67108864 512818.813 512818.813 512818.813 4.1876069940515235 4.1876069940515235 4.1876069940515235 0.5234508742564404 0.5234508742564404 0.5234508742564404
 32 33554432 282586.098 282586.098 282586.098 7.599395947637877 7.599395947637877 7.599395947637877 0.9499244934547346 0.9499244934547346 0.9499244934547346
 48 16777216 140033.96 140033.96 140033.96 11.5015867293905 11.5015867293905 11.5015867293905 1.4376983411738125 1.4376983411738125 1.4376983411738125
 64 16777216 196055.889 196055.889 196055.889 10.953425877454771 10.953425877454771 10.953425877454771 1.3691782346818464 1.3691782346818464 1.3691782346818464
 80 8388608 74282.885 74282.885 74282.885 18.06845924199094 18.06845924199094 18.06845924199094 2.2585574052488675 2.2585574052488675 2.2585574052488675
 96 8388608 113582.134 113582.134 113582.134 14.180159143690679 14.180159143690679 14.180159143690679 1.7725198929613348 1.7725198929613348 1.7725198929613348
 112 8388608 84764.004 84764.004 84764.004 22.16799706630187 22.16799706630187 22.16799706630187 2.7709996332877336 2.7709996332877336 2.7709996332877336
 128 8388608 127232.075 127232.075 127232.075 16.8784769721 16.8784769721 16.8784769721 2.1098096215125 2.1098096215125 2.1098096215125
 144 4194304 65004.826 65004.826 65004.826 18.582613420117454 18.582613420117454 18.582613420117454 2.3228266775146817 2.3228266775146817 2.3228266775146817
 160 4194304 71427.107 71427.107 71427.107 18.790867170358727 18.790867170358727 18.790867170358727 2.348858396294841 2.348858396294841 2.348858396294841
 176 4194304 79385.996 79385.996 79385.996 18.597675690810757 18.597675690810757 18.597675690810757 2.3247094613513446 2.3247094613513446 2.3247094613513446
 192 4194304 81829.071 81829.071 81829.071 19.68264720981618 19.68264720981618 19.68264720981618 2.4603309012270227 2.4603309012270227 2.4603309012270227
 208 4194304 85771.084 85771.084 85771.084 20.342875274842044 20.342875274842044 20.342875274842044 2.5428594093552555 2.5428594093552555 2.5428594093552555
 224 4194304 93632.221 93632.221 93632.221 20.0683928238763 20.0683928238763 20.0683928238763 2.5085491029845377 2.5085491029845377 2.5085491029845377
 240 4194304 95205.069 95205.069 95205.069 21.14662529155879 21.14662529155879 21.14662529155879 2.643328161444849 2.643328161444849 2.643328161444849
 256 4194304 43967.962 43967.962 43967.962 48.842010189146364 48.842010189146364 48.842010189146364 6.105251273643296 6.105251273643296 6.105251273643296
 272 2097152 28275.967 28275.967 28275.967 40.347008751283376 40.347008751283376 40.347008751283376 5.043376093910422 5.043376093910422 5.043376093910422
 288 2097152 29276.848 29276.848 29276.848 41.25989081884771 41.25989081884771 41.25989081884771 5.1574863523559635 5.1574863523559635 5.1574863523559635
 304 2097152 31664.133 31664.133 31664.133 40.26854030710394 40.26854030710394 40.26854030710394 5.0335675383879925 5.0335675383879925 5.0335675383879925
 320 2097152 33753.157 33753.157 33753.157 39.76449610328302 39.76449610328302 39.76449610328302 4.970562012910378 4.970562012910378 4.970562012910378
 352 2097152 39659.023 39659.023 39659.023 37.227215809123685 37.227215809123685 37.227215809123685 4.653401976140461 4.653401976140461 4.653401976140461
 384 2097152 44595.003 44595.003 44595.003 36.116439682715125 36.116439682715125 36.116439682715125 4.514554960339391 4.514554960339391 4.514554960339391
 416 2097152 49888.134 49888.134 49888.134 34.974859232057064 34.974859232057064 34.974859232057064 4.371857404007133 4.371857404007133 4.371857404007133
 448 2097152 55687.904 55687.904 55687.904 33.742483681914116 33.742483681914116 33.742483681914116 4.2178104602392645 4.2178104602392645 4.2178104602392645
 480 2097152 60253.859 60253.859 60253.859 33.41306189201923 33.41306189201923 33.41306189201923 4.176632736502404 4.176632736502404 4.176632736502404
 528 1048576 23164.988 23164.988 23164.988 47.80042433002771 47.80042433002771 47.80042433002771 5.975053041253464 5.975053041253464 5.975053041253464
 576 1048576 25961.876 25961.876 25961.876 46.52820743770596 46.52820743770596 46.52820743770596 5.816025929713245 5.816025929713245 5.816025929713245
 624 1048576 29633.999 29633.999 29633.999 44.15950908279372 44.15950908279372 44.15950908279372 5.519938635349215 5.519938635349215 5.519938635349215
 672 1048576 32725.096 32725.096 32725.096 43.06438532678406 43.06438532678406 43.06438532678406 5.383048165848008 5.383048165848008 5.383048165848008
 736 1048576 38062.096 38062.096 38062.096 40.552256291928856 40.552256291928856 40.552256291928856 5.069032036491107 5.069032036491107 5.069032036491107
 800 1048576 34666.061 34666.061 34666.061 48.39666093012413 48.39666093012413 48.39666093012413 6.049582616265516 6.049582616265516 6.049582616265516
 880 1048576 39553.165 39553.165 39553.165 46.65856095207552 46.65856095207552 46.65856095207552 5.83232011900944 5.83232011900944 5.83232011900944
 960 1048576 43383.837 43383.837 43383.837 46.40589812284238 46.40589812284238 46.40589812284238 5.8007372653552975 5.8007372653552975 5.8007372653552975
 1056 524288 22980.213 22980.213 22980.213 48.18476904456891 48.18476904456891 48.18476904456891 6.023096130571114 6.023096130571114 6.023096130571114
 1152 524288 25539.16 25539.16 25539.16 47.29832743128592 47.29832743128592 47.29832743128592 5.91229092891074 5.91229092891074 5.91229092891074
 1264 524288 28845.072 28845.072 28845.072 45.94892548716814 45.94892548716814 45.94892548716814 5.7436156858960175 5.7436156858960175 5.7436156858960175
 1376 524288 29969.215 29969.215 29969.215 48.14408972674126 48.14408972674126 48.14408972674126 6.018011215842657 6.018011215842657 6.018011215842657
 1504 524288 32938.004 32938.004 32938.004 47.87959537560321 47.87959537560321 47.87959537560321 5.984949421950401 5.984949421950401 5.984949421950401
 1648 524288 35628.08 35628.08 35628.08 48.50256449407321 48.50256449407321 48.50256449407321 6.0628205617591515 6.0628205617591515 6.0628205617591515
 1808 524288 38688.898 38688.898 38688.898 49.001793951329404 49.001793951329404 49.001793951329404 6.1252242439161755 6.1252242439161755 6.1252242439161755
 1984 524288 42630.196 42630.196 42630.196 48.80049775046776 48.80049775046776 48.80049775046776 6.10006221880847 6.10006221880847 6.10006221880847
 2176 262144 23366.928 23366.928 23366.928 48.8233065125206 48.8233065125206 48.8233065125206 6.102913314065075 6.102913314065075 6.102913314065075
 2384 262144 25657.892 25657.892 25657.892 48.71415749976654 48.71415749976654 48.71415749976654 6.089269687470818 6.089269687470818 6.089269687470818
 2608 262144 27710.915 27710.915 27710.915 49.343123603100075 49.343123603100075 49.343123603100075 6.167890450387509 6.167890450387509 6.167890450387509
 2864 262144 30384.064 30384.064 30384.064 49.41935456692035 49.41935456692035 49.41935456692035 6.177419320865043 6.177419320865043 6.177419320865043
 3136 262144 32953.978 32953.978 32953.978 49.89282835595751 49.89282835595751 49.89282835595751 6.236603544494689 6.236603544494689 6.236603544494689
 3440 262144 36398.888 36398.888 36398.888 49.54961041666988 49.54961041666988 49.54961041666988 6.193701302083735 6.193701302083735 6.193701302083735
 3776 262144 39861.917 39861.917 39861.917 49.66423185317454 49.66423185317454 49.66423185317454 6.208028981646818 6.208028981646818 6.208028981646818
 4144 131072 21791.935 21791.935 21791.935 49.84985206683114 49.84985206683114 49.84985206683114 6.2312315083538925 6.2312315083538925 6.2312315083538925
 4544 131072 23918.867 23918.867 23918.867 49.800951525003256 49.800951525003256 49.800951525003256 6.225118940625407 6.225118940625407 6.225118940625407
 4992 131072 26176.929 26176.929 26176.929 49.99145805071328 49.99145805071328 49.99145805071328 6.24893225633916 6.24893225633916 6.24893225633916
 5488 131072 28807.878 28807.878 28807.878 49.9393350666092 49.9393350666092 49.9393350666092 6.24241688332615 6.24241688332615 6.24241688332615
 6032 131072 31515.837 31515.837 31515.837 50.17327028312781 50.17327028312781 50.17327028312781 6.271658785390977 6.271658785390977 6.271658785390977
 6624 131072 34739.971 34739.971 34739.971 49.983975404009406 49.983975404009406 49.983975404009406 6.247996925501176 6.247996925501176 6.247996925501176
 7280 131072 38127.184 38127.184 38127.184 50.05374433107884 50.05374433107884 50.05374433107884 6.256718041384855 6.256718041384855 6.256718041384855
 8000 131072 41861.057 41861.057 41861.057 50.09792275431554 50.09792275431554 50.09792275431554 6.2622403442894425 6.2622403442894425 6.2622403442894425
 8800 65536 23989.916 23989.916 23989.916 48.079934919321936 48.079934919321936 48.079934919321936 6.009991864915242 6.009991864915242 6.009991864915242
 9680 65536 26474.953 26474.953 26474.953 47.92367185694343 47.92367185694343 47.92367185694343 5.990458982117929 5.990458982117929 5.990458982117929
 10640 65536 28822.899 28822.899 28822.899 48.38535082817311 48.38535082817311 48.38535082817311 6.048168853521639 6.048168853521639 6.048168853521639
 11696 65536 31630.993 31630.993 31630.993 48.46569666655739 48.46569666655739 48.46569666655739 6.058212083319674 6.058212083319674 6.058212083319674
 12864 65536 34498.93 34498.93 34498.93 48.874275463036106 48.874275463036106 48.874275463036106 6.109284432879513 6.109284432879513 6.109284432879513
 14144 65536 37781.0 37781.0 37781.0 49.06917148831423 49.06917148831423 49.06917148831423 6.133646436039279 6.133646436039279 6.133646436039279
 15552 65536 41671.038 41671.038 41671.038 48.91722985158181 48.91722985158181 48.91722985158181 6.114653731447726 6.114653731447726 6.114653731447726
 17104 32768 22860.05 22860.05 22860.05 49.03435224332406 49.03435224332406 49.03435224332406 6.129294030415507 6.129294030415507 6.129294030415507
 18800 32768 24960.041 24960.041 24960.041 49.36197019868677 49.36197019868677 49.36197019868677 6.170246274835846 6.170246274835846 6.170246274835846
 20672 32768 27613.163 27613.163 27613.163 49.062115484560756 49.062115484560756 49.062115484560756 6.1327644355700945 6.1327644355700945 6.1327644355700945
 22736 32768 30126.095 30126.095 30126.095 49.45966266122443 49.45966266122443 49.45966266122443 6.1824578326530535 6.1824578326530535 6.1824578326530535
 25008 32768 33120.155 33120.155 33120.155 49.48419740185395 49.48419740185395 49.48419740185395 6.185524675231743 6.185524675231743 6.185524675231743
 27504 32768 36370.039 36370.039 36370.039 49.56008279232255 49.56008279232255 49.56008279232255 6.195010349040318 6.195010349040318 6.195010349040318
 30240 32768 39659.977 39659.977 39659.977 49.9699896447242 49.9699896447242 49.9699896447242 6.246248705590525 6.246248705590525 6.246248705590525
 33264 16384 21907.091 21907.091 21907.091 49.755339583881764 49.755339583881764 49.755339583881764 6.2194174479852204 6.2194174479852204 6.2194174479852204
 36576 16384 24026.871 24026.871 24026.871 49.882582213888774 49.882582213888774 49.882582213888774 6.235322776736097 6.235322776736097 6.235322776736097
 40224 16384 26355.028 26355.028 26355.028 50.0117105548133 50.0117105548133 50.0117105548133 6.251463819351662 6.251463819351662 6.251463819351662
 44240 16384 29046.059 29046.059 29046.059 49.908881614541926 49.908881614541926 49.908881614541926 6.238610201817741 6.238610201817741 6.238610201817741
 48656 16384 31851.053 31851.053 31851.053 50.05673777881065 50.05673777881065 50.05673777881065 6.257092222351331 6.257092222351331 6.257092222351331
 53520 16384 34943.104 34943.104 34943.104 50.18853963288436 50.18853963288436 50.18853963288436 6.273567454110545 6.273567454110545 6.273567454110545
 58864 16384 38561.106 38561.106 38561.106 50.02075282799202 50.02075282799202 50.02075282799202 6.2525941034990025 6.2525941034990025 6.2525941034990025
 64736 16384 42361.975 42361.975 42361.975 50.07484301664406 50.07484301664406 50.07484301664406 6.2593553770805075 6.2593553770805075 6.2593553770805075
 71200 8192 24719.0 24719.0 24719.0 47.19207087665358 47.19207087665358 47.19207087665358 5.899008859581698 5.899008859581698 5.899008859581698
 78320 8192 28554.916 28554.916 28554.916 44.937792147593775 44.937792147593775 44.937792147593775 5.617224018449222 5.617224018449222 5.617224018449222
 86144 8192 31200.171 31200.171 31200.171 45.23639617231585 45.23639617231585 45.23639617231585 5.654549521539481 5.654549521539481 5.654549521539481
 94752 8192 34360.17 34360.17 34360.17 45.180706847492324 45.180706847492324 45.180706847492324 5.6475883559365405 5.6475883559365405 5.6475883559365405
 104224 8192 37666.082 37666.082 37666.082 45.33537669248423 45.33537669248423 45.33537669248423 5.666922086560529 5.666922086560529 5.666922086560529
 114640 8192 41505.098 41505.098 41505.098 45.25376039348227 45.25376039348227 45.25376039348227 5.656720049185283 5.656720049185283 5.656720049185283
 126096 8192 45694.828 45694.828 45694.828 45.21205034407833 45.21205034407833 45.21205034407833 5.651506293009791 5.651506293009791 5.651506293009791
 138704 4096 25123.119 25123.119 25123.119 45.22779070544545 45.22779070544545 45.22779070544545 5.653473838180681 5.653473838180681 5.653473838180681
 152560 4096 27613.878 27613.878 27613.878 45.25881949648651 45.25881949648651 45.25881949648651 5.657352437060814 5.657352437060814 5.657352437060814
 167808 4096 30385.017 30385.017 30385.017 45.24213812353635 45.24213812353635 45.24213812353635 5.655267265442044 5.655267265442044 5.655267265442044
 184576 4096 33434.868 33434.868 33434.868 45.223644729209035 45.223644729209035 45.223644729209035 5.652955591151129 5.652955591151129 5.652955591151129
 203024 4096 36907.911 36907.911 36907.911 45.06276738339376 45.06276738339376 45.06276738339376 5.63284592292422 5.63284592292422 5.63284592292422
 223312 4096 40470.123 40470.123 40470.123 45.20302307951968 45.20302307951968 45.20302307951968 5.65037788493996 5.65037788493996 5.65037788493996
 245632 4096 44556.856 44556.856 44556.856 45.16066717095121 45.16066717095121 45.16066717095121 5.645083396368901 5.645083396368901 5.645083396368901
 270192 2048 24528.98 24528.98 24528.98 45.1183225719129 45.1183225719129 45.1183225719129 5.639790321489112 5.639790321489112 5.639790321489112
 297200 2048 27031.898 27031.898 27031.898 45.03313825762438 45.03313825762438 45.03313825762438 5.6291422822030475 5.6291422822030475 5.6291422822030475
 326912 2048 29770.136 29770.136 29770.136 44.979020317542385 44.979020317542385 44.979020317542385 5.622377539692798 5.622377539692798 5.622377539692798
 359600 2048 32770.157 32770.157 32770.157 44.94704129736089 44.94704129736089 44.94704129736089 5.618380162170111 5.618380162170111 5.618380162170111
 395552 2048 36193.132 36193.132 36193.132 44.764873954539226 44.764873954539226 44.764873954539226 5.595609244317403 5.595609244317403 5.595609244317403
 435104 2048 39873.838 39873.838 39873.838 44.69562182602036 44.69562182602036 44.69562182602036 5.586952728252545 5.586952728252545 5.586952728252545
 478608 2048 43874.025 43874.025 43874.025 44.68198137736394 44.68198137736394 44.68198137736394 5.5852476721704925 5.5852476721704925 5.5852476721704925
 526464 1024 24696.112 24696.112 24696.112 43.658624159138895 43.658624159138895 43.658624159138895 5.457328019892362 5.457328019892362 5.457328019892362
 579104 1024 37547.827 37547.827 37547.827 31.58651476688651 31.58651476688651 31.58651476688651 3.9483143458608136 3.9483143458608136 3.9483143458608136
 637008 1024 41822.195 41822.195 41822.195 31.19378081423034 31.19378081423034 31.19378081423034 3.8992226017787925 3.8992226017787925 3.8992226017787925
 700704 1024 48759.937 48759.937 48759.937 29.430755663199484 29.430755663199484 29.430755663199484 3.6788444578999355 3.6788444578999355 3.6788444578999355
 770768 1024 53893.089 53893.089 53893.089 29.29007954990296 29.29007954990296 29.29007954990296 3.66125994373787 3.66125994373787 3.66125994373787
 847840 1024 59278.965 59278.965 59278.965 29.291609932798256 29.291609932798256 29.291609932798256 3.661451241599782 3.661451241599782 3.661451241599782
 932624 1024 65291.882 65291.882 65291.882 29.253467559718988 29.253467559718988 29.253467559718988 3.6566834449648735 3.6566834449648735 3.6566834449648735
 1025872 1024 71949.959 71949.959 71949.959 29.20065397118572 29.20065397118572 29.20065397118572 3.650081746398215 3.650081746398215 3.650081746398215
 1128448 512 40711.88 40711.88 40711.88 28.383134161330798 28.383134161330798 28.383134161330798 3.5478917701663497 3.5478917701663497 3.5478917701663497
 1241280 512 43397.188 43397.188 43397.188 29.28924150569387 29.28924150569387 29.28924150569387 3.6611551882117337 3.6611551882117337 3.6611551882117337
 1365408 512 47786.951 47786.951 47786.951 29.25856876702596 29.25856876702596 29.25856876702596 3.657321095878245 3.657321095878245 3.657321095878245
 1501936 512 52613.02 52613.02 52613.02 29.23197459488165 29.23197459488165 29.23197459488165 3.653996824360206 3.653996824360206 3.653996824360206
 1652128 512 57812.929 57812.929 57812.929 29.262988422537806 29.262988422537806 29.262988422537806 3.6578735528172257 3.6578735528172257 3.6578735528172257
 1817328 512 63665.152 63665.152 63665.152 29.23018030334711 29.23018030334711 29.23018030334711 3.653772537918389 3.653772537918389 3.653772537918389
 1999056 512 69967.985 69967.985 69967.985 29.256714252954406 29.256714252954406 29.256714252954406 3.657089281619301 3.657089281619301 3.657089281619301
 2198960 256 38469.076 38469.076 38469.076 29.26681992569824 29.26681992569824 29.26681992569824 3.65835249071228 3.65835249071228 3.65835249071228
 2418848 256 42317.152 42317.152 42317.152 29.265915059690215 29.265915059690215 29.265915059690215 3.658239382461277 3.658239382461277 3.658239382461277
 2660720 256 46535.969 46535.969 46535.969 29.273885754909287 29.273885754909287 29.273885754909287 3.659235719363661 3.659235719363661 3.659235719363661
 2926784 256 51223.04 51223.04 51223.04 29.254675396071768 29.254675396071768 29.254675396071768 3.656834424508971 3.656834424508971 3.656834424508971
 3219456 256 57844.877 57844.877 57844.877 28.496239554628147 28.496239554628147 28.496239554628147 3.5620299443285184 3.5620299443285184 3.5620299443285184
 3541392 256 62157.154 62157.154 62157.154 29.17110239635489 29.17110239635489 29.17110239635489 3.646387799544361 3.646387799544361 3.646387799544361
 3895520 256 68250.895 68250.895 68250.895 29.223151432666192 29.223151432666192 29.223151432666192 3.652893929083274 3.652893929083274 3.652893929083274
 4285072 128 37536.144 37536.144 37536.144 29.224590357496496 29.224590357496496 29.224590357496496 3.653073794687062 3.653073794687062 3.653073794687062
 4713568 128 41351.08 41351.08 41351.08 29.181182402007394 29.181182402007394 29.181182402007394 3.6476478002509243 3.6476478002509243 3.6476478002509243
 5184912 128 45481.92 45481.92 45481.92 29.183848702957132 29.183848702957132 29.183848702957132 3.6479810878696415 3.6479810878696415 3.6479810878696415
 5703392 128 50055.981 50055.981 50055.981 29.168709169839264 29.168709169839264 29.168709169839264 3.646088646229908 3.646088646229908 3.646088646229908
 6273728 128 55082.083 55082.083 55082.083 29.157836460178896 29.157836460178896 29.157836460178896 3.644729557522362 3.644729557522362 3.644729557522362
 6901088 128 60621.023 60621.023 60621.023 29.143000902508685 29.143000902508685 29.143000902508685 3.6428751128135857 3.6428751128135857 3.6428751128135857
 7591184 128 67718.983 67718.983 67718.983 28.697169064101274 28.697169064101274 28.697169064101274 3.5871461330126593 3.5871461330126593 3.5871461330126593
 8350288 128 73462.963 73462.963 73462.963 29.098659252281998 29.098659252281998 29.098659252281998 3.6373324065352497 3.6373324065352497 3.6373324065352497
 9185312 64 40490.15 40490.15 40490.15 29.037184006480583 29.037184006480583 29.037184006480583 3.629648000810073 3.629648000810073 3.629648000810073
 10103840 64 44539.928 44539.928 44539.928 29.036677383043816 29.036677383043816 29.036677383043816 3.629584672880477 3.629584672880477 3.629584672880477
 11114224 64 49046.993 49046.993 49046.993 29.00525771274092 29.00525771274092 29.00525771274092 3.625657214092615 3.625657214092615 3.625657214092615
 12225632 64 54033.995 54033.995 54033.995 28.96104380214715 28.96104380214715 28.96104380214715 3.6201304752683936 3.6201304752683936 3.6201304752683936
 13448192 64 60431.957 60431.957 60431.957 28.484408936152768 28.484408936152768 28.484408936152768 3.560551117019096 3.560551117019096 3.560551117019096
 14793008 64 65244.913 65244.913 65244.913 29.021496649095077 29.021496649095077 29.021496649095077 3.6276870811368847 3.6276870811368847 3.6276870811368847
 16272304 64 72077.99 72077.99 72077.99 28.89723911557467 28.89723911557467 28.89723911557467 3.612154889446834 3.612154889446834 3.612154889446834
 17899520 32 40253.878 40253.878 40253.878 28.458606646544713 28.458606646544713 28.458606646544713 3.557325830818089 3.557325830818089 3.557325830818089
 19689472 32 44237.852 44237.852 44237.852 28.4852485152308 28.4852485152308 28.4852485152308 3.56065606440385 3.56065606440385 3.56065606440385
 21658416 32 47971.01 47971.01 47971.01 28.89533958113452 28.89533958113452 28.89533958113452 3.611917447641815 3.611917447641815 3.611917447641815
 23824256 32 53061.008 53061.008 53061.008 28.735835248361656 28.735835248361656 28.735835248361656 3.591979406045207 3.591979406045207 3.591979406045207
 26206672 32 58447.838 58447.838 58447.838 28.696134286438447 28.696134286438447 28.696134286438447 3.587016785804806 3.587016785804806 3.587016785804806
 28827328 32 63977.957 63977.957 63977.957 28.837260183222167 28.837260183222167 28.837260183222167 3.604657522902771 3.604657522902771 3.604657522902771
 31710048 32 70953.131 70953.131 70953.131 28.6025865722543 28.6025865722543 28.6025865722543 3.5753233215317874 3.5753233215317874 3.5753233215317874
 34881040 16 39189.1 39189.1 39189.1 28.48223817336964 28.48223817336964 28.48223817336964 3.560279771671205 3.560279771671205 3.560279771671205
 38369136 16 43222.904 43222.904 43222.904 28.406521505357436 28.406521505357436 28.406521505357436 3.5508151881696794 3.5508151881696794 3.5508151881696794
 42206048 16 47950.983 47950.983 47950.983 28.166128231406642 28.166128231406642 28.166128231406642 3.5207660289258302 3.5207660289258302 3.5207660289258302
 46426640 16 54207.087 54207.087 54207.087 27.406978722173356 27.406978722173356 27.406978722173356 3.4258723402716695 3.4258723402716695 3.4258723402716695
 51069296 16 62525.988 62525.988 62525.988 26.136611739745724 26.136611739745724 26.136611739745724 3.2670764674682156 3.2670764674682156 3.2670764674682156
 56176224 16 73439.121 73439.121 73439.121 24.4779504918094 24.4779504918094 24.4779504918094 3.059743811476175 3.059743811476175 3.059743811476175
 61793840 16 87352.991 87352.991 87352.991 22.636922415169508 22.636922415169508 22.636922415169508 2.8296153018961885 2.8296153018961885 2.8296153018961885
 67973216 8 52107.096 52107.096 52107.096 20.871849315878208 20.871849315878208 20.871849315878208 2.608981164484776 2.608981164484776 2.608981164484776
 74770528 8 81041.098 81041.098 81041.098 14.761997030198186 14.761997030198186 14.761997030198186 1.8452496287747733 1.8452496287747733 1.8452496287747733
 82247568 8 70806.026 70806.026 70806.026 18.585439154571393 18.585439154571393 18.585439154571393 2.323179894321424 2.323179894321424 2.323179894321424
 90472320 8 80740.929 80740.929 80740.929 17.928417940298903 17.928417940298903 17.928417940298903 2.241052242537363 2.241052242537363 2.241052242537363
 99519552 8 90662.956 90662.956 90662.956 17.56299267365604 17.56299267365604 17.56299267365604 2.195374084207005 2.195374084207005 2.195374084207005
 109471504 8 101191.044 101191.044 101191.044 17.30927950501232 17.30927950501232 17.30927950501232 2.16365993812654 2.16365993812654 2.16365993812654
 120418640 8 112174.034 112174.034 112174.034 17.175973541256436 17.175973541256436 17.175973541256436 2.1469966926570545 2.1469966926570545 2.1469966926570545
 132460496 8 123855.114 123855.114 123855.114 17.111670786561145 17.111670786561145 17.111670786561145 2.138958848320143 2.138958848320143 2.138958848320143
 145706544 4 68295.956 68295.956 68295.956 17.067662864255094 17.067662864255094 17.067662864255094 2.133457858031887 2.133457858031887 2.133457858031887
 160277184 4 75242.043 75242.043 75242.043 17.041236798952944 17.041236798952944 17.041236798952944 2.130154599869118 2.130154599869118 2.130154599869118
 176304896 4 82673.788 82673.788 82673.788 17.06029446721372 17.06029446721372 17.06029446721372 2.132536808401715 2.132536808401715 2.132536808401715
 193935376 4 90869.904 90869.904 90869.904 17.073672797101228 17.073672797101228 17.073672797101228 2.1342090996376535 2.1342090996376535 2.1342090996376535
 213328912 4 100044.012 100044.012 100044.012 17.058805038726355 17.058805038726355 17.058805038726355 2.1323506298407944 2.1323506298407944 2.1323506298407944
 234661792 4 110038.042 110038.042 110038.042 17.060412034594364 17.060412034594364 17.060412034594364 2.1325515043242955 2.1325515043242955 2.1325515043242955
 258127968 4 121217.012 121217.012 121217.012 17.03575851217979 17.03575851217979 17.03575851217979 2.1294698140224737 2.1294698140224737 2.1294698140224737
 283940752 2 66643.0 66643.0 66643.0 17.042495205798062 17.042495205798062 17.042495205798062 2.1303119007247577 2.1303119007247577 2.1303119007247577
 312334816 2 73390.007 73390.007 73390.007 17.023288524826004 17.023288524826004 17.023288524826004 2.1279110656032505 2.1279110656032505 2.1279110656032505
 343568288 2 80702.066 80702.066 80702.066 17.028971129438 17.028971129438 17.028971129438 2.12862139117975 2.12862139117975 2.12862139117975
 377925104 2 88852.882 88852.882 88852.882 17.013521474745186 17.013521474745186 17.013521474745186 2.1266901843431483 2.1266901843431483 2.1266901843431483
 415717600 2 97782.135 97782.135 97782.135 17.005871266770768 17.005871266770768 17.005871266770768 2.125733908346346 2.125733908346346 2.125733908346346
 457289360 2 107584.0 107584.0 107584.0 17.00213265913147 17.00213265913147 17.00213265913147 2.1252665823914336 2.1252665823914336 2.1252665823914336
 503018288 2 118311.167 118311.167 118311.167 17.0066207866921 17.0066207866921 17.0066207866921 2.1258275983365125 2.1258275983365125 2.1258275983365125
 553320112 1 65114.021 65114.021 65114.021 16.995421370153135 16.995421370153135 16.995421370153135 2.124427671269142 2.124427671269142 2.124427671269142
 608652112 1 109381.914 109381.914 109381.914 11.12893511810371 11.12893511810371 11.12893511810371 1.3911168897629638 1.3911168897629638 1.3911168897629638
 669517312 1 78820.944 78820.944 78820.944 16.98830990910233 16.98830990910233 16.98830990910233 2.1235387386377913 2.1235387386377913 2.1235387386377913
 736469040 1 86680.889 86680.889 86680.889 16.99265082525861 16.99265082525861 16.99265082525861 2.1240813531573264 2.1240813531573264 2.1240813531573264
 810115936 1 95382.929 95382.929 95382.929 16.986602204258162 16.986602204258162 16.986602204258162 2.1233252755322702 2.1233252755322702 2.1233252755322702
 891127520 1 104925.871 104925.871 104925.871 16.985849371695945 16.985849371695945 16.985849371695945 2.123231171461993 2.123231171461993 2.123231171461993
 980240272 1 115411.997 115411.997 115411.997 16.98680028905487 16.98680028905487 16.98680028905487 2.1233500361318587 2.1233500361318587 2.1233500361318587
 
META_DATA
 MPI startup(): shm:tmi fabric is unknown or has been removed from the product, please use ofi or shm:ofi instead
 FLOPS          2
 MPI_PROCS      2
 OPENMP_THREADS 1
 ERT_VERSION  1.1.0
 HOSTNAME  ('shas0543.rc.int.colorado.edu', [], ['10.225.6.221'])
 UNAME  uname_result(system='Linux', node='shas0543.rc.int.colorado.edu', release='3.10.0-957.27.2.el7.x86_64', version='#1 SMP Mon Jul 29 17:46:05 UTC 2019', machine='x86_64', processor='x86_64')
 TIMESTAMP_DATA  1664516490.1993158
 CONFIG  {'ERT_RESULTS': ['lab5_results'], 'ERT_DRIVER': ['driver1'], 'ERT_KERNEL': ['kernel1'], 'ERT_MPI': ['True'], 'ERT_MPI_CFLAGS': ['-I/usr/include/mpi'], 'ERT_MPI_LDFLAGS': ['-lmpi'], 'ERT_OPENMP': ['True'], 'ERT_OPENMP_CFLAGS': ['-qopenmp'], 'ERT_OPENMP_LDFLAGS': ['-qopenmp'], 'ERT_FLOPS': ['1,2,4,8,16'], 'ERT_ALIGN': ['32'], 'ERT_CC': ['mpicc'], 'ERT_CFLAGS': ['-O3', '-msse3', '-axSSE3', '-xSSE3', '-fno-alias', '-fno-fnalias', '-DERT_INTEL', '-std=c++11'], 'ERT_LD': ['mpicc'], 'ERT_LDFLAGS': [], 'ERT_LDLIBS': [], 'ERT_PRECISION': ['FP64'], 'ERT_RUN': ['export', 'OMP_NUM_THREADS=ERT_OPENMP_THREADS;', 'mpirun', '-np', 'ERT_MPI_PROCS', 'ERT_CODE'], 'ERT_PROCS_THREADS': ['1-24'], 'ERT_MPI_PROCS': ['2'], 'ERT_OPENMP_THREADS': ['1'], 'ERT_NUM_EXPERIMENTS': ['1'], 'ERT_MEMORY_MAX': ['1073741824'], 'ERT_WORKING_SET_MIN': ['1'], 'ERT_TRIALS_MIN': ['1'], 'ERT_GNUPLOT': ['gnuplot'], 'ERT_GPU': [False], 'ERT_HIP': [False], 'ERT_OCL': [False], 'ERT_SYCL': [False], 'ERT_WSS_MULT': [1.1]}
 