fp64
 32 33554432 175289.869 175289.869 175289.869 12.251042574514104 12.251042574514104 12.251042574514104 3.062760643628526 3.062760643628526 3.062760643628526
 64 16777216 92786.789 92786.789 92786.789 23.14428240425477 23.14428240425477 23.14428240425477 5.786070601063693 5.786070601063693 5.786070601063693
 96 8388608 46411.037 46411.037 46411.037 34.703226648437095 34.703226648437095 34.703226648437095 8.675806662109274 8.675806662109274 8.675806662109274
 128 8388608 46434.879 46434.879 46434.879 46.24721102428199 46.24721102428199 46.24721102428199 11.561802756070497 11.561802756070497 11.561802756070497
 160 4194304 23376.942 23376.942 23376.942 57.41457886151235 57.41457886151235 57.41457886151235 14.353644715378087 14.353644715378087 14.353644715378087
 192 4194304 23363.829 23363.829 23363.829 68.9361635029943 68.9361635029943 68.9361635029943 17.234040875748576 17.234040875748576 17.234040875748576
 224 4194304 23210.049 23210.049 23210.049 80.95838970439054 80.95838970439054 80.95838970439054 20.239597426097635 20.239597426097635 20.239597426097635
 256 4194304 23590.088 23590.088 23590.088 91.03330381811209 91.03330381811209 91.03330381811209 22.758325954528022 22.758325954528022 22.758325954528022
 288 2097152 13544.083 13544.083 13544.083 89.18725261798824 89.18725261798824 89.18725261798824 22.29681315449706 22.29681315449706 22.29681315449706
 320 2097152 13118.982 13118.982 13118.982 102.30803579119173 102.30803579119173 102.30803579119173 25.577008947797932 25.577008947797932 25.577008947797932
 352 2097152 15650.034 15650.034 15650.034 94.33813421747197 94.33813421747197 94.33813421747197 23.584533554367994 23.584533554367994 23.584533554367994
 384 2097152 15038.013 15038.013 15038.013 107.1027625790721 107.1027625790721 107.1027625790721 26.775690644768027 26.775690644768027 26.775690644768027
 416 2097152 17457.962 17457.962 17457.962 99.94468220288256 99.94468220288256 99.94468220288256 24.98617055072064 24.98617055072064 24.98617055072064
 448 2097152 17793.894 17793.894 17793.894 105.60072977842847 105.60072977842847 105.60072977842847 26.40018244460712 26.40018244460712 26.40018244460712
 480 2097152 19421.101 19421.101 19421.101 103.66384068544826 103.66384068544826 103.66384068544826 25.915960171362066 25.915960171362066 25.915960171362066
 512 2097152 12948.036 12948.036 12948.036 165.85400658447352 165.85400658447352 165.85400658447352 41.46350164611838 41.46350164611838 41.46350164611838
 544 1048576 7688.046 7688.046 7688.046 148.3928020201752 148.3928020201752 148.3928020201752 37.0982005050438 37.0982005050438 37.0982005050438
 576 1048576 7611.036 7611.036 7611.036 158.7115803945744 158.7115803945744 158.7115803945744 39.6778950986436 39.6778950986436 39.6778950986436
 608 1048576 8888.96 8888.96 8888.96 143.44404924760605 143.44404924760605 143.44404924760605 35.86101231190151 35.86101231190151 35.86101231190151
 640 1048576 8582.115 8582.115 8582.115 156.3923671495896 156.3923671495896 156.3923671495896 39.0980917873974 39.0980917873974 39.0980917873974
 704 1048576 9586.096 9586.096 9586.096 154.0142105816591 154.0142105816591 154.0142105816591 38.50355264541478 38.50355264541478 38.50355264541478
 768 1048576 10665.178 10665.178 10665.178 151.01602017331544 151.01602017331544 151.01602017331544 37.75400504332886 37.75400504332886 37.75400504332886
 832 1048576 11483.192 11483.192 11483.192 151.94646784622256 151.94646784622256 151.94646784622256 37.98661696155564 37.98661696155564 37.98661696155564
 896 1048576 12376.07 12376.07 12376.07 151.8291502876115 151.8291502876115 151.8291502876115 37.957287571902874 37.957287571902874 37.957287571902874
 960 1048576 13201.952 13201.952 13201.952 152.49759429514665 152.49759429514665 152.49759429514665 38.124398573786664 38.124398573786664 38.124398573786664
 1056 524288 6458.044 6458.044 6458.044 171.46000491789775 171.46000491789775 171.46000491789775 42.86500122947444 42.86500122947444 42.86500122947444
 1152 524288 7045.984 7045.984 7045.984 171.4394401122682 171.4394401122682 171.4394401122682 42.85986002806705 42.85986002806705 42.85986002806705
 1248 524288 8325.1 8325.1 8325.1 157.19004552497867 157.19004552497867 157.19004552497867 39.29751138124467 39.29751138124467 39.29751138124467
 1344 524288 8624.077 8624.077 8624.077 163.41298251395483 163.41298251395483 163.41298251395483 40.85324562848871 40.85324562848871 40.85324562848871
 1472 524288 9392.977 9392.977 9392.977 164.32531155990267 164.32531155990267 164.32531155990267 41.08132788997567 41.08132788997567 41.08132788997567
 1600 524288 9060.144 9060.144 9060.144 185.17604135210212 185.17604135210212 185.17604135210212 46.29401033802553 46.29401033802553 46.29401033802553
 1760 524288 10905.027 10905.027 10905.027 169.2333049702674 169.2333049702674 169.2333049702674 42.30832624256685 42.30832624256685 42.30832624256685
 1920 524288 11717.081 11717.081 11717.081 171.82316312398964 171.82316312398964 171.82316312398964 42.95579078099741 42.95579078099741 42.95579078099741
 2112 262144 5822.897 5822.897 5822.897 190.16243220513775 190.16243220513775 190.16243220513775 47.54060805128444 47.54060805128444 47.54060805128444
 2304 262144 7020.95 7020.95 7020.95 172.05072703836376 172.05072703836376 172.05072703836376 43.01268175959094 43.01268175959094 43.01268175959094
 2528 262144 7600.069 7600.069 7600.069 174.39316195681909 174.39316195681909 174.39316195681909 43.59829048920477 43.59829048920477 43.59829048920477
 2752 262144 7909.775 7909.775 7909.775 182.41234118543198 182.41234118543198 182.41234118543198 45.603085296357996 45.603085296357996 45.603085296357996
 3008 262144 8668.9 8668.9 8668.9 181.92138610435 181.92138610435 181.92138610435 45.4803465260875 45.4803465260875 45.4803465260875
 3296 262144 9418.011 9418.011 9418.011 183.48388507934422 183.48388507934422 183.48388507934422 45.870971269836055 45.870971269836055 45.870971269836055
 3616 262144 9768.009 9768.009 9768.009 194.08514140394428 194.08514140394428 194.08514140394428 48.52128535098607 48.52128535098607 48.52128535098607
 3968 262144 11146.069 11146.069 11146.069 186.64650147060817 186.64650147060817 186.64650147060817 46.66162536765204 46.66162536765204 46.66162536765204
 4352 131072 6043.911 6043.911 6043.911 188.7603387938704 188.7603387938704 188.7603387938704 47.1900846984676 47.1900846984676 47.1900846984676
 4768 131072 6591.082 6591.082 6591.082 189.63541828185416 189.63541828185416 189.63541828185416 47.40885457046354 47.40885457046354 47.40885457046354
 5216 131072 7089.853 7089.853 7089.853 192.85916139587096 192.85916139587096 192.85916139587096 48.21479034896774 48.21479034896774 48.21479034896774
 5728 131072 7766.008 7766.008 7766.008 193.35041014637122 193.35041014637122 193.35041014637122 48.337602536592804 48.337602536592804 48.337602536592804
 6272 131072 8295.774 8295.774 8295.774 198.19334133258695 198.19334133258695 198.19334133258695 49.54833533314674 49.54833533314674 49.54833533314674
 6880 131072 9295.94 9295.94 9295.94 194.01488391706485 194.01488391706485 194.01488391706485 48.50372097926621 48.50372097926621 48.50372097926621
 7552 131072 10195.971 10195.971 10195.971 194.16605716120614 194.16605716120614 194.16605716120614 48.541514290301535 48.541514290301535 48.541514290301535
 8288 65536 5567.074 5567.074 5567.074 195.13387750908285 195.13387750908285 195.13387750908285 48.78346937727071 48.78346937727071 48.78346937727071
 9088 65536 6187.916 6187.916 6187.916 192.50137461465218 192.50137461465218 192.50137461465218 48.125343653663045 48.125343653663045 48.125343653663045
 9984 65536 6639.957 6639.957 6639.957 197.08303050757706 197.08303050757706 197.08303050757706 49.270757626894266 49.270757626894266 49.270757626894266
 10976 65536 7291.079 7291.079 7291.079 197.31596269907376 197.31596269907376 197.31596269907376 49.32899067476844 49.32899067476844 49.32899067476844
 12064 65536 7995.129 7995.129 7995.129 197.77699746933413 197.77699746933413 197.77699746933413 49.44424936733353 49.44424936733353 49.44424936733353
 13248 65536 8760.929 8760.929 8760.929 198.20293669769492 198.20293669769492 198.20293669769492 49.55073417442373 49.55073417442373 49.55073417442373
 14560 65536 9576.797 9576.797 9576.797 199.27417486243053 199.27417486243053 199.27417486243053 49.81854371560763 49.81854371560763 49.81854371560763
 16000 65536 10476.112 10476.112 10476.112 200.18419047066317 200.18419047066317 200.18419047066317 50.04604761766579 50.04604761766579 50.04604761766579
 17600 32768 5790.949 5790.949 5790.949 199.17868383921189 199.17868383921189 199.17868383921189 49.79467095980297 49.79467095980297 49.79467095980297
 19360 32768 6572.008 6572.008 6572.008 193.05773212692378 193.05773212692378 193.05773212692378 48.264433031730945 48.264433031730945 48.264433031730945
 21280 32768 7107.019 7107.019 7107.019 196.22940082191985 196.22940082191985 196.22940082191985 49.05735020547996 49.05735020547996 49.05735020547996
 23392 32768 7662.058 7662.058 7662.058 200.07915784505937 200.07915784505937 200.07915784505937 50.01978946126484 50.01978946126484 50.01978946126484
 25728 32768 8575.916 8575.916 8575.916 196.6099257502056 196.6099257502056 196.6099257502056 49.1524814375514 49.1524814375514 49.1524814375514
 28288 32768 9167.194 9167.194 9167.194 202.23007912781162 202.23007912781162 202.23007912781162 50.557519781952905 50.557519781952905 50.557519781952905
 31104 32768 10108.948 10108.948 10108.948 201.64627852472879 201.64627852472879 201.64627852472879 50.411569631182196 50.411569631182196 50.411569631182196
 34208 16384 5574.942 5574.942 5574.942 201.06536426746683 201.06536426746683 201.06536426746683 50.26634106686671 50.26634106686671 50.26634106686671
 37600 16384 6093.025 6093.025 6093.025 202.21101997776148 202.21101997776148 202.21101997776148 50.55275499444037 50.55275499444037 50.55275499444037
 41344 16384 6736.994 6736.994 6736.994 201.09268198843583 201.09268198843583 201.09268198843583 50.27317049710896 50.27317049710896 50.27317049710896
 45472 16384 7416.01 7416.01 7416.01 200.92023824131846 200.92023824131846 200.92023824131846 50.230059560329614 50.230059560329614 50.230059560329614
 50016 16384 8466.005 8466.005 8466.005 193.58886369663142 193.58886369663142 193.58886369663142 48.397215924157855 48.397215924157855 48.397215924157855
 55008 16384 8945.942 8945.942 8945.942 201.48824394345507 201.48824394345507 201.48824394345507 50.37206098586377 50.37206098586377 50.37206098586377
 60480 16384 9844.78 9844.78 9844.78 201.3055284120112 201.3055284120112 201.3055284120112 50.3263821030028 50.3263821030028 50.3263821030028
 66528 8192 5450.01 5450.01 5450.01 199.9986700941833 199.9986700941833 199.9986700941833 49.999667523545824 49.999667523545824 49.999667523545824
 73152 8192 5956.888 5956.888 5956.888 201.19941284778227 201.19941284778227 201.19941284778227 50.29985321194557 50.29985321194557 50.29985321194557
 80448 8192 6576.061 6576.061 6576.061 200.4330604597494 200.4330604597494 200.4330604597494 50.10826511493735 50.10826511493735 50.10826511493735
 88480 8192 7275.105 7275.105 7275.105 199.26259758450223 199.26259758450223 199.26259758450223 49.81564939612556 49.81564939612556 49.81564939612556
 97312 8192 7955.074 7955.074 7955.074 200.42048735184616 200.42048735184616 200.42048735184616 50.10512183796154 50.10512183796154 50.10512183796154
 107040 8192 8724.928 8724.928 8724.928 201.00376301099564 201.00376301099564 201.00376301099564 50.25094075274891 50.25094075274891 50.25094075274891
 117728 8192 9665.966 9665.966 9665.966 199.55124526612238 199.55124526612238 199.55124526612238 49.887811316530595 49.887811316530595 49.887811316530595
 129472 8192 10606.05 10606.05 10606.05 200.00558624558627 200.00558624558627 200.00558624558627 50.00139656139657 50.00139656139657 50.00139656139657
 142400 4096 6385.803 6385.803 6385.803 182.67722947294178 182.67722947294178 182.67722947294178 45.669307368235444 45.669307368235444 45.669307368235444
 156640 4096 7094.145 7094.145 7094.145 180.88083623889838 180.88083623889838 180.88083623889838 45.220209059724596 45.220209059724596 45.220209059724596
 172288 4096 7872.105 7872.105 7872.105 179.28918580227273 179.28918580227273 179.28918580227273 44.82229645056818 44.82229645056818 44.82229645056818
 189504 4096 8713.961 8713.961 8713.961 178.1528248749335 178.1528248749335 178.1528248749335 44.53820621873337 44.53820621873337 44.53820621873337
 208448 4096 9488.821 9488.821 9488.821 179.95976697210327 179.95976697210327 179.95976697210327 44.98994174302582 44.98994174302582 44.98994174302582
 229280 4096 10440.826 10440.826 10440.826 179.8958971253807 179.8958971253807 179.8958971253807 44.97397428134518 44.97397428134518 44.97397428134518
 252192 4096 11475.086 11475.086 11475.086 180.03846454832671 180.03846454832671 180.03846454832671 45.00961613708168 45.00961613708168 45.00961613708168
 277408 2048 6321.907 6321.907 6321.907 179.73424284792546 179.73424284792546 179.73424284792546 44.933560711981364 44.933560711981364 44.933560711981364
 305120 2048 6941.08 6941.08 6941.08 180.05433160257482 180.05433160257482 180.05433160257482 45.013582900643705 45.013582900643705 45.013582900643705
 335616 2048 7668.972 7668.972 7668.972 179.2525955238851 179.2525955238851 179.2525955238851 44.813148880971276 44.813148880971276 44.813148880971276
 369152 2048 8574.009 8574.009 8574.009 176.35234485991325 176.35234485991325 176.35234485991325 44.08808621497831 44.08808621497831 44.08808621497831
 406048 2048 9194.851 9194.851 9194.851 180.88086560619632 180.88086560619632 180.88086560619632 45.22021640154908 45.22021640154908 45.22021640154908
 446624 2048 11415.958 11415.958 11415.958 160.24690209967486 160.24690209967486 160.24690209967486 40.061725524918714 40.061725524918714 40.061725524918714
 491264 2048 11354.923 11354.923 11354.923 177.21100741942504 177.21100741942504 177.21100741942504 44.30275185485626 44.30275185485626 44.30275185485626
 540384 1024 6119.013 6119.013 6119.013 180.86355299457608 180.86355299457608 180.86355299457608 45.21588824864402 45.21588824864402 45.21588824864402
 594400 1024 6774.902 6774.902 6774.902 179.68248101596157 179.68248101596157 179.68248101596157 44.92062025399039 44.92062025399039 44.92062025399039
 653824 1024 7397.89 7397.89 7397.89 181.00181970805187 181.00181970805187 181.00181970805187 45.25045492701297 45.25045492701297 45.25045492701297
 719200 1024 8209.944 8209.944 8209.944 179.40702153388622 179.40702153388622 179.40702153388622 44.851755383471556 44.851755383471556 44.851755383471556
 791104 1024 9073.019 9073.019 9073.019 178.57132140911423 178.57132140911423 178.57132140911423 44.64283035227856 44.64283035227856 44.64283035227856
 870208 1024 9959.936 9959.936 9959.936 178.9354855292243 178.9354855292243 178.9354855292243 44.73387138230608 44.73387138230608 44.73387138230608
 957216 1024 11137.962 11137.962 11137.962 176.00871398196546 176.00871398196546 176.00871398196546 44.002178495491364 44.002178495491364 44.002178495491364
 1052928 512 6401.062 6401.062 6401.062 168.44052939965275 168.44052939965275 168.44052939965275 42.11013234991319 42.11013234991319 42.11013234991319
 1158208 512 8578.062 8578.062 8578.062 138.2602494596099 138.2602494596099 138.2602494596099 34.565062364902474 34.565062364902474 34.565062364902474
 1274016 512 9511.948 9511.948 9511.948 137.15301891894276 137.15301891894276 137.15301891894276 34.28825472973569 34.28825472973569 34.28825472973569
 1401408 512 10851.145 10851.145 10851.145 132.24796019221932 132.24796019221932 132.24796019221932 33.06199004805483 33.06199004805483 33.06199004805483
 1541536 512 11904.001 11904.001 11904.001 132.60523617227517 132.60523617227517 132.60523617227517 33.15130904306879 33.15130904306879 33.15130904306879
 1695680 512 13051.987 13051.987 13051.987 133.03540066351584 133.03540066351584 133.03540066351584 33.25885016587896 33.25885016587896 33.25885016587896
 1865248 512 14405.966 14405.966 14405.966 132.58492710589485 132.58492710589485 132.58492710589485 33.14623177647371 33.14623177647371 33.14623177647371
 2051744 512 15824.08 15824.08 15824.08 132.7714379603743 132.7714379603743 132.7714379603743 33.192859490093575 33.192859490093575 33.192859490093575
 2256896 256 8774.996 8774.996 8774.996 131.68447620944787 131.68447620944787 131.68447620944787 32.921119052361966 32.921119052361966 32.921119052361966
 2482560 256 9542.942 9542.942 9542.942 133.19484913562297 133.19484913562297 133.19484913562297 33.29871228390574 33.29871228390574 33.29871228390574
 2730816 256 10480.881 10480.881 10480.881 133.4026969679362 133.4026969679362 133.4026969679362 33.35067424198405 33.35067424198405 33.35067424198405
 3003872 256 11589.05 11589.05 11589.05 132.70996880676154 132.70996880676154 132.70996880676154 33.177492201690384 33.177492201690384 33.177492201690384
 3304256 256 14209.032 14209.032 14209.032 119.06364008470106 119.06364008470106 119.06364008470106 29.765910021175266 29.765910021175266 29.765910021175266
 3634656 256 14024.973 14024.973 14024.973 132.68787554885134 132.68787554885134 132.68787554885134 33.171968887212834 33.171968887212834 33.171968887212834
 3998112 256 15466.928 15466.928 15466.928 132.3490575504069 132.3490575504069 132.3490575504069 33.08726438760173 33.08726438760173 33.08726438760173
 4397920 128 8492.947 8492.947 8492.947 132.56500011126877 132.56500011126877 132.56500011126877 33.14125002781719 33.14125002781719 33.14125002781719
 4837696 128 9366.989 9366.989 9366.989 132.21433013319435 132.21433013319435 132.21433013319435 33.05358253329859 33.05358253329859 33.05358253329859
 5321440 128 10298.967 10298.967 10298.967 132.2742989661002 132.2742989661002 132.2742989661002 33.06857474152505 33.06857474152505 33.06857474152505
 5853568 128 11305.094 11305.094 11305.094 132.55205202185846 132.55205202185846 132.55205202185846 33.138013005464614 33.138013005464614 33.138013005464614
 6438912 128 12652.874 12652.874 12652.874 130.27565689818772 130.27565689818772 130.27565689818772 32.56891422454693 32.56891422454693 32.56891422454693
 7082784 128 13710.976 13710.976 13710.976 132.24388285706283 132.24388285706283 132.24388285706283 33.06097071426571 33.06097071426571 33.06097071426571
 7791040 128 15042.782 15042.782 15042.782 132.58892138435564 132.58892138435564 132.58892138435564 33.14723034608891 33.14723034608891 33.14723034608891
 8570144 64 8261.919 8261.919 8261.919 132.7752586293814 132.7752586293814 132.7752586293814 33.19381465734535 33.19381465734535 33.19381465734535
 9427136 64 9119.034 9119.034 9119.034 132.32469667291514 132.32469667291514 132.32469667291514 33.081174168228785 33.081174168228785 33.081174168228785
 10369824 64 10022.879 10022.879 10022.879 132.43075886678866 132.43075886678866 132.43075886678866 33.107689716697166 33.107689716697166 33.107689716697166
 11406784 64 11013.031 11013.031 11013.031 132.57643168352106 132.57643168352106 132.57643168352106 33.144107920880266 33.144107920880266 33.144107920880266
 12547456 64 12171.984 12171.984 12171.984 131.94844554511408 131.94844554511408 131.94844554511408 32.98711138627852 32.98711138627852 32.98711138627852
 13802176 64 13340.95 13340.95 13340.95 132.42524168068988 132.42524168068988 132.42524168068988 33.10631042017247 33.10631042017247 33.10631042017247
 15182368 64 14695.168 14695.168 14695.168 132.2436806438688 132.2436806438688 132.2436806438688 33.0609201609672 33.0609201609672 33.0609201609672
 16700576 64 16224.146 16224.146 16224.146 131.75878274270954 131.75878274270954 131.75878274270954 32.939695685677385 32.939695685677385 32.939695685677385
 18370624 32 8922.1 8922.1 8922.1 131.77614418130258 131.77614418130258 131.77614418130258 32.944036045325646 32.944036045325646 32.944036045325646
 20207680 32 9782.076 9782.076 9782.076 132.2103324488585 132.2103324488585 132.2103324488585 33.05258311221463 33.05258311221463 33.05258311221463
 22228448 32 10746.002 10746.002 10746.002 132.38604199031417 132.38604199031417 132.38604199031417 33.09651049757854 33.09651049757854 33.09651049757854
 24451264 32 11868.954 11868.954 11868.954 131.8465718209035 131.8465718209035 131.8465718209035 32.96164295522588 32.96164295522588 32.96164295522588
 26896384 32 13705.015 13705.015 13705.015 125.60136388030222 125.60136388030222 125.60136388030222 31.400340970075554 31.400340970075554 31.400340970075554
 29586016 32 14447.927 14447.927 14447.927 131.0572114601631 131.0572114601631 131.0572114601631 32.764302865040776 32.764302865040776 32.764302865040776
 32544608 32 15964.985 15964.985 15964.985 130.46394418785863 130.46394418785863 130.46394418785863 32.61598604696466 32.61598604696466 32.61598604696466
 35799040 16 9058.952 9058.952 9058.952 126.45715310115344 126.45715310115344 126.45715310115344 31.61428827528836 31.61428827528836 31.61428827528836
 39378944 16 9942.055 9942.055 9942.055 126.74705661958217 126.74705661958217 126.74705661958217 31.686764154895542 31.686764154895542 31.686764154895542
 43316832 16 10635.853 10635.853 10635.853 130.326982142382 130.326982142382 130.326982142382 32.5817455355955 32.5817455355955 32.5817455355955
 47648512 16 11711.121 11711.121 11711.121 130.1969626989594 130.1969626989594 130.1969626989594 32.54924067473985 32.54924067473985 32.54924067473985
 52413344 16 13751.03 13751.03 13751.03 121.97100929893978 121.97100929893978 121.97100929893978 30.492752324734944 30.492752324734944 30.492752324734944
 57654656 16 16400.099 16400.099 16400.099 112.49621066311857 112.49621066311857 112.49621066311857 28.124052665779644 28.124052665779644 28.124052665779644
 63420096 16 21538.973 21538.973 21538.973 94.22190519482983 94.22190519482983 94.22190519482983 23.555476298707458 23.555476298707458 23.555476298707458
 69762080 8 14053.822 14053.822 14053.822 79.42275631497255 79.42275631497255 79.42275631497255 19.855689078743136 19.855689078743136 19.855689078743136
 76738272 8 16733.17 16733.17 16733.17 73.37595637885708 73.37595637885708 73.37595637885708 18.34398909471427 18.34398909471427 18.34398909471427
 84412096 8 19142.151 19142.151 19142.151 70.55599634544727 70.55599634544727 70.55599634544727 17.638999086361817 17.638999086361817 17.638999086361817
 92853280 8 21022.081 21022.081 21022.081 70.67104726691902 70.67104726691902 70.67104726691902 17.667761816729755 17.667761816729755 17.667761816729755
 102138592 8 23471.117 23471.117 23471.117 69.62674473481599 69.62674473481599 69.62674473481599 17.406686183703997 17.406686183703997 17.406686183703997
 112352448 8 25791.883 25791.883 25791.883 69.69786455684526 69.69786455684526 69.69786455684526 17.424466139211315 17.424466139211315 17.424466139211315
 123587680 8 29293.06 29293.06 29293.06 67.5041419366908 67.5041419366908 67.5041419366908 16.8760354841727 16.8760354841727 16.8760354841727
 135946432 4 16169.071 16169.071 16169.071 67.26245781220207 67.26245781220207 67.26245781220207 16.815614453050518 16.815614453050518 16.815614453050518
 149541056 4 17302.99 17302.99 17302.99 69.13998378314962 69.13998378314962 69.13998378314962 17.284995945787404 17.284995945787404 17.284995945787404
 164495136 4 18793.106 18793.106 18793.106 70.02360801881285 70.02360801881285 70.02360801881285 17.505902004703213 17.505902004703213 17.505902004703213
 180944640 4 21184.206 21184.206 21184.206 68.33190349451851 68.33190349451851 68.33190349451851 17.08297587362963 17.08297587362963 17.08297587362963
 199039104 4 23836.136 23836.136 23836.136 66.8024730182778 66.8024730182778 66.8024730182778 16.70061825456945 16.70061825456945 16.70061825456945
 218943008 4 25658.846 25658.846 25658.846 68.26277627606478 68.26277627606478 68.26277627606478 17.065694069016196 17.065694069016196 17.065694069016196
 240837280 4 27868.032 27868.032 27868.032 69.13650163743173 69.13650163743173 69.13650163743173 17.284125409357934 17.284125409357934 17.284125409357934
 264920992 4 31405.926 31405.926 31405.926 67.48305832472509 67.48305832472509 67.48305832472509 16.870764581181273 16.870764581181273 16.870764581181273
 291413088 2 17104.149 17104.149 17104.149 68.15026880320089 68.15026880320089 68.15026880320089 17.037567200800222 17.037567200800222 17.037567200800222
 320554368 2 18811.941 18811.941 18811.941 68.15976469413762 68.15976469413762 68.15976469413762 17.039941173534405 17.039941173534405 17.039941173534405
 352609792 2 20573.854 20573.854 20573.854 68.55493229416327 68.55493229416327 68.55493229416327 17.138733073540816 17.138733073540816 17.138733073540816
 387870752 2 22483.826 22483.826 22483.826 69.00440378786065 69.00440378786065 69.00440378786065 17.251100946965163 17.251100946965163 17.251100946965163
 426657824 2 25215.149 25215.149 25215.149 67.6827765721313 67.6827765721313 67.6827765721313 16.920694143032826 16.920694143032826 16.920694143032826
 469323584 2 27575.016 27575.016 27575.016 68.07953750598006 68.07953750598006 68.07953750598006 17.019884376495014 17.019884376495014 17.019884376495014
 516255936 2 30117.035 30117.035 30117.035 68.56663492936804 68.56663492936804 68.56663492936804 17.14165873234201 17.14165873234201 17.14165873234201
 567881504 1 16463.995 16463.995 16463.995 68.98465457502873 68.98465457502873 68.98465457502873 17.246163643757182 17.246163643757182 17.246163643757182
 624669632 1 18042.088 18042.088 18042.088 69.2458247626328 69.2458247626328 69.2458247626328 17.3114561906582 17.3114561906582 17.3114561906582
 687136576 1 20117.044 20117.044 20117.044 68.31387116317885 68.31387116317885 68.31387116317885 17.07846779079471 17.07846779079471 17.07846779079471
 755850208 1 22403.955 22403.955 22403.955 67.47471221041106 67.47471221041106 67.47471221041106 16.868678052602764 16.868678052602764 16.868678052602764
 831435200 1 24681.807 24681.807 24681.807 67.37231192189454 67.37231192189454 67.37231192189454 16.843077980473634 16.843077980473634 16.843077980473634
 914578720 1 26966.095 26966.095 26966.095 67.8317509450293 67.8317509450293 67.8317509450293 16.957937736257325 16.957937736257325 16.957937736257325
 1006036576 1 29141.903 29141.903 29141.903 69.04398631757165 69.04398631757165 69.04398631757165 17.260996579392913 17.260996579392913 17.260996579392913
 
META_DATA
 MPI startup(): shm:tmi fabric is unknown or has been removed from the product, please use ofi or shm:ofi instead
 FLOPS          4
 MPI_PROCS      1
 OPENMP_THREADS 4
 ERT_VERSION  1.1.0
 HOSTNAME  ('shas0420.rc.int.colorado.edu', [], ['10.225.6.135'])
 UNAME  uname_result(system='Linux', node='shas0420.rc.int.colorado.edu', release='3.10.0-957.27.2.el7.x86_64', version='#1 SMP Mon Jul 29 17:46:05 UTC 2019', machine='x86_64', processor='x86_64')
 TIMESTAMP_DATA  1664552839.6039774
 CONFIG  {'ERT_RESULTS': ['lab5_results'], 'ERT_DRIVER': ['driver1'], 'ERT_KERNEL': ['kernel1'], 'ERT_MPI': ['True'], 'ERT_MPI_CFLAGS': ['-I/usr/include/mpi'], 'ERT_MPI_LDFLAGS': ['-lmpi'], 'ERT_OPENMP': ['True'], 'ERT_OPENMP_CFLAGS': ['-qopenmp'], 'ERT_OPENMP_LDFLAGS': ['-qopenmp'], 'ERT_FLOPS': ['1,2,4,8,16'], 'ERT_ALIGN': ['32'], 'ERT_CC': ['mpicc'], 'ERT_CFLAGS': ['-O3', '-msse3', '-axSSE3', '-xSSE3', '-fno-alias', '-fno-fnalias', '-DERT_INTEL', '-std=c++11'], 'ERT_LD': ['mpicc'], 'ERT_LDFLAGS': [], 'ERT_LDLIBS': [], 'ERT_PRECISION': ['FP64'], 'ERT_RUN': ['export', 'OMP_NUM_THREADS=ERT_OPENMP_THREADS;', 'mpirun', '-np', 'ERT_MPI_PROCS', 'ERT_CODE'], 'ERT_PROCS_THREADS': ['1-24'], 'ERT_MPI_PROCS': ['1,2,4'], 'ERT_OPENMP_THREADS': ['1,2,4'], 'ERT_NUM_EXPERIMENTS': ['1'], 'ERT_MEMORY_MAX': ['1073741824'], 'ERT_WORKING_SET_MIN': ['1'], 'ERT_TRIALS_MIN': ['1'], 'ERT_GNUPLOT': ['gnuplot'], 'ERT_GPU': [False], 'ERT_HIP': [False], 'ERT_OCL': [False], 'ERT_SYCL': [False], 'ERT_WSS_MULT': [1.1]}
 