fp64
 16 67108864 512096.882 512096.882 512096.882 4.193510492805539 4.193510492805539 4.193510492805539 0.5241888116006924 0.5241888116006924 0.5241888116006924
 32 33554432 282852.173 282852.173 282852.173 7.592247304389633 7.592247304389633 7.592247304389633 0.9490309130487041 0.9490309130487041 0.9490309130487041
 48 16777216 139887.094 139887.094 139887.094 11.513662125256529 11.513662125256529 11.513662125256529 1.439207765657066 1.439207765657066 1.439207765657066
 64 16777216 194043.875 194043.875 194043.875 11.067000429670868 11.067000429670868 11.067000429670868 1.3833750537088585 1.3833750537088585 1.3833750537088585
 80 8388608 74529.886 74529.886 74529.886 18.008578196402983 18.008578196402983 18.008578196402983 2.251072274550373 2.251072274550373 2.251072274550373
 96 8388608 113991.022 113991.022 113991.022 14.129294638660227 14.129294638660227 14.129294638660227 1.7661618298325283 1.7661618298325283 1.7661618298325283
 112 8388608 84821.939 84821.939 84821.939 22.15285590205619 22.15285590205619 22.15285590205619 2.7691069877570236 2.7691069877570236 2.7691069877570236
 128 8388608 127207.994 127207.994 127207.994 16.881672137680276 16.881672137680276 16.881672137680276 2.1102090172100345 2.1102090172100345 2.1102090172100345
 144 4194304 64687.014 64687.014 64687.014 18.67391115008029 18.67391115008029 18.67391115008029 2.3342388937600362 2.3342388937600362 2.3342388937600362
 160 4194304 71552.038 71552.038 71552.038 18.75805801646069 18.75805801646069 18.75805801646069 2.3447572520575863 2.3447572520575863 2.3447572520575863
 176 4194304 77165.842 77165.842 77165.842 19.132753168169927 19.132753168169927 19.132753168169927 2.391594146021241 2.391594146021241 2.391594146021241
 192 4194304 81970.93 81970.93 81970.93 19.648584394492048 19.648584394492048 19.648584394492048 2.456073049311506 2.456073049311506 2.456073049311506
 208 4194304 85272.074 85272.074 85272.074 20.461921261584422 20.461921261584422 20.461921261584422 2.5577401576980527 2.5577401576980527 2.5577401576980527
 224 4194304 93379.974 93379.974 93379.974 20.122603503830486 20.122603503830486 20.122603503830486 2.515325437978811 2.515325437978811 2.515325437978811
 240 4194304 96937.895 96937.895 96937.895 20.76861602988181 20.76861602988181 20.76861602988181 2.596077003735226 2.596077003735226 2.596077003735226
 256 4194304 43987.036 43987.036 43987.036 48.8208309375517 48.8208309375517 48.8208309375517 6.102603867193962 6.102603867193962 6.102603867193962
 272 2097152 28302.908 28302.908 28302.908 40.308603200773575 40.308603200773575 40.308603200773575 5.038575400096697 5.038575400096697 5.038575400096697
 288 2097152 28624.058 28624.058 28624.058 42.200849089950836 42.200849089950836 42.200849089950836 5.2751061362438545 5.2751061362438545 5.2751061362438545
 304 2097152 31730.175 31730.175 31730.175 40.18472687276386 40.18472687276386 40.18472687276386 5.023090859095483 5.023090859095483 5.023090859095483
 320 2097152 34710.884 34710.884 34710.884 38.667332125566155 38.667332125566155 38.667332125566155 4.833416515695769 4.833416515695769 4.833416515695769
 352 2097152 40066.004 40066.004 40066.004 36.84907054868761 36.84907054868761 36.84907054868761 4.606133818585951 4.606133818585951 4.606133818585951
 384 2097152 44327.021 44327.021 44327.021 36.33478405868962 36.33478405868962 36.33478405868962 4.541848007336203 4.541848007336203 4.541848007336203
 416 2097152 49907.923 49907.923 49907.923 34.96099134399963 34.96099134399963 34.96099134399963 4.370123917999954 4.370123917999954 4.370123917999954
 448 2097152 55232.048 55232.048 55232.048 34.02097622742506 34.02097622742506 34.02097622742506 4.252622028428132 4.252622028428132 4.252622028428132
 480 2097152 60386.896 60386.896 60386.896 33.33945033372803 33.33945033372803 33.33945033372803 4.167431291716004 4.167431291716004 4.167431291716004
 528 1048576 23160.934 23160.934 23160.934 47.80879113078945 47.80879113078945 47.80879113078945 5.976098891348681 5.976098891348681 5.976098891348681
 576 1048576 25981.903 25981.903 25981.903 46.4923432282847 46.4923432282847 46.4923432282847 5.811542903535588 5.811542903535588 5.811542903535588
 624 1048576 29687.881 29687.881 29687.881 44.07936181096926 44.07936181096926 44.07936181096926 5.5099202263711575 5.5099202263711575 5.5099202263711575
 672 1048576 32945.156 32945.156 32945.156 42.77673306509764 42.77673306509764 42.77673306509764 5.347091633137205 5.347091633137205 5.347091633137205
 736 1048576 38172.96 38172.96 38172.96 40.43448220939639 40.43448220939639 40.43448220939639 5.054310276174549 5.054310276174549 5.054310276174549
 800 1048576 34705.162 34705.162 34705.162 48.342134233518344 48.342134233518344 48.342134233518344 6.042766779189793 6.042766779189793 6.042766779189793
 880 1048576 39550.066 39550.066 39550.066 46.662216948007114 46.662216948007114 46.662216948007114 5.832777118500889 5.832777118500889 5.832777118500889
 960 1048576 43496.847 43496.847 43496.847 46.28533006082027 46.28533006082027 46.28533006082027 5.785666257602534 5.785666257602534 5.785666257602534
 1056 524288 22962.093 22962.093 22962.093 48.22279293094057 48.22279293094057 48.22279293094057 6.027849116367571 6.027849116367571 6.027849116367571
 1152 524288 25540.113 25540.113 25540.113 47.296562548489895 47.296562548489895 47.296562548489895 5.912070318561237 5.912070318561237 5.912070318561237
 1264 524288 28861.046 28861.046 28861.046 45.923493694580586 45.923493694580586 45.923493694580586 5.740436711822573 5.740436711822573 5.740436711822573
 1376 524288 29989.004 29989.004 29989.004 48.11232063592376 48.11232063592376 48.11232063592376 6.01404007949047 6.01404007949047 6.01404007949047
 1504 524288 32949.924 32949.924 32949.924 47.86227440160408 47.86227440160408 47.86227440160408 5.98278430020051 5.98278430020051 5.98278430020051
 1648 524288 35664.082 35664.082 35664.082 48.45360236666122 48.45360236666122 48.45360236666122 6.056700295832653 6.056700295832653 6.056700295832653
 1808 524288 38721.085 38721.085 38721.085 48.96106108596905 48.96106108596905 48.96106108596905 6.120132635746131 6.120132635746131 6.120132635746131
 1984 524288 42654.037 42654.037 42654.037 48.77322125453213 48.77322125453213 48.77322125453213 6.0966526568165165 6.0966526568165165 6.0966526568165165
 2176 262144 23373.842 23373.842 23373.842 48.80886454182415 48.80886454182415 48.80886454182415 6.101108067728019 6.101108067728019 6.101108067728019
 2384 262144 25671.005 25671.005 25671.005 48.68927383248143 48.68927383248143 48.68927383248143 6.086159229060179 6.086159229060179 6.086159229060179
 2608 262144 27707.1 27707.1 27707.1 49.34991767453108 49.34991767453108 49.34991767453108 6.168739709316385 6.168739709316385 6.168739709316385
 2864 262144 30385.971 30385.971 30385.971 49.416253046512814 49.416253046512814 49.416253046512814 6.177031630814102 6.177031630814102 6.177031630814102
 3136 262144 32951.117 32951.117 32951.117 49.897160329951795 49.897160329951795 49.897160329951795 6.237145041243974 6.237145041243974 6.237145041243974
 3440 262144 36381.96 36381.96 36381.96 49.572665134038964 49.572665134038964 49.572665134038964 6.1965831417548705 6.1965831417548705 6.1965831417548705
 3776 262144 39849.043 39849.043 39849.043 49.68027683876875 49.68027683876875 49.68027683876875 6.2100346048460935 6.2100346048460935 6.2100346048460935
 4144 131072 21802.902 21802.902 21802.902 49.82477727047527 49.82477727047527 49.82477727047527 6.228097158809409 6.228097158809409 6.228097158809409
 4544 131072 23929.834 23929.834 23929.834 49.778127838245766 49.778127838245766 49.778127838245766 6.222265979780721 6.222265979780721 6.222265979780721
 4992 131072 26174.784 26174.784 26174.784 49.99555480572447 49.99555480572447 49.99555480572447 6.249444350715558 6.249444350715558 6.249444350715558
 5488 131072 28837.919 28837.919 28837.919 49.887312326523976 49.887312326523976 49.887312326523976 6.235914040815497 6.235914040815497 6.235914040815497
 6032 131072 31542.778 31542.778 31542.778 50.130416794614604 50.130416794614604 50.130416794614604 6.2663020993268255 6.2663020993268255 6.2663020993268255
 6624 131072 34722.09 34722.09 34722.09 50.00971588979811 50.00971588979811 50.00971588979811 6.251214486224764 6.251214486224764 6.251214486224764
 7280 131072 38106.918 38106.918 38106.918 50.080363885633574 50.080363885633574 50.080363885633574 6.260045485704197 6.260045485704197 6.260045485704197
 8000 131072 41903.973 41903.973 41903.973 50.04661491166959 50.04661491166959 50.04661491166959 6.255826863958699 6.255826863958699 6.255826863958699
 8800 65536 23980.856 23980.856 23980.856 48.09809958410159 48.09809958410159 48.09809958410159 6.012262448012699 6.012262448012699 6.012262448012699
 9680 65536 26496.172 26496.172 26496.172 47.88529301515706 47.88529301515706 47.88529301515706 5.9856616268946325 5.9856616268946325 5.9856616268946325
 10640 65536 28836.966 28836.966 28836.966 48.36174790371497 48.36174790371497 48.36174790371497 6.045218487964371 6.045218487964371 6.045218487964371
 11696 65536 31645.06 31645.06 31645.06 48.444152483831594 48.444152483831594 48.444152483831594 6.055519060478949 6.055519060478949 6.055519060478949
 12864 65536 34494.877 34494.877 34494.877 48.880017980641014 48.880017980641014 48.880017980641014 6.110002247580127 6.110002247580127 6.110002247580127
 14144 65536 37755.966 37755.966 37755.966 49.101706681269924 49.101706681269924 49.101706681269924 6.1377133351587405 6.1377133351587405 6.1377133351587405
 15552 65536 41685.82 41685.82 41685.82 48.89988355752627 48.89988355752627 48.89988355752627 6.112485444690784 6.112485444690784 6.112485444690784
 17104 32768 22872.925 22872.925 22872.925 49.00675116977825 49.00675116977825 49.00675116977825 6.125843896222281 6.125843896222281 6.125843896222281
 18800 32768 24966.002 24966.002 24966.002 49.35018430263684 49.35018430263684 49.35018430263684 6.168773037829605 6.168773037829605 6.168773037829605
 20672 32768 27603.149 27603.149 27603.149 49.07991446917886 49.07991446917886 49.07991446917886 6.1349893086473575 6.1349893086473575 6.1349893086473575
 22736 32768 30171.871 30171.871 30171.871 49.38462371127068 49.38462371127068 49.38462371127068 6.173077963908835 6.173077963908835 6.173077963908835
 25008 32768 33169.985 33169.985 33169.985 49.40985918444039 49.40985918444039 49.40985918444039 6.176232398055049 6.176232398055049 6.176232398055049
 27504 32768 36401.987 36401.987 36401.987 49.516586663249996 49.516586663249996 49.516586663249996 6.1895733329062494 6.1895733329062494 6.1895733329062494
 30240 32768 39747.0 39747.0 39747.0 49.86058419503359 49.86058419503359 49.86058419503359 6.232573024379199 6.232573024379199 6.232573024379199
 33264 16384 21937.847 21937.847 21937.847 49.685584551665436 49.685584551665436 49.685584551665436 6.210698068958179 6.210698068958179 6.210698068958179
 36576 16384 24055.958 24055.958 24055.958 49.82226723209277 49.82226723209277 49.82226723209277 6.227783404011596 6.227783404011596 6.227783404011596
 40224 16384 26793.003 26793.003 26793.003 49.194188199060775 49.194188199060775 49.194188199060775 6.149273524882597 6.149273524882597 6.149273524882597
 44240 16384 29026.985 29026.985 29026.985 49.94167737365765 49.94167737365765 49.94167737365765 6.242709671707206 6.242709671707206 6.242709671707206
 48656 16384 31869.173 31869.173 31869.173 50.028276792748905 50.028276792748905 50.028276792748905 6.253534599093613 6.253534599093613 6.253534599093613
 53520 16384 34983.158 34983.158 34983.158 50.13107621673264 50.13107621673264 50.13107621673264 6.26638452709158 6.26638452709158 6.26638452709158
 58864 16384 38551.092 38551.092 38551.092 50.03374617766989 50.03374617766989 50.03374617766989 6.254218272208736 6.254218272208736 6.254218272208736
 64736 16384 42380.095 42380.095 42380.095 50.05343305624964 50.05343305624964 50.05343305624964 6.256679132031205 6.256679132031205 6.256679132031205
 71200 8192 24854.898 24854.898 24854.898 46.93404092827095 46.93404092827095 46.93404092827095 5.866755116033869 5.866755116033869 5.866755116033869
 78320 8192 28488.874 28488.874 28488.874 45.04196550555139 45.04196550555139 45.04196550555139 5.630245688193924 5.630245688193924 5.630245688193924
 86144 8192 31410.933 31410.933 31410.933 44.9328676738128 44.9328676738128 44.9328676738128 5.6166084592266 5.6166084592266 5.6166084592266
 94752 8192 34485.102 34485.102 34485.102 45.017027004878805 45.017027004878805 45.017027004878805 5.627128375609851 5.627128375609851 5.627128375609851
 104224 8192 38028.955 38028.955 38028.955 44.902785680016706 44.902785680016706 44.902785680016706 5.612848210002088 5.612848210002088 5.612848210002088
 114640 8192 41743.994 41743.994 41743.994 44.99477841051817 44.99477841051817 44.99477841051817 5.624347301314772 5.624347301314772 5.624347301314772
 126096 8192 46110.868 46110.868 46110.868 44.8041200178665 44.8041200178665 44.8041200178665 5.600515002233313 5.600515002233313 5.600515002233313
 138704 4096 25285.006 25285.006 25285.006 44.93822022427046 44.93822022427046 44.93822022427046 5.617277528033807 5.617277528033807 5.617277528033807
 152560 4096 27848.005 27848.005 27848.005 44.87831426344544 44.87831426344544 44.87831426344544 5.60978928293068 5.60978928293068 5.60978928293068
 167808 4096 30655.146 30655.146 30655.146 44.843470522045465 44.843470522045465 44.843470522045465 5.605433815255683 5.605433815255683 5.605433815255683
 184576 4096 33818.96 33818.96 33818.96 44.710026328426416 44.710026328426416 44.710026328426416 5.588753291053302 5.588753291053302 5.588753291053302
 203024 4096 36997.08 36997.08 36997.08 44.95415876063733 44.95415876063733 44.95415876063733 5.619269845079666 5.619269845079666 5.619269845079666
 223312 4096 40750.98 40750.98 40750.98 44.891482462507646 44.891482462507646 44.891482462507646 5.611435307813456 5.611435307813456 5.611435307813456
 245632 4096 44723.988 44723.988 44723.988 44.991903315956534 44.991903315956534 44.991903315956534 5.623987914494567 5.623987914494567 5.623987914494567
 270192 2048 24652.958 24652.958 24652.958 44.891425686118474 44.891425686118474 44.891425686118474 5.611428210764809 5.611428210764809 5.611428210764809
 297200 2048 27080.059 27080.059 27080.059 44.95304829284161 44.95304829284161 44.95304829284161 5.619131036605201 5.619131036605201 5.619131036605201
 326912 2048 30126.81 30126.81 30126.81 44.44650967029035 44.44650967029035 44.44650967029035 5.555813708786293 5.555813708786293 5.555813708786293
 359600 2048 33587.933 33587.933 33587.933 43.85270150443613 43.85270150443613 43.85270150443613 5.481587688054517 5.481587688054517 5.481587688054517
 395552 2048 39738.894 39738.894 39738.894 40.77066140793954 40.77066140793954 40.77066140793954 5.096332675992443 5.096332675992443 5.096332675992443
 435104 2048 48691.988 48691.988 48691.988 36.601216282235185 36.601216282235185 36.601216282235185 4.575152035279398 4.575152035279398 4.575152035279398
 478608 2048 54286.957 54286.957 54286.957 36.111406428619674 36.111406428619674 36.111406428619674 4.513925803577459 4.513925803577459 4.513925803577459
 526464 1024 29967.07 29967.07 29967.07 35.9794358273932 35.9794358273932 35.9794358273932 4.49742947842415 4.49742947842415 4.49742947842415
 579104 1024 37477.016 37477.016 37477.016 31.64619595113976 31.64619595113976 31.64619595113976 3.95577449389247 3.95577449389247 3.95577449389247
 637008 1024 41686.058 41686.058 41686.058 31.29565246970582 31.29565246970582 31.29565246970582 3.9119565587132277 3.9119565587132277 3.9119565587132277
 700704 1024 48729.897 48729.897 48729.897 29.448898527325024 29.448898527325024 29.448898527325024 3.681112315915628 3.681112315915628 3.681112315915628
 770768 1024 53541.899 53541.899 53541.899 29.482197932501425 29.482197932501425 29.482197932501425 3.685274741562678 3.685274741562678 3.685274741562678
 847840 1024 59267.998 59267.998 59267.998 29.29703007683843 29.29703007683843 29.29703007683843 3.6621287596048036 3.6621287596048036 3.6621287596048036
 932624 1024 65392.017 65392.017 65392.017 29.20867163341972 29.20867163341972 29.20867163341972 3.651083954177465 3.651083954177465 3.651083954177465
 1025872 1024 71825.027 71825.027 71825.027 29.25144540495613 29.25144540495613 29.25144540495613 3.656430675619516 3.656430675619516 3.656430675619516
 1128448 512 40616.035 40616.035 40616.035 28.45011217860138 28.45011217860138 28.45011217860138 3.5562640223251725 3.5562640223251725 3.5562640223251725
 1241280 512 43429.852 43429.852 43429.852 29.267212791791234 29.267212791791234 29.267212791791234 3.6584015989739043 3.6584015989739043 3.6584015989739043
 1365408 512 52247.047 52247.047 52247.047 26.760896017721347 26.760896017721347 26.760896017721347 3.3451120022151684 3.3451120022151684 3.3451120022151684
 1501936 512 52531.004 52531.004 52531.004 29.277614111468342 29.277614111468342 29.277614111468342 3.6597017639335427 3.6597017639335427 3.6597017639335427
 1652128 512 57789.803 57789.803 57789.803 29.274698721502823 29.274698721502823 29.274698721502823 3.659337340187853 3.659337340187853 3.659337340187853
 1817328 512 63649.178 63649.178 63649.178 29.23751618599065 29.23751618599065 29.23751618599065 3.6546895232488312 3.6546895232488312 3.6546895232488312
 1999056 512 70015.192 70015.192 70015.192 29.236988223927177 29.236988223927177 29.236988223927177 3.654623527990897 3.654623527990897 3.654623527990897
 2198960 256 38506.985 38506.985 38506.985 29.238007597842312 29.238007597842312 29.238007597842312 3.654750949730289 3.654750949730289 3.654750949730289
 2418848 256 42346.954 42346.954 42346.954 29.24531894312871 29.24531894312871 29.24531894312871 3.6556648678910886 3.6556648678910886 3.6556648678910886
 2660720 256 46570.063 46570.063 46570.063 29.25245430739486 29.25245430739486 29.25245430739486 3.6565567884243575 3.6565567884243575 3.6565567884243575
 2926784 256 51180.84 51180.84 51180.84 29.27879667469311 29.27879667469311 29.27879667469311 3.6598495843366385 3.6598495843366385 3.6598495843366385
 3219456 256 57869.911 57869.911 57869.911 28.483912339177433 28.483912339177433 28.483912339177433 3.560489042397179 3.560489042397179 3.560489042397179
 3541392 256 62112.808 62112.808 62112.808 29.191929368255256 29.191929368255256 29.191929368255256 3.648991171031907 3.648991171031907 3.648991171031907
 3895520 256 68339.109 68339.109 68339.109 29.185429385683097 29.185429385683097 29.185429385683097 3.648178673210387 3.648178673210387 3.648178673210387
 4285072 128 37604.094 37604.094 37604.094 29.17178198735489 29.17178198735489 29.17178198735489 3.6464727484193613 3.6464727484193613 3.6464727484193613
 4713568 128 41360.14 41360.14 41360.14 29.174790220729427 29.174790220729427 29.174790220729427 3.6468487775911784 3.6468487775911784 3.6468487775911784
 5184912 128 45555.115 45555.115 45555.115 29.13695799033764 29.13695799033764 29.13695799033764 3.642119748792205 3.642119748792205 3.642119748792205
 5703392 128 50122.976 50122.976 50122.976 29.129721906376826 29.129721906376826 29.129721906376826 3.6412152382971033 3.6412152382971033 3.6412152382971033
 6273728 128 55162.907 55162.907 55162.907 29.115114763621868 29.115114763621868 29.115114763621868 3.6393893454527335 3.6393893454527335 3.6393893454527335
 6901088 128 60714.96 60714.96 60714.96 29.09791142084257 29.09791142084257 29.09791142084257 3.6372389276053214 3.6372389276053214 3.6372389276053214
 7591184 128 67790.031 67790.031 67790.031 28.66709271751181 28.66709271751181 28.66709271751181 3.5833865896889763 3.5833865896889763 3.5833865896889763
 8350288 128 73592.901 73592.901 73592.901 29.04728172082794 29.04728172082794 29.04728172082794 3.6309102151034924 3.6309102151034924 3.6309102151034924
 9185312 64 40516.138 40516.138 40516.138 29.01855887646547 29.01855887646547 29.01855887646547 3.6273198595581837 3.6273198595581837 3.6273198595581837
 10103840 64 44580.936 44580.936 44580.936 29.00996784814029 29.00996784814029 29.00996784814029 3.626245981017536 3.626245981017536 3.626245981017536
 11114224 64 49070.12 49070.12 49070.12 28.991587385561722 28.991587385561722 28.991587385561722 3.6239484231952153 3.6239484231952153 3.6239484231952153
 12225632 64 54119.11 54119.11 54119.11 28.915495764804707 28.915495764804707 28.915495764804707 3.6144369706005883 3.6144369706005883 3.6144369706005883
 13448192 64 60528.994 60528.994 60528.994 28.438744182663932 28.438744182663932 28.438744182663932 3.5548430228329915 3.5548430228329915 3.5548430228329915
 14793008 64 65294.981 65294.981 65294.981 28.99924305054932 28.99924305054932 28.99924305054932 3.624905381318665 3.624905381318665 3.624905381318665
 16272304 64 72205.067 72205.067 72205.067 28.8463815427247 28.8463815427247 28.8463815427247 3.6057976928405875 3.6057976928405875 3.6057976928405875
 17899520 32 40251.97 40251.97 40251.97 28.459955624532164 28.459955624532164 28.459955624532164 3.5574944530665205 3.5574944530665205 3.5574944530665205
 19689472 32 44305.086 44305.086 44305.086 28.44202148710421 28.44202148710421 28.44202148710421 3.5552526858880262 3.5552526858880262 3.5552526858880262
 21658416 32 48061.848 48061.848 48061.848 28.840726723616623 28.840726723616623 28.840726723616623 3.605090840452078 3.605090840452078 3.605090840452078
 23824256 32 53222.179 53222.179 53222.179 28.648815449664323 28.648815449664323 28.648815449664323 3.5811019312080403 3.5811019312080403 3.5811019312080403
 26206672 32 58530.092 58530.092 58530.092 28.655806794221338 28.655806794221338 28.655806794221338 3.581975849277667 3.581975849277667 3.581975849277667
 28827328 32 64212.084 64212.084 64212.084 28.732115157639175 28.732115157639175 28.732115157639175 3.591514394704897 3.591514394704897 3.591514394704897
 31710048 32 70878.983 70878.983 70878.983 28.632508341718165 28.632508341718165 28.632508341718165 3.5790635427147706 3.5790635427147706 3.5790635427147706
 34881040 16 39112.091 39112.091 39112.091 28.538317728908947 28.538317728908947 28.538317728908947 3.5672897161136183 3.5672897161136183 3.5672897161136183
 38369136 16 43066.978 43066.978 43066.978 28.50936863970348 28.50936863970348 28.50936863970348 3.563671079962935 3.563671079962935 3.563671079962935
 42206048 16 47883.034 47883.034 47883.034 28.206097717199796 28.206097717199796 28.206097717199796 3.5257622146499745 3.5257622146499745 3.5257622146499745
 46426640 16 53376.198 53376.198 53376.198 27.833613776687503 27.833613776687503 27.833613776687503 3.479201722085938 3.479201722085938 3.479201722085938
 51069296 16 61560.869 61560.869 61560.869 26.5463678233652 26.5463678233652 26.5463678233652 3.31829597792065 3.31829597792065 3.31829597792065
 56176224 16 72207.928 72207.928 72207.928 24.895315760895393 24.895315760895393 24.895315760895393 3.111914470111924 3.111914470111924 3.111914470111924
 61793840 16 86056.948 86056.948 86056.948 22.977841138405232 22.977841138405232 22.977841138405232 2.872230142300654 2.872230142300654 2.872230142300654
 67973216 8 51357.031 51357.031 51357.031 21.176680871602564 21.176680871602564 21.176680871602564 2.6470851089503205 2.6470851089503205 2.6470851089503205
 74770528 8 78958.988 78958.988 78958.988 15.151263691474872 15.151263691474872 15.151263691474872 1.893907961434359 1.893907961434359 1.893907961434359
 82247568 8 70528.984 70528.984 70528.984 18.6584438533809 18.6584438533809 18.6584438533809 2.3323054816726123 2.3323054816726123 2.3323054816726123
 90472320 8 79751.968 79751.968 79751.968 18.1507385497998 18.1507385497998 18.1507385497998 2.268842318724975 2.268842318724975 2.268842318724975
 99519552 8 89809.895 89809.895 89809.895 17.72981509442807 17.72981509442807 17.72981509442807 2.2162268868035087 2.2162268868035087 2.2162268868035087
 109471504 8 100006.819 100006.819 100006.819 17.514246343541835 17.514246343541835 17.514246343541835 2.1892807929427294 2.1892807929427294 2.1892807929427294
 120418640 8 110909.939 110909.939 110909.939 17.37173654022116 17.37173654022116 17.37173654022116 2.171467067527645 2.171467067527645 2.171467067527645
 132460496 8 122548.819 122548.819 122548.819 17.29407066746192 17.29407066746192 17.29407066746192 2.16175883343274 2.16175883343274 2.16175883343274
 145706544 4 67584.991 67584.991 67584.991 17.247207327437536 17.247207327437536 17.247207327437536 2.155900915929692 2.155900915929692 2.155900915929692
 160277184 4 74424.982 74424.982 74424.982 17.228320888273778 17.228320888273778 17.228320888273778 2.1535401110342223 2.1535401110342223 2.1535401110342223
 176304896 4 82013.845 82013.845 82013.845 17.19757399497609 17.19757399497609 17.19757399497609 2.149696749372011 2.149696749372011 2.149696749372011
 193935376 4 90195.179 90195.179 90195.179 17.20139618548792 17.20139618548792 17.20139618548792 2.15017452318599 2.15017452318599 2.15017452318599
 213328912 4 99496.126 99496.126 99496.126 17.152741163007693 17.152741163007693 17.152741163007693 2.1440926453759617 2.1440926453759617 2.1440926453759617
 234661792 4 109580.994 109580.994 109580.994 17.13156878281283 17.13156878281283 17.13156878281283 2.141446097851604 2.141446097851604 2.141446097851604
 258127968 4 120587.111 120587.111 120587.111 17.124746806480832 17.124746806480832 17.124746806480832 2.140593350810104 2.140593350810104 2.140593350810104
 283940752 2 66395.044 66395.044 66395.044 17.106141355972294 17.106141355972294 17.106141355972294 2.138267669496537 2.138267669496537 2.138267669496537
 312334816 2 72995.901 72995.901 72995.901 17.115197523214352 17.115197523214352 17.115197523214352 2.139399690401794 2.139399690401794 2.139399690401794
 343568288 2 80265.999 80265.999 80265.999 17.121485674152016 17.121485674152016 17.121485674152016 2.140185709269002 2.140185709269002 2.140185709269002
 377925104 2 88246.822 88246.822 88246.822 17.130366643684912 17.130366643684912 17.130366643684912 2.141295830460614 2.141295830460614 2.141295830460614
 415717600 2 97119.093 97119.093 97119.093 17.12197209255239 17.12197209255239 17.12197209255239 2.1402465115690488 2.1402465115690488 2.1402465115690488
 457289360 2 106895.924 106895.924 106895.924 17.111573309380812 17.111573309380812 17.111573309380812 2.1389466636726016 2.1389466636726016 2.1389466636726016
 503018288 2 117536.068 117536.068 117536.068 17.118772018134894 17.118772018134894 17.118772018134894 2.139846502266862 2.139846502266862 2.139846502266862
 553320112 1 64727.068 64727.068 64727.068 17.09702382935065 17.09702382935065 17.09702382935065 2.1371279786688313 2.1371279786688313 2.1371279786688313
 608652112 1 94043.016 94043.016 94043.016 12.944121485852813 12.944121485852813 12.944121485852813 1.6180151857316016 1.6180151857316016 1.6180151857316016
 669517312 1 78323.126 78323.126 78323.126 17.09628678508056 17.09628678508056 17.09628678508056 2.13703584813507 2.13703584813507 2.13703584813507
 736469040 1 86167.097 86167.097 86167.097 17.093973584835986 17.093973584835986 17.093973584835986 2.1367466981044982 2.1367466981044982 2.1367466981044982
 810115936 1 94795.942 94795.942 94795.942 17.091785131477465 17.091785131477465 17.091785131477465 2.136473141434683 2.136473141434683 2.136473141434683
 891127520 1 104271.173 104271.173 104271.173 17.09250014862689 17.09250014862689 17.09250014862689 2.136562518578361 2.136562518578361 2.136562518578361
 980240272 1 114719.868 114719.868 114719.868 17.089285214310042 17.089285214310042 17.089285214310042 2.1361606517887552 2.1361606517887552 2.1361606517887552
 
META_DATA
 MPI startup(): shm:tmi fabric is unknown or has been removed from the product, please use ofi or shm:ofi instead
 FLOPS          2
 MPI_PROCS      2
 OPENMP_THREADS 1
 ERT_VERSION  1.1.0
 HOSTNAME  ('shas0543.rc.int.colorado.edu', [], ['10.225.6.221'])
 UNAME  uname_result(system='Linux', node='shas0543.rc.int.colorado.edu', release='3.10.0-957.27.2.el7.x86_64', version='#1 SMP Mon Jul 29 17:46:05 UTC 2019', machine='x86_64', processor='x86_64')
 TIMESTAMP_DATA  1664513837.3193436
 CONFIG  {'ERT_RESULTS': ['lab5_results'], 'ERT_DRIVER': ['driver1'], 'ERT_KERNEL': ['kernel1'], 'ERT_MPI': ['True'], 'ERT_MPI_CFLAGS': ['-I/usr/include/mpi'], 'ERT_MPI_LDFLAGS': ['-lmpi'], 'ERT_OPENMP': ['True'], 'ERT_OPENMP_CFLAGS': ['-qopenmp'], 'ERT_OPENMP_LDFLAGS': ['-qopenmp'], 'ERT_FLOPS': ['1,2,4,8,16'], 'ERT_ALIGN': ['32'], 'ERT_CC': ['mpicc'], 'ERT_CFLAGS': ['-O3', '-msse3', '-axSSE3', '-xSSE3', '-fno-alias', '-fno-fnalias', '-DERT_INTEL', '-std=c++11'], 'ERT_LD': ['mpicc'], 'ERT_LDFLAGS': [], 'ERT_LDLIBS': [], 'ERT_PRECISION': ['FP64'], 'ERT_RUN': ['export', 'OMP_NUM_THREADS=ERT_OPENMP_THREADS;', 'mpirun', '-np', 'ERT_MPI_PROCS', 'ERT_CODE'], 'ERT_PROCS_THREADS': ['1-24'], 'ERT_MPI_PROCS': ['2'], 'ERT_OPENMP_THREADS': ['1'], 'ERT_NUM_EXPERIMENTS': ['1'], 'ERT_MEMORY_MAX': ['1073741824'], 'ERT_WORKING_SET_MIN': ['1'], 'ERT_TRIALS_MIN': ['1'], 'ERT_GNUPLOT': ['gnuplot'], 'ERT_GPU': [False], 'ERT_HIP': [False], 'ERT_OCL': [False], 'ERT_SYCL': [False], 'ERT_WSS_MULT': [1.1]}
 