fp64
 192 4194304 13175.964 13175.964 13175.964 122.23870192723659 122.23870192723659 122.23870192723659 15.279837740904574 15.279837740904574 15.279837740904574
 384 2097152 7308.006 7308.006 7308.006 220.39017701955908 220.39017701955908 220.39017701955908 27.548772127444884 27.548772127444884 27.548772127444884
 576 1048576 3656.864 3656.864 3656.864 330.32662740533965 330.32662740533965 330.32662740533965 41.290828425667456 41.290828425667456 41.290828425667456
 768 1048576 5124.807 5124.807 5124.807 314.27773494689654 314.27773494689654 314.27773494689654 39.28471686836207 39.28471686836207 39.28471686836207
 960 1048576 4490.852 4490.852 4490.852 448.3037784366975 448.3037784366975 448.3037784366975 56.037972304587186 56.037972304587186 56.037972304587186
 1152 524288 3015.041 3015.041 3015.041 400.64448609488227 400.64448609488227 400.64448609488227 50.08056076186028 50.08056076186028 50.08056076186028
 1344 524288 2193.928 2193.928 2193.928 642.3575176578265 642.3575176578265 642.3575176578265 80.29468970722832 80.29468970722832 80.29468970722832
 1536 524288 3289.938 3289.938 3289.938 489.5571697703726 489.5571697703726 489.5571697703726 61.19464622129657 61.19464622129657 61.19464622129657
 1728 524288 3502.846 3502.846 3502.846 517.2763313031746 517.2763313031746 517.2763313031746 64.65954141289683 64.65954141289683 64.65954141289683
 1920 524288 4302.979 4302.979 4302.979 467.87723574760645 467.87723574760645 467.87723574760645 58.484654468450806 58.484654468450806 58.484654468450806
 2112 262144 2010.107 2010.107 2010.107 550.8643350826597 550.8643350826597 550.8643350826597 68.85804188533247 68.85804188533247 68.85804188533247
 2304 262144 2147.198 2147.198 2147.198 562.574831012324 562.574831012324 562.574831012324 70.3218538765405 70.3218538765405 70.3218538765405
 2496 262144 2303.123 2303.123 2303.123 568.1949457323816 568.1949457323816 568.1949457323816 71.0243682165477 71.0243682165477 71.0243682165477
 2688 262144 2464.771 2464.771 2464.771 571.7716347685038 571.7716347685038 571.7716347685038 71.47145434606297 71.47145434606297 71.47145434606297
 2880 262144 2578.974 2578.974 2578.974 585.4845531595122 585.4845531595122 585.4845531595122 73.18556914493902 73.18556914493902 73.18556914493902
 3072 262144 1210.928 1210.928 1210.928 1330.064823011773 1330.064823011773 1330.064823011773 166.2581028764716 166.2581028764716 166.2581028764716
 3264 262144 1471.043 1471.043 1471.043 1163.3079604063241 1163.3079604063241 1163.3079604063241 145.41349505079052 145.41349505079052 145.41349505079052
 3456 262144 1552.105 1552.105 1552.105 1167.4076998656662 1167.4076998656662 1167.4076998656662 145.92596248320828 145.92596248320828 145.92596248320828
 3648 262144 1669.884 1669.884 1669.884 1145.3505896217941 1145.3505896217941 1145.3505896217941 143.16882370272427 143.16882370272427 143.16882370272427
 3840 262144 1839.161 1839.161 1839.161 1094.6654044969418 1094.6654044969418 1094.6654044969418 136.83317556211773 136.83317556211773 136.83317556211773
 4224 131072 1065.016 1065.016 1065.016 1039.699174472496 1039.699174472496 1039.699174472496 129.962396809062 129.962396809062 129.962396809062
 4608 131072 1188.993 1188.993 1188.993 1015.9517776807769 1015.9517776807769 1015.9517776807769 126.99397221009711 126.99397221009711 126.99397221009711
 4992 131072 1325.13 1325.13 1325.13 987.54299427226 987.54299427226 987.54299427226 123.4428742840325 123.4428742840325 123.4428742840325
 5376 131072 1466.036 1466.036 1466.036 961.2902711802438 961.2902711802438 961.2902711802438 120.16128389753048 120.16128389753048 120.16128389753048
 5760 131072 1604.08 1604.08 1604.08 941.3180390005487 941.3180390005487 941.3180390005487 117.66475487506858 117.66475487506858 117.66475487506858
 6336 131072 1238.108 1238.108 1238.108 1341.5181745049706 1341.5181745049706 1341.5181745049706 167.68977181312133 167.68977181312133 167.68977181312133
 6912 131072 1374.96 1374.96 1374.96 1317.812393087799 1317.812393087799 1317.812393087799 164.72654913597486 164.72654913597486 164.72654913597486
 7488 131072 1549.959 1549.959 1549.959 1266.4427071941902 1266.4427071941902 1266.4427071941902 158.30533839927378 158.30533839927378 158.30533839927378
 8064 131072 1735.926 1735.926 1735.926 1217.7530701193484 1217.7530701193484 1217.7530701193484 152.21913376491855 152.21913376491855 152.21913376491855
 8832 65536 1004.219 1004.219 1004.219 1152.7643910342265 1152.7643910342265 1152.7643910342265 144.0955488792783 144.0955488792783 144.0955488792783
 9600 65536 930.071 930.071 930.071 1352.8980045609421 1352.8980045609421 1352.8980045609421 169.11225057011777 169.11225057011777 169.11225057011777
 10560 65536 1029.015 1029.015 1029.015 1345.0924622090056 1345.0924622090056 1345.0924622090056 168.1365577761257 168.1365577761257 168.1365577761257
 11520 65536 1141.071 1141.071 1141.071 1323.2738716521583 1323.2738716521583 1323.2738716521583 165.40923395651978 165.40923395651978 165.40923395651978
 12672 65536 1190.186 1190.186 1190.186 1395.5334577956723 1395.5334577956723 1395.5334577956723 174.44168222445904 174.44168222445904 174.44168222445904
 13824 65536 1328.945 1328.945 1328.945 1363.4419242331323 1363.4419242331323 1363.4419242331323 170.43024052914154 170.43024052914154 170.43024052914154
 15168 65536 1502.991 1502.991 1502.991 1322.7624756236064 1322.7624756236064 1322.7624756236064 165.3453094529508 165.3453094529508 165.3453094529508
 16512 32768 779.867 779.867 779.867 1387.5833084359258 1387.5833084359258 1387.5833084359258 173.44791355449073 173.44791355449073 173.44791355449073
 18048 32768 857.115 857.115 857.115 1379.9708650531143 1379.9708650531143 1379.9708650531143 172.49635813163928 172.49635813163928 172.49635813163928
 19776 32768 936.985 936.985 936.985 1383.2024376057248 1383.2024376057248 1383.2024376057248 172.9003047007156 172.9003047007156 172.9003047007156
 21696 32768 1013.041 1013.041 1013.041 1403.565162713059 1403.565162713059 1403.565162713059 175.44564533913237 175.44564533913237 175.44564533913237
 23808 32768 1113.892 1113.892 1113.892 1400.7471891350328 1400.7471891350328 1400.7471891350328 175.0933986418791 175.0933986418791 175.0933986418791
 26112 32768 1235.008 1235.008 1235.008 1385.639633103591 1385.639633103591 1385.639633103591 173.20495413794887 173.20495413794887 173.20495413794887
 28608 32768 1369.953 1369.953 1369.953 1368.5534379646601 1368.5534379646601 1368.5534379646601 171.06917974558252 171.06917974558252 171.06917974558252
 31296 32768 1483.917 1483.917 1483.917 1382.1626519542535 1382.1626519542535 1382.1626519542535 172.7703314942817 172.7703314942817 172.7703314942817
 34368 16384 843.048 843.048 843.048 1335.8321519059414 1335.8321519059414 1335.8321519059414 166.97901898824267 166.97901898824267 166.97901898824267
 37632 16384 862.837 862.837 862.837 1429.1521759034442 1429.1521759034442 1429.1521759034442 178.64402198793053 178.64402198793053 178.64402198793053
 41280 16384 948.191 948.191 948.191 1426.5723256179397 1426.5723256179397 1426.5723256179397 178.32154070224246 178.32154070224246 178.32154070224246
 45312 16384 1034.021 1034.021 1034.021 1435.9317808825933 1435.9317808825933 1435.9317808825933 179.49147261032417 179.49147261032417 179.49147261032417
 49728 16384 1152.039 1152.039 1152.039 1414.4374487322045 1414.4374487322045 1414.4374487322045 176.80468109152557 176.80468109152557 176.80468109152557
 54528 16384 1246.929 1246.929 1246.929 1432.9392483453346 1432.9392483453346 1432.9392483453346 179.11740604316682 179.11740604316682 179.11740604316682
 59904 16384 1374.96 1374.96 1374.96 1427.6300925117823 1427.6300925117823 1427.6300925117823 178.4537615639728 178.4537615639728 178.4537615639728
 65856 8192 757.933 757.933 757.933 1423.5885018860506 1423.5885018860506 1423.5885018860506 177.94856273575633 177.94856273575633 177.94856273575633
 72384 8192 811.815 811.815 811.815 1460.849400417583 1460.849400417583 1460.849400417583 182.60617505219787 182.60617505219787 182.60617505219787
 79488 8192 946.045 946.045 946.045 1376.606178353038 1376.606178353038 1376.606178353038 172.07577229412976 172.07577229412976 172.07577229412976
 87360 8192 1021.147 1021.147 1021.147 1401.6652254768412 1401.6652254768412 1401.6652254768412 175.20815318460515 175.20815318460515 175.20815318460515
 96000 8192 1088.858 1088.858 1088.858 1444.507915632709 1444.507915632709 1444.507915632709 180.56348945408863 180.56348945408863 180.56348945408863
 105600 8192 1244.068 1244.068 1244.068 1390.7201214081545 1390.7201214081545 1390.7201214081545 173.8400151760193 173.8400151760193 173.8400151760193
 116160 8192 1370.907 1370.907 1370.907 1388.2527698815456 1388.2527698815456 1388.2527698815456 173.5315962351932 173.5315962351932 173.5315962351932
 127680 8192 1497.03 1497.03 1497.03 1397.3728782990322 1397.3728782990322 1397.3728782990322 174.67160978737903 174.67160978737903 174.67160978737903
 140352 4096 813.007 813.007 813.007 1414.211174073532 1414.211174073532 1414.211174073532 176.7763967591915 176.7763967591915 176.7763967591915
 154368 4096 895.977 895.977 895.977 1411.4008015830764 1411.4008015830764 1411.4008015830764 176.42510019788455 176.42510019788455 176.42510019788455
 169728 4096 980.854 980.854 980.854 1417.5522310150136 1417.5522310150136 1417.5522310150136 177.1940288768767 177.1940288768767 177.1940288768767
 186624 4096 1080.036 1080.036 1080.036 1415.5304156528114 1415.5304156528114 1415.5304156528114 176.94130195660142 176.94130195660142 176.94130195660142
 205248 4096 1183.033 1183.033 1183.033 1421.2550419134545 1421.2550419134545 1421.2550419134545 177.65688023918182 177.65688023918182 177.65688023918182
 225600 4096 1308.918 1308.918 1308.918 1411.9411605616244 1411.9411605616244 1411.9411605616244 176.49264507020305 176.49264507020305 176.49264507020305
 248064 4096 1430.988 1430.988 1430.988 1420.0959672617798 1420.0959672617798 1420.0959672617798 177.51199590772248 177.51199590772248 177.51199590772248
 272832 2048 775.814 775.814 775.814 1440.4481899011876 1440.4481899011876 1440.4481899011876 180.05602373764845 180.05602373764845 180.05602373764845
 300096 2048 1716.852 1716.852 1716.852 715.9575874915253 715.9575874915253 715.9575874915253 89.49469843644066 89.49469843644066 89.49469843644066
 330048 2048 941.992 941.992 941.992 1435.1253598756678 1435.1253598756678 1435.1253598756678 179.39066998445847 179.39066998445847 179.39066998445847
 362880 2048 1029.968 1029.968 1029.968 1443.1093781554378 1443.1093781554378 1443.1093781554378 180.38867226942972 180.38867226942972 180.38867226942972
 399168 2048 1136.065 1136.065 1136.065 1439.1712868541852 1439.1712868541852 1439.1712868541852 179.89641085677314 179.89641085677314 179.89641085677314
 438912 2048 1246.929 1246.929 1246.929 1441.7689796291527 1441.7689796291527 1441.7689796291527 180.22112245364409 180.22112245364409 180.22112245364409
 482688 2048 1363.039 1363.039 1363.039 1450.5014515358696 1450.5014515358696 1450.5014515358696 181.3126814419837 181.3126814419837 181.3126814419837
 530880 1024 757.933 757.933 757.933 1434.4833118494641 1434.4833118494641 1434.4833118494641 179.31041398118302 179.31041398118302 179.31041398118302
 583872 1024 847.816 847.816 847.816 1410.411995055531 1410.411995055531 1410.411995055531 176.30149938194137 176.30149938194137 176.30149938194137
 642240 1024 905.991 905.991 905.991 1451.7887263780765 1451.7887263780765 1451.7887263780765 181.47359079725956 181.47359079725956 181.47359079725956
 706368 1024 997.066 997.066 997.066 1450.8986004938488 1450.8986004938488 1450.8986004938488 181.3623250617311 181.3623250617311 181.3623250617311
 776832 1024 1099.11 1099.11 1099.11 1447.491093703087 1447.491093703087 1447.491093703087 180.93638671288588 180.93638671288588 180.93638671288588
 854400 1024 1328.945 1328.945 1328.945 1316.6919624213192 1316.6919624213192 1316.6919624213192 164.5864953026649 164.5864953026649 164.5864953026649
 939840 1024 1523.972 1523.972 1523.972 1263.010291527666 1263.010291527666 1263.010291527666 157.87628644095824 157.87628644095824 157.87628644095824
 1033728 1024 1654.148 1654.148 1654.148 1279.8582375942178 1279.8582375942178 1279.8582375942178 159.98227969927723 159.98227969927723 159.98227969927723
 1137024 512 915.051 915.051 915.051 1272.401839897448 1272.401839897448 1272.401839897448 159.050229987181 159.050229987181 159.050229987181
 1250688 512 1011.848 1011.848 1011.848 1265.708398889952 1265.708398889952 1265.708398889952 158.213549861244 158.213549861244 158.213549861244
 1375680 512 1107.216 1107.216 1107.216 1272.2868166644992 1272.2868166644992 1272.2868166644992 159.0358520830624 159.0358520830624 159.0358520830624
 1513152 512 1213.074 1213.074 1213.074 1277.3067826035347 1277.3067826035347 1277.3067826035347 159.66334782544183 159.66334782544183 159.66334782544183
 1664448 512 1334.19 1334.19 1334.19 1277.4752861286622 1277.4752861286622 1277.4752861286622 159.68441076608278 159.68441076608278 159.68441076608278
 1830720 512 1476.049 1476.049 1476.049 1270.0508451955188 1270.0508451955188 1270.0508451955188 158.75635564943985 158.75635564943985 158.75635564943985
 2013696 512 1626.015 1626.015 1626.015 1268.1461757732861 1268.1461757732861 1268.1461757732861 158.51827197166077 158.51827197166077 158.51827197166077
 2214912 256 909.09 909.09 909.09 1247.4396858396858 1247.4396858396858 1247.4396858396858 155.92996072996073 155.92996072996073 155.92996072996073
 2436288 256 980.139 980.139 980.139 1272.6556702671762 1272.6556702671762 1272.6556702671762 159.08195878339703 159.08195878339703 159.08195878339703
 2679744 256 1074.076 1074.076 1074.076 1277.4039527929122 1277.4039527929122 1277.4039527929122 159.67549409911402 159.67549409911402 159.67549409911402
 2947584 256 1204.967 1204.967 1204.967 1252.4517335329515 1252.4517335329515 1252.4517335329515 156.55646669161894 156.55646669161894 156.55646669161894
 3242304 256 1304.865 1304.865 1304.865 1272.2079663413456 1272.2079663413456 1272.2079663413456 159.0259957926682 159.0259957926682 159.0259957926682
 3566400 256 1433.849 1433.849 1433.849 1273.4930944611324 1273.4930944611324 1273.4930944611324 159.18663680764155 159.18663680764155 159.18663680764155
 3922944 256 1580.954 1580.954 1580.954 1270.465382294488 1270.465382294488 1270.465382294488 158.808172786811 158.808172786811 158.808172786811
 4315200 128 980.139 980.139 980.139 1127.076057579588 1127.076057579588 1127.076057579588 140.8845071974485 140.8845071974485 140.8845071974485
 4746624 128 993.967 993.967 993.967 1222.5111537908201 1222.5111537908201 1222.5111537908201 152.81389422385251 152.81389422385251 152.81389422385251
 5221248 128 1085.997 1085.997 1085.997 1230.7948254000703 1230.7948254000703 1230.7948254000703 153.8493531750088 153.8493531750088 153.8493531750088
 5743296 128 1224.041 1224.041 1224.041 1201.1719999575178 1201.1719999575178 1201.1719999575178 150.14649999468972 150.14649999468972 150.14649999468972
 6317568 128 1438.141 1438.141 1438.141 1124.5749950804545 1124.5749950804545 1124.5749950804545 140.57187438505682 140.57187438505682 140.57187438505682
 6949248 128 2084.017 2084.017 2084.017 853.6434626013129 853.6434626013129 853.6434626013129 106.70543282516411 106.70543282516411 106.70543282516411
 7644096 128 2321.005 2321.005 2321.005 843.1212237802159 843.1212237802159 843.1212237802159 105.39015297252699 105.39015297252699 105.39015297252699
 8408448 64 1363.993 1363.993 1363.993 789.0666183770738 789.0666183770738 789.0666183770738 98.63332729713423 98.63332729713423 98.63332729713423
 9249216 64 1500.13 1500.13 1500.13 789.1980348369807 789.1980348369807 789.1980348369807 98.64975435462259 98.64975435462259 98.64975435462259
 10174080 64 1653.91 1653.91 1653.91 787.3960735469282 787.3960735469282 787.3960735469282 98.42450919336602 98.42450919336602 98.42450919336602
 11191488 64 1814.127 1814.127 1814.127 789.6417748040793 789.6417748040793 789.6417748040793 98.70522185050991 98.70522185050991 98.70522185050991
 12310464 64 2005.1 2005.1 2005.1 785.8657383671637 785.8657383671637 785.8657383671637 98.23321729589546 98.23321729589546 98.23321729589546
 13541376 64 2254.963 2254.963 2254.963 768.6583451701869 768.6583451701869 768.6583451701869 96.08229314627336 96.08229314627336 96.08229314627336
 14895360 64 2421.856 2421.856 2421.856 787.2499768772379 787.2499768772379 787.2499768772379 98.40624710965474 98.40624710965474 98.40624710965474
 16384896 64 2658.844 2658.844 2658.844 788.7889202976933 788.7889202976933 788.7889202976933 98.59861503721166 98.59861503721166 98.59861503721166
 18023232 32 1457.93 1457.93 1457.93 791.1812281796794 791.1812281796794 791.1812281796794 98.89765352245992 98.89765352245992 98.89765352245992
 19825536 32 1620.054 1620.054 1620.054 783.2049450203511 783.2049450203511 783.2049450203511 97.9006181275439 97.9006181275439 97.9006181275439
 21807936 32 1771.212 1771.212 1771.212 787.9959620869777 787.9959620869777 787.9959620869777 98.49949526087221 98.49949526087221 98.49949526087221
 23988672 32 1946.926 1946.926 1946.926 788.5636166962689 788.5636166962689 788.5636166962689 98.57045208703362 98.57045208703362 98.57045208703362
 26387520 32 2143.145 2143.145 2143.145 788.0014091440383 788.0014091440383 788.0014091440383 98.5001761430048 98.5001761430048 98.5001761430048
 29026176 32 2357.006 2357.006 2357.006 788.1504179454784 788.1504179454784 788.1504179454784 98.5188022431848 98.5188022431848 98.5188022431848
 31928640 32 2597.809 2597.809 2597.809 786.5986144477903 786.5986144477903 786.5986144477903 98.32482680597379 98.32482680597379 98.32482680597379
 35121408 16 1434.803 1434.803 1434.803 783.3026945162505 783.3026945162505 783.3026945162505 97.91283681453132 97.91283681453132 97.91283681453132
 38633472 16 1562.119 1562.119 1562.119 791.4064831168433 791.4064831168433 791.4064831168433 98.92581038960542 98.92581038960542 98.92581038960542
 42496704 16 1735.926 1735.926 1735.926 783.3827755330585 783.3827755330585 783.3827755330585 97.92284694163232 97.92284694163232 97.92284694163232
 46746240 16 2115.011 2115.011 2115.011 707.2680378494485 707.2680378494485 707.2680378494485 88.40850473118107 88.40850473118107 88.40850473118107
 51420864 16 2537.012 2537.012 2537.012 648.584889626064 648.584889626064 648.584889626064 81.073111203258 81.073111203258 81.073111203258
 56562816 16 3417.015 3417.015 3417.015 529.705053094587 529.705053094587 529.705053094587 66.21313163682338 66.21313163682338 66.21313163682338
 62218944 16 4587.889 4587.889 4587.889 433.97000406940964 433.97000406940964 433.97000406940964 54.246250508676205 54.246250508676205 54.246250508676205
 68440704 8 3232.002 3232.002 3232.002 338.8151566737892 338.8151566737892 338.8151566737892 42.35189458422365 42.35189458422365 42.35189458422365
 75284736 8 5294.085 5294.085 5294.085 227.5286052263989 227.5286052263989 227.5286052263989 28.441075653299862 28.441075653299862 28.441075653299862
 82813056 8 9850.979 9850.979 9850.979 134.50530104672845 134.50530104672845 134.50530104672845 16.813162630841056 16.813162630841056 16.813162630841056
 91094208 8 13134.956 13134.956 13134.956 110.964005360962 110.964005360962 110.964005360962 13.87050067012025 13.87050067012025 13.87050067012025
 100203456 8 15486.002 15486.002 15486.002 103.52932254561247 103.52932254561247 103.52932254561247 12.94116531820156 12.94116531820156 12.94116531820156
 110223744 8 17693.996 17693.996 17693.996 99.67109204726846 99.67109204726846 99.67109204726846 12.458886505908557 12.458886505908557 12.458886505908557
 121246080 8 19824.028 19824.028 19824.028 97.85787631050563 97.85787631050563 97.85787631050563 12.232234538813204 12.232234538813204 12.232234538813204
 133370688 8 22068.977 22068.977 22068.977 96.69369848906 96.69369848906 96.69369848906 12.0867123111325 12.0867123111325 12.0867123111325
 146707584 4 11932.135 11932.135 11932.135 98.36133030677243 98.36133030677243 98.36133030677243 12.295166288346554 12.295166288346554 12.295166288346554
 161378304 4 13042.927 13042.927 13042.927 98.98287646630239 98.98287646630239 98.98287646630239 12.372859558287798 12.372859558287798 12.372859558287798
 177516096 4 14230.013 14230.013 14230.013 99.79813567282054 99.79813567282054 99.79813567282054 12.474766959102567 12.474766959102567 12.474766959102567
 195267648 4 15571.833 15571.833 15571.833 100.31838795085973 100.31838795085973 100.31838795085973 12.539798493857466 12.539798493857466 12.539798493857466
 214794240 4 17162.085 17162.085 17162.085 100.12500928645908 100.12500928645908 100.12500928645908 12.515626160807384 12.515626160807384 12.515626160807384
 236273664 4 18908.024 18908.024 18908.024 99.96757524741875 99.96757524741875 99.96757524741875 12.495946905927344 12.495946905927344 12.495946905927344
 259900992 4 20844.936 20844.936 20844.936 99.74642934859574 99.74642934859574 99.74642934859574 12.468303668574467 12.468303668574467 12.468303668574467
 285891072 2 11440.992 11440.992 11440.992 99.9532460122339 99.9532460122339 99.9532460122339 12.494155751529238 12.494155751529238 12.494155751529238
 314480064 2 12619.019 12619.019 12619.019 99.68447277874769 99.68447277874769 99.68447277874769 12.460559097343461 12.460559097343461 12.460559097343461
 345927936 2 13890.982 13890.982 13890.982 99.61223360594666 99.61223360594666 99.61223360594666 12.451529200743332 12.451529200743332 12.451529200743332
 380520576 2 15206.099 15206.099 15206.099 100.09682983124074 100.09682983124074 100.09682983124074 12.512103728905092 12.512103728905092 12.512103728905092
 418572480 2 16633.034 16633.034 16633.034 100.66052411123553 100.66052411123553 100.66052411123553 12.582565513904441 12.582565513904441 12.582565513904441
 460429632 2 18250.942 18250.942 18250.942 100.91087506606509 100.91087506606509 100.91087506606509 12.613859383258136 12.613859383258136 12.613859383258136
 506472576 2 19990.921 19990.921 19990.921 101.3405187284768 101.3405187284768 101.3405187284768 12.6675648410596 12.6675648410596 12.6675648410596
 557119680 1 11167.049 11167.049 11167.049 99.77921293261988 99.77921293261988 99.77921293261988 12.472401616577486 12.472401616577486 12.472401616577486
 612831552 1 12227.774 12227.774 12227.774 100.23599585664569 100.23599585664569 100.23599585664569 12.52949948208071 12.52949948208071 12.52949948208071
 674114688 1 13478.994 13478.994 13478.994 100.02448075872724 100.02448075872724 100.02448075872724 12.503060094840905 12.503060094840905 12.503060094840905
 741526080 1 14768.839 14768.839 14768.839 100.41765368286565 100.41765368286565 100.41765368286565 12.552206710358206 12.552206710358206 12.552206710358206
 815678592 1 16268.969 16268.969 16268.969 100.2741589832767 100.2741589832767 100.2741589832767 12.534269872909588 12.534269872909588 12.534269872909588
 897246336 1 17748.117 17748.117 17748.117 101.10890479254788 101.10890479254788 101.10890479254788 12.638613099068484 12.638613099068484 12.638613099068484
 986970816 1 19517.183 19517.183 19517.183 101.13865469212438 101.13865469212438 101.13865469212438 12.642331836515547 12.642331836515547 12.642331836515547
 
META_DATA
 MPI startup(): shm:tmi fabric is unknown or has been removed from the product, please use ofi or shm:ofi instead
 FLOPS          2
 MPI_PROCS      1
 OPENMP_THREADS 24
 ERT_VERSION  1.1.0
 HOSTNAME  ('shas0420.rc.int.colorado.edu', [], ['10.225.6.135'])
 UNAME  uname_result(system='Linux', node='shas0420.rc.int.colorado.edu', release='3.10.0-957.27.2.el7.x86_64', version='#1 SMP Mon Jul 29 17:46:05 UTC 2019', machine='x86_64', processor='x86_64')
 TIMESTAMP_DATA  1664554907.6717303
 CONFIG  {'ERT_RESULTS': ['lab5_results'], 'ERT_DRIVER': ['driver1'], 'ERT_KERNEL': ['kernel1'], 'ERT_MPI': ['True'], 'ERT_MPI_CFLAGS': ['-I/usr/include/mpi'], 'ERT_MPI_LDFLAGS': ['-lmpi'], 'ERT_OPENMP': ['True'], 'ERT_OPENMP_CFLAGS': ['-qopenmp'], 'ERT_OPENMP_LDFLAGS': ['-qopenmp'], 'ERT_FLOPS': ['1,2,4,8,16'], 'ERT_ALIGN': ['32'], 'ERT_CC': ['mpicc'], 'ERT_CFLAGS': ['-O3', '-msse3', '-axSSE3', '-xSSE3', '-fno-alias', '-fno-fnalias', '-DERT_INTEL', '-std=c++11'], 'ERT_LD': ['mpicc'], 'ERT_LDFLAGS': [], 'ERT_LDLIBS': [], 'ERT_PRECISION': ['FP64'], 'ERT_RUN': ['export', 'OMP_NUM_THREADS=ERT_OPENMP_THREADS;', 'mpirun', '-np', 'ERT_MPI_PROCS', 'ERT_CODE'], 'ERT_PROCS_THREADS': ['1-24'], 'ERT_MPI_PROCS': ['1,2,4,8,12,24'], 'ERT_OPENMP_THREADS': ['1,2,4,8,12,24'], 'ERT_NUM_EXPERIMENTS': ['1'], 'ERT_MEMORY_MAX': ['1073741824'], 'ERT_WORKING_SET_MIN': ['1'], 'ERT_TRIALS_MIN': ['1'], 'ERT_GNUPLOT': ['gnuplot'], 'ERT_GPU': [False], 'ERT_HIP': [False], 'ERT_OCL': [False], 'ERT_SYCL': [False], 'ERT_WSS_MULT': [1.1]}
 