fp64
 128 8388608 49648.046 49648.046 49648.046 43.25414232817944 43.25414232817944 43.25414232817944 10.81353558204486 10.81353558204486 10.81353558204486
 256 4194304 26278.019 26278.019 26278.019 81.72167194186137 81.72167194186137 81.72167194186137 20.430417985465343 20.430417985465343 20.430417985465343
 384 2097152 13144.97 13144.97 13144.97 122.52692368259495 122.52692368259495 122.52692368259495 30.63173092064874 30.63173092064874 30.63173092064874
 512 2097152 13144.016 13144.016 13144.016 163.38108900658673 163.38108900658673 163.38108900658673 40.84527225164668 40.84527225164668 40.84527225164668
 640 1048576 6721.02 6721.02 6721.02 199.69845053280602 199.69845053280602 199.69845053280602 49.924612633201505 49.924612633201505 49.924612633201505
 768 1048576 6676.197 6676.197 6676.197 241.2470357001149 241.2470357001149 241.2470357001149 60.31175892502873 60.31175892502873 60.31175892502873
 896 1048576 6571.77 6571.77 6571.77 285.9272603879929 285.9272603879929 285.9272603879929 71.48181509699822 71.48181509699822 71.48181509699822
 1024 1048576 6829.977 6829.977 6829.977 314.4203337727199 314.4203337727199 314.4203337727199 78.60508344317998 78.60508344317998 78.60508344317998
 1152 524288 3831.148 3831.148 3831.148 315.2996313376565 315.2996313376565 315.2996313376565 78.82490783441412 78.82490783441412 78.82490783441412
 1280 524288 3778.934 3778.934 3778.934 355.1735171876513 355.1735171876513 355.1735171876513 88.79337929691283 88.79337929691283 88.79337929691283
 1408 524288 4390.955 4390.955 4390.955 336.2355132311763 336.2355132311763 336.2355132311763 84.05887830779407 84.05887830779407 84.05887830779407
 1536 524288 4321.098 4321.098 4321.098 372.7322860995053 372.7322860995053 372.7322860995053 93.18307152487633 93.18307152487633 93.18307152487633
 1664 524288 4935.98 4935.98 4935.98 353.49220701866705 353.49220701866705 353.49220701866705 88.37305175466676 88.37305175466676 88.37305175466676
 1792 524288 4878.044 4878.044 4878.044 385.2052568611517 385.2052568611517 385.2052568611517 96.30131421528793 96.30131421528793 96.30131421528793
 1920 524288 5476.952 5476.952 5476.952 367.58874644145135 367.58874644145135 367.58874644145135 91.89718661036284 91.89718661036284 91.89718661036284
 2048 524288 3679.037 3679.037 3679.037 583.7080866541978 583.7080866541978 583.7080866541978 145.92702166354945 145.92702166354945 145.92702166354945
 2176 262144 2197.981 2197.981 2197.981 519.0448361473551 519.0448361473551 519.0448361473551 129.76120903683878 129.76120903683878 129.76120903683878
 2304 262144 2202.988 2202.988 2202.988 548.3277947950693 548.3277947950693 548.3277947950693 137.08194869876732 137.08194869876732 137.08194869876732
 2432 262144 2532.959 2532.959 2532.959 503.3908626235166 503.3908626235166 503.3908626235166 125.84771565587916 125.84771565587916 125.84771565587916
 2560 262144 2456.903 2456.903 2456.903 546.288266162726 546.288266162726 546.288266162726 136.5720665406815 136.5720665406815 136.5720665406815
 2816 262144 2738.953 2738.953 2738.953 539.0362696986767 539.0362696986767 539.0362696986767 134.75906742466918 134.75906742466918 134.75906742466918
 3072 262144 3010.988 3010.988 3010.988 534.9117087148803 534.9117087148803 534.9117087148803 133.72792717872008 133.72792717872008 133.72792717872008
 3328 262144 3275.871 3275.871 3275.871 532.6310053112592 532.6310053112592 532.6310053112592 133.1577513278148 133.1577513278148 133.1577513278148
 3584 262144 3563.881 3563.881 3563.881 527.2477369474458 527.2477369474458 527.2477369474458 131.81193423686145 131.81193423686145 131.81193423686145
 3840 262144 3834.009 3834.009 3834.009 525.1072493570045 525.1072493570045 525.1072493570045 131.27681233925114 131.27681233925114 131.27681233925114
 4224 131072 1830.101 1830.101 1830.101 605.0465280331522 605.0465280331522 605.0465280331522 151.26163200828805 151.26163200828805 151.26163200828805
 4608 131072 2007.961 2007.961 2007.961 601.5851662457587 601.5851662457587 601.5851662457587 150.39629156143968 150.39629156143968 150.39629156143968
 4992 131072 2371.073 2371.073 2371.073 551.9116653093346 551.9116653093346 551.9116653093346 137.97791632733365 137.97791632733365 137.97791632733365
 5376 131072 2448.082 2448.082 2448.082 575.669501266706 575.669501266706 575.669501266706 143.9173753166765 143.9173753166765 143.9173753166765
 5888 131072 2657.89 2657.89 2657.89 580.725264025223 580.725264025223 580.725264025223 145.18131600630576 145.18131600630576 145.18131600630576
 6400 131072 2576.113 2576.113 2576.113 651.2608724850191 651.2608724850191 651.2608724850191 162.8152181212548 162.8152181212548 162.8152181212548
 7040 131072 3108.025 3108.025 3108.025 593.783434817931 593.783434817931 593.783434817931 148.44585870448276 148.44585870448276 148.44585870448276
 7680 131072 3320.932 3320.932 3320.932 606.2352134882617 606.2352134882617 606.2352134882617 151.55880337206543 151.55880337206543 151.55880337206543
 8448 65536 1657.009 1657.009 1657.009 668.2499950211495 668.2499950211495 668.2499950211495 167.06249875528738 167.06249875528738 167.06249875528738
 9216 65536 1940.012 1940.012 1940.012 622.6557114079707 622.6557114079707 622.6557114079707 155.66392785199267 155.66392785199267 155.66392785199267
 10112 65536 2151.012 2151.012 2151.012 616.1751138533862 616.1751138533862 616.1751138533862 154.04377846334654 154.04377846334654 154.04377846334654
 11008 65536 2256.87 2256.87 2256.87 639.3104503139305 639.3104503139305 639.3104503139305 159.82761257848261 159.82761257848261 159.82761257848261
 12032 65536 2476.931 2476.931 2476.931 636.698520871191 636.698520871191 636.698520871191 159.17463021779776 159.17463021779776 159.17463021779776
 13184 65536 2680.063 2680.063 2680.063 644.7808308983781 644.7808308983781 644.7808308983781 161.19520772459452 161.19520772459452 161.19520772459452
 14464 65536 2774.954 2774.954 2774.954 683.1916521859462 683.1916521859462 683.1916521859462 170.79791304648654 170.79791304648654 170.79791304648654
 15872 65536 3160.954 3160.954 3160.954 658.1477566582746 658.1477566582746 658.1477566582746 164.53693916456865 164.53693916456865 164.53693916456865
 17408 32768 1708.984 1708.984 1708.984 667.560777631622 667.560777631622 667.560777631622 166.8901944079055 166.8901944079055 166.8901944079055
 19072 32768 1878.023 1878.023 1878.023 665.5416850592352 665.5416850592352 665.5416850592352 166.3854212648088 166.3854212648088 166.3854212648088
 20864 32768 2007.008 2007.008 2007.008 681.2843317017171 681.2843317017171 681.2843317017171 170.32108292542927 170.32108292542927 170.32108292542927
 22912 32768 2188.921 2188.921 2188.921 685.9821948804914 685.9821948804914 685.9821948804914 171.49554872012286 171.49554872012286 171.49554872012286
 25088 32768 2367.02 2367.02 2367.02 694.6148186327111 694.6148186327111 694.6148186327111 173.6537046581778 173.6537046581778 173.6537046581778
 27520 32768 2638.102 2638.102 2638.102 683.6546577804801 683.6546577804801 683.6546577804801 170.91366444512002 170.91366444512002 170.91366444512002
 30208 32768 2895.117 2895.117 2895.117 683.8105292463136 683.8105292463136 683.8105292463136 170.9526323115784 170.9526323115784 170.9526323115784
 33152 16384 1564.98 1564.98 1564.98 694.1460823780494 694.1460823780494 694.1460823780494 173.53652059451235 173.53652059451235 173.53652059451235
 36352 16384 1724.005 1724.005 1724.005 690.9390262789261 690.9390262789261 690.9390262789261 172.73475656973153 172.73475656973153 172.73475656973153
 39936 16384 1881.123 1881.123 1881.123 695.6604368773334 695.6604368773334 695.6604368773334 173.91510921933335 173.91510921933335 173.91510921933335
 43904 16384 2063.99 2063.99 2063.99 697.0219196798434 697.0219196798434 697.0219196798434 174.25547991996086 174.25547991996086 174.25547991996086
 48256 16384 2271.891 2271.891 2271.891 696.007250347838 696.007250347838 696.007250347838 174.0018125869595 174.0018125869595 174.0018125869595
 52992 16384 2496.004 2496.004 2496.004 695.6887312680589 695.6887312680589 695.6887312680589 173.92218281701471 173.92218281701471 173.92218281701471
 58240 16384 2727.985 2727.985 2727.985 699.5670137482427 699.5670137482427 699.5670137482427 174.8917534370607 174.8917534370607 174.8917534370607
 64000 16384 2969.027 2969.027 2969.027 706.343189199694 706.343189199694 706.343189199694 176.5857972999235 176.5857972999235 176.5857972999235
 70400 8192 1638.174 1638.174 1638.174 704.0971227720621 704.0971227720621 704.0971227720621 176.02428069301553 176.02428069301553 176.02428069301553
 77440 8192 1855.135 1855.135 1855.135 683.9270241788334 683.9270241788334 683.9270241788334 170.98175604470836 170.98175604470836 170.98175604470836
 85120 8192 2022.028 2022.028 2022.028 689.706611382236 689.706611382236 689.706611382236 172.426652845559 172.426652845559 172.426652845559
 93568 8192 2167.94 2167.94 2167.94 707.1312453296678 707.1312453296678 707.1312453296678 176.78281133241694 176.78281133241694 176.78281133241694
 102912 8192 2372.98 2372.98 2372.98 710.5454778379927 710.5454778379927 710.5454778379927 177.63636945949818 177.63636945949818 177.63636945949818
 113152 8192 2603.054 2603.054 2603.054 712.1951246497383 712.1951246497383 712.1951246497383 178.04878116243458 178.04878116243458 178.04878116243458
 124416 8192 2883.911 2883.911 2883.911 706.8289361218151 706.8289361218151 706.8289361218151 176.70723403045378 176.70723403045378 176.70723403045378
 136832 4096 1578.093 1578.093 1578.093 710.3052507044896 710.3052507044896 710.3052507044896 177.5763126761224 177.5763126761224 177.5763126761224
 150400 4096 1733.065 1733.065 1733.065 710.9235949026724 710.9235949026724 710.9235949026724 177.7308987256681 177.7308987256681 177.7308987256681
 165376 4096 1924.038 1924.038 1924.038 704.1234071260546 704.1234071260546 704.1234071260546 176.03085178151366 176.03085178151366 176.03085178151366
 181888 4096 2092.838 2092.838 2092.838 711.9645648635967 711.9645648635967 711.9645648635967 177.99114121589918 177.99114121589918 177.99114121589918
 200064 4096 2323.866 2323.866 2323.866 705.2576559922129 705.2576559922129 705.2576559922129 176.31441399805323 176.31441399805323 176.31441399805323
 220032 4096 2541.78 2541.78 2541.78 709.1495503151335 709.1495503151335 709.1495503151335 177.28738757878338 177.28738757878338 177.28738757878338
 241920 4096 2796.888 2796.888 2796.888 708.576331980401 708.576331980401 708.576331980401 177.14408299510026 177.14408299510026 177.14408299510026
 266112 2048 1546.144 1546.144 1546.144 704.9762195500548 704.9762195500548 704.9762195500548 176.2440548875137 176.2440548875137 176.2440548875137
 292608 2048 1695.871 1695.871 1695.871 706.7296793211275 706.7296793211275 706.7296793211275 176.68241983028187 176.68241983028187 176.68241983028187
 321792 2048 1863.003 1863.003 1863.003 707.492168289584 707.492168289584 707.492168289584 176.873042072396 176.873042072396 176.873042072396
 353920 2048 2048.016 2048.016 2048.016 707.8344700432028 707.8344700432028 707.8344700432028 176.9586175108007 176.9586175108007 176.9586175108007
 389248 2048 2246.857 2246.857 2246.857 709.5955852998211 709.5955852998211 709.5955852998211 177.39889632495527 177.39889632495527 177.39889632495527
 428160 2048 2465.01 2465.01 2465.01 711.4548663088588 711.4548663088588 711.4548663088588 177.8637165772147 177.8637165772147 177.8637165772147
 470912 2048 2724.886 2724.886 2724.886 707.8665133146853 707.8665133146853 707.8665133146853 176.96662832867133 176.96662832867133 176.96662832867133
 517888 2048 2998.829 2998.829 2998.829 707.365857806497 707.365857806497 707.365857806497 176.84146445162426 176.84146445162426 176.84146445162426
 569600 1024 1808.882 1808.882 1808.882 644.8960186457712 644.8960186457712 644.8960186457712 161.2240046614428 161.2240046614428 161.2240046614428
 626560 1024 2036.095 2036.095 2036.095 630.2234817137708 630.2234817137708 630.2234817137708 157.5558704284427 157.5558704284427 157.5558704284427
 689152 1024 2219.915 2219.915 2219.915 635.7825844683242 635.7825844683242 635.7825844683242 158.94564611708105 158.94564611708105 158.94564611708105
 758016 1024 2436.876 2436.876 2436.876 637.0520157775775 637.0520157775775 637.0520157775775 159.26300394439437 159.26300394439437 159.26300394439437
 833792 1024 2677.917 2677.917 2677.917 637.6620395628394 637.6620395628394 637.6620395628394 159.41550989070984 159.41550989070984 159.41550989070984
 917120 1024 2943.993 2943.993 2943.993 637.9980387181628 637.9980387181628 637.9980387181628 159.4995096795407 159.4995096795407 159.4995096795407
 1008768 1024 3247.023 3247.023 3247.023 636.2618509323771 636.2618509323771 636.2618509323771 159.06546273309428 159.06546273309428 159.06546273309428
 1109632 512 1798.153 1798.153 1798.153 631.9057210370863 631.9057210370863 631.9057210370863 157.97643025927158 157.97643025927158 157.97643025927158
 1220480 512 1971.006 1971.006 1971.006 634.077988600745 634.077988600745 634.077988600745 158.51949715018625 158.51949715018625 158.51949715018625
 1342464 512 2160.788 2160.788 2160.788 636.1952843129451 636.1952843129451 636.1952843129451 159.04882107823627 159.04882107823627 159.04882107823627
 1476608 512 2377.033 2377.033 2377.033 636.1066893055335 636.1066893055335 636.1066893055335 159.02667232638336 159.02667232638336 159.02667232638336
 1624192 512 2619.982 2619.982 2619.982 634.8030665859537 634.8030665859537 634.8030665859537 158.70076664648843 158.70076664648843 158.70076664648843
 1786496 512 2881.05 2881.05 2881.05 634.9670793634266 634.9670793634266 634.9670793634266 158.74176984085665 158.74176984085665 158.74176984085665
 1965056 512 3166.914 3166.914 3166.914 635.3874288976588 635.3874288976588 635.3874288976588 158.8468572244147 158.8468572244147 158.8468572244147
 2161536 256 1746.893 1746.893 1746.893 633.5284599571926 633.5284599571926 633.5284599571926 158.38211498929815 158.38211498929815 158.38211498929815
 2377600 256 1929.998 1929.998 1929.998 630.7422080230135 630.7422080230135 630.7422080230135 157.68555200575338 157.68555200575338 157.68555200575338
 2615296 256 2111.197 2111.197 2111.197 634.2522995248667 634.2522995248667 634.2522995248667 158.56307488121666 158.56307488121666 158.56307488121666
 2876800 256 2362.013 2362.013 2362.013 623.5874231005503 623.5874231005503 623.5874231005503 155.89685577513757 155.89685577513757 155.89685577513757
 3164416 256 2738.953 2738.953 2738.953 591.5329660640398 591.5329660640398 591.5329660640398 147.88324151600995 147.88324151600995 147.88324151600995
 3480832 256 3041.029 3041.029 3041.029 586.0470202684684 586.0470202684684 586.0470202684684 146.5117550671171 146.5117550671171 146.5117550671171
 3828864 256 3417.969 3417.969 3417.969 573.5506577151519 573.5506577151519 573.5506577151519 143.38766442878799 143.38766442878799 143.38766442878799
 4211712 128 1974.821 1974.821 1974.821 545.9726587878092 545.9726587878092 545.9726587878092 136.4931646969523 136.4931646969523 136.4931646969523
 4632832 128 2371.073 2371.073 2371.073 500.1975864935411 500.1975864935411 500.1975864935411 125.04939662338528 125.04939662338528 125.04939662338528
 5096064 128 2635.956 2635.956 2635.956 494.92191220187283 494.92191220187283 494.92191220187283 123.73047805046821 123.73047805046821 123.73047805046821
 5605632 128 2978.802 2978.802 2978.802 481.7513188187735 481.7513188187735 481.7513188187735 120.43782970469337 120.43782970469337 120.43782970469337
 6166144 128 3278.017 3278.017 3278.017 481.5511524192828 481.5511524192828 481.5511524192828 120.3877881048207 120.3877881048207 120.3877881048207
 6782720 128 3610.134 3610.134 3610.134 480.972817075488 480.972817075488 480.972817075488 120.243204268872 120.243204268872 120.243204268872
 7460992 128 3974.199 3974.199 3974.199 480.6035007305874 480.6035007305874 480.6035007305874 120.15087518264686 120.15087518264686 120.15087518264686
 8206976 128 4382.133 4382.133 4382.133 479.44365358148644 479.44365358148644 479.44365358148644 119.86091339537161 119.86091339537161 119.86091339537161
 9027584 64 2439.022 2439.022 2439.022 473.7680726127112 473.7680726127112 473.7680726127112 118.4420181531778 118.4420181531778 118.4420181531778
 9930240 64 2654.076 2654.076 2654.076 478.91270634299843 478.91270634299843 478.91270634299843 119.72817658574961 119.72817658574961 119.72817658574961
 10923264 64 2920.151 2920.151 2920.151 478.8032509277774 478.8032509277774 478.8032509277774 119.70081273194435 119.70081273194435 119.70081273194435
 12015488 64 3210.783 3210.783 3210.783 479.0054214190121 479.0054214190121 479.0054214190121 119.75135535475303 119.75135535475303 119.75135535475303
 13217024 64 3530.025 3530.025 3530.025 479.25413332766766 479.25413332766766 479.25413332766766 119.81353333191691 119.81353333191691 119.81353333191691
 14538624 64 3882.885 3882.885 3882.885 479.2683460880247 479.2683460880247 479.2683460880247 119.81708652200618 119.81708652200618 119.81708652200618
 15992448 64 4270.792 4270.792 4270.792 479.31000713684944 479.31000713684944 479.31000713684944 119.82750178421236 119.82750178421236 119.82750178421236
 17591680 32 2343.178 2343.178 2343.178 480.48740641982806 480.48740641982806 480.48740641982806 120.12185160495702 120.12185160495702 120.12185160495702
 19350784 32 2586.842 2586.842 2586.842 478.7498331942963 478.7498331942963 478.7498331942963 119.68745829857407 119.68745829857407 119.68745829857407
 21285760 32 2841.949 2841.949 2841.949 479.3501361213731 479.3501361213731 479.3501361213731 119.83753403034328 119.83753403034328 119.83753403034328
 23414272 32 3148.079 3148.079 3148.079 476.00883205281696 476.00883205281696 476.00883205281696 119.00220801320424 119.00220801320424 119.00220801320424
 25755648 32 3579.14 3579.14 3579.14 460.54679951049695 460.54679951049695 460.54679951049695 115.13669987762424 115.13669987762424 115.13669987762424
 28331136 32 3778.934 3778.934 3778.934 479.8159226914256 479.8159226914256 479.8159226914256 119.9539806728564 119.9539806728564 119.9539806728564
 31164160 32 4163.98 4163.98 4163.98 478.9903505780528 478.9903505780528 478.9903505780528 119.7475876445132 119.7475876445132 119.7475876445132
 34280576 16 2289.057 2289.057 2289.057 479.22722413640207 479.22722413640207 479.22722413640207 119.80680603410052 119.80680603410052 119.80680603410052
 37708544 16 2560.139 2560.139 2560.139 471.3312081883053 471.3312081883053 471.3312081883053 117.83280204707633 117.83280204707633 117.83280204707633
 41479296 16 2763.033 2763.033 2763.033 480.39146546566764 480.39146546566764 480.39146546566764 120.09786636641691 120.09786636641691 120.09786636641691
 45627136 16 3058.91 3058.91 3058.91 477.31654478229177 477.31654478229177 477.31654478229177 119.32913619557294 119.32913619557294 119.32913619557294
 50189824 16 3444.91 3444.91 3444.91 466.2166407830684 466.2166407830684 466.2166407830684 116.5541601957671 116.5541601957671 116.5541601957671
 55208704 16 4351.854 4351.854 4351.854 405.9599720027372 405.9599720027372 405.9599720027372 101.4899930006843 101.4899930006843 101.4899930006843
 60729472 16 5443.096 5443.096 5443.096 357.0289967327418 357.0289967327418 357.0289967327418 89.25724918318545 89.25724918318545 89.25724918318545
 66802304 16 8382.082 8382.082 8382.082 255.02896869775313 255.02896869775313 255.02896869775313 63.75724217443828 63.75724217443828 63.75724217443828
 73482496 8 7593.87 7593.87 7593.87 154.82487005966652 154.82487005966652 154.82487005966652 38.70621751491663 38.70621751491663 38.70621751491663
 80830720 8 10905.981 10905.981 10905.981 118.5855284361856 118.5855284361856 118.5855284361856 29.6463821090464 29.6463821090464 29.6463821090464
 88913792 8 12887.955 12887.955 12887.955 110.38373985632322 110.38373985632322 110.38373985632322 27.595934964080804 27.595934964080804 27.595934964080804
 97805056 8 14711.857 14711.857 14711.857 106.36868588377388 106.36868588377388 106.36868588377388 26.59217147094347 26.59217147094347 26.59217147094347
 107585536 8 16726.017 16726.017 16726.017 102.91562994345874 102.91562994345874 102.91562994345874 25.728907485864685 25.728907485864685 25.728907485864685
 118344064 8 18584.013 18584.013 18584.013 101.88892054692386 101.88892054692386 101.88892054692386 25.472230136730964 25.472230136730964 25.472230136730964
 130178432 8 20516.157 20516.157 20516.157 101.52266391800376 101.52266391800376 101.52266391800376 25.38066597950094 25.38066597950094 25.38066597950094
 143196160 4 11200.19 11200.19 11200.19 102.2812363004556 102.2812363004556 102.2812363004556 25.5703090751139 25.5703090751139 25.5703090751139
 157515776 4 12258.053 12258.053 12258.053 102.79986617776902 102.79986617776902 102.79986617776902 25.699966544442255 25.699966544442255 25.699966544442255
 173267328 4 13496.876 13496.876 13496.876 102.70070081402541 102.70070081402541 102.70070081402541 25.675175203506353 25.675175203506353 25.675175203506353
 190594048 4 14894.962 14894.962 14894.962 102.3669871732469 102.3669871732469 102.3669871732469 25.591746793311724 25.591746793311724 25.591746793311724
 209653376 4 16412.02 16412.02 16412.02 102.19503802700704 102.19503802700704 102.19503802700704 25.54875950675176 25.54875950675176 25.54875950675176
 230618624 4 17963.886 17963.886 17963.886 102.70322312221309 102.70322312221309 102.70322312221309 25.675805780553272 25.675805780553272 25.675805780553272
 253680384 4 19978.046 19978.046 19978.046 101.58366198576176 101.58366198576176 101.58366198576176 25.39591549644044 25.39591549644044 25.39591549644044
 279048320 2 10926.008 10926.008 10926.008 102.1592955084785 102.1592955084785 102.1592955084785 25.539823877119623 25.539823877119623 25.539823877119623
 306953088 2 11955.023 11955.023 11955.023 102.70263403090065 102.70263403090065 102.70263403090065 25.675658507725164 25.675658507725164 25.675658507725164
 337648384 2 13198.137 13198.137 13198.137 102.33213490661599 102.33213490661599 102.33213490661599 25.583033726653998 25.583033726653998 25.583033726653998
 371413120 2 14467.955 14467.955 14467.955 102.6857271812084 102.6857271812084 102.6857271812084 25.6714317953021 25.6714317953021 25.6714317953021
 408554368 2 15906.811 15906.811 15906.811 102.73696418471307 102.73696418471307 102.73696418471307 25.68424104617827 25.68424104617827 25.68424104617827
 449409792 2 17534.018 17534.018 17534.018 102.52294528270703 102.52294528270703 102.52294528270703 25.630736320676757 25.630736320676757 25.630736320676757
 494350720 2 19234.18 19234.18 19234.18 102.80671596085719 102.80671596085719 102.80671596085719 25.701678990214297 25.701678990214297 25.701678990214297
 543785728 1 10565.996 10565.996 10565.996 102.93127652139941 102.93127652139941 102.93127652139941 25.732819130349853 25.732819130349853 25.732819130349853
 598164224 1 11636.972 11636.972 11636.972 102.80410127308033 102.80410127308033 102.80410127308033 25.701025318270084 25.701025318270084 25.701025318270084
 657980544 1 12809.038 12809.038 12809.038 102.73691810423233 102.73691810423233 102.73691810423233 25.684229526058083 25.684229526058083 25.684229526058083
 723778560 1 14083.147 14083.147 14083.147 102.78648089095427 102.78648089095427 102.78648089095427 25.696620222738566 25.696620222738566 25.696620222738566
 796156416 1 15444.994 15444.994 15444.994 103.09572357231087 103.09572357231087 103.09572357231087 25.77393089307772 25.77393089307772 25.77393089307772
 875772032 1 17001.867 17001.867 17001.867 103.02068966896402 103.02068966896402 103.02068966896402 25.755172417241006 25.755172417241006 25.755172417241006
 963349120 1 18906.116 18906.116 18906.116 101.90872837128471 101.90872837128471 101.90872837128471 25.477182092821177 25.477182092821177 25.477182092821177
 1059683968 1 20728.111 20728.111 20728.111 102.24607230248816 102.24607230248816 102.24607230248816 25.56151807562204 25.56151807562204 25.56151807562204
 
META_DATA
 MPI startup(): shm:tmi fabric is unknown or has been removed from the product, please use ofi or shm:ofi instead
 FLOPS          4
 MPI_PROCS      2
 OPENMP_THREADS 8
 ERT_VERSION  1.1.0
 HOSTNAME  ('shas0420.rc.int.colorado.edu', [], ['10.225.6.135'])
 UNAME  uname_result(system='Linux', node='shas0420.rc.int.colorado.edu', release='3.10.0-957.27.2.el7.x86_64', version='#1 SMP Mon Jul 29 17:46:05 UTC 2019', machine='x86_64', processor='x86_64')
 TIMESTAMP_DATA  1664555149.2577248
 CONFIG  {'ERT_RESULTS': ['lab5_results'], 'ERT_DRIVER': ['driver1'], 'ERT_KERNEL': ['kernel1'], 'ERT_MPI': ['True'], 'ERT_MPI_CFLAGS': ['-I/usr/include/mpi'], 'ERT_MPI_LDFLAGS': ['-lmpi'], 'ERT_OPENMP': ['True'], 'ERT_OPENMP_CFLAGS': ['-qopenmp'], 'ERT_OPENMP_LDFLAGS': ['-qopenmp'], 'ERT_FLOPS': ['1,2,4,8,16'], 'ERT_ALIGN': ['32'], 'ERT_CC': ['mpicc'], 'ERT_CFLAGS': ['-O3', '-msse3', '-axSSE3', '-xSSE3', '-fno-alias', '-fno-fnalias', '-DERT_INTEL', '-std=c++11'], 'ERT_LD': ['mpicc'], 'ERT_LDFLAGS': [], 'ERT_LDLIBS': [], 'ERT_PRECISION': ['FP64'], 'ERT_RUN': ['export', 'OMP_NUM_THREADS=ERT_OPENMP_THREADS;', 'mpirun', '-np', 'ERT_MPI_PROCS', 'ERT_CODE'], 'ERT_PROCS_THREADS': ['1-24'], 'ERT_MPI_PROCS': ['1,2,4,8,12,24'], 'ERT_OPENMP_THREADS': ['1,2,4,8,12,24'], 'ERT_NUM_EXPERIMENTS': ['1'], 'ERT_MEMORY_MAX': ['1073741824'], 'ERT_WORKING_SET_MIN': ['1'], 'ERT_TRIALS_MIN': ['1'], 'ERT_GNUPLOT': ['gnuplot'], 'ERT_GPU': [False], 'ERT_HIP': [False], 'ERT_OCL': [False], 'ERT_SYCL': [False], 'ERT_WSS_MULT': [1.1]}
 