fp64
 16 67108864 184008.837 184008.837 184008.837 11.670546279252882 11.670546279252882 11.670546279252882 0.7294091424533051 0.7294091424533051 0.7294091424533051
 32 33554432 102258.921 102258.921 102258.921 21.000452840686634 21.000452840686634 21.000452840686634 1.3125283025429146 1.3125283025429146 1.3125283025429146
 48 16777216 51250.935 51250.935 51250.935 31.426016637550127 31.426016637550127 31.426016637550127 1.964126039846883 1.964126039846883 1.964126039846883
 64 16777216 70667.028 70667.028 70667.028 30.388764163111542 30.388764163111542 30.388764163111542 1.8992977601944714 1.8992977601944714 1.8992977601944714
 80 8388608 28127.909 28127.909 28127.909 47.71692343003527 47.71692343003527 47.71692343003527 2.9823077143772045 2.9823077143772045 2.9823077143772045
 96 8388608 41333.199 41333.199 41333.199 38.96656380262268 38.96656380262268 38.96656380262268 2.4354102376639175 2.4354102376639175 2.4354102376639175
 112 8388608 33236.027 33236.027 33236.027 56.53648650604357 56.53648650604357 56.53648650604357 3.5335304066277233 3.5335304066277233 3.5335304066277233
 128 8388608 46028.137 46028.137 46028.137 46.65588894028016 46.65588894028016 46.65588894028016 2.91599305876751 2.91599305876751 2.91599305876751
 144 4194304 21728.992 21728.992 21728.992 55.592065752520874 55.592065752520874 55.592065752520874 3.4745041095325546 3.4745041095325546 3.4745041095325546
 160 4194304 25620.937 25620.937 25620.937 52.38595606398001 52.38595606398001 52.38595606398001 3.2741222539987507 3.2741222539987507 3.2741222539987507
 176 4194304 24289.846 24289.846 24289.846 60.78239475046486 60.78239475046486 60.78239475046486 3.7988996719040538 3.7988996719040538 3.7988996719040538
 192 4194304 28403.044 28403.044 28403.044 56.70563817033132 56.70563817033132 56.70563817033132 3.5441023856457075 3.5441023856457075 3.5441023856457075
 208 4194304 26837.111 26837.111 26837.111 65.01558472519639 65.01558472519639 65.01558472519639 4.063474045324774 4.063474045324774 4.063474045324774
 224 4194304 30678.988 30678.988 30678.988 61.248701945448786 61.248701945448786 61.248701945448786 3.828043871590549 3.828043871590549 3.828043871590549
 240 4194304 29565.096 29565.096 29565.096 68.09603865314693 68.09603865314693 68.09603865314693 4.256002415821683 4.256002415821683 4.256002415821683
 256 4194304 16516.924 16516.924 16516.924 130.01716590813157 130.01716590813157 130.01716590813157 8.126072869258223 8.126072869258223 8.126072869258223
 272 2097152 10226.965 10226.965 10226.965 111.55320156077586 111.55320156077586 111.55320156077586 6.972075097548491 6.972075097548491 6.972075097548491
 288 2097152 10317.802 10317.802 10317.802 117.07527940543926 117.07527940543926 117.07527940543926 7.317204962839954 7.317204962839954 7.317204962839954
 304 2097152 11508.226 11508.226 11508.226 110.79626138728942 110.79626138728942 110.79626138728942 6.924766336705589 6.924766336705589 6.924766336705589
 320 2097152 12408.018 12408.018 12408.018 108.17015900524967 108.17015900524967 108.17015900524967 6.7606349378281045 6.7606349378281045 6.7606349378281045
 352 2097152 13466.12 13466.12 13466.12 109.63774331433254 109.63774331433254 109.63774331433254 6.852358957145784 6.852358957145784 6.852358957145784
 384 2097152 14942.169 14942.169 14942.169 107.78975502150993 107.78975502150993 107.78975502150993 6.736859688844371 6.736859688844371 6.736859688844371
 416 2097152 16115.904 16115.904 16115.904 108.26761340846905 108.26761340846905 108.26761340846905 6.766725838029315 6.766725838029315 6.766725838029315
 448 2097152 17426.014 17426.014 17426.014 107.83006326059419 107.83006326059419 107.83006326059419 6.739378953787137 6.739378953787137 6.739378953787137
 480 2097152 18723.965 18723.965 18723.965 107.52348233934426 107.52348233934426 107.52348233934426 6.720217646209016 6.720217646209016 6.720217646209016
 528 1048576 8638.144 8638.144 8638.144 128.18682531803125 128.18682531803125 128.18682531803125 8.011676582376953 8.011676582376953 8.011676582376953
 576 1048576 9546.041 9546.041 9546.041 126.54036914360623 126.54036914360623 126.54036914360623 7.908773071475389 7.908773071475389 7.908773071475389
 624 1048576 10814.905 10814.905 10814.905 121.00178855015368 121.00178855015368 121.00178855015368 7.562611784384605 7.562611784384605 7.562611784384605
 672 1048576 11492.968 11492.968 11492.968 122.62160166112007 122.62160166112007 122.62160166112007 7.663850103820004 7.663850103820004 7.663850103820004
 736 1048576 12828.112 12828.112 12828.112 120.3219828451763 120.3219828451763 120.3219828451763 7.520123927823518 7.520123927823518 7.520123927823518
 800 1048576 12857.914 12857.914 12857.914 130.48163177946282 130.48163177946282 130.48163177946282 8.155101986216426 8.155101986216426 8.155101986216426
 880 1048576 14489.889 14489.889 14489.889 127.36424412913034 127.36424412913034 127.36424412913034 7.960265258070646 7.960265258070646 7.960265258070646
 960 1048576 16042.948 16042.948 16042.948 125.49226738128178 125.49226738128178 125.49226738128178 7.843266711330111 7.843266711330111 7.843266711330111
 1056 524288 8316.04 8316.04 8316.04 133.1518674753849 133.1518674753849 133.1518674753849 8.321991717211557 8.321991717211557 8.321991717211557
 1152 524288 9270.906 9270.906 9270.906 130.2957393808113 130.2957393808113 130.2957393808113 8.143483711300707 8.143483711300707 8.143483711300707
 1264 524288 10668.039 10668.039 10668.039 124.24027171254248 124.24027171254248 124.24027171254248 7.765016982033905 7.765016982033905 7.765016982033905
 1376 524288 10861.874 10861.874 10861.874 132.83532620614085 132.83532620614085 132.83532620614085 8.302207887883803 8.302207887883803 8.302207887883803
 1504 524288 12150.049 12150.049 12150.049 129.7985138989974 129.7985138989974 129.7985138989974 8.112407118687338 8.112407118687338 8.112407118687338
 1648 524288 13068.914 13068.914 13068.914 132.22623149865396 132.22623149865396 132.22623149865396 8.264139468665872 8.264139468665872 8.264139468665872
 1808 524288 13953.924 13953.924 13953.924 135.8632459227956 135.8632459227956 135.8632459227956 8.491452870174726 8.491452870174726 8.491452870174726
 1984 524288 15696.049 15696.049 15696.049 132.5413028463405 132.5413028463405 132.5413028463405 8.283831427896281 8.283831427896281 8.283831427896281
 2176 262144 8460.999 8460.999 8460.999 134.83640501553066 134.83640501553066 134.83640501553066 8.427275313470666 8.427275313470666 8.427275313470666
 2384 262144 9270.191 9270.191 9270.191 134.83029551386804 134.83029551386804 134.83029551386804 8.426893469616752 8.426893469616752 8.426893469616752
 2608 262144 10067.94 10067.94 10067.94 135.811606346482 135.811606346482 135.811606346482 8.488225396655125 8.488225396655125 8.488225396655125
 2864 262144 11029.959 11029.959 11029.959 136.13476097236625 136.13476097236625 136.13476097236625 8.50842256077289 8.50842256077289 8.50842256077289
 3136 262144 11976.004 11976.004 11976.004 137.28846182750107 137.28846182750107 137.28846182750107 8.580528864218817 8.580528864218817 8.580528864218817
 3440 262144 13212.919 13212.919 13212.919 136.49903704094456 136.49903704094456 136.49903704094456 8.531189815059035 8.531189815059035 8.531189815059035
 3776 262144 14557.123 14557.123 14557.123 135.9960679043517 135.9960679043517 135.9960679043517 8.49975424402198 8.49975424402198 8.49975424402198
 4144 131072 7905.006 7905.006 7905.006 137.4223796920584 137.4223796920584 137.4223796920584 8.58889873075365 8.58889873075365 8.58889873075365
 4544 131072 8718.967 8718.967 8718.967 136.61966331561982 136.61966331561982 136.61966331561982 8.538728957226239 8.538728957226239 8.538728957226239
 4992 131072 9523.869 9523.869 9523.869 137.40454094864177 137.40454094864177 137.40454094864177 8.58778380929011 8.58778380929011 8.58778380929011
 5488 131072 10444.164 10444.164 10444.164 137.7464268083113 137.7464268083113 137.7464268083113 8.609151675519456 8.609151675519456 8.609151675519456
 6032 131072 11475.086 11475.086 11475.086 137.79875880668783 137.79875880668783 137.79875880668783 8.61242242541799 8.61242242541799 8.61242242541799
 6624 131072 12820.959 12820.959 12820.959 135.4377512633805 135.4377512633805 135.4377512633805 8.464859453961282 8.464859453961282 8.464859453961282
 7280 131072 13810.873 13810.873 13810.873 138.18158490053452 138.18158490053452 138.18158490053452 8.636349056283407 8.636349056283407 8.636349056283407
 8000 131072 15214.205 15214.205 15214.205 137.8417077987315 137.8417077987315 137.8417077987315 8.615106737420719 8.615106737420719 8.615106737420719
 8800 65536 8675.098 8675.098 8675.098 132.9591435163038 132.9591435163038 132.9591435163038 8.309946469768988 8.309946469768988 8.309946469768988
 9680 65536 9518.862 9518.862 9518.862 133.29082405018585 133.29082405018585 133.29082405018585 8.330676503136615 8.330676503136615 8.330676503136615
 10640 65536 10395.05 10395.05 10395.05 134.16059374413783 134.16059374413783 134.16059374413783 8.385037109008614 8.385037109008614 8.385037109008614
 11696 65536 11399.031 11399.031 11399.031 134.4867043523261 134.4867043523261 134.4867043523261 8.40541902202038 8.40541902202038 8.40541902202038
 12864 65536 12459.04 12459.04 12459.04 135.33227343358718 135.33227343358718 135.33227343358718 8.458267089599198 8.458267089599198 8.458267089599198
 14144 65536 13674.021 13674.021 13674.021 135.57697242091407 135.57697242091407 135.57697242091407 8.47356077630713 8.47356077630713 8.47356077630713
 15552 65536 15015.125 15015.125 15015.125 135.75855971895004 135.75855971895004 135.75855971895004 8.484909982434377 8.484909982434377 8.484909982434377
 17104 32768 8237.123 8237.123 8237.123 136.08243363611302 136.08243363611302 136.08243363611302 8.505152102257064 8.505152102257064 8.505152102257064
 18800 32768 9012.938 9012.938 9012.938 136.7009070738088 136.7009070738088 136.7009070738088 8.54380669211305 8.54380669211305 8.54380669211305
 20672 32768 9989.977 9989.977 9989.977 135.61194305051953 135.61194305051953 135.61194305051953 8.47574644065747 8.47574644065747 8.47574644065747
 22736 32768 10874.033 10874.033 10874.033 137.02611496580892 137.02611496580892 137.02611496580892 8.564132185363057 8.564132185363057 8.564132185363057
 25008 32768 11933.804 11933.804 11933.804 137.33460747302368 137.33460747302368 137.33460747302368 8.58341296706398 8.58341296706398 8.58341296706398
 27504 32768 13092.995 13092.995 13092.995 137.66919975147013 137.66919975147013 137.66919975147013 8.604324984466883 8.604324984466883 8.604324984466883
 30240 32768 14344.931 14344.931 14344.931 138.15393326046672 138.15393326046672 138.15393326046672 8.63462082877917 8.63462082877917 8.63462082877917
 33264 16384 7904.053 7904.053 7904.053 137.90326962635498 137.90326962635498 137.90326962635498 8.618954351647186 8.618954351647186 8.618954351647186
 36576 16384 8682.966 8682.966 8682.966 138.03144777947995 138.03144777947995 138.03144777947995 8.626965486217497 8.626965486217497 8.626965486217497
 40224 16384 9537.935 9537.935 9537.935 138.19134141719357 138.19134141719357 138.19134141719357 8.636958838574598 8.636958838574598 8.636958838574598
 44240 16384 10545.969 10545.969 10545.969 137.46070370584252 137.46070370584252 137.46070370584252 8.591293981615157 8.591293981615157 8.591293981615157
 48656 16384 11519.909 11519.909 11519.909 138.40038215579656 138.40038215579656 138.40038215579656 8.650023884737285 8.650023884737285 8.650023884737285
 53520 16384 12640.953 12640.953 12640.953 138.7350589785438 138.7350589785438 138.7350589785438 8.670941186158988 8.670941186158988 8.670941186158988
 58864 16384 13918.161 13918.161 13918.161 138.5855180149159 138.5855180149159 138.5855180149159 8.661594875932243 8.661594875932243 8.661594875932243
 64736 16384 15296.221 15296.221 15296.221 138.67930177002543 138.67930177002543 138.67930177002543 8.66745636062659 8.66745636062659 8.66745636062659
 71200 8192 9045.839 9045.839 9045.839 128.9588284735114 128.9588284735114 128.9588284735114 8.059926779594463 8.059926779594463 8.059926779594463
 78320 8192 10087.013 10087.013 10087.013 127.21257323649725 127.21257323649725 127.21257323649725 7.950785827281078 7.950785827281078 7.950785827281078
 86144 8192 11348.009 11348.009 11348.009 124.37276847418785 124.37276847418785 124.37276847418785 7.773298029636741 7.773298029636741 7.773298029636741
 94752 8192 12427.092 12427.092 12427.092 124.92196629750548 124.92196629750548 124.92196629750548 7.807622893594092 7.807622893594092 7.807622893594092
 104224 8192 13699.055 13699.055 13699.055 124.65137310566313 124.65137310566313 124.65137310566313 7.790710819103945 7.790710819103945 7.790710819103945
 114640 8192 15064.001 15064.001 15064.001 124.68545109629241 124.68545109629241 124.68545109629241 7.792840693518276 7.792840693518276 7.792840693518276
 126096 8192 16542.912 16542.912 16542.912 124.884715822704 124.884715822704 124.884715822704 7.805294738919 7.805294738919 7.805294738919
 138704 4096 9117.842 9117.842 9117.842 124.61974752359164 124.61974752359164 124.61974752359164 7.788734220224478 7.788734220224478 7.788734220224478
 152560 4096 9981.871 9981.871 9981.871 125.20413457557204 125.20413457557204 125.20413457557204 7.825258410973253 7.825258410973253 7.825258410973253
 167808 4096 11043.072 11043.072 11043.072 124.48376104040616 124.48376104040616 124.48376104040616 7.780235065025385 7.780235065025385 7.780235065025385
 184576 4096 12109.041 12109.041 12109.041 124.86922721625932 124.86922721625932 124.86922721625932 7.804326701016207 7.804326701016207 7.804326701016207
 203024 4096 13355.97 13355.97 13355.97 124.52653068253373 124.52653068253373 124.52653068253373 7.782908167658358 7.782908167658358 7.782908167658358
 223312 4096 14713.049 14713.049 14713.049 124.33669622115715 124.33669622115715 124.33669622115715 7.771043513822322 7.771043513822322 7.771043513822322
 245632 4096 16200.066 16200.066 16200.066 124.21044111795595 124.21044111795595 124.21044111795595 7.763152569872247 7.763152569872247 7.763152569872247
 270192 2048 8899.212 8899.212 8899.212 124.36004805818762 124.36004805818762 124.36004805818762 7.772503003636726 7.772503003636726 7.772503003636726
 297200 2048 9821.892 9821.892 9821.892 123.94060126093832 123.94060126093832 123.94060126093832 7.746287578808645 7.746287578808645 7.746287578808645
 326912 2048 10927.916 10927.916 10927.916 122.53311171132722 122.53311171132722 122.53311171132722 7.658319481957951 7.658319481957951 7.658319481957951
 359600 2048 11979.103 11979.103 11979.103 122.9575870580627 122.9575870580627 122.9575870580627 7.684849191128919 7.684849191128919 7.684849191128919
 395552 2048 13432.026 13432.026 13432.026 120.62074567157629 120.62074567157629 120.62074567157629 7.538796604473518 7.538796604473518 7.538796604473518
 435104 2048 15300.989 15300.989 15300.989 116.47521503348575 116.47521503348575 116.47521503348575 7.27970093959286 7.27970093959286 7.27970093959286
 478608 2048 18429.995 18429.995 18429.995 106.36890395249702 106.36890395249702 106.36890395249702 6.648056497031064 6.648056497031064 6.648056497031064
 526464 1024 10792.017 10792.017 10792.017 99.90702127322447 99.90702127322447 99.90702127322447 6.2441888295765295 6.2441888295765295 6.2441888295765295
 579104 1024 14132.023 14132.023 14132.023 83.92322825967663 83.92322825967663 83.92322825967663 5.24520176622979 5.24520176622979 5.24520176622979
 637008 1024 15661.001 15661.001 15661.001 83.3019794839423 83.3019794839423 83.3019794839423 5.206373717746394 5.206373717746394 5.206373717746394
 700704 1024 18422.127 18422.127 18422.127 77.89772549065589 77.89772549065589 77.89772549065589 4.868607843165993 4.868607843165993 4.868607843165993
 770768 1024 20330.191 20330.191 20330.191 77.64476310134027 77.64476310134027 77.64476310134027 4.852797693833767 4.852797693833767 4.852797693833767
 847840 1024 22330.999 22330.999 22330.999 77.75632070916308 77.75632070916308 77.75632070916308 4.859770044322692 4.859770044322692 4.859770044322692
 932624 1024 24610.996 24610.996 24610.996 77.60815336364281 77.60815336364281 77.60815336364281 4.850509585227676 4.850509585227676 4.850509585227676
 1025872 1024 27121.067 27121.067 27121.067 77.46693210853392 77.46693210853392 77.46693210853392 4.84168325678337 4.84168325678337 4.84168325678337
 1128448 512 15431.881 15431.881 15431.881 74.87944936848594 74.87944936848594 74.87944936848594 4.679965585530371 4.679965585530371 4.679965585530371
 1241280 512 16355.038 16355.038 16355.038 77.71738102962524 77.71738102962524 77.71738102962524 4.857336314351578 4.857336314351578 4.857336314351578
 1365408 512 18028.975 18028.975 18028.975 77.55170729339855 77.55170729339855 77.55170729339855 4.846981705837409 4.846981705837409 4.846981705837409
 1501936 512 19832.134 19832.134 19832.134 77.55002381488548 77.55002381488548 77.55002381488548 4.846876488430342 4.846876488430342 4.846876488430342
 1652128 512 21781.921 21781.921 21781.921 77.66895637900808 77.66895637900808 77.66895637900808 4.854309773688005 4.854309773688005 4.854309773688005
 1817328 512 24076.939 24076.939 24076.939 77.2915474014367 77.2915474014367 77.2915474014367 4.830721712589794 4.830721712589794 4.830721712589794
 1999056 512 26377.201 26377.201 26377.201 77.60616238243018 77.60616238243018 77.60616238243018 4.8503851489018865 4.8503851489018865 4.8503851489018865
 2198960 256 14503.956 14503.956 14503.956 77.62485765952405 77.62485765952405 77.62485765952405 4.851553603720253 4.851553603720253 4.851553603720253
 2418848 256 15938.044 15938.044 15938.044 77.70402541240318 77.70402541240318 77.70402541240318 4.856501588275199 4.856501588275199 4.856501588275199
 2660720 256 17616.034 17616.034 17616.034 77.33231214244933 77.33231214244933 77.33231214244933 4.833269508903083 4.833269508903083 4.833269508903083
 2926784 256 19328.833 19328.833 19328.833 77.52736070511861 77.52736070511861 77.52736070511861 4.845460044069913 4.845460044069913 4.845460044069913
 3219456 256 22011.995 22011.995 22011.995 74.8846922780057 74.8846922780057 74.8846922780057 4.680293267375356 4.680293267375356 4.680293267375356
 3541392 256 23370.981 23370.981 23370.981 77.5830806588735 77.5830806588735 77.5830806588735 4.848942541179594 4.848942541179594 4.848942541179594
 3895520 256 25722.027 25722.027 25722.027 77.54078790135786 77.54078790135786 77.54078790135786 4.846299243834866 4.846299243834866 4.846299243834866
 4285072 128 14144.897 14144.897 14144.897 77.55294591399287 77.55294591399287 77.55294591399287 4.8470591196245545 4.8470591196245545 4.8470591196245545
 4713568 128 15604.973 15604.973 15604.973 77.32620927956748 77.32620927956748 77.32620927956748 4.832888079972967 4.832888079972967 4.832888079972967
 5184912 128 17124.891 17124.891 17124.891 77.50925083260384 77.50925083260384 77.50925083260384 4.84432817703774 4.84432817703774 4.84432817703774
 5703392 128 18843.889 18843.889 18843.889 77.48232607398612 77.48232607398612 77.48232607398612 4.842645379624132 4.842645379624132 4.842645379624132
 6273728 128 20934.105 20934.105 20934.105 76.72046968332299 76.72046968332299 76.72046968332299 4.795029355207687 4.795029355207687 4.795029355207687
 6901088 128 22883.892 22883.892 22883.892 77.20183821877852 77.20183821877852 77.20183821877852 4.8251148886736575 4.8251148886736575 4.8251148886736575
 7591184 128 25421.143 25421.143 25421.143 76.44593730502204 76.44593730502204 76.44593730502204 4.777871081563878 4.777871081563878 4.777871081563878
 8350288 128 27894.974 27894.974 27894.974 76.63293495093419 76.63293495093419 76.63293495093419 4.789558434433387 4.789558434433387 4.789558434433387
 9185312 64 15511.99 15511.99 15511.99 75.79426856257643 75.79426856257643 75.79426856257643 4.737141785161027 4.737141785161027 4.737141785161027
 10103840 64 17243.147 17243.147 17243.147 75.00321838003237 75.00321838003237 75.00321838003237 4.687701148752023 4.687701148752023 4.687701148752023
 11114224 64 18421.888 18421.888 18421.888 77.22447731741721 77.22447731741721 77.22447731741721 4.826529832338576 4.826529832338576 4.826529832338576
 12225632 64 20291.805 20291.805 20291.805 77.11886133342993 77.11886133342993 77.11886133342993 4.819928833339371 4.819928833339371 4.819928833339371
 13448192 64 22922.993 22922.993 22922.993 75.0935349498209 75.0935349498209 75.0935349498209 4.693345934363807 4.693345934363807 4.693345934363807
 14793008 64 25254.965 25254.965 25254.965 74.97555526210391 74.97555526210391 74.97555526210391 4.685972203881494 4.685972203881494 4.685972203881494
 16272304 64 28655.052 28655.052 28655.052 72.6871796289185 72.6871796289185 72.6871796289185 4.542948726807406 4.542948726807406 4.542948726807406
 17899520 32 15434.027 15434.027 15434.027 74.22361513297858 74.22361513297858 74.22361513297858 4.638975945811161 4.638975945811161 4.638975945811161
 19689472 32 16768.932 16768.932 16768.932 75.14647969232625 75.14647969232625 75.14647969232625 4.696654980770391 4.696654980770391 4.696654980770391
 21658416 32 18365.145 18365.145 18365.145 75.47659569254694 75.47659569254694 75.47659569254694 4.7172872307841835 4.7172872307841835 4.7172872307841835
 23824256 32 19912.958 19912.958 19912.958 76.5708632539676 76.5708632539676 76.5708632539676 4.785678953372975 4.785678953372975 4.785678953372975
 26206672 32 21867.037 21867.037 21867.037 76.70115562524543 76.70115562524543 76.70115562524543 4.79382222657784 4.79382222657784 4.79382222657784
 28827328 32 24194.956 24194.956 24194.956 76.25345514164192 76.25345514164192 76.25345514164192 4.76584094635262 4.76584094635262 4.76584094635262
 31710048 32 26728.153 26728.153 26728.153 75.929042758772 75.929042758772 75.929042758772 4.74556517242325 4.74556517242325 4.74556517242325
 34881040 16 14971.018 14971.018 14971.018 74.55693928094936 74.55693928094936 74.55693928094936 4.659808705059335 4.659808705059335 4.659808705059335
 38369136 16 16232.967 16232.967 16232.967 75.6369647027558 75.6369647027558 75.6369647027558 4.727310293922238 4.727310293922238 4.727310293922238
 42206048 16 17750.978 17750.978 17750.978 76.08558446751498 76.08558446751498 76.08558446751498 4.755349029219686 4.755349029219686 4.755349029219686
 46426640 16 19942.045 19942.045 19942.045 74.4985020342698 74.4985020342698 74.4985020342698 4.656156377141863 4.656156377141863 4.656156377141863
 51069296 16 22962.093 22962.093 22962.093 71.17023138962115 71.17023138962115 71.17023138962115 4.448139461851322 4.448139461851322 4.448139461851322
 56176224 16 29269.934 29269.934 29269.934 61.4158941390165 61.4158941390165 61.4158941390165 3.8384933836885313 3.8384933836885313 3.8384933836885313
 61793840 16 39738.178 39738.178 39738.178 49.7607836977327 49.7607836977327 49.7607836977327 3.1100489811082936 3.1100489811082936 3.1100489811082936
 67973216 8 24713.993 24713.993 24713.993 44.0063026642437 44.0063026642437 44.0063026642437 2.750393916515231 2.750393916515231 2.750393916515231
 74770528 8 31031.847 31031.847 31031.847 38.55163529260762 38.55163529260762 38.55163529260762 2.4094772057879763 2.4094772057879763 2.4094772057879763
 82247568 8 35776.138 35776.138 35776.138 36.78320695207515 36.78320695207515 36.78320695207515 2.2989504345046967 2.2989504345046967 2.2989504345046967
 90472320 8 40199.995 40199.995 40199.995 36.00888806080697 36.00888806080697 36.00888806080697 2.2505555038004355 2.2505555038004355 2.2505555038004355
 99519552 8 44729.948 44729.948 44729.948 35.59836090129146 35.59836090129146 35.59836090129146 2.224897556330716 2.224897556330716 2.224897556330716
 109471504 8 49641.848 49641.848 49641.848 35.283619256076044 35.283619256076044 35.283619256076044 2.2052262035047527 2.2052262035047527 2.2052262035047527
 120418640 8 54996.967 54996.967 54996.967 35.03280899108491 35.03280899108491 35.03280899108491 2.189550561942807 2.189550561942807 2.189550561942807
 132460496 8 60600.996 60600.996 60600.996 34.9724934553881 34.9724934553881 34.9724934553881 2.185780840961756 2.185780840961756 2.185780840961756
 145706544 4 33475.876 33475.876 33475.876 34.82066763540408 34.82066763540408 34.82066763540408 2.176291727212755 2.176291727212755 2.176291727212755
 160277184 4 36909.103 36909.103 36909.103 34.73987086600289 34.73987086600289 34.73987086600289 2.1712419291251805 2.1712419291251805 2.1712419291251805
 176304896 4 40539.98 40539.98 40539.98 34.79131385856628 34.79131385856628 34.79131385856628 2.1744571161603923 2.1744571161603923 2.1744571161603923
 193935376 4 44543.028 44543.028 44543.028 34.831107754955504 34.831107754955504 34.831107754955504 2.176944234684719 2.176944234684719 2.176944234684719
 213328912 4 49072.027 49072.027 49072.027 34.77808846168103 34.77808846168103 34.77808846168103 2.1736305288550644 2.1736305288550644 2.1736305288550644
 234661792 4 53881.884 53881.884 53881.884 34.84091862860623 34.84091862860623 34.84091862860623 2.1775574142878895 2.1775574142878895 2.1775574142878895
 258127968 4 59202.909 59202.909 59202.909 34.880443864675634 34.880443864675634 34.880443864675634 2.180027741542227 2.180027741542227 2.180027741542227
 283940752 2 32701.015 32701.015 32701.015 34.73173563572874 34.73173563572874 34.73173563572874 2.170733477233046 2.170733477233046 2.170733477233046
 312334816 2 35847.187 35847.187 35847.187 34.85180759092757 34.85180759092757 34.85180759092757 2.178237974432973 2.178237974432973 2.178237974432973
 343568288 2 39494.991 39494.991 39494.991 34.79613786973644 34.79613786973644 34.79613786973644 2.1747586168585276 2.1747586168585276 2.1747586168585276
 377925104 2 43254.852 43254.852 43254.852 34.94869005678254 34.94869005678254 34.94869005678254 2.1842931285489087 2.1842931285489087 2.1842931285489087
 415717600 2 47713.041 47713.041 47713.041 34.851486410182915 34.851486410182915 34.851486410182915 2.178217900636432 2.178217900636432 2.178217900636432
 457289360 2 52452.087 52452.087 52452.087 34.87292011850739 34.87292011850739 34.87292011850739 2.1795575074067117 2.1795575074067117 2.1795575074067117
 503018288 2 57665.825 57665.825 57665.825 34.89195120333404 34.89195120333404 34.89195120333404 2.1807469502083774 2.1807469502083774 2.1807469502083774
 553320112 1 31568.766 31568.766 31568.766 35.054909146591285 35.054909146591285 35.054909146591285 2.1909318216619553 2.1909318216619553 2.1909318216619553
 608652112 1 34795.046 34795.046 34795.046 34.98498677081789 34.98498677081789 34.98498677081789 2.186561673176118 2.186561673176118 2.186561673176118
 669517312 1 38221.121 38221.121 38221.121 35.03389196774213 35.03389196774213 35.03389196774213 2.189618247983883 2.189618247983883 2.189618247983883
 736469040 1 42137.861 42137.861 42137.861 34.9552171146039 34.9552171146039 34.9552171146039 2.1847010696627436 2.1847010696627436 2.1847010696627436
 810115936 1 46347.141 46347.141 46347.141 34.958615289775906 34.958615289775906 34.958615289775906 2.184913455610994 2.184913455610994 2.184913455610994
 891127520 1 51043.987 51043.987 51043.987 34.91606249331581 34.91606249331581 34.91606249331581 2.1822539058322383 2.1822539058322383 2.1822539058322383
 980240272 1 56001.186 56001.186 56001.186 35.00783972682293 35.00783972682293 35.00783972682293 2.187989982926433 2.187989982926433 2.187989982926433
 
META_DATA
 MPI startup(): shm:tmi fabric is unknown or has been removed from the product, please use ofi or shm:ofi instead
 FLOPS          1
 MPI_PROCS      1
 OPENMP_THREADS 2
 ERT_VERSION  1.1.0
 HOSTNAME  ('shas0642.rc.int.colorado.edu', [], ['10.225.7.27'])
 UNAME  uname_result(system='Linux', node='shas0642.rc.int.colorado.edu', release='3.10.0-957.27.2.el7.x86_64', version='#1 SMP Mon Jul 29 17:46:05 UTC 2019', machine='x86_64', processor='x86_64')
 TIMESTAMP_DATA  1664550946.8038216
 CONFIG  {'ERT_RESULTS': ['lab5_results'], 'ERT_DRIVER': ['driver1'], 'ERT_KERNEL': ['kernel1'], 'ERT_MPI': ['True'], 'ERT_MPI_CFLAGS': ['-I/usr/include/mpi'], 'ERT_MPI_LDFLAGS': ['-lmpi'], 'ERT_OPENMP': ['True'], 'ERT_OPENMP_CFLAGS': ['-qopenmp'], 'ERT_OPENMP_LDFLAGS': ['-qopenmp'], 'ERT_FLOPS': ['1,2,4,8,16'], 'ERT_ALIGN': ['32'], 'ERT_CC': ['mpicc'], 'ERT_CFLAGS': ['-O3', '-msse3', '-axSSE3', '-xSSE3', '-fno-alias', '-fno-fnalias', '-DERT_INTEL', '-std=c++11'], 'ERT_LD': ['mpicc'], 'ERT_LDFLAGS': [], 'ERT_LDLIBS': [], 'ERT_PRECISION': ['FP64'], 'ERT_RUN': ['export', 'OMP_NUM_THREADS=ERT_OPENMP_THREADS;', 'mpirun', '-np', 'ERT_MPI_PROCS', 'ERT_CODE'], 'ERT_PROCS_THREADS': ['1-24'], 'ERT_MPI_PROCS': ['1,2,4,8,12,24'], 'ERT_OPENMP_THREADS': ['1,2,4,8,12,24'], 'ERT_NUM_EXPERIMENTS': ['1'], 'ERT_MEMORY_MAX': ['1073741824'], 'ERT_WORKING_SET_MIN': ['1'], 'ERT_TRIALS_MIN': ['1'], 'ERT_GNUPLOT': ['gnuplot'], 'ERT_GPU': [False], 'ERT_HIP': [False], 'ERT_OCL': [False], 'ERT_SYCL': [False], 'ERT_WSS_MULT': [1.1]}
 