fp64
 8 134217728 368395.805 368395.805 368395.805 5.829283664074296 5.829283664074296 5.829283664074296 0.728660458009287 0.728660458009287 0.728660458009287
 16 67108864 207411.051 207411.051 207411.051 10.353757129363371 10.353757129363371 10.353757129363371 1.2942196411704214 1.2942196411704214 1.2942196411704214
 24 33554432 101946.115 101946.115 101946.115 15.798667129198597 15.798667129198597 15.798667129198597 1.9748333911498246 1.9748333911498246 1.9748333911498246
 32 33554432 140992.165 140992.165 140992.165 15.231226841576623 15.231226841576623 15.231226841576623 1.9039033551970779 1.9039033551970779 1.9039033551970779
 40 16777216 52930.117 52930.117 52930.117 25.35753472829089 25.35753472829089 25.35753472829089 3.1696918410363613 3.1696918410363613 3.1696918410363613
 48 16777216 84969.044 84969.044 84969.044 18.95528842245183 18.95528842245183 18.95528842245183 2.3694110528064787 2.3694110528064787 2.3694110528064787
 56 16777216 61306.0 61306.0 61306.0 30.650314683717742 30.650314683717742 30.650314683717742 3.8312893354647177 3.8312893354647177 3.8312893354647177
 64 16777216 93256.95 93256.95 93256.95 23.027598993962386 23.027598993962386 23.027598993962386 2.878449874245298 2.878449874245298 2.878449874245298
 72 8388608 46554.089 46554.089 46554.089 25.947442597362393 25.947442597362393 25.947442597362393 3.243430324670299 3.243430324670299 3.243430324670299
 80 8388608 51814.079 51814.079 51814.079 25.90371779068002 25.90371779068002 25.90371779068002 3.2379647238350024 3.2379647238350024 3.2379647238350024
 88 8388608 53430.08 53430.08 53430.08 27.632281441465178 27.632281441465178 27.632281441465178 3.4540351801831473 3.4540351801831473 3.4540351801831473
 96 8388608 59082.985 59082.985 59082.985 27.260178814594422 27.260178814594422 27.260178814594422 3.4075223518243027 3.4075223518243027 3.4075223518243027
 104 8388608 63238.144 63238.144 63238.144 27.591424315046314 27.591424315046314 27.591424315046314 3.4489280393807893 3.4489280393807893 3.4489280393807893
 112 8388608 66972.971 66972.971 66972.971 28.056814024272565 28.056814024272565 28.056814024272565 3.5071017530340707 3.5071017530340707 3.5071017530340707
 120 8388608 73419.094 73419.094 73419.094 27.421557667273852 27.421557667273852 27.421557667273852 3.4276947084092315 3.4276947084092315 3.4276947084092315
 128 8388608 31970.978 31970.978 31970.978 67.16978279488355 67.16978279488355 67.16978279488355 8.396222849360443 8.396222849360443 8.396222849360443
 136 4194304 20534.039 20534.039 20534.039 55.5590007401856 55.5590007401856 55.5590007401856 6.9448750925232 6.9448750925232 6.9448750925232
 144 4194304 23154.974 23154.974 23154.974 52.16846937508978 52.16846937508978 52.16846937508978 6.521058671886222 6.521058671886222 6.521058671886222
 152 4194304 23010.015 23010.015 23010.015 55.41362819624412 55.41362819624412 55.41362819624412 6.926703524530515 6.926703524530515 6.926703524530515
 160 4194304 24401.188 24401.188 24401.188 55.00458748156033 55.00458748156033 55.00458748156033 6.875573435195041 6.875573435195041 6.875573435195041
 176 4194304 28276.205 28276.205 28276.205 52.21333654922928 52.21333654922928 52.21333654922928 6.52666706865366 6.52666706865366 6.52666706865366
 192 4194304 32266.14 32266.14 32266.14 49.91649871971051 49.91649871971051 49.91649871971051 6.239562339963814 6.239562339963814 6.239562339963814
 208 4194304 35955.906 35955.906 35955.906 48.526950315199954 48.526950315199954 48.526950315199954 6.065868789399994 6.065868789399994 6.065868789399994
 224 4194304 39675.951 39675.951 39675.951 47.3598778262429 47.3598778262429 47.3598778262429 5.919984728280363 5.919984728280363 5.919984728280363
 240 4194304 43669.939 43669.939 43669.939 46.10187158722617 46.10187158722617 46.10187158722617 5.762733948403271 5.762733948403271 5.762733948403271
 264 2097152 16779.9 16779.9 16779.9 65.98944308368941 65.98944308368941 65.98944308368941 8.248680385461176 8.248680385461176 8.248680385461176
 288 2097152 18840.075 18840.075 18840.075 64.1164938037667 64.1164938037667 64.1164938037667 8.014561725470838 8.014561725470838 8.014561725470838
 312 2097152 21470.07 21470.07 21470.07 60.95102847824902 60.95102847824902 60.95102847824902 7.618878559781128 7.618878559781128 7.618878559781128
 336 2097152 23705.959 23705.959 23705.959 59.4486029440952 59.4486029440952 59.4486029440952 7.4310753680119 7.4310753680119 7.4310753680119
 368 2097152 27511.835 27511.835 27511.835 56.103268720534274 56.103268720534274 56.103268720534274 7.012908590066784 7.012908590066784 7.012908590066784
 400 2097152 25032.997 25032.997 25032.997 67.02040510770644 67.02040510770644 67.02040510770644 8.377550638463305 8.377550638463305 8.377550638463305
 440 2097152 28639.078 28639.078 28639.078 64.43970577544431 64.43970577544431 64.43970577544431 8.054963221930539 8.054963221930539 8.054963221930539
 480 2097152 31333.923 31333.923 31333.923 64.25195849239816 64.25195849239816 64.25195849239816 8.03149481154977 8.03149481154977 8.03149481154977
 528 1048576 16632.08 16632.08 16632.08 66.57593373769245 66.57593373769245 66.57593373769245 8.321991717211557 8.321991717211557 8.321991717211557
 576 1048576 18489.838 18489.838 18489.838 65.33099705903318 65.33099705903318 65.33099705903318 8.166374632379148 8.166374632379148 8.166374632379148
 632 1048576 20929.098 20929.098 20929.098 63.328102529788914 63.328102529788914 63.328102529788914 7.916012816223614 7.916012816223614 7.916012816223614
 688 1048576 21685.123 21685.123 21685.123 66.53596458733483 66.53596458733483 66.53596458733483 8.316995573416854 8.316995573416854 8.316995573416854
 752 1048576 23828.03 23828.03 23828.03 66.18500581038381 66.18500581038381 66.18500581038381 8.273125726297977 8.273125726297977 8.273125726297977
 824 1048576 25703.192 25703.192 25703.192 67.23107573565181 67.23107573565181 67.23107573565181 8.403884466956477 8.403884466956477 8.403884466956477
 904 1048576 27996.063 27996.063 27996.063 67.71757186001476 67.71757186001476 67.71757186001476 8.464696482501845 8.464696482501845 8.464696482501845
 992 1048576 30829.906 30829.906 30829.906 67.4791153758302 67.4791153758302 67.4791153758302 8.434889421978776 8.434889421978776 8.434889421978776
 1088 524288 16923.904 16923.904 16923.904 67.41060975056347 67.41060975056347 67.41060975056347 8.426326218820433 8.426326218820433 8.426326218820433
 1192 524288 18588.066 18588.066 18588.066 67.24220755402956 67.24220755402956 67.24220755402956 8.405275944253695 8.405275944253695 8.405275944253695
 1304 524288 20058.87 20058.87 20058.87 68.1665070863912 68.1665070863912 68.1665070863912 8.5208133857989 8.5208133857989 8.5208133857989
 1432 524288 22025.824 22025.824 22025.824 68.17274268603981 68.17274268603981 68.17274268603981 8.521592835754976 8.521592835754976 8.521592835754976
 1568 524288 23848.057 23848.057 23848.057 68.9434434008607 68.9434434008607 68.9434434008607 8.617930425107588 8.617930425107588 8.617930425107588
 1720 524288 26330.948 26330.948 26330.948 68.49547232405001 68.49547232405001 68.49547232405001 8.561934040506252 8.561934040506252 8.561934040506252
 1888 524288 28831.005 28831.005 28831.005 68.66605891816813 68.66605891816813 68.66605891816813 8.583257364771017 8.583257364771017 8.583257364771017
 2072 262144 15789.986 15789.986 15789.986 68.79833433671187 68.79833433671187 68.79833433671187 8.599791792088984 8.599791792088984 8.599791792088984
 2272 262144 17311.811 17311.811 17311.811 68.80749425926612 68.80749425926612 68.80749425926612 8.600936782408265 8.600936782408265 8.600936782408265
 2496 262144 18952.131 18952.131 18952.131 69.04884986284655 69.04884986284655 69.04884986284655 8.631106232855819 8.631106232855819 8.631106232855819
 2744 262144 20847.797 20847.797 20847.797 69.00711245413605 69.00711245413605 69.00711245413605 8.625889056767006 8.625889056767006 8.625889056767006
 3016 262144 22811.89 22811.89 22811.89 69.31703633499899 69.31703633499899 69.31703633499899 8.664629541874874 8.664629541874874 8.664629541874874
 3312 262144 25125.98 25125.98 25125.98 69.10941806050948 69.10941806050948 69.10941806050948 8.638677257563685 8.638677257563685 8.638677257563685
 3640 262144 27571.917 27571.917 27571.917 69.21565591540116 69.21565591540116 69.21565591540116 8.651956989425145 8.651956989425145 8.651956989425145
 4000 262144 30297.995 30297.995 30297.995 69.21751752880017 69.21751752880017 69.21751752880017 8.652189691100022 8.652189691100022 8.652189691100022
 4400 131072 17360.926 17360.926 17360.926 66.43848375368918 66.43848375368918 66.43848375368918 8.304810469211148 8.304810469211148 8.304810469211148
 4840 131072 19165.993 19165.993 19165.993 66.19938554709897 66.19938554709897 66.19938554709897 8.274923193387371 8.274923193387371 8.274923193387371
 5320 131072 20867.109 20867.109 20867.109 66.83274046251447 66.83274046251447 66.83274046251447 8.354092557814308 8.354092557814308 8.354092557814308
 5848 131072 22883.892 22883.892 22883.892 66.9911443385592 66.9911443385592 66.9911443385592 8.3738930423199 8.3738930423199 8.3738930423199
 6432 131072 24959.087 24959.087 24959.087 67.55496336865208 67.55496336865208 67.55496336865208 8.44437042108151 8.44437042108151 8.44437042108151
 7072 131072 27322.054 27322.054 27322.054 67.85296478807926 67.85296478807926 67.85296478807926 8.481620598509908 8.481620598509908 8.481620598509908
 7776 131072 30128.002 30128.002 30128.002 67.65904171142846 67.65904171142846 67.65904171142846 8.457380213928557 8.457380213928557 8.457380213928557
 8552 65536 16566.038 16566.038 16566.038 67.66420214658447 67.66420214658447 67.66420214658447 8.458025268323059 8.458025268323059 8.458025268323059
 9400 65536 18064.976 18064.976 18064.976 68.20251518739909 68.20251518739909 68.20251518739909 8.525314398424886 8.525314398424886 8.525314398424886
 10336 65536 19976.854 19976.854 19976.854 67.81649362807578 67.81649362807578 67.81649362807578 8.477061703509472 8.477061703509472 8.477061703509472
 11368 65536 21816.015 21816.015 21816.015 68.29966407705531 68.29966407705531 68.29966407705531 8.537458009631914 8.537458009631914 8.537458009631914
 12504 65536 23978.949 23978.949 23978.949 68.3484621448588 68.3484621448588 68.3484621448588 8.54355776810735 8.54355776810735 8.54355776810735
 13752 65536 26299.0 26299.0 26299.0 68.5388092322902 68.5388092322902 68.5388092322902 8.567351154036276 8.567351154036276 8.567351154036276
 15120 65536 28759.956 28759.956 28759.956 68.90861168215973 68.90861168215973 68.90861168215973 8.613576460269966 8.613576460269966 8.613576460269966
 16632 32768 15938.997 15938.997 15938.997 68.38540417568308 68.38540417568308 68.38540417568308 8.548175521960385 8.548175521960385 8.548175521960385
 18288 32768 17407.179 17407.179 17407.179 68.85218839882096 68.85218839882096 68.85218839882096 8.60652354985262 8.60652354985262 8.60652354985262
 20112 32768 19182.92 19182.92 19182.92 68.71008334497564 68.71008334497564 68.71008334497564 8.588760418121955 8.588760418121955 8.588760418121955
 22120 32768 21122.217 21122.217 21122.217 68.63182591107741 68.63182591107741 68.63182591107741 8.578978238884677 8.578978238884677 8.578978238884677
 24328 32768 23190.975 23190.975 23190.975 68.74914952907328 68.74914952907328 68.74914952907328 8.59364369113416 8.59364369113416 8.59364369113416
 26760 32768 25403.023 25403.023 25403.023 69.03679770710754 69.03679770710754 69.03679770710754 8.629599713388442 8.629599713388442 8.629599713388442
 29432 32768 27997.971 27997.971 27997.971 68.89269054532558 68.89269054532558 68.89269054532558 8.611586318165697 8.611586318165697 8.611586318165697
 32368 32768 30710.936 30710.936 30710.936 69.07211320423447 69.07211320423447 69.07211320423447 8.634014150529309 8.634014150529309 8.634014150529309
 35600 16384 18093.109 18093.109 18093.109 64.47431450283088 64.47431450283088 64.47431450283088 8.05928931285386 8.05928931285386 8.05928931285386
 39160 16384 20328.045 20328.045 20328.045 63.12436242639171 63.12436242639171 63.12436242639171 7.890545303298964 7.890545303298964 7.890545303298964
 43072 16384 22764.921 22764.921 22764.921 61.99816357807699 61.99816357807699 61.99816357807699 7.749770447259624 7.749770447259624 7.749770447259624
 47376 16384 25119.066 25119.066 25119.066 61.80232847829613 61.80232847829613 61.80232847829613 7.725291059787017 7.725291059787017 7.725291059787017
 52112 16384 27483.94 27483.94 27483.94 62.1310487506522 62.1310487506522 62.1310487506522 7.766381093831525 7.766381093831525 7.766381093831525
 57320 16384 30239.105 30239.105 30239.105 62.1136690388158 62.1136690388158 62.1136690388158 7.764208629851975 7.764208629851975 7.764208629851975
 63048 16384 33375.025 33375.025 33375.025 61.901282890424795 61.901282890424795 61.901282890424795 7.737660361303099 7.737660361303099 7.737660361303099
 69352 8192 18378.019 18378.019 18378.019 61.82729313752478 61.82729313752478 61.82729313752478 7.728411642190597 7.728411642190597 7.728411642190597
 76280 8192 20220.995 20220.995 20220.995 61.80563913892467 61.80563913892467 61.80563913892467 7.7257048923655836 7.7257048923655836 7.7257048923655836
 83904 8192 22238.97 22238.97 22238.97 61.81415488217305 61.81415488217305 61.81415488217305 7.726769360271631 7.726769360271631 7.726769360271631
 92288 8192 24428.129 24428.129 24428.129 61.8977651542613 61.8977651542613 61.8977651542613 7.7372206442826625 7.7372206442826625 7.7372206442826625
 101512 8192 26831.865 26831.865 26831.865 61.98497972466692 61.98497972466692 61.98497972466692 7.748122465583365 7.748122465583365 7.748122465583365
 111656 8192 29534.101 29534.101 29534.101 61.941005212923194 61.941005212923194 61.941005212923194 7.742625651615399 7.742625651615399 7.742625651615399
 122816 8192 32499.075 32499.075 32499.075 61.91614204404279 61.91614204404279 61.91614204404279 7.739517755505349 7.739517755505349 7.739517755505349
 135096 4096 18742.085 18742.085 18742.085 59.04926970505149 59.04926970505149 59.04926970505149 7.381158713131437 7.381158713131437 7.381158713131437
 148600 4096 21490.097 21490.097 21490.097 56.64614729286703 56.64614729286703 56.64614729286703 7.080768411608378 7.080768411608378 7.080768411608378
 163456 4096 25038.004 25038.004 25038.004 53.479963977959265 53.479963977959265 53.479963977959265 6.684995497244908 6.684995497244908 6.684995497244908
 179800 4096 27637.005 27637.005 27637.005 53.295268427240934 53.295268427240934 53.295268427240934 6.661908553405117 6.661908553405117 6.661908553405117
 197776 4096 32890.081 32890.081 32890.081 49.26047436611664 49.26047436611664 49.26047436611664 6.15755929576458 6.15755929576458 6.15755929576458
 217552 4096 36650.896 36650.896 36650.896 48.625986769873236 48.625986769873236 48.625986769873236 6.0782483462341546 6.0782483462341546 6.0782483462341546
 239304 4096 40302.992 40302.992 40302.992 48.6410132528126 48.6410132528126 48.6410132528126 6.080126656601575 6.080126656601575 6.080126656601575
 263232 2048 22343.874 22343.874 22343.874 48.25475976099758 48.25475976099758 48.25475976099758 6.0318449701246974 6.0318449701246974 6.0318449701246974
 289552 2048 24664.879 24664.879 24664.879 48.08476830557328 48.08476830557328 48.08476830557328 6.01059603819666 6.01059603819666 6.01059603819666
 318504 2048 28536.081 28536.081 28536.081 45.717293275134736 45.717293275134736 45.717293275134736 5.714661659391842 5.714661659391842 5.714661659391842
 350352 2048 34257.889 34257.889 34257.889 41.88938180049565 41.88938180049565 41.88938180049565 5.236172725061956 5.236172725061956 5.236172725061956
 385384 2048 40009.975 40009.975 40009.975 39.45348288770489 39.45348288770489 39.45348288770489 4.931685360963111 4.931685360963111 4.931685360963111
 423920 2048 43962.002 43962.002 43962.002 39.49720761124573 39.49720761124573 39.49720761124573 4.937150951405716 4.937150951405716 4.937150951405716
 466312 2048 50642.967 50642.967 50642.967 37.71528536232879 37.71528536232879 37.71528536232879 4.714410670291099 4.714410670291099 4.714410670291099
 512936 2048 55614.948 55614.948 55614.948 37.77735899348499 37.77735899348499 37.77735899348499 4.7221698741856235 4.7221698741856235 4.7221698741856235
 564224 1024 31549.215 31549.215 31549.215 36.62629171597455 36.62629171597455 36.62629171597455 4.578286464496819 4.578286464496819 4.578286464496819
 620640 1024 33606.052 33606.052 33606.052 37.82267313042305 37.82267313042305 37.82267313042305 4.727834141302881 4.727834141302881 4.727834141302881
 682704 1024 37092.209 37092.209 37092.209 37.69464881425638 37.69464881425638 37.69464881425638 4.711831101782048 4.711831101782048 4.711831101782048
 750968 1024 40667.057 40667.057 40667.057 37.818877918802926 37.818877918802926 37.818877918802926 4.727359739850366 4.727359739850366 4.727359739850366
 826064 1024 44785.023 44785.023 44785.023 37.77555438567041 37.77555438567041 37.77555438567041 4.721944298208801 4.721944298208801 4.721944298208801
 908664 1024 49271.107 49271.107 49271.107 37.76947556709047 37.76947556709047 37.76947556709047 4.721184445886308 4.721184445886308 4.721184445886308
 999528 1024 54106.951 54106.951 54106.951 37.83309364447462 37.83309364447462 37.83309364447462 4.729136705559328 4.729136705559328 4.729136705559328
 1099480 512 29780.149 29780.149 29780.149 37.805973368366956 37.805973368366956 37.805973368366956 4.7257466710458695 4.7257466710458695 4.7257466710458695
 1209424 512 32777.071 32777.071 32777.071 37.78404043485154 37.78404043485154 37.78404043485154 4.723005054356443 4.723005054356443 4.723005054356443
 1330360 512 36054.134 36054.134 36054.134 37.78453366817797 37.78453366817797 37.78453366817797 4.723066708522246 4.723066708522246 4.723066708522246
 1463392 512 39699.078 39699.078 39699.078 37.74680631121962 37.74680631121962 37.74680631121962 4.718350788902453 4.718350788902453 4.718350788902453
 1609728 512 44905.186 44905.186 44905.186 36.70759702453966 36.70759702453966 36.70759702453966 4.588449628067457 4.588449628067457 4.588449628067457
 1770696 512 47997.952 47997.952 47997.952 37.776459795617946 37.776459795617946 37.776459795617946 4.722057474452243 4.722057474452243 4.722057474452243
 1947760 512 52764.893 52764.893 52764.893 37.799872729771295 37.799872729771295 37.799872729771295 4.724984091221412 4.724984091221412 4.724984091221412
 2142536 256 29240.131 29240.131 29240.131 37.51619416479358 37.51619416479358 37.51619416479358 4.689524270599198 4.689524270599198 4.689524270599198
 2356784 256 32095.909 32095.909 32095.909 37.59586332326652 37.59586332326652 37.59586332326652 4.699482915408315 4.699482915408315 4.699482915408315
 2592456 256 35292.149 35292.149 35292.149 37.60999286271856 37.60999286271856 37.60999286271856 4.70124910783982 4.70124910783982 4.70124910783982
 2851696 256 38772.106 38772.106 38772.106 37.65770040967081 37.65770040967081 37.65770040967081 4.707212551208851 4.707212551208851 4.707212551208851
 3136864 256 42685.032 42685.032 42685.032 37.62617228446731 37.62617228446731 37.62617228446731 4.703271535558414 4.703271535558414 4.703271535558414
 3450544 256 47008.038 47008.038 47008.038 37.582477447793075 37.582477447793075 37.582477447793075 4.697809680974134 4.697809680974134 4.697809680974134
 3795592 256 52041.054 52041.054 52041.054 37.34250086479801 37.34250086479801 37.34250086479801 4.6678126080997515 4.6678126080997515 4.6678126080997515
 4175144 256 56849.003 56849.003 56849.003 37.6026599446256 37.6026599446256 37.6026599446256 4.7003324930782 4.7003324930782 4.7003324930782
 4592656 128 31253.815 31253.815 31253.815 37.61844549217432 37.61844549217432 37.61844549217432 4.70230568652179 4.70230568652179 4.70230568652179
 5051920 128 34435.987 34435.987 34435.987 37.55639470998754 37.55639470998754 37.55639470998754 4.694549338748443 4.694549338748443 4.694549338748443
 5557112 128 37853.956 37853.956 37853.956 37.581822940777975 37.581822940777975 37.581822940777975 4.697727867597247 4.697727867597247 4.697727867597247
 6112816 128 41766.882 41766.882 41766.882 37.46702700958142 37.46702700958142 37.46702700958142 4.683378376197678 4.683378376197678 4.683378376197678
 6724096 128 46868.801 46868.801 46868.801 36.7273866468229 36.7273866468229 36.7273866468229 4.5909233308528625 4.5909233308528625 4.5909233308528625
 7396504 128 50582.886 50582.886 50582.886 37.43370878442958 37.43370878442958 37.43370878442958 4.679213598053697 4.679213598053697 4.679213598053697
 8136152 128 55408.955 55408.955 55408.955 37.590582821856145 37.590582821856145 37.590582821856145 4.698822852732018 4.698822852732018 4.698822852732018
 8949760 64 31270.027 31270.027 31270.027 36.63473907457771 36.63473907457771 36.63473907457771 4.579342384322214 4.579342384322214 4.579342384322214
 9844736 64 34350.157 34350.157 34350.157 36.68472921390141 36.68472921390141 36.68472921390141 4.585591151737677 4.585591151737677 4.585591151737677
 10829208 64 37183.046 37183.046 37183.046 37.27878087233628 37.27878087233628 37.27878087233628 4.659847609042035 4.659847609042035 4.659847609042035
 11912128 64 40813.923 40813.923 40813.923 37.358633327161414 37.358633327161414 37.358633327161414 4.669829165895177 4.669829165895177 4.669829165895177
 13103336 64 44868.946 44868.946 44868.946 37.38057515324741 37.38057515324741 37.38057515324741 4.672571894155927 4.672571894155927 4.672571894155927
 14413664 64 49459.219 49459.219 49459.219 37.30242873426691 37.30242873426691 37.30242873426691 4.662803591783364 4.662803591783364 4.662803591783364
 15855024 64 54229.021 54229.021 54229.021 37.42356093797083 37.42356093797083 37.42356093797083 4.677945117246353 4.677945117246353 4.677945117246353
 17440520 32 30313.015 30313.015 30313.015 36.82224549422089 36.82224549422089 36.82224549422089 4.602780686777611 4.602780686777611 4.602780686777611
 19184568 32 32939.911 32939.911 32939.911 37.27430690386504 37.27430690386504 37.27430690386504 4.65928836298313 4.65928836298313 4.65928836298313
 21103024 32 36306.858 36306.858 36306.858 37.199405577866315 37.199405577866315 37.199405577866315 4.649925697233289 4.649925697233289 4.649925697233289
 23213320 32 40227.89 40227.89 40227.89 36.930907387884375 36.930907387884375 36.930907387884375 4.616363423485547 4.616363423485547 4.616363423485547
 25534648 32 44439.077 44439.077 44439.077 36.77433426441328 36.77433426441328 36.77433426441328 4.59679178305166 4.59679178305166 4.59679178305166
 28088112 32 51733.017 51733.017 51733.017 34.74839226948623 34.74839226948623 34.74839226948623 4.343549033685779 4.343549033685779 4.343549033685779
 30896920 32 72251.081 72251.081 72251.081 27.368488507459144 27.368488507459144 27.368488507459144 3.421061063432393 3.421061063432393 3.421061063432393
 33986608 16 50308.943 50308.943 50308.943 21.617855417872722 21.617855417872722 21.617855417872722 2.7022319272340902 2.7022319272340902 2.7022319272340902
 37385264 16 60898.781 60898.781 60898.781 19.644538500696754 19.644538500696754 19.644538500696754 2.4555673125870943 2.4555673125870943 2.4555673125870943
 41123784 16 70060.968 70060.968 70060.968 18.783084584272373 18.783084584272373 18.783084584272373 2.3478855730340467 2.3478855730340467 2.3478855730340467
 45236160 16 80031.872 80031.872 80031.872 18.087258036398296 18.087258036398296 18.087258036398296 2.260907254549787 2.260907254549787 2.260907254549787
 49759776 16 90754.032 90754.032 90754.032 17.545367372768624 17.545367372768624 17.545367372768624 2.193170921596078 2.193170921596078 2.193170921596078
 54735752 16 100345.135 100345.135 100345.135 17.455196647052198 17.455196647052198 17.455196647052198 2.1818995808815247 2.1818995808815247 2.1818995808815247
 60209320 16 111623.049 111623.049 111623.049 17.260756243990432 17.260756243990432 17.260756243990432 2.157594530498804 2.157594530498804 2.157594530498804
 66230248 16 122061.014 122061.014 122061.014 17.363184743000744 17.363184743000744 17.363184743000744 2.170398092875093 2.170398092875093 2.170398092875093
 72853272 8 67353.01 67353.01 67353.01 17.306611122502172 17.306611122502172 17.306611122502172 2.1633263903127715 2.1633263903127715 2.1633263903127715
 80138592 8 73422.909 73422.909 73422.909 17.463452340195346 17.463452340195346 17.463452340195346 2.1829315425244182 2.1829315425244182 2.1829315425244182
 88152448 8 81704.855 81704.855 81704.855 17.262611481288353 17.262611481288353 17.262611481288353 2.157826435161044 2.157826435161044 2.157826435161044
 96967688 8 89838.028 89838.028 89838.028 17.269780320645506 17.269780320645506 17.269780320645506 2.158722540080688 2.158722540080688 2.158722540080688
 106664456 8 98392.01 98392.01 98392.01 17.34522240169705 17.34522240169705 17.34522240169705 2.1681528002121313 2.1681528002121313 2.1681528002121313
 117330896 8 109761.0 109761.0 109761.0 17.103473328413553 17.103473328413553 17.103473328413553 2.137934166051694 2.137934166051694 2.137934166051694
 129063984 8 119604.826 119604.826 119604.826 17.265388137431845 17.265388137431845 17.265388137431845 2.1581735171789806 2.1581735171789806 2.1581735171789806
 141970376 4 65901.041 65901.041 65901.041 17.234371274954523 17.234371274954523 17.234371274954523 2.1542964093693153 2.1542964093693153 2.1542964093693153
 156167408 4 72524.071 72524.071 72524.071 17.22654625937918 17.22654625937918 17.22654625937918 2.1533182824223975 2.1533182824223975 2.1533182824223975
 171784144 4 79783.916 79783.916 79783.916 17.224939823710834 17.224939823710834 17.224939823710834 2.153117477963854 2.153117477963854 2.153117477963854
 188962552 4 87699.89 87699.89 87699.89 17.237198541526105 17.237198541526105 17.237198541526105 2.154649817690763 2.154649817690763 2.154649817690763
 207858800 4 96097.946 96097.946 96097.946 17.303911989960746 17.303911989960746 17.303911989960746 2.162988998745093 2.162988998745093 2.162988998745093
 228644680 4 106011.152 106011.152 106011.152 17.254386972419656 17.254386972419656 17.254386972419656 2.156798371552457 2.156798371552457 2.156798371552457
 251509144 4 116700.172 116700.172 116700.172 17.24138977275886 17.24138977275886 17.24138977275886 2.1551737215948576 2.1551737215948576 2.1551737215948576
 276660056 2 64192.057 64192.057 64192.057 17.239519587290996 17.239519587290996 17.239519587290996 2.1549399484113745 2.1549399484113745 2.1549399484113745
 304326056 2 70539.951 70539.951 70539.951 17.256947399920932 17.256947399920932 17.256947399920932 2.1571184249901165 2.1571184249901165 2.1571184249901165
 334758656 2 77409.983 77409.983 77409.983 17.29795786158486 17.29795786158486 17.29795786158486 2.1622447326981074 2.1622447326981074 2.1622447326981074
 368234520 2 85444.927 85444.927 85444.927 17.238449744359897 17.238449744359897 17.238449744359897 2.154806218044987 2.154806218044987 2.154806218044987
 405057968 2 94145.06 94145.06 94145.06 17.209951026639104 17.209951026639104 17.209951026639104 2.151243878329888 2.151243878329888 2.151243878329888
 445563760 2 103767.157 103767.157 103767.157 17.175521538091285 17.175521538091285 17.175521538091285 2.1469401922614106 2.1469401922614106 2.1469401922614106
 490120136 2 114279.032 114279.032 114279.032 17.155207825001526 17.155207825001526 17.155207825001526 2.1444009781251907 2.1444009781251907 2.1444009781251907
 539132144 1 62922.955 62922.955 62922.955 17.13626272002006 17.13626272002006 17.13626272002006 2.1420328400025075 2.1420328400025075 2.1420328400025075
 593045352 1 69406.033 69406.033 69406.033 17.089158575018978 17.089158575018978 17.089158575018978 2.136144821877372 2.136144821877372 2.136144821877372
 652349880 1 76470.852 76470.852 76470.852 17.0613995512957 17.0613995512957 17.0613995512957 2.1326749439119626 2.1326749439119626 2.1326749439119626
 717584864 1 84187.984 84187.984 84187.984 17.047203886008248 17.047203886008248 17.047203886008248 2.130900485751031 2.130900485751031 2.130900485751031
 789343344 1 92807.055 92807.055 92807.055 17.01041680505862 17.01041680505862 17.01041680505862 2.1263021006323277 2.1263021006323277 2.1263021006323277
 868277672 1 102186.918 102186.918 102186.918 16.993910551250796 16.993910551250796 16.993910551250796 2.1242388189063495 2.1242388189063495 2.1242388189063495
 955105432 1 112585.068 112585.068 112585.068 16.966822491948932 16.966822491948932 16.966822491948932 2.1208528114936165 2.1208528114936165 2.1208528114936165
 1050615968 1 124147.892 124147.892 124147.892 16.925232496094253 16.925232496094253 16.925232496094253 2.1156540620117816 2.1156540620117816 2.1156540620117816
 
META_DATA
 MPI startup(): shm:tmi fabric is unknown or has been removed from the product, please use ofi or shm:ofi instead
 FLOPS          2
 MPI_PROCS      1
 OPENMP_THREADS 1
 ERT_VERSION  1.1.0
 HOSTNAME  ('shas0420.rc.int.colorado.edu', [], ['10.225.6.135'])
 UNAME  uname_result(system='Linux', node='shas0420.rc.int.colorado.edu', release='3.10.0-957.27.2.el7.x86_64', version='#1 SMP Mon Jul 29 17:46:05 UTC 2019', machine='x86_64', processor='x86_64')
 TIMESTAMP_DATA  1664554825.8405085
 CONFIG  {'ERT_RESULTS': ['lab5_results'], 'ERT_DRIVER': ['driver1'], 'ERT_KERNEL': ['kernel1'], 'ERT_MPI': ['True'], 'ERT_MPI_CFLAGS': ['-I/usr/include/mpi'], 'ERT_MPI_LDFLAGS': ['-lmpi'], 'ERT_OPENMP': ['True'], 'ERT_OPENMP_CFLAGS': ['-qopenmp'], 'ERT_OPENMP_LDFLAGS': ['-qopenmp'], 'ERT_FLOPS': ['1,2,4,8,16'], 'ERT_ALIGN': ['32'], 'ERT_CC': ['mpicc'], 'ERT_CFLAGS': ['-O3', '-msse3', '-axSSE3', '-xSSE3', '-fno-alias', '-fno-fnalias', '-DERT_INTEL', '-std=c++11'], 'ERT_LD': ['mpicc'], 'ERT_LDFLAGS': [], 'ERT_LDLIBS': [], 'ERT_PRECISION': ['FP64'], 'ERT_RUN': ['export', 'OMP_NUM_THREADS=ERT_OPENMP_THREADS;', 'mpirun', '-np', 'ERT_MPI_PROCS', 'ERT_CODE'], 'ERT_PROCS_THREADS': ['1-24'], 'ERT_MPI_PROCS': ['1,2,4,8,12,24'], 'ERT_OPENMP_THREADS': ['1,2,4,8,12,24'], 'ERT_NUM_EXPERIMENTS': ['1'], 'ERT_MEMORY_MAX': ['1073741824'], 'ERT_WORKING_SET_MIN': ['1'], 'ERT_TRIALS_MIN': ['1'], 'ERT_GNUPLOT': ['gnuplot'], 'ERT_GPU': [False], 'ERT_HIP': [False], 'ERT_OCL': [False], 'ERT_SYCL': [False], 'ERT_WSS_MULT': [1.1]}
 