fp64
 32 33554432 710456.133 710456.133 710456.133 3.022682961341964 3.022682961341964 3.022682961341964 3.022682961341964 3.022682961341964 3.022682961341964
 64 16777216 360569.0 360569.0 360569.0 5.955818852979597 5.955818852979597 5.955818852979597 5.955818852979597 5.955818852979597 5.955818852979597
 96 8388608 179885.149 179885.149 179885.149 8.953561452702246 8.953561452702246 8.953561452702246 8.953561452702246 8.953561452702246 8.953561452702246
 128 8388608 179870.129 179870.129 179870.129 11.939078822809986 11.939078822809986 11.939078822809986 11.939078822809986 11.939078822809986 11.939078822809986
 160 4194304 90496.063 90496.063 90496.063 14.83133338076818 14.83133338076818 14.83133338076818 14.83133338076818 14.83133338076818 14.83133338076818
 192 4194304 90677.977 90677.977 90677.977 17.76189532768249 17.76189532768249 17.76189532768249 17.76189532768249 17.76189532768249 17.76189532768249
 224 4194304 92581.987 92581.987 92581.987 20.296045190734567 20.296045190734567 20.296045190734567 20.296045190734567 20.296045190734567 20.296045190734567
 256 4194304 88091.85 88091.85 88091.85 24.377778965931583 24.377778965931583 24.377778965931583 24.377778965931583 24.377778965931583 24.377778965931583
 288 2097152 44587.851 44587.851 44587.851 27.09167463576569 27.09167463576569 27.09167463576569 27.09167463576569 27.09167463576569 27.09167463576569
 320 2097152 44616.938 44616.938 44616.938 30.082236481580157 30.082236481580157 30.082236481580157 30.082236481580157 30.082236481580157 30.082236481580157
 352 2097152 51100.016 51100.016 51100.016 28.89226116876362 28.89226116876362 28.89226116876362 28.89226116876362 28.89226116876362 28.89226116876362
 384 2097152 50819.874 50819.874 50819.874 31.692576333424203 31.692576333424203 31.692576333424203 31.692576333424203 31.692576333424203 31.692576333424203
 416 2097152 59079.17 59079.17 59079.17 29.533767383665005 29.533767383665005 29.533767383665005 29.533767383665005 29.533767383665005 29.533767383665005
 448 2097152 59342.861 59342.861 59342.861 31.66426694526912 31.66426694526912 31.66426694526912 31.66426694526912 31.66426694526912 31.66426694526912
 480 2097152 67065.001 67065.001 67065.001 30.019621113552205 30.019621113552205 30.019621113552205 30.019621113552205 30.019621113552205 30.019621113552205
 512 2097152 48305.035 48305.035 48305.035 44.45672481139906 44.45672481139906 44.45672481139906 44.45672481139906 44.45672481139906 44.45672481139906
 544 1048576 29361.963 29361.963 29361.963 38.85471444807692 38.85471444807692 38.85471444807692 38.85471444807692 38.85471444807692 38.85471444807692
 576 1048576 29989.958 29989.958 29989.958 40.278801057340594 40.278801057340594 40.278801057340594 40.278801057340594 40.278801057340594 40.278801057340594
 608 1048576 35768.986 35768.986 35768.986 35.64731793067884 35.64731793067884 35.64731793067884 35.64731793067884 35.64731793067884 35.64731793067884
 640 1048576 35382.986 35382.986 35382.986 37.932843768471095 37.932843768471095 37.932843768471095 37.932843768471095 37.932843768471095 37.932843768471095
 704 1048576 39872.885 39872.885 39872.885 37.027544106728165 37.027544106728165 37.027544106728165 37.027544106728165 37.027544106728165 37.027544106728165
 768 1048576 43625.832 43625.832 43625.832 36.918785548892224 36.918785548892224 36.918785548892224 36.918785548892224 36.918785548892224 36.918785548892224
 832 1048576 47674.894 47674.894 47674.894 36.59851795370536 36.59851795370536 36.59851795370536 36.59851795370536 36.59851795370536 36.59851795370536
 896 1048576 52575.827 52575.827 52575.827 35.73977432632681 35.73977432632681 35.73977432632681 35.73977432632681 35.73977432632681 35.73977432632681
 960 1048576 56740.999 56740.999 56740.999 35.481679129406935 35.481679129406935 35.481679129406935 35.481679129406935 35.481679129406935 35.481679129406935
 1056 524288 26751.041 26751.041 26751.041 41.392641729344284 41.392641729344284 41.392641729344284 41.392641729344284 41.392641729344284 41.392641729344284
 1152 524288 29755.116 29755.116 29755.116 40.59670115216489 40.59670115216489 40.59670115216489 40.59670115216489 40.59670115216489 40.59670115216489
 1248 524288 34918.07 34918.07 34918.07 37.476952420337085 37.476952420337085 37.476952420337085 37.476952420337085 37.476952420337085 37.476952420337085
 1344 524288 37000.895 37000.895 37000.895 38.087893387443735 38.087893387443735 38.087893387443735 38.087893387443735 38.087893387443735 38.087893387443735
 1472 524288 40645.123 40645.123 40645.123 37.975131038476626 37.975131038476626 37.975131038476626 37.975131038476626 37.975131038476626 37.975131038476626
 1600 524288 39314.985 39314.985 39314.985 42.6738456087418 42.6738456087418 42.6738456087418 42.6738456087418 42.6738456087418 42.6738456087418
 1760 524288 45943.022 45943.022 45943.022 40.16918521380679 40.16918521380679 40.16918521380679 40.16918521380679 40.16918521380679 40.16918521380679
 1920 524288 50220.013 50220.013 50220.013 40.08891674321151 40.08891674321151 40.08891674321151 40.08891674321151 40.08891674321151 40.08891674321151
 2112 262144 25795.937 25795.937 25795.937 42.92521942505906 42.92521942505906 42.92521942505906 42.92521942505906 42.92521942505906 42.92521942505906
 2304 262144 29115.915 29115.915 29115.915 41.487947467905435 41.487947467905435 41.487947467905435 41.487947467905435 41.487947467905435 41.487947467905435
 2528 262144 33528.09 33528.09 33528.09 39.53103394795231 39.53103394795231 39.53103394795231 39.53103394795231 39.53103394795231 39.53103394795231
 2752 262144 34183.025 34183.025 34183.025 42.20927129766895 42.20927129766895 42.20927129766895 42.20927129766895 42.20927129766895 42.20927129766895
 3008 262144 38336.039 38336.039 38336.039 41.13774779914013 41.13774779914013 41.13774779914013 41.13774779914013 41.13774779914013 41.13774779914013
 3296 262144 41307.926 41307.926 41307.926 41.83345462563286 41.83345462563286 41.83345462563286 41.83345462563286 41.83345462563286 41.83345462563286
 3616 262144 43706.894 43706.894 43706.894 43.37588957934187 43.37588957934187 43.37588957934187 43.37588957934187 43.37588957934187 43.37588957934187
 3968 262144 49388.885 49388.885 49388.885 42.12232740220801 42.12232740220801 42.12232740220801 42.12232740220801 42.12232740220801 42.12232740220801
 4352 131072 26952.982 26952.982 26952.982 42.327438500125886 42.327438500125886 42.327438500125886 42.327438500125886 42.327438500125886 42.327438500125886
 4768 131072 29300.928 29300.928 29300.928 42.65744047424027 42.65744047424027 42.65744047424027 42.65744047424027 42.65744047424027 42.65744047424027
 5216 131072 30692.816 30692.816 30692.816 44.54928814612514 44.54928814612514 44.54928814612514 44.54928814612514 44.54928814612514 44.54928814612514
 5728 131072 33289.909 33289.909 33289.909 45.10558535921501 45.10558535921501 45.10558535921501 45.10558535921501 45.10558535921501 45.10558535921501
 6272 131072 36157.846 36157.846 36157.846 45.47193347745328 45.47193347745328 45.47193347745328 45.47193347745328 45.47193347745328 45.47193347745328
 6880 131072 39833.069 39833.069 39833.069 45.27772439527569 45.27772439527569 45.27772439527569 45.27772439527569 45.27772439527569 45.27772439527569
 7552 131072 43919.802 43919.802 43919.802 45.075601388184765 45.075601388184765 45.075601388184765 45.075601388184765 45.075601388184765 45.075601388184765
 8288 65536 24646.044 24646.044 24646.044 44.07704279031555 44.07704279031555 44.07704279031555 44.07704279031555 44.07704279031555 44.07704279031555
 9088 65536 26151.896 26151.896 26151.896 45.54860328291302 45.54860328291302 45.54860328291302 45.54860328291302 45.54860328291302 45.54860328291302
 9984 65536 28542.995 28542.995 28542.995 45.847425892062134 45.847425892062134 45.847425892062134 45.847425892062134 45.847425892062134 45.847425892062134
 10976 65536 32535.076 32535.076 32535.076 44.21831601069565 44.21831601069565 44.21831601069565 44.21831601069565 44.21831601069565 44.21831601069565
 12064 65536 34516.096 34516.096 34516.096 45.812035289274895 45.812035289274895 45.812035289274895 45.812035289274895 45.812035289274895 45.812035289274895
 13248 65536 38007.021 38007.021 38007.021 45.68739696804966 45.68739696804966 45.68739696804966 45.68739696804966 45.68739696804966 45.68739696804966
 14560 65536 41682.005 41682.005 41682.005 45.78494532592662 45.78494532592662 45.78494532592662 45.78494532592662 45.78494532592662 45.78494532592662
 16000 65536 45410.156 45410.156 45410.156 46.182444297262485 46.182444297262485 46.182444297262485 46.182444297262485 46.182444297262485 46.182444297262485
 17600 32768 25141.954 25141.954 25141.954 45.8768479172303 45.8768479172303 45.8768479172303 45.8768479172303 45.8768479172303 45.8768479172303
 19360 32768 27847.052 27847.052 27847.052 45.56234390627777 45.56234390627777 45.56234390627777 45.56234390627777 45.56234390627777 45.56234390627777
 21280 32768 32172.918 32172.918 32172.918 43.34720524883692 43.34720524883692 43.34720524883692 43.34720524883692 43.34720524883692 43.34720524883692
 23392 32768 35177.946 35177.946 35177.946 43.57895460980013 43.57895460980013 43.57895460980013 43.57895460980013 43.57895460980013 43.57895460980013
 25728 32768 38774.014 38774.014 38774.014 43.485572785938544 43.485572785938544 43.485572785938544 43.485572785938544 43.485572785938544 43.485572785938544
 28288 32768 44481.039 44481.039 44481.039 41.67803652248321 41.67803652248321 41.67803652248321 41.67803652248321 41.67803652248321 41.67803652248321
 31104 32768 49992.085 49992.085 49992.085 40.77508957667999 40.77508957667999 40.77508957667999 40.77508957667999 40.77508957667999 40.77508957667999
 34208 16384 26525.974 26525.974 26525.974 42.2577411860541 42.2577411860541 42.2577411860541 42.2577411860541 42.2577411860541 42.2577411860541
 37600 16384 29084.206 29084.206 29084.206 42.362401091506506 42.362401091506506 42.362401091506506 42.362401091506506 42.362401091506506 42.362401091506506
 41344 16384 33468.962 33468.962 33468.962 40.47810601356565 40.47810601356565 40.47810601356565 40.47810601356565 40.47810601356565 40.47810601356565
 45472 16384 35825.014 35825.014 35825.014 41.59179103181928 41.59179103181928 41.59179103181928 41.59179103181928 41.59179103181928 41.59179103181928
 50016 16384 39410.83 39410.83 39410.83 41.58563237566933 41.58563237566933 41.58563237566933 41.58563237566933 41.58563237566933 41.58563237566933
 55008 16384 41628.838 41628.838 41628.838 43.29936242755563 43.29936242755563 43.29936242755563 43.29936242755563 43.29936242755563 43.29936242755563
 60480 16384 45756.102 45756.102 45756.102 43.312444753270285 43.312444753270285 43.312444753270285 43.312444753270285 43.312444753270285 43.312444753270285
 66528 8192 25283.098 25283.098 25283.098 43.111597795491676 43.111597795491676 43.111597795491676 43.111597795491676 43.111597795491676 43.111597795491676
 73152 8192 28460.026 28460.026 28460.026 42.11248324228515 42.11248324228515 42.11248324228515 42.11248324228515 42.11248324228515 42.11248324228515
 80448 8192 30374.05 30374.05 30374.05 43.39428005155717 43.39428005155717 43.39428005155717 43.39428005155717 43.39428005155717 43.39428005155717
 88480 8192 33467.054 33467.054 33467.054 43.31592257866498 43.31592257866498 43.31592257866498 43.31592257866498 43.31592257866498 43.31592257866498
 97312 8192 36961.794 36961.794 36961.794 43.135346947715796 43.135346947715796 43.135346947715796 43.135346947715796 43.135346947715796 43.135346947715796
 107040 8192 40608.883 40608.883 40608.883 43.18620041826809 43.18620041826809 43.18620041826809 43.18620041826809 43.18620041826809 43.18620041826809
 117728 8192 45125.008 45125.008 45125.008 42.744713795951014 42.744713795951014 42.744713795951014 42.744713795951014 42.744713795951014 42.744713795951014
 129472 8192 49448.013 49448.013 49448.013 42.89897852922826 42.89897852922826 42.89897852922826 42.89897852922826 42.89897852922826 42.89897852922826
 142400 4096 27659.893 27659.893 27659.893 42.174450927919345 42.174450927919345 42.174450927919345 42.174450927919345 42.174450927919345 42.174450927919345
 156640 4096 28080.94 28080.94 28080.94 45.69629364259173 45.69629364259173 45.69629364259173 45.69629364259173 45.69629364259173 45.69629364259173
 172288 4096 33870.935 33870.935 33870.935 41.669451876660624 41.669451876660624 41.669451876660624 41.669451876660624 41.669451876660624 41.669451876660624
 189504 4096 36942.959 36942.959 36942.959 42.021993094814086 42.021993094814086 42.021993094814086 42.021993094814086 42.021993094814086 42.021993094814086
 208448 4096 40630.817 40630.817 40630.817 42.02736105454143 42.02736105454143 42.02736105454143 42.02736105454143 42.02736105454143 42.02736105454143
 229280 4096 44803.143 44803.143 44803.143 41.92254458576712 41.92254458576712 41.92254458576712 41.92254458576712 41.92254458576712 41.92254458576712
 252192 4096 47554.016 47554.016 47554.016 43.44442463071888 43.44442463071888 43.44442463071888 43.44442463071888 43.44442463071888 43.44442463071888
 277408 2048 26118.04 26118.04 26118.04 43.50491721430857 43.50491721430857 43.50491721430857 43.50491721430857 43.50491721430857 43.50491721430857
 305120 2048 28776.884 28776.884 28776.884 43.42970281285493 43.42970281285493 43.42970281285493 43.42970281285493 43.42970281285493 43.42970281285493
 335616 2048 31805.992 31805.992 31805.992 43.2208854230989 43.2208854230989 43.2208854230989 43.2208854230989 43.2208854230989 43.2208854230989
 369152 2048 35070.896 35070.896 35070.896 43.11399948264795 43.11399948264795 43.11399948264795 43.11399948264795 43.11399948264795 43.11399948264795
 406048 2048 38184.166 38184.166 38184.166 43.55660427413814 43.55660427413814 43.55660427413814 43.55660427413814 43.55660427413814 43.55660427413814
 446624 2048 42207.956 42207.956 42207.956 43.341873840088354 43.341873840088354 43.341873840088354 43.341873840088354 43.341873840088354 43.341873840088354
 491264 2048 46200.037 46200.037 46200.037 43.55445308409602 43.55445308409602 43.55445308409602 43.55445308409602 43.55445308409602 43.55445308409602
 540384 1024 25354.147 25354.147 25354.147 43.649917782680674 43.649917782680674 43.649917782680674 43.649917782680674 43.649917782680674 43.649917782680674
 594400 1024 29626.846 29626.846 29626.846 41.088788188928376 41.088788188928376 41.088788188928376 41.088788188928376 41.088788188928376 41.088788188928376
 653824 1024 32590.151 32590.151 32590.151 41.087000548110375 41.087000548110375 41.087000548110375 41.087000548110375 41.087000548110375 41.087000548110375
 719200 1024 35896.063 35896.063 35896.063 41.03295673400172 41.03295673400172 41.03295673400172 41.03295673400172 41.03295673400172 41.03295673400172
 791104 1024 39425.135 39425.135 39425.135 41.09512857723886 41.09512857723886 41.09512857723886 41.09512857723886 41.09512857723886 41.09512857723886
 870208 1024 40979.147 40979.147 40979.147 43.49007030331793 43.49007030331793 43.49007030331793 43.49007030331793 43.49007030331793 43.49007030331793
 957216 1024 45053.959 45053.959 45053.959 43.511789230331566 43.511789230331566 43.511789230331566 43.511789230331566 43.511789230331566 43.511789230331566
 1052928 512 24990.082 24990.082 24990.082 43.14504738319787 43.14504738319787 43.14504738319787 43.14504738319787 43.14504738319787 43.14504738319787
 1158208 512 27456.045 27456.045 27456.045 43.196497966112744 43.196497966112744 43.196497966112744 43.196497966112744 43.196497966112744 43.196497966112744
 1274016 512 30096.054 30096.054 30096.054 43.34762238265521 43.34762238265521 43.34762238265521 43.34762238265521 43.34762238265521 43.34762238265521
 1401408 512 33016.92 33016.92 33016.92 43.46382981816596 43.46382981816596 43.46382981816596 43.46382981816596 43.46382981816596 43.46382981816596
 1541536 512 36258.936 36258.936 36258.936 43.535002350868766 43.535002350868766 43.535002350868766 43.535002350868766 43.535002350868766 43.535002350868766
 1695680 512 39942.026 39942.026 39942.026 43.47241474430967 43.47241474430967 43.47241474430967 43.47241474430967 43.47241474430967 43.47241474430967
 1865248 512 43982.029 43982.029 43982.029 43.42714502780215 43.42714502780215 43.42714502780215 43.42714502780215 43.42714502780215 43.42714502780215
 2051744 512 48414.946 48414.946 48414.946 43.395398107022565 43.395398107022565 43.395398107022565 43.395398107022565 43.395398107022565 43.395398107022565
 2256896 256 26617.05 26617.05 26617.05 43.41317884589014 43.41317884589014 43.41317884589014 43.41317884589014 43.41317884589014 43.41317884589014
 2482560 256 29304.981 29304.981 29304.981 43.37387968277475 43.37387968277475 43.37387968277475 43.37387968277475 43.37387968277475 43.37387968277475
 2730816 256 32399.893 32399.893 32399.893 43.15377806957573 43.15377806957573 43.15377806957573 43.15377806957573 43.15377806957573 43.15377806957573
 3003872 256 35394.192 35394.192 35394.192 43.45296154804155 43.45296154804155 43.45296154804155 43.45296154804155 43.45296154804155 43.45296154804155
 3304256 256 39078.951 39078.951 39078.951 43.29131229750768 43.29131229750768 43.29131229750768 43.29131229750768 43.29131229750768 43.29131229750768
 3634656 256 42839.05 42839.05 42839.05 43.44036275314228 43.44036275314228 43.44036275314228 43.44036275314228 43.44036275314228 43.44036275314228
 3998112 256 47770.023 47770.023 47770.023 42.85183919630936 42.85183919630936 42.85183919630936 42.85183919630936 42.85183919630936 42.85183919630936
 4397920 128 25932.074 25932.074 25932.074 43.416022952888376 43.416022952888376 43.416022952888376 43.416022952888376 43.416022952888376 43.416022952888376
 4837696 128 28611.898 28611.898 28611.898 43.28444677106007 43.28444677106007 43.28444677106007 43.28444677106007 43.28444677106007 43.28444677106007
 5321440 128 31415.939 31415.939 31415.939 43.362976990756195 43.362976990756195 43.362976990756195 43.362976990756195 43.362976990756195 43.362976990756195
 5853568 128 34456.968 34456.968 34456.968 43.48941578376832 43.48941578376832 43.48941578376832 43.48941578376832 43.48941578376832 43.48941578376832
 6438912 128 37974.834 37974.834 37974.834 43.40668011873336 43.40668011873336 43.40668011873336 43.40668011873336 43.40668011873336 43.40668011873336
 7082784 128 42906.046 42906.046 42906.046 42.25960844772319 42.25960844772319 42.25960844772319 42.25960844772319 42.25960844772319 42.25960844772319
 7791040 128 47307.014 47307.014 47307.014 42.16089901594719 42.16089901594719 42.16089901594719 42.16089901594719 42.16089901594719 42.16089901594719
 8570144 64 25892.973 25892.973 25892.973 42.36587401531681 42.36587401531681 42.36587401531681 42.36587401531681 42.36587401531681 42.36587401531681
 9427136 64 28537.035 28537.035 28537.035 42.2844702681971 42.2844702681971 42.2844702681971 42.2844702681971 42.2844702681971 42.2844702681971
 10369824 64 31388.998 31388.998 31388.998 42.286710521947846 42.286710521947846 42.286710521947846 42.286710521947846 42.286710521947846 42.286710521947846
 11406784 64 32204.151 32204.151 32204.151 45.3378929939808 45.3378929939808 45.3378929939808 45.3378929939808 45.3378929939808 45.3378929939808
 12547456 64 36732.197 36732.197 36732.197 43.723885287885174 43.723885287885174 43.723885287885174 43.723885287885174 43.723885287885174 43.723885287885174
 13802176 64 38516.998 38516.998 38516.998 45.86750317353393 45.86750317353393 45.86750317353393 45.86750317353393 45.86750317353393 45.86750317353393
 15182368 64 42410.851 42410.851 42410.851 45.82183705769073 45.82183705769073 45.82183705769073 45.82183705769073 45.82183705769073 45.82183705769073
 16700576 64 47513.962 47513.962 47513.962 44.99043308575278 44.99043308575278 44.99043308575278 44.99043308575278 44.99043308575278 44.99043308575278
 18370624 32 26410.103 26410.103 26410.103 44.51780956704334 44.51780956704334 44.51780956704334 44.51780956704334 44.51780956704334 44.51780956704334
 20207680 32 29690.981 29690.981 29690.981 43.558396403271416 43.558396403271416 43.558396403271416 43.558396403271416 43.558396403271416 43.558396403271416
 22228448 32 30930.996 30930.996 30930.996 45.993367688515434 45.993367688515434 45.993367688515434 45.993367688515434 45.993367688515434 45.993367688515434
 24451264 32 34118.891 34118.891 34118.891 45.86552640295371 45.86552640295371 45.86552640295371 45.86552640295371 45.86552640295371 45.86552640295371
 26896384 32 37496.09 37496.09 37496.09 45.90794869545065 45.90794869545065 45.90794869545065 45.90794869545065 45.90794869545065 45.90794869545065
 29586016 32 41441.917 41441.917 41441.917 45.69057517295833 45.69057517295833 45.69057517295833 45.69057517295833 45.69057517295833 45.69057517295833
 32544608 32 45343.161 45343.161 45343.161 45.93537076076368 45.93537076076368 45.93537076076368 45.93537076076368 45.93537076076368 45.93537076076368
 35799040 16 25130.033 25130.033 25130.033 45.58566556597836 45.58566556597836 45.58566556597836 45.58566556597836 45.58566556597836 45.58566556597836
 39378944 16 27505.875 27505.875 27505.875 45.812983880716395 45.812983880716395 45.812983880716395 45.812983880716395 45.812983880716395 45.812983880716395
 43316832 16 30299.902 30299.902 30299.902 45.74729726848622 45.74729726848622 45.74729726848622 45.74729726848622 45.74729726848622 45.74729726848622
 47648512 16 33164.024 33164.024 33164.024 45.97609698991895 45.97609698991895 45.97609698991895 45.97609698991895 45.97609698991895 45.97609698991895
 52413344 16 36630.869 36630.869 36630.869 45.787256862511235 45.787256862511235 45.787256862511235 45.787256862511235 45.787256862511235 45.787256862511235
 57654656 16 41360.14 41360.14 41360.14 44.60693295525596 44.60693295525596 44.60693295525596 44.60693295525596 44.60693295525596 44.60693295525596
 63420096 16 49419.165 49419.165 49419.165 41.065911817814 41.065911817814 41.065911817814 41.065911817814 41.065911817814 41.065911817814
 69762080 8 30199.051 30199.051 30199.051 36.961203847101025 36.961203847101025 36.961203847101025 36.961203847101025 36.961203847101025 36.961203847101025
 76738272 8 32062.054 32062.054 32062.054 38.29487505697545 38.29487505697545 38.29487505697545 38.29487505697545 38.29487505697545 38.29487505697545
 84412096 8 35475.969 35475.969 35475.969 38.070659493472895 38.070659493472895 38.070659493472895 38.070659493472895 38.070659493472895 38.070659493472895
 92853280 8 39387.941 39387.941 39387.941 37.71846007385865 37.71846007385865 37.71846007385865 37.71846007385865 37.71846007385865 37.71846007385865
 102138592 8 42004.824 42004.824 42004.824 38.90547123825587 38.90547123825587 38.90547123825587 38.90547123825587 38.90547123825587 38.90547123825587
 112352448 8 46166.897 46166.897 46166.897 38.93783825237377 38.93783825237377 38.93783825237377 38.93783825237377 38.93783825237377 38.93783825237377
 123587680 8 51092.148 51092.148 51092.148 38.702676583493805 38.702676583493805 38.702676583493805 38.702676583493805 38.702676583493805 38.702676583493805
 135946432 4 28109.074 28109.074 28109.074 38.69111647007653 38.69111647007653 38.69111647007653 38.69111647007653 38.69111647007653 38.69111647007653
 149541056 4 31101.942 31101.942 31101.942 38.46475078630139 38.46475078630139 38.46475078630139 38.46475078630139 38.46475078630139 38.46475078630139
 164495136 4 34221.172 34221.172 34221.172 38.45458852198282 38.45458852198282 38.45458852198282 38.45458852198282 38.45458852198282 38.45458852198282
 180944640 4 37441.969 37441.969 37441.969 38.66135138352366 38.66135138352366 38.66135138352366 38.66135138352366 38.66135138352366 38.66135138352366
 199039104 4 41338.921 41338.921 41338.921 38.51849040762336 38.51849040762336 38.51849040762336 38.51849040762336 38.51849040762336 38.51849040762336
 218943008 4 45396.09 45396.09 45396.09 38.58358867470745 38.58358867470745 38.58358867470745 38.58358867470745 38.58358867470745 38.58358867470745
 240837280 4 49947.977 49947.977 49947.977 38.5740996076778 38.5740996076778 38.5740996076778 38.5740996076778 38.5740996076778 38.5740996076778
 264920992 4 53088.903 53088.903 53088.903 39.92110999166813 39.92110999166813 39.92110999166813 39.92110999166813 39.92110999166813 39.92110999166813
 291413088 2 29233.932 29233.932 29233.932 39.87326617575768 39.87326617575768 39.87326617575768 39.87326617575768 39.87326617575768 39.87326617575768
 320554368 2 33801.079 33801.079 33801.079 37.93421718874714 37.93421718874714 37.93421718874714 37.93421718874714 37.93421718874714 37.93421718874714
 352609792 2 35376.072 35376.072 35376.072 39.869863675085234 39.869863675085234 39.869863675085234 39.869863675085234 39.869863675085234 39.869863675085234
 387870752 2 38975.0 38975.0 38975.0 39.8071329826812 39.8071329826812 39.8071329826812 39.8071329826812 39.8071329826812 39.8071329826812
 426657824 2 42787.075 42787.075 42787.075 39.886608187168676 39.886608187168676 39.886608187168676 39.886608187168676 39.886608187168676 39.886608187168676
 469323584 2 47051.907 47051.907 47051.907 39.89836875262038 39.89836875262038 39.89836875262038 39.89836875262038 39.89836875262038 39.89836875262038
 516255936 2 51756.144 51756.144 51756.144 39.89910345716636 39.89910345716636 39.89910345716636 39.89910345716636 39.89910345716636 39.89910345716636
 567881504 1 28396.845 28396.845 28396.845 39.996098439809074 39.996098439809074 39.996098439809074 39.996098439809074 39.996098439809074 39.996098439809074
 624669632 1 31227.112 31227.112 31227.112 40.00815906382889 40.00815906382889 40.00815906382889 40.00815906382889 40.00815906382889 40.00815906382889
 687136576 1 34392.834 34392.834 34392.834 39.95812476517637 39.95812476517637 39.95812476517637 39.95812476517637 39.95812476517637 39.95812476517637
 755850208 1 37944.078 37944.078 37944.078 39.84022002063141 39.84022002063141 39.84022002063141 39.84022002063141 39.84022002063141 39.84022002063141
 831435200 1 41452.169 41452.169 41452.169 40.115401440151416 40.115401440151416 40.115401440151416 40.115401440151416 40.115401440151416 40.115401440151416
 914578720 1 45966.148 45966.148 45966.148 39.7935767861166 39.7935767861166 39.7935767861166 39.7935767861166 39.7935767861166 39.7935767861166
 1006036576 1 51689.148 51689.148 51689.148 38.926413567505506 38.926413567505506 38.926413567505506 38.926413567505506 38.926413567505506 38.926413567505506
 
META_DATA
 MPI startup(): shm:tmi fabric is unknown or has been removed from the product, please use ofi or shm:ofi instead
 FLOPS          16
 MPI_PROCS      2
 OPENMP_THREADS 2
 ERT_VERSION  1.1.0
 HOSTNAME  ('shas0420.rc.int.colorado.edu', [], ['10.225.6.135'])
 UNAME  uname_result(system='Linux', node='shas0420.rc.int.colorado.edu', release='3.10.0-957.27.2.el7.x86_64', version='#1 SMP Mon Jul 29 17:46:05 UTC 2019', machine='x86_64', processor='x86_64')
 TIMESTAMP_DATA  1664555704.2622287
 CONFIG  {'ERT_RESULTS': ['lab5_results'], 'ERT_DRIVER': ['driver1'], 'ERT_KERNEL': ['kernel1'], 'ERT_MPI': ['True'], 'ERT_MPI_CFLAGS': ['-I/usr/include/mpi'], 'ERT_MPI_LDFLAGS': ['-lmpi'], 'ERT_OPENMP': ['True'], 'ERT_OPENMP_CFLAGS': ['-qopenmp'], 'ERT_OPENMP_LDFLAGS': ['-qopenmp'], 'ERT_FLOPS': ['1,2,4,8,16'], 'ERT_ALIGN': ['32'], 'ERT_CC': ['mpicc'], 'ERT_CFLAGS': ['-O3', '-msse3', '-axSSE3', '-xSSE3', '-fno-alias', '-fno-fnalias', '-DERT_INTEL', '-std=c++11'], 'ERT_LD': ['mpicc'], 'ERT_LDFLAGS': [], 'ERT_LDLIBS': [], 'ERT_PRECISION': ['FP64'], 'ERT_RUN': ['export', 'OMP_NUM_THREADS=ERT_OPENMP_THREADS;', 'mpirun', '-np', 'ERT_MPI_PROCS', 'ERT_CODE'], 'ERT_PROCS_THREADS': ['1-24'], 'ERT_MPI_PROCS': ['1,2,4,8,12,24'], 'ERT_OPENMP_THREADS': ['1,2,4,8,12,24'], 'ERT_NUM_EXPERIMENTS': ['1'], 'ERT_MEMORY_MAX': ['1073741824'], 'ERT_WORKING_SET_MIN': ['1'], 'ERT_TRIALS_MIN': ['1'], 'ERT_GNUPLOT': ['gnuplot'], 'ERT_GPU': [False], 'ERT_HIP': [False], 'ERT_OCL': [False], 'ERT_SYCL': [False], 'ERT_WSS_MULT': [1.1]}
 