fp64
 64 16777216 150411.844 150411.844 150411.844 14.27735736023554 14.27735736023554 14.27735736023554 1.7846696700294424 1.7846696700294424 1.7846696700294424
 128 8388608 95303.059 95303.059 95303.059 22.53320796345058 22.53320796345058 22.53320796345058 2.8166509954313224 2.8166509954313224 2.8166509954313224
 192 4194304 46972.99 46972.99 46972.99 34.28806077705507 34.28806077705507 34.28806077705507 4.286007597131884 4.286007597131884 4.286007597131884
 256 4194304 62180.996 62180.996 62180.996 34.53601238552049 34.53601238552049 34.53601238552049 4.317001548190062 4.317001548190062 4.317001548190062
 320 2097152 35291.91 35291.91 35291.91 38.03073508914649 38.03073508914649 38.03073508914649 4.753841886143311 4.753841886143311 4.753841886143311
 384 2097152 42681.932 42681.932 42681.932 37.73523504043819 37.73523504043819 37.73523504043819 4.716904380054774 4.716904380054774 4.716904380054774
 448 2097152 37289.858 37289.858 37289.858 50.39032843729252 50.39032843729252 50.39032843729252 6.298791054661565 6.298791054661565 6.298791054661565
 512 2097152 44845.819 44845.819 44845.819 47.88592773832495 47.88592773832495 47.88592773832495 5.985740967290619 5.985740967290619 5.985740967290619
 576 1048576 18223.047 18223.047 18223.047 66.28746290343211 66.28746290343211 66.28746290343211 8.285932862929014 8.285932862929014 8.285932862929014
 640 1048576 34528.017 34528.017 34528.017 38.872121732331166 38.872121732331166 38.872121732331166 4.859015216541396 4.859015216541396 4.859015216541396
 704 1048576 35240.889 35240.889 35240.889 41.8943746850427 41.8943746850427 41.8943746850427 5.236796835630337 5.236796835630337 5.236796835630337
 768 1048576 37075.996 37075.996 37075.996 43.44084879068387 43.44084879068387 43.44084879068387 5.430106098835484 5.430106098835484 5.430106098835484
 832 1048576 37651.062 37651.062 37651.062 46.34213143841733 46.34213143841733 46.34213143841733 5.792766429802167 5.792766429802167 5.792766429802167
 896 1048576 38275.003 38275.003 38275.003 49.09335191952827 49.09335191952827 49.09335191952827 6.136668989941033 6.136668989941033 6.136668989941033
 960 1048576 37735.939 37735.939 37735.939 53.35141971689111 53.35141971689111 53.35141971689111 6.6689274646113885 6.6689274646113885 6.6689274646113885
 1024 1048576 33999.92 33999.92 33999.92 63.1614323798409 63.1614323798409 63.1614323798409 7.895179047480113 7.895179047480113 7.895179047480113
 1088 524288 26990.891 26990.891 26990.891 42.26798915234032 42.26798915234032 42.26798915234032 5.28349864404254 5.28349864404254 5.28349864404254
 1152 524288 12847.9 12847.9 12847.9 94.01999953299762 94.01999953299762 94.01999953299762 11.752499941624702 11.752499941624702 11.752499941624702
 1216 524288 26390.076 26390.076 26390.076 48.31620856264302 48.31620856264302 48.31620856264302 6.0395260703303775 6.0395260703303775 6.0395260703303775
 1280 524288 27386.189 27386.189 27386.189 49.009275441719915 49.009275441719915 49.009275441719915 6.126159430214989 6.126159430214989 6.126159430214989
 1408 524288 29348.85 29348.85 29348.85 50.305037778311586 50.305037778311586 50.305037778311586 6.288129722288948 6.288129722288948 6.288129722288948
 1536 524288 29859.066 29859.066 29859.066 53.94049284729804 53.94049284729804 53.94049284729804 6.742561605912255 6.742561605912255 6.742561605912255
 1664 524288 31108.856 31108.856 31108.856 56.0879019144902 56.0879019144902 56.0879019144902 7.010987739311275 7.010987739311275 7.010987739311275
 1792 524288 32720.089 32720.089 32720.089 57.42796702050535 57.42796702050535 57.42796702050535 7.178495877563169 7.178495877563169 7.178495877563169
 1920 524288 16383.886 16383.886 16383.886 122.88085500594913 122.88085500594913 122.88085500594913 15.360106875743641 15.360106875743641 15.360106875743641
 2112 262144 25867.224 25867.224 25867.224 42.80692261372925 42.80692261372925 42.80692261372925 5.350865326716156 5.350865326716156 5.350865326716156
 2304 262144 29067.993 29067.993 29067.993 41.55634522135738 41.55634522135738 41.55634522135738 5.194543152669673 5.194543152669673 5.194543152669673
 2496 262144 11823.177 11823.177 11823.177 110.68284336773442 110.68284336773442 110.68284336773442 13.835355420966803 13.835355420966803 13.835355420966803
 2688 262144 28435.946 28435.946 28435.946 49.560023218499566 49.560023218499566 49.560023218499566 6.195002902312446 6.195002902312446 6.195002902312446
 2944 262144 15659.094 15659.094 15659.094 98.5691683056504 98.5691683056504 98.5691683056504 12.3211460382063 12.3211460382063 12.3211460382063
 3200 262144 10457.993 10457.993 10457.993 160.4248157366332 160.4248157366332 160.4248157366332 20.05310196707915 20.05310196707915 20.05310196707915
 3520 262144 29653.072 29653.072 29653.072 62.23617438355123 62.23617438355123 62.23617438355123 7.779521797943904 7.779521797943904 7.779521797943904
 3840 262144 31854.868 31854.868 31854.868 63.201201147655034 63.201201147655034 63.201201147655034 7.900150143456879 7.900150143456879 7.900150143456879
 4224 131072 25610.924 25610.924 25610.924 43.2353106822698 43.2353106822698 43.2353106822698 5.404413835283725 5.404413835283725 5.404413835283725
 4608 131072 8412.838 8412.838 8412.838 143.58526242868342 143.58526242868342 143.58526242868342 17.948157803585428 17.948157803585428 17.948157803585428
 5056 131072 11223.793 11223.793 11223.793 118.08842732577126 118.08842732577126 118.08842732577126 14.761053415721408 14.761053415721408 14.761053415721408
 5504 131072 8898.973 8898.973 8898.973 162.1356280101086 162.1356280101086 162.1356280101086 20.266953501263576 20.266953501263576 20.266953501263576
 6016 131072 27694.941 27694.941 27694.941 56.943912752874255 56.943912752874255 56.943912752874255 7.117989094109282 7.117989094109282 7.117989094109282
 6592 131072 28168.917 28168.917 28168.917 61.346101733339616 61.346101733339616 61.346101733339616 7.668262716667452 7.668262716667452 7.668262716667452
 7232 131072 29240.847 29240.847 29240.847 64.83483217842493 64.83483217842493 64.83483217842493 8.104354022303117 8.104354022303117 8.104354022303117
 7936 131072 29742.956 29742.956 29742.956 69.94512529285926 69.94512529285926 69.94512529285926 8.743140661607407 8.743140661607407 8.743140661607407
 8704 65536 25635.004 25635.004 25635.004 44.50362824207088 44.50362824207088 44.50362824207088 5.56295353025886 5.56295353025886 5.56295353025886
 9536 65536 26041.031 26041.031 26041.031 47.99743113089493 47.99743113089493 47.99743113089493 5.999678891361866 5.999678891361866 5.999678891361866
 10432 65536 13139.963 13139.963 13139.963 104.05988997077084 104.05988997077084 104.05988997077084 13.007486246346355 13.007486246346355 13.007486246346355
 11456 65536 27482.033 27482.033 27482.033 54.63790950254663 54.63790950254663 54.63790950254663 6.829738687818328 6.829738687818328 6.829738687818328
 12544 65536 13530.016 13530.016 13530.016 121.51997218628568 121.51997218628568 121.51997218628568 15.18999652328571 15.18999652328571 15.18999652328571
 13760 65536 28876.066 28876.066 28876.066 62.45832517490437 62.45832517490437 62.45832517490437 7.807290646863046 7.807290646863046 7.807290646863046
 15104 65536 31028.032 31028.032 31028.032 63.80396565273621 63.80396565273621 63.80396565273621 7.975495706592026 7.975495706592026 7.975495706592026
 16576 32768 26247.025 26247.025 26247.025 41.38849016221838 41.38849016221838 41.38849016221838 5.173561270277298 5.173561270277298 5.173561270277298
 18176 32768 6584.167 6584.167 6584.167 180.91617907018457 180.91617907018457 180.91617907018457 22.61452238377307 22.61452238377307 22.61452238377307
 19968 32768 8417.13 8417.13 8417.13 155.47138371392626 155.47138371392626 155.47138371392626 19.433922964240782 19.433922964240782 19.433922964240782
 21952 32768 27107.954 27107.954 27107.954 53.07100166984199 53.07100166984199 53.07100166984199 6.633875208730249 6.633875208730249 6.633875208730249
 24128 32768 27664.185 27664.185 27664.185 57.1588358015969 57.1588358015969 57.1588358015969 7.144854475199613 7.144854475199613 7.144854475199613
 26496 32768 27019.024 27019.024 27019.024 64.26737901413462 64.26737901413462 64.26737901413462 8.033422376766827 8.033422376766827 8.033422376766827
 29120 32768 28836.012 28836.012 28836.012 66.18142342290605 66.18142342290605 66.18142342290605 8.272677927863256 8.272677927863256 8.272677927863256
 32000 32768 29634.953 29634.953 29634.953 70.76616588526392 70.76616588526392 70.76616588526392 8.84577073565799 8.84577073565799 8.84577073565799
 35200 16384 26175.976 26175.976 26175.976 44.064588078778804 44.064588078778804 44.064588078778804 5.508073509847351 5.508073509847351 5.508073509847351
 38720 16384 12646.914 12646.914 12646.914 100.32304797834476 100.32304797834476 100.32304797834476 12.540380997293095 12.540380997293095 12.540380997293095
 42560 16384 27433.872 27433.872 27433.872 50.83518943297541 50.83518943297541 50.83518943297541 6.3543986791219265 6.3543986791219265 6.3543986791219265
 46784 16384 11434.078 11434.078 11434.078 134.07448436157247 134.07448436157247 134.07448436157247 16.75931054519656 16.75931054519656 16.75931054519656
 51456 16384 30055.046 30055.046 30055.046 56.10073622911774 56.10073622911774 56.10073622911774 7.012592028639718 7.012592028639718 7.012592028639718
 56576 16384 24446.964 24446.964 24446.964 75.8328260310769 75.8328260310769 75.8328260310769 9.479103253884613 9.479103253884613 9.479103253884613
 62208 16384 12148.857 12148.857 12148.857 167.78794449551918 167.78794449551918 167.78794449551918 20.973493061939898 20.973493061939898 20.973493061939898
 68416 8192 18280.983 18280.983 18280.983 61.31660119152236 61.31660119152236 61.31660119152236 7.664575148940295 7.664575148940295 7.664575148940295
 75200 8192 26442.051 26442.051 26442.051 46.595356767143365 46.595356767143365 46.595356767143365 5.824419595892921 5.824419595892921 5.824419595892921
 82688 8192 21214.962 21214.962 21214.962 63.85871405284629 63.85871405284629 63.85871405284629 7.982339256605786 7.982339256605786 7.982339256605786
 90944 8192 27730.942 27730.942 27730.942 53.7315499776387 53.7315499776387 53.7315499776387 6.7164437472048375 6.7164437472048375 6.7164437472048375
 100032 8192 26000.977 26000.977 26000.977 63.03318094546986 63.03318094546986 63.03318094546986 7.879147618183732 7.879147618183732 7.879147618183732
 110016 8192 28169.155 28169.155 28169.155 63.98850600949869 63.98850600949869 63.98850600949869 7.998563251187337 7.998563251187337 7.998563251187337
 120960 8192 23473.978 23473.978 23473.978 84.4257688236736 84.4257688236736 84.4257688236736 10.5532211029592 10.5532211029592 10.5532211029592
 133056 4096 25930.882 25930.882 25930.882 42.03461926208294 42.03461926208294 42.03461926208294 5.254327407760368 5.254327407760368 5.254327407760368
 146304 4096 28730.869 28730.869 28730.869 41.715493116480395 41.715493116480395 41.715493116480395 5.214436639560049 5.214436639560049 5.214436639560049
 160896 4096 23699.045 23699.045 23699.045 55.616588432149904 55.616588432149904 55.616588432149904 6.952073554018738 6.952073554018738 6.952073554018738
 176960 4096 53201.199 53201.199 53201.199 27.248564830277605 27.248564830277605 27.248564830277605 3.4060706037847006 3.4060706037847006 3.4060706037847006
 194624 4096 14245.987 14245.987 14245.987 111.91641604053129 111.91641604053129 111.91641604053129 13.989552005066411 13.989552005066411 13.989552005066411
 214080 4096 28382.063 28382.063 28382.063 61.790552716340606 61.790552716340606 61.790552716340606 7.723819089542576 7.723819089542576 7.723819089542576
 235456 4096 28896.093 28896.093 28896.093 66.7514307903148 66.7514307903148 66.7514307903148 8.34392884878935 8.34392884878935 8.34392884878935
 258944 4096 29293.06 29293.06 29293.06 72.41542017119413 72.41542017119413 72.41542017119413 9.051927521399266 9.051927521399266 9.051927521399266
 284800 2048 10442.019 10442.019 10442.019 111.71601967014233 111.71601967014233 111.71601967014233 13.964502458767791 13.964502458767791 13.964502458767791
 313280 2048 11611.938 11611.938 11611.938 110.5065218226277 110.5065218226277 110.5065218226277 13.813315227828463 13.813315227828463 13.813315227828463
 344576 2048 20543.814 20543.814 20543.814 68.70113290550626 68.70113290550626 68.70113290550626 8.587641613188282 8.587641613188282 8.587641613188282
 379008 2048 9600.878 9600.878 9600.878 161.69529161812076 161.69529161812076 161.69529161812076 20.211911452265095 20.211911452265095 20.211911452265095
 416896 2048 14760.017 14760.017 14760.017 115.69133124982173 115.69133124982173 115.69133124982173 14.461416406227716 14.461416406227716 14.461416406227716
 458560 2048 29666.901 29666.901 29666.901 63.31169406605698 63.31169406605698 63.31169406605698 7.9139617582571224 7.9139617582571224 7.9139617582571224
 504384 2048 30413.151 30413.151 30413.151 67.9297210604715 67.9297210604715 67.9297210604715 8.491215132558937 8.491215132558937 8.491215132558937
 554816 1024 26651.859 26651.859 26651.859 42.63354267332721 42.63354267332721 42.63354267332721 5.329192834165902 5.329192834165902 5.329192834165902
 610240 1024 26750.803 26750.803 26750.803 46.71902821010644 46.71902821010644 46.71902821010644 5.839878526263305 5.839878526263305 5.839878526263305
 671232 1024 27280.092 27280.092 27280.092 50.391440615376226 50.391440615376226 50.391440615376226 6.298930076922028 6.298930076922028 6.298930076922028
 738304 1024 27750.969 27750.969 27750.969 54.48626287608191 54.48626287608191 54.48626287608191 6.810782859510239 6.810782859510239 6.810782859510239
 812096 1024 28948.069 28948.069 28948.069 57.45366324779729 57.45366324779729 57.45366324779729 7.181707905974661 7.181707905974661 7.181707905974661
 893248 1024 15717.03 15717.03 15717.03 116.39424904069026 116.39424904069026 116.39424904069026 14.549281130086282 14.549281130086282 14.549281130086282
 982528 1024 30319.929 30319.929 30319.929 66.36616279675326 66.36616279675326 66.36616279675326 8.295770349594157 8.295770349594157 8.295770349594157
 1080768 512 20490.885 20490.885 20490.885 54.00969416401488 54.00969416401488 54.00969416401488 6.75121177050186 6.75121177050186 6.75121177050186
 1188800 512 26664.972 26664.972 26664.972 45.6528212367896 45.6528212367896 45.6528212367896 5.7066026545987 5.7066026545987 5.7066026545987
 1307648 512 27286.053 27286.053 27286.053 49.07384560163392 49.07384560163392 49.07384560163392 6.13423070020424 6.13423070020424 6.13423070020424
 1438400 512 27770.996 27770.996 27770.996 53.03812654036607 53.03812654036607 53.03812654036607 6.629765817545759 6.629765817545759 6.629765817545759
 1582208 512 30476.093 30476.093 30476.093 53.1623588364821 53.1623588364821 53.1623588364821 6.645294854560262 6.645294854560262 6.645294854560262
 1740416 512 30393.124 30393.124 30393.124 58.63780189229643 58.63780189229643 58.63780189229643 7.329725236537054 7.329725236537054 7.329725236537054
 1914432 512 31759.024 31759.024 31759.024 61.72665658743165 61.72665658743165 61.72665658743165 7.715832073428956 7.715832073428956 7.715832073428956
 2105856 256 25624.037 25624.037 25624.037 42.07761142399225 42.07761142399225 42.07761142399225 5.2597014279990315 5.2597014279990315 5.2597014279990315
 2316416 256 28563.023 28563.023 28563.023 41.52239039964362 41.52239039964362 41.52239039964362 5.190298799955452 5.190298799955452 5.190298799955452
 2548032 256 29100.18 29100.18 29100.18 44.83107609643652 44.83107609643652 44.83107609643652 5.603884512054565 5.603884512054565 5.603884512054565
 2802816 256 31151.772 31151.772 31151.772 46.066136847688796 46.066136847688796 46.066136847688796 5.7582671059610995 5.7582671059610995 5.7582671059610995
 3083072 256 31587.839 31587.839 31587.839 49.97280326773858 49.97280326773858 49.97280326773858 6.246600408467322 6.246600408467322 6.246600408467322
 3391360 256 33138.99 33138.99 33138.99 52.396778537909576 52.396778537909576 52.396778537909576 6.549597317238697 6.549597317238697 6.549597317238697
 3730496 256 34651.995 34651.995 34651.995 55.11988420868696 55.11988420868696 55.11988420868696 6.88998552608587 6.88998552608587 6.88998552608587
 4103488 256 30367.136 30367.136 30367.136 69.18617073404617 69.18617073404617 69.18617073404617 8.648271341755772 8.648271341755772 8.648271341755772
 4513792 128 20615.101 20615.101 20615.101 56.052635977868846 56.052635977868846 56.052635977868846 7.006579497233606 7.006579497233606 7.006579497233606
 4965120 128 16211.987 16211.987 16211.987 78.40314207012379 78.40314207012379 78.40314207012379 9.800392758765474 9.800392758765474 9.800392758765474
 5461632 128 30436.039 30436.039 30436.039 45.93823105562455 45.93823105562455 45.93823105562455 5.742278881953069 5.742278881953069 5.742278881953069
 6007744 128 32036.066 32036.066 32036.066 48.00784415914238 48.00784415914238 48.00784415914238 6.0009805198927975 6.0009805198927975 6.0009805198927975
 6608512 128 17224.073 17224.073 17224.073 98.2217778570725 98.2217778570725 98.2217778570725 12.277722232134062 12.277722232134062 12.277722232134062
 7269312 128 34566.164 34566.164 34566.164 53.83715335031102 53.83715335031102 53.83715335031102 6.7296441687888775 6.7296441687888775 6.7296441687888775
 7996224 128 35228.014 35228.014 35228.014 58.10811089151945 58.10811089151945 58.10811089151945 7.2635138614399315 7.2635138614399315 7.2635138614399315
 8795840 64 29412.031 29412.031 29412.031 38.27914910058404 38.27914910058404 38.27914910058404 4.784893637573005 4.784893637573005 4.784893637573005
 9675392 64 29562.95 29562.95 29562.95 41.89196869730524 41.89196869730524 41.89196869730524 5.236496087163155 5.236496087163155 5.236496087163155
 10642880 64 25249.958 25249.958 25249.958 53.95211508866669 53.95211508866669 53.95211508866669 6.744014386083336 6.744014386083336 6.744014386083336
 11707136 64 31414.032 31414.032 31414.032 47.70203990369654 47.70203990369654 47.70203990369654 5.962754987962067 5.962754987962067 5.962754987962067
 12877824 64 18963.814 18963.814 18963.814 86.92141106214183 86.92141106214183 86.92141106214183 10.865176382767729 10.865176382767729 10.865176382767729
 14165568 64 33864.021 33864.021 33864.021 53.54333745540732 53.54333745540732 53.54333745540732 6.692917181925915 6.692917181925915 6.692917181925915
 15582080 64 35368.204 35368.204 35368.204 56.39263560004348 56.39263560004348 56.39263560004348 7.049079450005435 7.049079450005435 7.049079450005435
 17140288 32 28935.909 28935.909 28935.909 37.91062627408733 37.91062627408733 37.91062627408733 4.738828284260916 4.738828284260916 4.738828284260916
 18854272 32 29513.121 29513.121 29513.121 40.885998061675686 40.885998061675686 40.885998061675686 5.110749757709461 5.110749757709461 5.110749757709461
 20739648 32 16506.195 16506.195 16506.195 80.41450328194959 80.41450328194959 80.41450328194959 10.051812910243699 10.051812910243699 10.051812910243699
 22813568 32 31406.879 31406.879 31406.879 46.488807499783725 46.488807499783725 46.488807499783725 5.811100937472966 5.811100937472966 5.811100937472966
 25094912 32 26064.873 26064.873 26064.873 61.61834619336147 61.61834619336147 61.61834619336147 7.7022932741701835 7.7022932741701835 7.7022932741701835
 27604352 32 33348.083 33348.083 33348.083 52.976914085286396 52.976914085286396 52.976914085286396 6.6221142606607994 6.6221142606607994 6.6221142606607994
 30364736 32 22194.147 22194.147 22194.147 87.56106301359543 87.56106301359543 87.56106301359543 10.945132876699429 10.945132876699429 10.945132876699429
 33401152 32 35436.153 35436.153 35436.153 60.32465567015698 60.32465567015698 60.32465567015698 7.540581958769622 7.540581958769622 7.540581958769622
 36741248 16 29016.018 29016.018 29016.018 40.519685919687525 40.519685919687525 40.519685919687525 5.064960739960941 5.064960739960941 5.064960739960941
 40415360 16 16046.047 16046.047 16046.047 80.59876180095944 80.59876180095944 80.59876180095944 10.07484522511993 10.07484522511993 10.07484522511993
 44456896 16 31088.114 31088.114 31088.114 45.760919173160524 45.760919173160524 45.760919173160524 5.7201148966450654 5.7201148966450654 5.7201148966450654
 48902528 16 32377.005 32377.005 32377.005 48.33309615883248 48.33309615883248 48.33309615883248 6.04163701985406 6.04163701985406 6.04163701985406
 53792768 16 33235.073 33235.073 33235.073 51.79373537106418 51.79373537106418 51.79373537106418 6.4742169213830225 6.4742169213830225 6.4742169213830225
 59172032 16 55404.186 55404.186 55404.186 34.176208707407056 34.176208707407056 34.176208707407056 4.272026088425882 4.272026088425882 4.272026088425882
 65089216 16 35926.819 35926.819 35926.819 57.97493265407104 57.97493265407104 57.97493265407104 7.24686658175888 7.24686658175888 7.24686658175888
 71598080 8 29814.959 29814.959 29814.959 38.422634758612276 38.422634758612276 38.422634758612276 4.8028293448265345 4.8028293448265345 4.8028293448265345
 78757888 8 30608.892 30608.892 30608.892 41.16863191258279 41.16863191258279 41.16863191258279 5.146078989072849 5.146078989072849 5.146078989072849
 86633664 8 32793.999 32793.999 32793.999 42.268057152773586 42.268057152773586 42.268057152773586 5.283507144096698 5.283507144096698 5.283507144096698
 95297024 8 26007.891 26007.891 26007.891 58.62652930989291 58.62652930989291 58.62652930989291 7.328316163736614 7.328316163736614 7.328316163736614
 104826688 8 39363.861 39363.861 39363.861 42.608295156819096 42.608295156819096 42.608295156819096 5.326036894602387 5.326036894602387 5.326036894602387
 115309312 8 40187.836 40187.836 40187.836 45.90814474310087 45.90814474310087 45.90814474310087 5.738518092887609 5.738518092887609 5.738518092887609
 126840192 8 45419.931 45419.931 45419.931 44.68177355883698 44.68177355883698 44.68177355883698 5.5852216948546225 5.5852216948546225 5.5852216948546225
 139524160 4 35844.088 35844.088 35844.088 31.140233781370025 31.140233781370025 31.140233781370025 3.892529222671253 3.892529222671253 3.892529222671253
 153476544 4 38648.844 38648.844 38648.844 31.76841077057829 31.76841077057829 31.76841077057829 3.971051346322286 3.971051346322286 3.971051346322286
 168824192 4 41345.119 41345.119 41345.119 32.66633568039797 32.66633568039797 32.66633568039797 4.083291960049746 4.083291960049746 4.083291960049746
 185706560 4 42339.802 42339.802 42339.802 35.0887913930254 35.0887913930254 35.0887913930254 4.386098924128175 4.386098924128175 4.386098924128175
 204277184 4 29266.119 29266.119 29266.119 55.83991071723586 55.83991071723586 55.83991071723586 6.9799888396544825 6.9799888396544825 6.9799888396544825
 224704896 4 49119.949 49119.949 49119.949 36.59692659697183 36.59692659697183 36.59692659697183 4.574615824621478 4.574615824621478 4.574615824621478
 247175360 4 51761.15 51761.15 51761.15 38.20245261165952 38.20245261165952 38.20245261165952 4.77530657645744 4.77530657645744 4.77530657645744
 271892864 2 37815.094 37815.094 37815.094 28.760247323462956 28.760247323462956 28.760247323462956 3.5950309154328695 3.5950309154328695 3.5950309154328695
 299082112 2 38701.057 38701.057 38701.057 30.912035503319714 30.912035503319714 30.912035503319714 3.8640044379149643 3.8640044379149643 3.8640044379149643
 328990272 2 27993.202 27993.202 27993.202 47.01002364788422 47.01002364788422 47.01002364788422 5.876252955985527 5.876252955985527 5.876252955985527
 361889280 2 42674.065 42674.065 42674.065 33.9212381103136 33.9212381103136 33.9212381103136 4.2401547637892 4.2401547637892 4.2401547637892
 398078208 2 38985.968 38985.968 38985.968 40.84322933830961 40.84322933830961 40.84322933830961 5.1054036672887015 5.1054036672887015 5.1054036672887015
 437886016 2 48006.058 48006.058 48006.058 36.485896509144744 36.485896509144744 36.485896509144744 4.560737063643093 4.560737063643093 4.560737063643093
 481674560 2 50225.019 50225.019 50225.019 38.36132426351097 38.36132426351097 38.36132426351097 4.795165532938872 4.795165532938872 4.795165532938872
 529841984 2 51150.799 51150.799 51150.799 41.43372102555036 41.43372102555036 41.43372102555036 5.179215128193795 5.179215128193795 5.179215128193795
 582826176 1 43974.161 43974.161 43974.161 26.507665535676736 26.507665535676736 26.507665535676736 3.313458191959592 3.313458191959592 3.313458191959592
 641108736 1 41844.845 41844.845 41844.845 30.6421847661283 30.6421847661283 30.6421847661283 3.8302730957660374 3.8302730957660374 3.8302730957660374
 705219584 1 41990.042 41990.042 41990.042 33.58984894561429 33.58984894561429 33.58984894561429 4.198731118201787 4.198731118201787 4.198731118201787
 775741504 1 39452.076 39452.076 39452.076 39.32576344017993 39.32576344017993 39.32576344017993 4.915720430022491 4.915720430022491 4.915720430022491
 853315648 1 46415.806 46415.806 46415.806 36.76832189448569 36.76832189448569 36.76832189448569 4.596040236810711 4.596040236810711 4.596040236810711
 938647168 1 51644.802 51644.802 51644.802 36.35011198222814 36.35011198222814 36.35011198222814 4.543763997778518 4.543763997778518 4.543763997778518
 1032511872 1 64048.052 64048.052 64048.052 32.24178846220022 32.24178846220022 32.24178846220022 4.030223557775027 4.030223557775027 4.030223557775027
 
META_DATA
 MPI startup(): shm:tmi fabric is unknown or has been removed from the product, please use ofi or shm:ofi instead
 FLOPS          2
 MPI_PROCS      2
 OPENMP_THREADS 4
 ERT_VERSION  1.1.0
 HOSTNAME  ('shas0420.rc.int.colorado.edu', [], ['10.225.6.135'])
 UNAME  uname_result(system='Linux', node='shas0420.rc.int.colorado.edu', release='3.10.0-957.27.2.el7.x86_64', version='#1 SMP Mon Jul 29 17:46:05 UTC 2019', machine='x86_64', processor='x86_64')
 TIMESTAMP_DATA  1664552541.7419374
 CONFIG  {'ERT_RESULTS': ['lab5_results'], 'ERT_DRIVER': ['driver1'], 'ERT_KERNEL': ['kernel1'], 'ERT_MPI': ['True'], 'ERT_MPI_CFLAGS': ['-I/usr/include/mpi'], 'ERT_MPI_LDFLAGS': ['-lmpi'], 'ERT_OPENMP': ['True'], 'ERT_OPENMP_CFLAGS': ['-qopenmp'], 'ERT_OPENMP_LDFLAGS': ['-qopenmp'], 'ERT_FLOPS': ['1,2,4,8,16'], 'ERT_ALIGN': ['32'], 'ERT_CC': ['mpicc'], 'ERT_CFLAGS': ['-O3', '-msse3', '-axSSE3', '-xSSE3', '-fno-alias', '-fno-fnalias', '-DERT_INTEL', '-std=c++11'], 'ERT_LD': ['mpicc'], 'ERT_LDFLAGS': [], 'ERT_LDLIBS': [], 'ERT_PRECISION': ['FP64'], 'ERT_RUN': ['export', 'OMP_NUM_THREADS=ERT_OPENMP_THREADS;', 'mpirun', '-np', 'ERT_MPI_PROCS', 'ERT_CODE'], 'ERT_PROCS_THREADS': ['1-24'], 'ERT_MPI_PROCS': ['1,2,4'], 'ERT_OPENMP_THREADS': ['1,2,4'], 'ERT_NUM_EXPERIMENTS': ['1'], 'ERT_MEMORY_MAX': ['1073741824'], 'ERT_WORKING_SET_MIN': ['1'], 'ERT_TRIALS_MIN': ['1'], 'ERT_GNUPLOT': ['gnuplot'], 'ERT_GPU': [False], 'ERT_HIP': [False], 'ERT_OCL': [False], 'ERT_SYCL': [False], 'ERT_WSS_MULT': [1.1]}
 