fp64
 8 134217728 368180.037 368180.037 368180.037 5.832699853848947 5.832699853848947 5.832699853848947 0.3645437408655592 0.3645437408655592 0.3645437408655592
 16 67108864 204457.045 204457.045 204457.045 10.503348749855991 10.503348749855991 10.503348749855991 0.6564592968659995 0.6564592968659995 0.6564592968659995
 24 33554432 102233.887 102233.887 102233.887 15.75419641434547 15.75419641434547 15.75419641434547 0.9846372758965919 0.9846372758965919 0.9846372758965919
 32 33554432 130036.116 130036.116 130036.116 16.514516997723923 16.514516997723923 16.514516997723923 1.0321573123577452 1.0321573123577452 1.0321573123577452
 40 16777216 56159.019 56159.019 56159.019 23.899585567903173 23.899585567903173 23.899585567903173 1.4937240979939483 1.4937240979939483 1.4937240979939483
 48 16777216 82330.942 82330.942 82330.942 19.562666196628726 19.562666196628726 19.562666196628726 1.2226666372892954 1.2226666372892954 1.2226666372892954
 56 16777216 66386.938 66386.938 66386.938 28.304486524141243 28.304486524141243 28.304486524141243 1.7690304077588277 1.7690304077588277 1.7690304077588277
 64 16777216 91921.091 91921.091 91921.091 23.362251520709215 23.362251520709215 23.362251520709215 1.460140720044326 1.460140720044326 1.460140720044326
 72 8388608 43401.957 43401.957 43401.957 27.83191439962027 27.83191439962027 27.83191439962027 1.739494649976267 1.739494649976267 1.739494649976267
 80 8388608 51058.054 51058.054 51058.054 26.287278398820295 26.287278398820295 26.287278398820295 1.6429548999262684 1.6429548999262684 1.6429548999262684
 88 8388608 48542.023 48542.023 48542.023 30.414781188662033 30.414781188662033 30.414781188662033 1.900923824291377 1.900923824291377 1.900923824291377
 96 8388608 56418.896 56418.896 56418.896 28.54739901326676 28.54739901326676 28.54739901326676 1.7842124383291724 1.7842124383291724 1.7842124383291724
 104 8388608 53614.855 53614.855 53614.855 32.54378779910903 32.54378779910903 32.54378779910903 2.0339867374443146 2.0339867374443146 2.0339867374443146
 112 8388608 61316.013 61316.013 61316.013 30.64530943980327 30.64530943980327 30.64530943980327 1.9153318399877044 1.9153318399877044 1.9153318399877044
 120 8388608 58718.92 58718.92 58718.92 34.28649437012806 34.28649437012806 34.28649437012806 2.142905898133004 2.142905898133004 2.142905898133004
 128 8388608 32988.071 32988.071 32988.071 65.09879428839595 65.09879428839595 65.09879428839595 4.068674643024747 4.068674643024747 4.068674643024747
 136 4194304 20424.128 20424.128 20424.128 55.857987572345806 55.857987572345806 55.857987572345806 3.491124223271613 3.491124223271613 3.491124223271613
 144 4194304 20627.975 20627.975 20627.975 58.55928912072076 58.55928912072076 58.55928912072076 3.6599555700450477 3.6599555700450477 3.6599555700450477
 152 4194304 22978.067 22978.067 22978.067 55.49067360626985 55.49067360626985 55.49067360626985 3.4681671003918657 3.4681671003918657 3.4681671003918657
 160 4194304 25031.09 25031.09 25031.09 53.62040885954227 53.62040885954227 53.62040885954227 3.351275553721392 3.351275553721392 3.351275553721392
 176 4194304 30243.874 30243.874 30243.874 48.81633245793842 48.81633245793842 48.81633245793842 3.0510207786211514 3.0510207786211514 3.0510207786211514
 192 4194304 29969.931 29969.931 29969.931 53.740955759958204 53.740955759958204 53.740955759958204 3.3588097349973878 3.3588097349973878 3.3588097349973878
 208 4194304 32032.013 32032.013 32032.013 54.47145841255747 54.47145841255747 54.47145841255747 3.4044661507848417 3.4044661507848417 3.4044661507848417
 224 4194304 34617.901 34617.901 34617.901 54.279668544895316 54.279668544895316 54.279668544895316 3.3924792840559572 3.3924792840559572 3.3924792840559572
 240 4194304 39816.141 39816.141 39816.141 50.564064458180404 50.564064458180404 50.564064458180404 3.1602540286362752 3.1602540286362752 3.1602540286362752
 264 2097152 17294.884 17294.884 17294.884 64.02449741784912 64.02449741784912 64.02449741784912 4.00153108861557 4.00153108861557 4.00153108861557
 288 2097152 19064.903 19064.903 19064.903 63.360382793450356 63.360382793450356 63.360382793450356 3.9600239245906472 3.9600239245906472 3.9600239245906472
 312 2097152 21598.816 21598.816 21598.816 60.587712215336246 60.587712215336246 60.587712215336246 3.7867320134585154 3.7867320134585154 3.7867320134585154
 336 2097152 23006.916 23006.916 23006.916 61.25489152913845 61.25489152913845 61.25489152913845 3.828430720571153 3.828430720571153 3.828430720571153
 368 2097152 25660.992 25660.992 25660.992 60.149813070359876 60.149813070359876 60.149813070359876 3.7593633168974923 3.7593633168974923 3.7593633168974923
 400 2097152 25670.052 25670.052 25670.052 65.357156269103 65.357156269103 65.357156269103 4.084822266818938 4.084822266818938 4.084822266818938
 440 2097152 28913.021 28913.021 28913.021 63.82915711229207 63.82915711229207 63.82915711229207 3.9893223195182546 3.9893223195182546 3.9893223195182546
 480 2097152 32031.059 32031.059 32031.059 62.85355473261124 62.85355473261124 62.85355473261124 3.9283471707882023 3.9283471707882023 3.9283471707882023
 528 1048576 16623.02 16623.02 16623.02 66.61221944027018 66.61221944027018 66.61221944027018 4.163263715016886 4.163263715016886 4.163263715016886
 576 1048576 18509.15 18509.15 18509.15 65.26283227484784 65.26283227484784 65.26283227484784 4.07892701717799 4.07892701717799 4.07892701717799
 632 1048576 21322.012 21322.012 21322.012 62.16111612731483 62.16111612731483 62.16111612731483 3.8850697579571767 3.8850697579571767 3.8850697579571767
 688 1048576 21734.953 21734.953 21734.953 66.38342286730503 66.38342286730503 66.38342286730503 4.148963929206564 4.148963929206564 4.148963929206564
 752 1048576 24271.965 24271.965 24271.965 64.97447998132824 64.97447998132824 64.97447998132824 4.060904998833015 4.060904998833015 4.060904998833015
 824 1048576 26128.054 26128.054 26128.054 66.13784738809862 66.13784738809862 66.13784738809862 4.133615461756164 4.133615461756164 4.133615461756164
 904 1048576 27845.144 27845.144 27845.144 68.08459701267842 68.08459701267842 68.08459701267842 4.255287313292401 4.255287313292401 4.255287313292401
 992 1048576 31543.016 31543.016 31543.016 65.95357856712243 65.95357856712243 65.95357856712243 4.122098660445152 4.122098660445152 4.122098660445152
 1088 524288 16901.97 16901.97 16901.97 67.4980897493014 67.4980897493014 67.4980897493014 4.2186306093313375 4.2186306093313375 4.2186306093313375
 1192 524288 18511.057 18511.057 18511.057 67.52194604554455 67.52194604554455 67.52194604554455 4.2201216278465346 4.2201216278465346 4.2201216278465346
 1304 524288 20112.991 20112.991 20112.991 67.98308138257507 67.98308138257507 67.98308138257507 4.248942586410942 4.248942586410942 4.248942586410942
 1432 524288 22026.062 22026.062 22026.062 68.172006053556 68.172006053556 68.172006053556 4.26075037834725 4.26075037834725 4.26075037834725
 1568 524288 23923.874 23923.874 23923.874 68.72495516403406 68.72495516403406 68.72495516403406 4.295309697752129 4.295309697752129 4.295309697752129
 1720 524288 26386.023 26386.023 26386.023 68.35250314153065 68.35250314153065 68.35250314153065 4.2720314463456655 4.2720314463456655 4.2720314463456655
 1888 524288 29088.02 29088.02 29088.02 68.05934154335702 68.05934154335702 68.05934154335702 4.253708846459814 4.253708846459814 4.253708846459814
 2072 262144 15791.893 15791.893 15791.893 68.79002637619188 68.79002637619188 68.79002637619188 4.299376648511992 4.299376648511992 4.299376648511992
 2272 262144 17446.995 17446.995 17446.995 68.27435532594582 68.27435532594582 68.27435532594582 4.267147207871614 4.267147207871614 4.267147207871614
 2496 262144 19011.974 19011.974 19011.974 68.83150839570894 68.83150839570894 68.83150839570894 4.301969274731809 4.301969274731809 4.301969274731809
 2744 262144 20853.043 20853.043 20853.043 68.98975233494699 68.98975233494699 68.98975233494699 4.311859520934187 4.311859520934187 4.311859520934187
 3016 262144 22913.933 22913.933 22913.933 69.0083456209809 69.0083456209809 69.0083456209809 4.3130216013113065 4.3130216013113065 4.3130216013113065
 3312 262144 25230.885 25230.885 25230.885 68.82207484993094 68.82207484993094 68.82207484993094 4.301379678120684 4.301379678120684 4.301379678120684
 3640 262144 27594.805 27594.805 27594.805 69.15824627135433 69.15824627135433 69.15824627135433 4.322390391959646 4.322390391959646 4.322390391959646
 4000 262144 30300.14 30300.14 30300.14 69.2126174994571 69.2126174994571 69.2126174994571 4.3257885937160685 4.3257885937160685 4.3257885937160685
 4400 131072 17333.031 17333.031 17333.031 66.54540685930812 66.54540685930812 66.54540685930812 4.159087928706757 4.159087928706757 4.159087928706757
 4840 131072 19015.074 19015.074 19015.074 66.72479738969199 66.72479738969199 66.72479738969199 4.170299836855749 4.170299836855749 4.170299836855749
 5320 131072 20796.061 20796.061 20796.061 67.06106892069609 67.06106892069609 67.06106892069609 4.191316807543505 4.191316807543505 4.191316807543505
 5848 131072 22768.974 22768.974 22768.974 67.32925743601798 67.32925743601798 67.32925743601798 4.208078589751124 4.208078589751124 4.208078589751124
 6432 131072 24886.131 24886.131 24886.131 67.75300700619152 67.75300700619152 67.75300700619152 4.23456293788697 4.23456293788697 4.23456293788697
 7072 131072 27313.948 27313.948 27313.948 67.87310161094251 67.87310161094251 67.87310161094251 4.242068850683907 4.242068850683907 4.242068850683907
 7776 131072 29984.951 29984.951 29984.951 67.98182675035888 67.98182675035888 67.98182675035888 4.24886417189743 4.24886417189743 4.24886417189743
 8552 65536 16448.975 16448.975 16448.975 68.14575035830501 68.14575035830501 68.14575035830501 4.259109397394063 4.259109397394063 4.259109397394063
 9400 65536 17998.934 17998.934 17998.934 68.4527650359738 68.4527650359738 68.4527650359738 4.278297814748362 4.278297814748362 4.278297814748362
 10336 65536 19930.124 19930.124 19930.124 67.97550241032118 67.97550241032118 67.97550241032118 4.248468900645074 4.248468900645074 4.248468900645074
 11368 65536 21717.072 21717.072 21717.072 68.61083740938926 68.61083740938926 68.61083740938926 4.288177338086829 4.288177338086829 4.288177338086829
 12504 65536 23833.99 23833.99 23833.99 68.76415942106209 68.76415942106209 68.76415942106209 4.297759963816381 4.297759963816381 4.297759963816381
 13752 65536 26148.081 26148.081 26148.081 68.93439499441662 68.93439499441662 68.93439499441662 4.308399687151039 4.308399687151039 4.308399687151039
 15120 65536 28780.937 28780.937 28780.937 68.85837802987442 68.85837802987442 68.85837802987442 4.303648626867151 4.303648626867151 4.303648626867151
 16632 32768 15786.171 15786.171 15786.171 69.04744361378069 69.04744361378069 69.04744361378069 4.315465225861293 4.315465225861293 4.315465225861293
 18288 32768 17338.037 17338.037 17338.037 69.12676262024357 69.12676262024357 69.12676262024357 4.320422663765223 4.320422663765223 4.320422663765223
 20112 32768 19043.922 19043.922 19043.922 69.21158530264933 69.21158530264933 69.21158530264933 4.325724081415583 4.325724081415583 4.325724081415583
 22120 32768 20949.125 20949.125 20949.125 69.19889589660667 69.19889589660667 69.19889589660667 4.324930993537917 4.324930993537917 4.324930993537917
 24328 32768 23008.108 23008.108 23008.108 69.29556345962911 69.29556345962911 69.29556345962911 4.330972716226819 4.330972716226819 4.330972716226819
 26760 32768 25253.057 25253.057 25253.057 69.44677470137576 69.44677470137576 69.44677470137576 4.340423418835985 4.340423418835985 4.340423418835985
 29432 32768 27801.037 27801.037 27801.037 69.38070518736404 69.38070518736404 69.38070518736404 4.336294074210253 4.336294074210253 4.336294074210253
 32368 32768 30550.003 30550.003 30550.003 69.4359751126702 69.4359751126702 69.4359751126702 4.339748444541888 4.339748444541888 4.339748444541888
 35600 16384 17951.012 17951.012 17951.012 64.9846816435753 64.9846816435753 64.9846816435753 4.061542602723456 4.061542602723456 4.061542602723456
 39160 16384 20205.021 20205.021 20205.021 63.508713007524214 63.508713007524214 63.508713007524214 3.9692945629702634 3.9692945629702634 3.9692945629702634
 43072 16384 22617.102 22617.102 22617.102 62.40336608996148 62.40336608996148 62.40336608996148 3.9002103806225925 3.9002103806225925 3.9002103806225925
 47376 16384 25035.143 25035.143 25035.143 62.00950272183387 62.00950272183387 62.00950272183387 3.875593920114617 3.875593920114617 3.875593920114617
 52112 16384 27410.984 27410.984 27410.984 62.29641431332782 62.29641431332782 62.29641431332782 3.893525894582989 3.893525894582989 3.893525894582989
 57320 16384 30176.163 30176.163 30176.163 62.243226880766784 62.243226880766784 62.243226880766784 3.890201680047924 3.890201680047924 3.890201680047924
 63048 16384 33120.871 33120.871 33120.871 62.376284246872615 62.376284246872615 62.376284246872615 3.8985177654295384 3.8985177654295384 3.8985177654295384
 69352 8192 18250.942 18250.942 18250.942 62.257781981883454 62.257781981883454 62.257781981883454 3.891111373867716 3.891111373867716 3.891111373867716
 76280 8192 20115.852 20115.852 20115.852 62.12868935404774 62.12868935404774 62.12868935404774 3.8830430846279835 3.8830430846279835 3.8830430846279835
 83904 8192 22119.045 22119.045 22119.045 62.14929876041214 62.14929876041214 62.14929876041214 3.8843311725257585 3.8843311725257585 3.8843311725257585
 92288 8192 24431.944 24431.944 24431.944 61.88809993998021 61.88809993998021 61.88809993998021 3.868006246248763 3.868006246248763 3.868006246248763
 101512 8192 26743.174 26743.174 26743.174 62.19054656713523 62.19054656713523 62.19054656713523 3.886909160445952 3.886909160445952 3.886909160445952
 111656 8192 29474.02 29474.02 29474.02 62.06726819076597 62.06726819076597 62.06726819076597 3.8792042619228733 3.8792042619228733 3.8792042619228733
 122816 8192 32377.958 32377.958 32377.958 62.14775323385126 62.14775323385126 62.14775323385126 3.884234577115704 3.884234577115704 3.884234577115704
 135096 4096 17850.876 17850.876 17850.876 61.997317778690515 61.997317778690515 61.997317778690515 3.874832361168157 3.874832361168157 3.874832361168157
 148600 4096 19674.063 19674.063 19674.063 61.87492639420745 61.87492639420745 61.87492639420745 3.8671828996379656 3.8671828996379656 3.8671828996379656
 163456 4096 22326.946 22326.946 22326.946 59.973789160416295 59.973789160416295 59.973789160416295 3.7483618225260185 3.7483618225260185 3.7483618225260185
 179800 4096 26240.826 26240.826 26240.826 56.130916000891126 56.130916000891126 56.130916000891126 3.5081822500556954 3.5081822500556954 3.5081822500556954
 197776 4096 32103.062 32103.062 32103.062 50.46811397616838 50.46811397616838 50.46811397616838 3.154257123510524 3.154257123510524 3.154257123510524
 217552 4096 36837.101 36837.101 36837.101 48.3801910470642 48.3801910470642 48.3801910470642 3.0237619404415126 3.0237619404415126 3.0237619404415126
 239304 4096 40337.086 40337.086 40337.086 48.59990054809611 48.59990054809611 48.59990054809611 3.037493784256007 3.037493784256007 3.037493784256007
 263232 2048 22824.049 22824.049 22824.049 47.23957050740647 47.23957050740647 47.23957050740647 2.9524731567129043 2.9524731567129043 2.9524731567129043
 289552 2048 26921.988 26921.988 26921.988 44.05339575962964 44.05339575962964 44.05339575962964 2.7533372349768523 2.7533372349768523 2.7533372349768523
 318504 2048 31208.992 31208.992 31208.992 41.80181096525002 41.80181096525002 41.80181096525002 2.6126131853281263 2.6126131853281263 2.6126131853281263
 350352 2048 33156.872 33156.872 33156.872 43.280373130493125 43.280373130493125 43.280373130493125 2.7050233206558203 2.7050233206558203 2.7050233206558203
 385384 2048 37044.048 37044.048 37044.048 42.612320986086615 42.612320986086615 42.612320986086615 2.6632700616304135 2.6632700616304135 2.6632700616304135
 423920 2048 43642.998 43642.998 43642.998 39.785908383287506 39.785908383287506 39.785908383287506 2.486619273955469 2.486619273955469 2.486619273955469
 466312 2048 48056.126 48056.126 48056.126 39.74548327095697 39.74548327095697 39.74548327095697 2.4840927044348105 2.4840927044348105 2.4840927044348105
 512936 2048 52762.985 52762.985 52762.985 39.81931378598083 39.81931378598083 39.81931378598083 2.488707111623802 2.488707111623802 2.488707111623802
 564224 1024 30472.04 30472.04 30472.04 37.92101716852564 37.92101716852564 37.92101716852564 2.3700635730328523 2.3700635730328523 2.3700635730328523
 620640 1024 32712.936 32712.936 32712.936 38.85529320877832 38.85529320877832 38.85529320877832 2.428455825548645 2.428455825548645 2.428455825548645
 682704 1024 36010.981 36010.981 36010.981 38.82642886068558 38.82642886068558 38.82642886068558 2.426651803792849 2.426651803792849 2.426651803792849
 750968 1024 39618.015 39618.015 39618.015 38.82028072330226 38.82028072330226 38.82028072330226 2.4262675452063913 2.4262675452063913 2.4262675452063913
 826064 1024 43622.971 43622.971 43622.971 38.7818397788633 38.7818397788633 38.7818397788633 2.4238649861789563 2.4238649861789563 2.4238649861789563
 908664 1024 48011.065 48011.065 48011.065 38.76072884448616 38.76072884448616 38.76072884448616 2.422545552780385 2.422545552780385 2.422545552780385
 999528 1024 54275.99 54275.99 54275.99 37.715264963384364 37.715264963384364 37.715264963384364 2.3572040602115227 2.3572040602115227 2.3572040602115227
 1099480 512 28944.969 28944.969 28944.969 38.89682935918846 38.89682935918846 38.89682935918846 2.4310518349492787 2.4310518349492787 2.4310518349492787
 1209424 512 31868.935 31868.935 31868.935 38.86073306183592 38.86073306183592 38.86073306183592 2.428795816364745 2.428795816364745 2.428795816364745
 1330360 512 35033.941 35033.941 35033.941 38.88482429082129 38.88482429082129 38.88482429082129 2.4303015181763308 2.4303015181763308 2.4303015181763308
 1463392 512 38552.046 38552.046 38552.046 38.869880161483515 38.869880161483515 38.869880161483515 2.4293675100927197 2.4293675100927197 2.4293675100927197
 1609728 512 43840.885 43840.885 43840.885 37.598727124235744 37.598727124235744 37.598727124235744 2.349920445264734 2.349920445264734 2.349920445264734
 1770696 512 46685.934 46685.934 46685.934 38.83809423198002 38.83809423198002 38.83809423198002 2.4273808894987514 2.4273808894987514 2.4273808894987514
 1947760 512 51383.972 51383.972 51383.972 38.81572720769815 38.81572720769815 38.81572720769815 2.4259829504811345 2.4259829504811345 2.4259829504811345
 2142536 256 28267.145 28267.145 28267.145 38.80754253745824 38.80754253745824 38.80754253745824 2.42547140859114 2.42547140859114 2.42547140859114
 2356784 256 31089.067 31089.067 31089.067 38.81343264498738 38.81343264498738 38.81343264498738 2.4258395403117112 2.4258395403117112 2.4258395403117112
 2592456 256 34186.84 34186.84 34186.84 38.825977247385254 38.825977247385254 38.825977247385254 2.4266235779615783 2.4266235779615783 2.4266235779615783
 2851696 256 37607.193 37607.193 37607.193 38.82417791724046 38.82417791724046 38.82417791724046 2.426511119827529 2.426511119827529 2.426511119827529
 3136864 256 41384.935 41384.935 41384.935 38.808188728579616 38.808188728579616 38.808188728579616 2.425511795536226 2.425511795536226 2.425511795536226
 3450544 256 45616.865 45616.865 45616.865 38.728626528806835 38.728626528806835 38.728626528806835 2.420539158050427 2.420539158050427 2.420539158050427
 3795592 256 50621.986 50621.986 50621.986 38.38930981490928 38.38930981490928 38.38930981490928 2.39933186343183 2.39933186343183 2.39933186343183
 4175144 256 55596.113 55596.113 55596.113 38.450057254901985 38.450057254901985 38.450057254901985 2.403128578431374 2.403128578431374 2.403128578431374
 4592656 128 31142.95 31142.95 31142.95 37.752362444790876 37.752362444790876 37.752362444790876 2.3595226527994297 2.3595226527994297 2.3595226527994297
 5051920 128 34123.182 34123.182 34123.182 37.90067174860773 37.90067174860773 37.90067174860773 2.368791984287983 2.368791984287983 2.368791984287983
 5557112 128 36761.999 36761.999 36761.999 38.69813151346857 38.69813151346857 38.69813151346857 2.4186332195917855 2.4186332195917855 2.4186332195917855
 6112816 128 40520.191 40520.191 40520.191 38.61978083963129 38.61978083963129 38.61978083963129 2.4137363024769556 2.4137363024769556 2.4137363024769556
 6724096 128 45644.045 45644.045 45644.045 37.71288403558449 37.71288403558449 37.71288403558449 2.3570552522240305 2.3570552522240305 2.3570552522240305
 7396504 128 50602.913 50602.913 50602.913 37.418893730485436 37.418893730485436 37.418893730485436 2.3386808581553398 2.3386808581553398 2.3386808581553398
 8136152 128 53885.937 53885.937 53885.937 38.65303320233627 38.65303320233627 38.65303320233627 2.4158145751460167 2.4158145751460167 2.4158145751460167
 8949760 64 30490.875 30490.875 30490.875 37.57088899547815 37.57088899547815 37.57088899547815 2.3481805622173844 2.3481805622173844 2.3481805622173844
 9844736 64 33571.959 33571.959 33571.959 37.53508122656768 37.53508122656768 37.53508122656768 2.34594257666048 2.34594257666048 2.34594257666048
 10829208 64 36721.945 36721.945 36721.945 37.74687381074178 37.74687381074178 37.74687381074178 2.3591796131713614 2.3591796131713614 2.3591796131713614
 11912128 64 39833.069 39833.069 39833.069 38.27855654305722 38.27855654305722 38.27855654305722 2.3924097839410763 2.3924097839410763 2.3924097839410763
 13103336 64 43766.022 43766.022 43766.022 38.32258293888351 38.32258293888351 38.32258293888351 2.395161433680219 2.395161433680219 2.395161433680219
 14413664 64 48364.878 48364.878 48364.878 38.14646223236622 38.14646223236622 38.14646223236622 2.3841538895228886 2.3841538895228886 2.3841538895228886
 15855024 64 53245.783 53245.783 53245.783 38.114625377938374 38.114625377938374 38.114625377938374 2.3821640861211484 2.3821640861211484 2.3821640861211484
 17440520 32 29705.048 29705.048 29705.048 37.57587868566986 37.57587868566986 37.57587868566986 2.3484924178543665 2.3484924178543665 2.3484924178543665
 19184568 32 32011.032 32011.032 32011.032 38.355912799062516 38.355912799062516 38.355912799062516 2.3972445499414072 2.3972445499414072 2.3972445499414072
 21103024 32 35552.979 35552.979 35552.979 37.98819603836855 37.98819603836855 37.98819603836855 2.3742622523980343 2.3742622523980343 2.3742622523980343
 23213320 32 40252.924 40252.924 40252.924 36.9079394083272 36.9079394083272 36.9079394083272 2.30674621302045 2.30674621302045 2.30674621302045
 25534648 32 45632.124 45632.124 45632.124 35.81287322939427 35.81287322939427 35.81287322939427 2.238304576837142 2.238304576837142 2.238304576837142
 28088112 32 60912.132 60912.132 60912.132 29.51200539163528 29.51200539163528 29.51200539163528 1.844500336977205 1.844500336977205 1.844500336977205
 30896920 32 79844.952 79844.952 79844.952 24.765534081603555 24.765534081603555 24.765534081603555 1.5478458801002222 1.5478458801002222 1.5478458801002222
 33986608 16 48604.012 48604.012 48604.012 22.376166313184186 22.376166313184186 22.376166313184186 1.3985103945740116 1.3985103945740116 1.3985103945740116
 37385264 16 61320.066 61320.066 61320.066 19.5095753484675 19.5095753484675 19.5095753484675 1.2193484592792188 1.2193484592792188 1.2193484592792188
 41123784 16 72242.022 72242.022 72242.022 18.216005748011867 18.216005748011867 18.216005748011867 1.1385003592507417 1.1385003592507417 1.1385003592507417
 45236160 16 80931.902 80931.902 80931.902 17.88611269756146 17.88611269756146 17.88611269756146 1.1178820435975914 1.1178820435975914 1.1178820435975914
 49759776 16 90515.137 90515.137 90515.137 17.59167455052297 17.59167455052297 17.59167455052297 1.0994796594076857 1.0994796594076857 1.0994796594076857
 54735752 16 99647.045 99647.045 99647.045 17.57748123890678 17.57748123890678 17.57748123890678 1.0985925774316738 1.0985925774316738 1.0985925774316738
 60209320 16 109733.105 109733.105 109733.105 17.558039936990756 17.558039936990756 17.558039936990756 1.0973774960619223 1.0973774960619223 1.0973774960619223
 66230248 16 120724.916 120724.916 120724.916 17.55534819340856 17.55534819340856 17.55534819340856 1.097209262088035 1.097209262088035 1.097209262088035
 72853272 8 66630.84 66630.84 66630.84 17.494186655908887 17.494186655908887 17.494186655908887 1.0933866659943055 1.0933866659943055 1.0933866659943055
 80138592 8 73893.07 73893.07 73893.07 17.352337262479416 17.352337262479416 17.352337262479416 1.0845210789049635 1.0845210789049635 1.0845210789049635
 88152448 8 80892.086 80892.086 80892.086 17.436058800609988 17.436058800609988 17.436058800609988 1.0897536750381243 1.0897536750381243 1.0897536750381243
 96967688 8 89095.116 89095.116 89095.116 17.413782905900252 17.413782905900252 17.413782905900252 1.0883614316187658 1.0883614316187658 1.0883614316187658
 106664456 8 97406.864 97406.864 97406.864 17.520647169176907 17.520647169176907 17.520647169176907 1.0950404480735567 1.0950404480735567 1.0950404480735567
 117330896 8 106976.032 106976.032 106976.032 17.548737795770926 17.548737795770926 17.548737795770926 1.0967961122356829 1.0967961122356829 1.0967961122356829
 129063984 8 117614.031 117614.031 117614.031 17.557630891844866 17.557630891844866 17.557630891844866 1.0973519307403041 1.0973519307403041 1.0973519307403041
 141970376 4 64916.849 64916.849 64916.849 17.4956582997428 17.4956582997428 17.4956582997428 1.093478643733925 1.093478643733925 1.093478643733925
 156167408 4 71333.885 71333.885 71333.885 17.513966384979593 17.513966384979593 17.513966384979593 1.0946228990612246 1.0946228990612246 1.0946228990612246
 171784144 4 78326.941 78326.941 78326.941 17.545344353483685 17.545344353483685 17.545344353483685 1.0965840220927303 1.0965840220927303 1.0965840220927303
 188962552 4 86374.998 86374.998 86374.998 17.5015971172584 17.5015971172584 17.5015971172584 1.09384981982865 1.09384981982865 1.09384981982865
 207858800 4 95657.11 95657.11 95657.11 17.383657106094883 17.383657106094883 17.383657106094883 1.0864785691309302 1.0864785691309302 1.0864785691309302
 228644680 4 105165.005 105165.005 105165.005 17.393214025901486 17.393214025901486 17.393214025901486 1.0870758766188429 1.0870758766188429 1.0870758766188429
 251509144 4 115697.145 115697.145 115697.145 17.39086260080143 17.39086260080143 17.39086260080143 1.0869289125500894 1.0869289125500894 1.0869289125500894
 276660056 2 63752.174 63752.174 63752.174 17.358470379378748 17.358470379378748 17.358470379378748 1.0849043987111717 1.0849043987111717 1.0849043987111717
 304326056 2 70065.022 70065.022 70065.022 17.373921954952078 17.373921954952078 17.373921954952078 1.0858701221845048 1.0858701221845048 1.0858701221845048
 334758656 2 77044.964 77044.964 77044.964 17.379911086725926 17.379911086725926 17.379911086725926 1.0862444429203704 1.0862444429203704 1.0862444429203704
 368234520 2 84753.99 84753.99 84753.99 17.37898215765417 17.37898215765417 17.37898215765417 1.0861863848533857 1.0861863848533857 1.0861863848533857
 405057968 2 91439.009 91439.009 91439.009 17.719263252295306 17.719263252295306 17.719263252295306 1.1074539532684566 1.1074539532684566 1.1074539532684566
 445563760 2 102267.027 102267.027 102267.027 17.42746506163712 17.42746506163712 17.42746506163712 1.08921656635232 1.08921656635232 1.08921656635232
 490120136 2 112782.001 112782.001 112782.001 17.382920382836616 17.382920382836616 17.382920382836616 1.0864325239272885 1.0864325239272885 1.0864325239272885
 539132144 1 60638.189 60638.189 60638.189 17.781934219704354 17.781934219704354 17.781934219704354 1.1113708887315221 1.1113708887315221 1.1113708887315221
 593045352 1 66874.027 66874.027 66874.027 17.736193814079716 17.736193814079716 17.736193814079716 1.1085121133799822 1.1085121133799822 1.1085121133799822
 652349880 1 73371.172 73371.172 73371.172 17.782185079447824 17.782185079447824 17.782185079447824 1.111386567465489 1.111386567465489 1.111386567465489
 717584864 1 80816.031 80816.031 80816.031 17.758478240536213 17.758478240536213 17.758478240536213 1.1099048900335133 1.1099048900335133 1.1099048900335133
 789343344 1 88930.845 88930.845 88930.845 17.751846257617366 17.751846257617366 17.751846257617366 1.1094903911010854 1.1094903911010854 1.1094903911010854
 868277672 1 98662.138 98662.138 98662.138 17.60103094461626 17.60103094461626 17.60103094461626 1.1000644340385162 1.1000644340385162 1.1000644340385162
 955105432 1 107957.125 107957.125 107957.125 17.6941620481279 17.6941620481279 17.6941620481279 1.1058851280079938 1.1058851280079938 1.1058851280079938
 1050615968 1 118984.938 118984.938 118984.938 17.65964643356792 17.65964643356792 17.65964643356792 1.103727902097995 1.103727902097995 1.103727902097995
 
META_DATA
 MPI startup(): shm:tmi fabric is unknown or has been removed from the product, please use ofi or shm:ofi instead
 FLOPS          1
 MPI_PROCS      1
 OPENMP_THREADS 1
 ERT_VERSION  1.1.0
 HOSTNAME  ('shas0642.rc.int.colorado.edu', [], ['10.225.7.27'])
 UNAME  uname_result(system='Linux', node='shas0642.rc.int.colorado.edu', release='3.10.0-957.27.2.el7.x86_64', version='#1 SMP Mon Jul 29 17:46:05 UTC 2019', machine='x86_64', processor='x86_64')
 TIMESTAMP_DATA  1664550907.8817797
 CONFIG  {'ERT_RESULTS': ['lab5_results'], 'ERT_DRIVER': ['driver1'], 'ERT_KERNEL': ['kernel1'], 'ERT_MPI': ['True'], 'ERT_MPI_CFLAGS': ['-I/usr/include/mpi'], 'ERT_MPI_LDFLAGS': ['-lmpi'], 'ERT_OPENMP': ['True'], 'ERT_OPENMP_CFLAGS': ['-qopenmp'], 'ERT_OPENMP_LDFLAGS': ['-qopenmp'], 'ERT_FLOPS': ['1,2,4,8,16'], 'ERT_ALIGN': ['32'], 'ERT_CC': ['mpicc'], 'ERT_CFLAGS': ['-O3', '-msse3', '-axSSE3', '-xSSE3', '-fno-alias', '-fno-fnalias', '-DERT_INTEL', '-std=c++11'], 'ERT_LD': ['mpicc'], 'ERT_LDFLAGS': [], 'ERT_LDLIBS': [], 'ERT_PRECISION': ['FP64'], 'ERT_RUN': ['export', 'OMP_NUM_THREADS=ERT_OPENMP_THREADS;', 'mpirun', '-np', 'ERT_MPI_PROCS', 'ERT_CODE'], 'ERT_PROCS_THREADS': ['1-24'], 'ERT_MPI_PROCS': ['1,2,4,8,12,24'], 'ERT_OPENMP_THREADS': ['1,2,4,8,12,24'], 'ERT_NUM_EXPERIMENTS': ['1'], 'ERT_MEMORY_MAX': ['1073741824'], 'ERT_WORKING_SET_MIN': ['1'], 'ERT_TRIALS_MIN': ['1'], 'ERT_GNUPLOT': ['gnuplot'], 'ERT_GPU': [False], 'ERT_HIP': [False], 'ERT_OCL': [False], 'ERT_SYCL': [False], 'ERT_WSS_MULT': [1.1]}
 