fp64
 8 134217728 701497.078 701497.078 701497.078 3.061286661553279 3.061286661553279 3.061286661553279 0.7653216653883198 0.7653216653883198 0.7653216653883198
 16 67108864 369374.037 369374.037 369374.037 5.813845676435564 5.813845676435564 5.813845676435564 1.453461419108891 1.453461419108891 1.453461419108891
 24 33554432 183872.223 183872.223 183872.223 8.759412975607523 8.759412975607523 8.759412975607523 2.1898532439018807 2.1898532439018807 2.1898532439018807
 32 33554432 184044.123 184044.123 184044.123 11.668308734857021 11.668308734857021 11.668308734857021 2.9170771837142553 2.9170771837142553 2.9170771837142553
 40 16777216 92028.141 92028.141 92028.141 14.58442238879953 14.58442238879953 14.58442238879953 3.6461055971998824 3.6461055971998824 3.6461055971998824
 48 16777216 92191.935 92191.935 92191.935 17.470212942162455 17.470212942162455 17.470212942162455 4.367553235540614 4.367553235540614 4.367553235540614
 56 16777216 91912.031 91912.031 91912.031 20.443985097010856 20.443985097010856 20.443985097010856 5.110996274252714 5.110996274252714 5.110996274252714
 64 16777216 93106.985 93106.985 93106.985 23.064688948954796 23.064688948954796 23.064688948954796 5.766172237238699 5.766172237238699 5.766172237238699
 72 8388608 53615.808 53615.808 53615.808 22.52991416262905 22.52991416262905 22.52991416262905 5.632478540657263 5.632478540657263 5.632478540657263
 80 8388608 51826.954 51826.954 51826.954 25.897282715090686 25.897282715090686 25.897282715090686 6.4743206787726715 6.4743206787726715 6.4743206787726715
 88 8388608 61285.019 61285.019 61285.019 24.090634743867824 24.090634743867824 24.090634743867824 6.022658685966956 6.022658685966956 6.022658685966956
 96 8388608 59379.816 59379.816 59379.816 27.123909174794342 27.123909174794342 27.123909174794342 6.7809772936985855 6.7809772936985855 6.7809772936985855
 104 8388608 68938.971 68938.971 68938.971 25.309783982705515 25.309783982705515 25.309783982705515 6.327445995676379 6.327445995676379 6.327445995676379
 112 8388608 67569.017 67569.017 67569.017 27.809316687262147 27.809316687262147 27.809316687262147 6.952329171815537 6.952329171815537 6.952329171815537
 120 8388608 76607.943 76607.943 76607.943 26.280119804287132 26.280119804287132 26.280119804287132 6.570029951071783 6.570029951071783 6.570029951071783
 128 8388608 51387.072 51387.072 51387.072 41.79034851411655 41.79034851411655 41.79034851411655 10.447587128529138 10.447587128529138 10.447587128529138
 136 4194304 30638.933 30638.933 30638.933 37.23532696128811 37.23532696128811 37.23532696128811 9.308831740322027 9.308831740322027 9.308831740322027
 144 4194304 30214.071 30214.071 30214.071 39.98003287938259 39.98003287938259 39.98003287938259 9.995008219845648 9.995008219845648 9.995008219845648
 152 4194304 35211.086 35211.086 35211.086 36.21212978208057 36.21212978208057 36.21212978208057 9.053032445520142 9.053032445520142 9.053032445520142
 160 4194304 33820.868 33820.868 33820.868 39.684885674726026 39.684885674726026 39.684885674726026 9.921221418681506 9.921221418681506 9.921221418681506
 176 4194304 37811.995 37811.995 37811.995 39.04567870592387 39.04567870592387 39.04567870592387 9.761419676480967 9.761419676480967 9.761419676480967
 192 4194304 41819.096 41819.096 41819.096 38.51381043722227 38.51381043722227 38.51381043722227 9.628452609305567 9.628452609305567 9.628452609305567
 208 4194304 45336.008 45336.008 45336.008 38.48663658255927 38.48663658255927 38.48663658255927 9.621659145639818 9.621659145639818 9.621659145639818
 224 4194304 48814.058 48814.058 48814.058 38.49399679084251 38.49399679084251 38.49399679084251 9.623499197710627 9.623499197710627 9.623499197710627
 240 4194304 52537.918 52537.918 52537.918 38.32024557958311 38.32024557958311 38.32024557958311 9.580061394895777 9.580061394895777 9.580061394895777
 264 2097152 25533.915 25533.915 25533.915 43.36570619899063 43.36570619899063 43.36570619899063 10.841426549747657 10.841426549747657 10.841426549747657
 288 2097152 28038.025 28038.025 28038.025 43.08290444851233 43.08290444851233 43.08290444851233 10.770726112128083 10.770726112128083 10.770726112128083
 312 2097152 33079.147 33079.147 33079.147 39.56035649891456 39.56035649891456 39.56035649891456 9.89008912472864 9.89008912472864 9.89008912472864
 336 2097152 34166.098 34166.098 34166.098 41.248085865702315 41.248085865702315 41.248085865702315 10.312021466425579 10.312021466425579 10.312021466425579
 368 2097152 37077.904 37077.904 37077.904 41.628671135240005 41.628671135240005 41.628671135240005 10.407167783810001 10.407167783810001 10.407167783810001
 400 2097152 35774.946 35774.946 35774.946 46.89655156991711 46.89655156991711 46.89655156991711 11.724137892479277 11.724137892479277 11.724137892479277
 440 2097152 43133.02 43133.02 43133.02 42.78610122824695 42.78610122824695 42.78610122824695 10.696525307061737 10.696525307061737 10.696525307061737
 480 2097152 46200.991 46200.991 46200.991 43.576249695596346 43.576249695596346 43.576249695596346 10.894062423899086 10.894062423899086 10.894062423899086
 528 1048576 23105.86 23105.86 23105.86 47.922745831576925 47.922745831576925 47.922745831576925 11.980686457894231 11.980686457894231 11.980686457894231
 576 1048576 26835.918 26835.918 26835.918 45.01279039532018 45.01279039532018 45.01279039532018 11.253197598830045 11.253197598830045 11.253197598830045
 632 1048576 30015.945 30015.945 30015.945 44.15653293607782 44.15653293607782 44.15653293607782 11.039133234019454 11.039133234019454 11.039133234019454
 688 1048576 31596.899 31596.899 31596.899 45.66399303931692 45.66399303931692 45.66399303931692 11.41599825982923 11.41599825982923 11.41599825982923
 752 1048576 34446.001 34446.001 34446.001 45.78349469362205 45.78349469362205 45.78349469362205 11.445873673405513 11.445873673405513 11.445873673405513
 824 1048576 37367.821 37367.821 37367.821 46.24442104879489 46.24442104879489 46.24442104879489 11.561105262198723 11.561105262198723 11.561105262198723
 904 1048576 38723.946 38723.946 38723.946 48.957443748113896 48.957443748113896 48.957443748113896 12.239360937028474 12.239360937028474 12.239360937028474
 992 1048576 43931.007 43931.007 43931.007 47.35549959052839 47.35549959052839 47.35549959052839 11.838874897632097 11.838874897632097 11.838874897632097
 1088 524288 23827.076 23827.076 23827.076 47.88043182470228 47.88043182470228 47.88043182470228 11.97010795617557 11.97010795617557 11.97010795617557
 1192 524288 26214.123 26214.123 26214.123 47.680503826124564 47.680503826124564 47.680503826124564 11.920125956531141 11.920125956531141 11.920125956531141
 1304 524288 28030.157 28030.157 28030.157 48.78114325224792 48.78114325224792 48.78114325224792 12.19528581306198 12.19528581306198 12.19528581306198
 1432 524288 32584.906 32584.906 32584.906 46.081484230766236 46.081484230766236 46.081484230766236 11.520371057691559 11.520371057691559 11.520371057691559
 1568 524288 33692.122 33692.122 33692.122 48.79975111095703 48.79975111095703 48.79975111095703 12.199937777739258 12.199937777739258 12.199937777739258
 1720 524288 36833.048 36833.048 36833.048 48.9655572354479 48.9655572354479 48.9655572354479 12.241389308861976 12.241389308861976 12.241389308861976
 1888 524288 40351.868 40351.868 40351.868 49.06121045003418 49.06121045003418 49.06121045003418 12.265302612508545 12.265302612508545 12.265302612508545
 2072 262144 21732.092 21732.092 21732.092 49.98712208654371 49.98712208654371 49.98712208654371 12.496780521635927 12.496780521635927 12.496780521635927
 2272 262144 24022.102 24022.102 24022.102 49.586931901296566 49.586931901296566 49.586931901296566 12.396732975324142 12.396732975324142 12.396732975324142
 2496 262144 28317.928 28317.928 28317.928 46.211814932222445 46.211814932222445 46.211814932222445 11.552953733055611 11.552953733055611 11.552953733055611
 2744 262144 29170.036 29170.036 29170.036 49.31931767242248 49.31931767242248 49.31931767242248 12.32982941810562 12.32982941810562 12.32982941810562
 3016 262144 31609.058 31609.058 31609.058 50.025299963067546 50.025299963067546 50.025299963067546 12.506324990766887 12.506324990766887 12.506324990766887
 3312 262144 34602.88 34602.88 34602.88 50.18200381008749 50.18200381008749 50.18200381008749 12.545500952521872 12.545500952521872 12.545500952521872
 3640 262144 37841.082 37841.082 37841.082 50.43218161679414 50.43218161679414 50.43218161679414 12.608045404198535 12.608045404198535 12.608045404198535
 4000 262144 41548.967 41548.967 41548.967 50.47422719318148 50.47422719318148 50.47422719318148 12.61855679829537 12.61855679829537 12.61855679829537
 4400 131072 22881.985 22881.985 22881.985 50.40793445149099 50.40793445149099 50.40793445149099 12.601983612872747 12.601983612872747 12.601983612872747
 4840 131072 26099.92 26099.92 26099.92 48.612293064499816 48.612293064499816 48.612293064499816 12.153073266124954 12.153073266124954 12.153073266124954
 5320 131072 28218.031 28218.031 28218.031 49.42251569572661 49.42251569572661 49.42251569572661 12.355628923931652 12.355628923931652 12.355628923931652
 5848 131072 30267.0 30267.0 30267.0 50.64982033237519 50.64982033237519 50.64982033237519 12.662455083093798 12.662455083093798 12.662455083093798
 6432 131072 32979.012 32979.012 32979.012 51.12676535003535 51.12676535003535 51.12676535003535 12.781691337508837 12.781691337508837 12.781691337508837
 7072 131072 36288.977 36288.977 36288.977 51.086652787153525 51.086652787153525 51.086652787153525 12.771663196788381 12.771663196788381 12.771663196788381
 7776 131072 40066.004 40066.004 40066.004 50.8768417234721 50.8768417234721 50.8768417234721 12.719210430868024 12.719210430868024 12.719210430868024
 8552 65536 22037.029 22037.029 22037.029 50.8656472703285 50.8656472703285 50.8656472703285 12.716411817582125 12.716411817582125 12.716411817582125
 9400 65536 24163.008 24163.008 24163.008 50.990207841672685 50.990207841672685 50.990207841672685 12.747551960418171 12.747551960418171 12.747551960418171
 10336 65536 26827.812 26827.812 26827.812 50.49834820670429 50.49834820670429 50.49834820670429 12.624587051676073 12.624587051676073 12.624587051676073
 11368 65536 29194.117 29194.117 29194.117 51.03858753460501 51.03858753460501 51.03858753460501 12.759646883651252 12.759646883651252 12.759646883651252
 12504 65536 32387.018 32387.018 32387.018 50.60435906757455 50.60435906757455 50.60435906757455 12.651089766893637 12.651089766893637 12.651089766893637
 13752 65536 35517.931 35517.931 35517.931 50.749074995387545 50.749074995387545 50.749074995387545 12.687268748846886 12.687268748846886 12.687268748846886
 15120 65536 39026.976 39026.976 39026.976 50.780481685283526 50.780481685283526 50.780481685283526 12.695120421320881 12.695120421320881 12.695120421320881
 16632 32768 21528.006 21528.006 21528.006 50.63147752745888 50.63147752745888 50.63147752745888 12.65786938186472 12.65786938186472 12.65786938186472
 18288 32768 23715.019 23715.019 23715.019 50.53853711860825 50.53853711860825 50.53853711860825 12.634634279652062 12.634634279652062 12.634634279652062
 20112 32768 25941.133 25941.133 25941.133 50.809655538175605 50.809655538175605 50.809655538175605 12.702413884543901 12.702413884543901 12.702413884543901
 22120 32768 28652.906 28652.906 28652.906 50.59369266070255 50.59369266070255 50.59369266070255 12.648423165175638 12.648423165175638 12.648423165175638
 24328 32768 31289.101 31289.101 31289.101 50.95575638302935 50.95575638302935 50.95575638302935 12.738939095757338 12.738939095757338 12.738939095757338
 26760 32768 34428.12 34428.12 34428.12 50.93927173484931 50.93927173484931 50.93927173484931 12.734817933712327 12.734817933712327 12.734817933712327
 29432 32768 38160.086 38160.086 38160.086 50.54641522558413 50.54641522558413 50.54641522558413 12.636603806396032 12.636603806396032 12.636603806396032
 32368 32768 41736.126 41736.126 41736.126 50.825734233215606 50.825734233215606 50.825734233215606 12.706433558303901 12.706433558303901 12.706433558303901
 35600 16384 25067.806 25067.806 25067.806 46.53541678118938 46.53541678118938 46.53541678118938 11.633854195297346 11.633854195297346 11.633854195297346
 39160 16384 28165.102 28165.102 28165.102 45.55974553189973 45.55974553189973 45.55974553189973 11.389936382974932 11.389936382974932 11.389936382974932
 43072 16384 30998.945 30998.945 30998.945 45.53004290952482 45.53004290952482 45.53004290952482 11.382510727381206 11.382510727381206 11.382510727381206
 47376 16384 34089.088 34089.088 34089.088 45.53999121361064 45.53999121361064 45.53999121361064 11.38499780340266 11.38499780340266 11.38499780340266
 52112 16384 37474.155 37474.155 37474.155 45.56756559287327 45.56756559287327 45.56756559287327 11.391891398218318 11.391891398218318 11.391891398218318
 57320 16384 41254.044 41254.044 41254.044 45.529154911455464 45.529154911455464 45.529154911455464 11.382288727863866 11.382288727863866 11.382288727863866
 63048 16384 45233.011 45233.011 45233.011 45.67365334136169 45.67365334136169 45.67365334136169 11.418413335340423 11.418413335340423 11.418413335340423
 69352 8192 24982.929 24982.929 24982.929 45.481583364384534 45.481583364384534 45.481583364384534 11.370395841096133 11.370395841096133 11.370395841096133
 76280 8192 27405.024 27405.024 27405.024 45.6037374752892 45.6037374752892 45.6037374752892 11.4009343688223 11.4009343688223 11.4009343688223
 83904 8192 30151.844 30151.844 30151.844 45.59200876735765 45.59200876735765 45.59200876735765 11.398002191839412 11.398002191839412 11.398002191839412
 92288 8192 33408.165 33408.165 33408.165 45.25979179042009 45.25979179042009 45.25979179042009 11.314947947605022 11.314947947605022 11.314947947605022
 101512 8192 36494.017 36494.017 36494.017 45.57384318640505 45.57384318640505 45.57384318640505 11.393460796601262 11.393460796601262 11.393460796601262
 111656 8192 40339.947 40339.947 40339.947 45.348892104394686 45.348892104394686 45.348892104394686 11.337223026098671 11.337223026098671 11.337223026098671
 122816 8192 44313.908 44313.908 44313.908 45.40825747076967 45.40825747076967 45.40825747076967 11.352064367692417 11.352064367692417 11.352064367692417
 135096 4096 24405.003 24405.003 24405.003 45.34752288291052 45.34752288291052 45.34752288291052 11.33688072072763 11.33688072072763 11.33688072072763
 148600 4096 26894.808 26894.808 26894.808 45.26268415822118 45.26268415822118 45.26268415822118 11.315671039555294 11.315671039555294 11.315671039555294
 163456 4096 29439.926 29439.926 29439.926 45.483523022442384 45.483523022442384 45.483523022442384 11.370880755610596 11.370880755610596 11.370880755610596
 179800 4096 32484.055 32484.055 32484.055 45.34291054488118 45.34291054488118 45.34291054488118 11.335727636220295 11.335727636220295 11.335727636220295
 197776 4096 35822.153 35822.153 35822.153 45.22846496691587 45.22846496691587 45.22846496691587 11.307116241728968 11.307116241728968 11.307116241728968
 217552 4096 39347.172 39347.172 39347.172 45.29387738463136 45.29387738463136 45.29387738463136 11.32346934615784 11.32346934615784 11.32346934615784
 239304 4096 43409.824 43409.824 43409.824 45.159786135046296 45.159786135046296 45.159786135046296 11.289946533761574 11.289946533761574 11.289946533761574
 263232 2048 24234.056 24234.056 24234.056 44.49103658091737 44.49103658091737 44.49103658091737 11.122759145229342 11.122759145229342 11.122759145229342
 289552 2048 33778.906 33778.906 33778.906 35.110817147245676 35.110817147245676 35.110817147245676 8.777704286811419 8.777704286811419 8.777704286811419
 318504 2048 37442.207 37442.207 37442.207 34.84282814845823 34.84282814845823 34.84282814845823 8.710707037114558 8.710707037114558 8.710707037114558
 350352 2048 42358.16 42358.16 42358.16 33.87875658432755 33.87875658432755 33.87875658432755 8.469689146081887 8.469689146081887 8.469689146081887
 385384 2048 46561.003 46561.003 46561.003 33.90246692065461 33.90246692065461 33.90246692065461 8.475616730163653 8.475616730163653 8.475616730163653
 423920 2048 51222.086 51222.086 51222.086 33.89897709359201 33.89897709359201 33.89897709359201 8.474744273398002 8.474744273398002 8.474744273398002
 466312 2048 56342.125 56342.125 56342.125 33.90028246183473 33.90028246183473 33.90028246183473 8.475070615458682 8.475070615458682 8.475070615458682
 512936 2048 62032.938 62032.938 62032.938 33.86887553189887 33.86887553189887 33.86887553189887 8.467218882974718 8.467218882974718 8.467218882974718
 564224 1024 34470.081 34470.081 34470.081 33.52271646823226 33.52271646823226 33.52271646823226 8.380679117058065 8.380679117058065 8.380679117058065
 620640 1024 37472.963 37472.963 37472.963 33.91967483329247 33.91967483329247 33.91967483329247 8.479918708323117 8.479918708323117 8.479918708323117
 682704 1024 41254.997 41254.997 41254.997 33.891113651032384 33.891113651032384 33.891113651032384 8.472778412758096 8.472778412758096 8.472778412758096
 750968 1024 45396.09 45396.09 45396.09 33.879183515584714 33.879183515584714 33.879183515584714 8.469795878896178 8.469795878896178 8.469795878896178
 826064 1024 49922.943 49922.943 49922.943 33.887807295335136 33.887807295335136 33.887807295335136 8.471951823833784 8.471951823833784 8.471951823833784
 908664 1024 54889.202 54889.202 54889.202 33.903642322947235 33.903642322947235 33.903642322947235 8.475910580736809 8.475910580736809 8.475910580736809
 999528 1024 60292.006 60292.006 60292.006 33.9519860062377 33.9519860062377 33.9519860062377 8.487996501559426 8.487996501559426 8.487996501559426
 1099480 512 33205.986 33205.986 33205.986 33.90555907600515 33.90555907600515 33.90555907600515 8.476389769001287 8.476389769001287 8.476389769001287
 1209424 512 36561.966 36561.966 36561.966 33.87263628000748 33.87263628000748 33.87263628000748 8.46815907000187 8.46815907000187 8.46815907000187
 1330360 512 40189.028 40189.028 40189.028 33.8970288109481 33.8970288109481 33.8970288109481 8.474257202737025 8.474257202737025 8.474257202737025
 1463392 512 44237.852 44237.852 44237.852 33.87400925343301 33.87400925343301 33.87400925343301 8.468502313358252 8.468502313358252 8.468502313358252
 1609728 512 50283.909 50283.909 50283.909 32.781092496209865 32.781092496209865 32.781092496209865 8.195273124052466 8.195273124052466 8.195273124052466
 1770696 512 53577.9 53577.9 53577.9 33.84217567317868 33.84217567317868 33.84217567317868 8.46054391829467 8.46054391829467 8.46054391829467
 1947760 512 59015.989 59015.989 59015.989 33.796031783861146 33.796031783861146 33.796031783861146 8.449007945965286 8.449007945965286 8.449007945965286
 2142536 256 32397.985 32397.985 32397.985 33.859464778442245 33.859464778442245 33.859464778442245 8.464866194610561 8.464866194610561 8.464866194610561
 2356784 256 35716.057 35716.057 35716.057 33.78517981422193 33.78517981422193 33.78517981422193 8.446294953555482 8.446294953555482 8.446294953555482
 2592456 256 39320.946 39320.946 39320.946 33.756498940793534 33.756498940793534 33.756498940793534 8.439124735198384 8.439124735198384 8.439124735198384
 2851696 256 43211.937 43211.937 43211.937 33.78854208734036 33.78854208734036 33.78854208734036 8.44713552183509 8.44713552183509 8.44713552183509
 3136864 256 47593.117 47593.117 47593.117 33.745937842230425 33.745937842230425 33.745937842230425 8.436484460557606 8.436484460557606 8.436484460557606
 3450544 256 52307.129 52307.129 52307.129 33.77510029273447 33.77510029273447 33.77510029273447 8.443775073183618 8.443775073183618 8.443775073183618
 3795592 256 57591.915 57591.915 57591.915 33.743331924281385 33.743331924281385 33.743331924281385 8.435832981070346 8.435832981070346 8.435832981070346
 4175144 256 63723.087 63723.087 63723.087 33.54629897324341 33.54629897324341 33.54629897324341 8.386574743310852 8.386574743310852 8.386574743310852
 4592656 128 34910.917 34910.917 34910.917 33.677715655535486 33.677715655535486 33.677715655535486 8.419428913883872 8.419428913883872 8.419428913883872
 5051920 128 38419.008 38419.008 38419.008 33.66280357889511 33.66280357889511 33.66280357889511 8.415700894723777 8.415700894723777 8.415700894723777
 5557112 128 42654.991 42654.991 42654.991 33.3517986675932 33.3517986675932 33.3517986675932 8.3379496668983 8.3379496668983 8.3379496668983
 6112816 128 46531.916 46531.916 46531.916 33.6302699420329 33.6302699420329 33.6302699420329 8.407567485508226 8.407567485508226 8.407567485508226
 6724096 128 54039.955 54039.955 54039.955 31.853627117195042 31.853627117195042 31.853627117195042 7.963406779298761 7.963406779298761 7.963406779298761
 7396504 128 56543.112 56543.112 56543.112 33.487810575406606 33.487810575406606 33.487810575406606 8.371952643851651 8.371952643851651 8.371952643851651
 8136152 128 62501.907 62501.907 62501.907 33.324661789919475 33.324661789919475 33.324661789919475 8.331165447479869 8.331165447479869 8.331165447479869
 8949760 64 36067.963 36067.963 36067.963 31.76140776234022 31.76140776234022 31.76140776234022 7.940351940585055 7.940351940585055 7.940351940585055
 9844736 64 39602.995 39602.995 39602.995 31.818962378981688 31.818962378981688 31.818962378981688 7.954740594745422 7.954740594745422 7.954740594745422
 10829208 64 41800.022 41800.022 41800.022 33.16119364721865 33.16119364721865 33.16119364721865 8.290298411804663 8.290298411804663 8.290298411804663
 11912128 64 45897.007 45897.007 45897.007 33.22117243941419 33.22117243941419 33.22117243941419 8.305293109853547 8.305293109853547 8.305293109853547
 13103336 64 50729.036 50729.036 50729.036 33.062465606482256 33.062465606482256 33.062465606482256 8.265616401620564 8.265616401620564 8.265616401620564
 14413664 64 55972.099 55972.099 55972.099 32.96194041249016 32.96194041249016 32.96194041249016 8.24048510312254 8.24048510312254 8.24048510312254
 15855024 64 62804.937 62804.937 62804.937 32.31343217492599 32.31343217492599 32.31343217492599 8.078358043731498 8.078358043731498 8.078358043731498
 17440520 32 33858.061 33858.061 33858.061 32.966840008942036 32.966840008942036 32.966840008942036 8.241710002235509 8.241710002235509 8.241710002235509
 19184568 32 37399.054 37399.054 37399.054 32.8300376795627 32.8300376795627 32.8300376795627 8.207509419890675 8.207509419890675 8.207509419890675
 21103024 32 41359.901 41359.901 41359.901 32.65466075462802 32.65466075462802 32.65466075462802 8.163665188657005 8.163665188657005 8.163665188657005
 23213320 32 45694.113 45694.113 45694.113 32.512995273592466 32.512995273592466 32.512995273592466 8.128248818398117 8.128248818398117 8.128248818398117
 25534648 32 50298.929 50298.929 50298.929 32.490104749546454 32.490104749546454 32.490104749546454 8.122526187386613 8.122526187386613 8.122526187386613
 28088112 32 60676.813 60676.813 60676.813 29.62645991311376 29.62645991311376 29.62645991311376 7.40661497827844 7.40661497827844 7.40661497827844
 30896920 32 80561.876 80561.876 80561.876 24.545144405525015 24.545144405525015 24.545144405525015 6.136286101381254 6.136286101381254 6.136286101381254
 33986608 16 50996.065 50996.065 50996.065 21.326576001501294 21.326576001501294 21.326576001501294 5.331644000375324 5.331644000375324 5.331644000375324
 37385264 16 62642.097 62642.097 62642.097 19.097835246479693 19.097835246479693 19.097835246479693 4.774458811619923 4.774458811619923 4.774458811619923
 41123784 16 71450.949 71450.949 71450.949 18.417685229065327 18.417685229065327 18.417685229065327 4.604421307266332 4.604421307266332 4.604421307266332
 45236160 16 79230.07 79230.07 79230.07 18.270299647595916 18.270299647595916 18.270299647595916 4.567574911898979 4.567574911898979 4.567574911898979
 49759776 16 89653.015 89653.015 89653.015 17.76083974420715 17.76083974420715 17.76083974420715 4.4402099360517875 4.4402099360517875 4.4402099360517875
 54735752 16 99751.949 99751.949 99751.949 17.558995904932143 17.558995904932143 17.558995904932143 4.389748976233036 4.389748976233036 4.389748976233036
 60209320 16 109406.948 109406.948 109406.948 17.61038284332728 17.61038284332728 17.61038284332728 4.40259571083182 4.40259571083182 4.40259571083182
 66230248 16 119142.056 119142.056 119142.056 17.78857950881761 17.78857950881761 17.78857950881761 4.447144877204402 4.447144877204402 4.447144877204402
 72853272 8 65945.864 65945.864 65945.864 17.67589779398447 17.67589779398447 17.67589779398447 4.418974448496117 4.418974448496117 4.418974448496117
 80138592 8 72271.109 72271.109 72271.109 17.741771085870564 17.741771085870564 17.741771085870564 4.435442771467641 4.435442771467641 4.435442771467641
 88152448 8 79627.991 79627.991 79627.991 17.712856374839344 17.712856374839344 17.712856374839344 4.428214093709836 4.428214093709836 4.428214093709836
 96967688 8 86987.019 86987.019 86987.019 17.835799247241706 17.835799247241706 17.835799247241706 4.4589498118104265 4.4589498118104265 4.4589498118104265
 106664456 8 95367.908 95367.908 95367.908 17.895236791814707 17.895236791814707 17.895236791814707 4.473809197953677 4.473809197953677 4.473809197953677
 117330896 8 103626.966 103626.966 103626.966 18.115886322484826 18.115886322484826 18.115886322484826 4.5289715806212065 4.5289715806212065 4.5289715806212065
 129063984 8 117388.01 117388.01 117388.01 17.591436672280242 17.591436672280242 17.591436672280242 4.3978591680700605 4.3978591680700605 4.3978591680700605
 141970376 4 63333.035 63333.035 63333.035 17.933184601053778 17.933184601053778 17.933184601053778 4.4832961502634445 4.4832961502634445 4.4832961502634445
 156167408 4 71198.94 71198.94 71198.94 17.54716101110494 17.54716101110494 17.54716101110494 4.386790252776235 4.386790252776235 4.386790252776235
 171784144 4 79081.059 79081.059 79081.059 17.37803172312096 17.37803172312096 17.37803172312096 4.34450793078024 4.34450793078024 4.34450793078024
 188962552 4 86210.012 86210.012 86210.012 17.535091121434945 17.535091121434945 17.535091121434945 4.383772780358736 4.383772780358736 4.383772780358736
 207858800 4 95338.106 95338.106 95338.106 17.44182331459364 17.44182331459364 17.44182331459364 4.36045582864841 4.36045582864841 4.36045582864841
 228644680 4 104857.206 104857.206 104857.206 17.444270258354965 17.444270258354965 17.444270258354965 4.361067564588741 4.361067564588741 4.361067564588741
 251509144 4 114887.953 114887.953 114887.953 17.513351917759387 17.513351917759387 17.513351917759387 4.378337979439847 4.378337979439847 4.378337979439847
 276660056 2 62930.107 62930.107 62930.107 17.585227115536288 17.585227115536288 17.585227115536288 4.396306778884072 4.396306778884072 4.396306778884072
 304326056 2 67729.95 67729.95 67729.95 17.972908942055916 17.972908942055916 17.972908942055916 4.493227235513979 4.493227235513979 4.493227235513979
 334758656 2 76827.049 76827.049 76827.049 17.42920809049948 17.42920809049948 17.42920809049948 4.35730202262487 4.35730202262487 4.35730202262487
 368234520 2 83115.816 83115.816 83115.816 17.72151379708526 17.72151379708526 17.72151379708526 4.430378449271315 4.430378449271315 4.430378449271315
 405057968 2 90697.05 90697.05 90697.05 17.86421798724435 17.86421798724435 17.86421798724435 4.466054496811087 4.466054496811087 4.466054496811087
 445563760 2 99049.091 99049.091 99049.091 17.993653672197755 17.993653672197755 17.993653672197755 4.498413418049439 4.498413418049439 4.498413418049439
 490120136 2 108715.057 108715.057 108715.057 18.03320163829744 18.03320163829744 18.03320163829744 4.50830040957436 4.50830040957436 4.50830040957436
 539132144 1 62083.006 62083.006 62083.006 17.368106950233692 17.368106950233692 17.368106950233692 4.342026737558423 4.342026737558423 4.342026737558423
 593045352 1 65655.947 65655.947 65655.947 18.065244021230853 18.065244021230853 18.065244021230853 4.516311005307713 4.516311005307713 4.516311005307713
 652349880 1 73504.925 73504.925 73504.925 17.749827783648513 17.749827783648513 17.749827783648513 4.437456945912128 4.437456945912128 4.437456945912128
 717584864 1 82428.932 82428.932 82428.932 17.410995061782433 17.410995061782433 17.410995061782433 4.352748765445608 4.352748765445608 4.352748765445608
 789343344 1 91919.899 91919.899 91919.899 17.17459119488371 17.17459119488371 17.17459119488371 4.293647798720928 4.293647798720928 4.293647798720928
 868277672 1 95802.069 95802.069 95802.069 18.126491025992348 18.126491025992348 18.126491025992348 4.531622756498087 4.531622756498087 4.531622756498087
 955105432 1 109214.067 109214.067 109214.067 17.490520374083314 17.490520374083314 17.490520374083314 4.372630093520828 4.372630093520828 4.372630093520828
 1050615968 1 120488.882 120488.882 120488.882 17.439218466646576 17.439218466646576 17.439218466646576 4.359804616661644 4.359804616661644 4.359804616661644
 
META_DATA
 MPI startup(): shm:tmi fabric is unknown or has been removed from the product, please use ofi or shm:ofi instead
 FLOPS          4
 MPI_PROCS      1
 OPENMP_THREADS 1
 ERT_VERSION  1.1.0
 HOSTNAME  ('shas0420.rc.int.colorado.edu', [], ['10.225.6.135'])
 UNAME  uname_result(system='Linux', node='shas0420.rc.int.colorado.edu', release='3.10.0-957.27.2.el7.x86_64', version='#1 SMP Mon Jul 29 17:46:05 UTC 2019', machine='x86_64', processor='x86_64')
 TIMESTAMP_DATA  1664552775.7962017
 CONFIG  {'ERT_RESULTS': ['lab5_results'], 'ERT_DRIVER': ['driver1'], 'ERT_KERNEL': ['kernel1'], 'ERT_MPI': ['True'], 'ERT_MPI_CFLAGS': ['-I/usr/include/mpi'], 'ERT_MPI_LDFLAGS': ['-lmpi'], 'ERT_OPENMP': ['True'], 'ERT_OPENMP_CFLAGS': ['-qopenmp'], 'ERT_OPENMP_LDFLAGS': ['-qopenmp'], 'ERT_FLOPS': ['1,2,4,8,16'], 'ERT_ALIGN': ['32'], 'ERT_CC': ['mpicc'], 'ERT_CFLAGS': ['-O3', '-msse3', '-axSSE3', '-xSSE3', '-fno-alias', '-fno-fnalias', '-DERT_INTEL', '-std=c++11'], 'ERT_LD': ['mpicc'], 'ERT_LDFLAGS': [], 'ERT_LDLIBS': [], 'ERT_PRECISION': ['FP64'], 'ERT_RUN': ['export', 'OMP_NUM_THREADS=ERT_OPENMP_THREADS;', 'mpirun', '-np', 'ERT_MPI_PROCS', 'ERT_CODE'], 'ERT_PROCS_THREADS': ['1-24'], 'ERT_MPI_PROCS': ['1,2,4'], 'ERT_OPENMP_THREADS': ['1,2,4'], 'ERT_NUM_EXPERIMENTS': ['1'], 'ERT_MEMORY_MAX': ['1073741824'], 'ERT_WORKING_SET_MIN': ['1'], 'ERT_TRIALS_MIN': ['1'], 'ERT_GNUPLOT': ['gnuplot'], 'ERT_GPU': [False], 'ERT_HIP': [False], 'ERT_OCL': [False], 'ERT_SYCL': [False], 'ERT_WSS_MULT': [1.1]}
 