fp64
 128 8388608 112234.831 112234.831 112234.831 19.133843111502525 19.133843111502525 19.133843111502525 2.3917303889378156 2.3917303889378156 2.3917303889378156
 256 4194304 78509.092 78509.092 78509.092 27.353311486521843 27.353311486521843 27.353311486521843 3.4191639358152304 3.4191639358152304 3.4191639358152304
 384 2097152 52670.956 52670.956 52670.956 30.578764053570627 30.578764053570627 30.578764053570627 3.8223455066963283 3.8223455066963283 3.8223455066963283
 512 2097152 65476.179 65476.179 65476.179 32.79793782712947 32.79793782712947 32.79793782712947 4.099742228391184 4.099742228391184 4.099742228391184
 640 1048576 41218.996 41218.996 41218.996 32.562105103190774 32.562105103190774 32.562105103190774 4.070263137898847 4.070263137898847 4.070263137898847
 768 1048576 47862.053 47862.053 47862.053 33.65114187642557 33.65114187642557 33.65114187642557 4.206392734553196 4.206392734553196 4.206392734553196
 896 1048576 55613.995 55613.995 55613.995 33.78732622966575 33.78732622966575 33.78732622966575 4.223415778708219 4.223415778708219 4.223415778708219
 1024 1048576 50842.047 50842.047 50842.047 42.23833961681362 42.23833961681362 42.23833961681362 5.279792452101702 5.279792452101702 5.279792452101702
 1152 524288 61691.046 61691.046 61691.046 19.580792194705207 19.580792194705207 19.580792194705207 2.447599024338151 2.447599024338151 2.447599024338151
 1280 524288 42911.053 42911.053 42911.053 31.278125008957485 31.278125008957485 31.278125008957485 3.9097656261196856 3.9097656261196856 3.9097656261196856
 1408 524288 43258.905 43258.905 43258.905 34.12927368364964 34.12927368364964 34.12927368364964 4.266159210456205 4.266159210456205 4.266159210456205
 1536 524288 30807.018 30807.018 30807.018 52.28070876577539 52.28070876577539 52.28070876577539 6.535088595721923 6.535088595721923 6.535088595721923
 1664 524288 44289.827 44289.827 44289.827 39.39573898087252 39.39573898087252 39.39573898087252 4.924467372609065 4.924467372609065 4.924467372609065
 1792 524288 48434.019 48434.019 48434.019 38.79604110491017 38.79604110491017 38.79604110491017 4.849505138113771 4.849505138113771 4.849505138113771
 1920 524288 45922.995 45922.995 45922.995 43.84003961414101 43.84003961414101 43.84003961414101 5.480004951767627 5.480004951767627 5.480004951767627
 2048 524288 61264.992 61264.992 61264.992 35.052377840839355 35.052377840839355 35.052377840839355 4.381547230104919 4.381547230104919 4.381547230104919
 2176 262144 32736.063 32736.063 32736.063 34.849966167281636 34.849966167281636 34.849966167281636 4.3562457709102045 4.3562457709102045 4.3562457709102045
 2304 262144 48150.063 48150.063 48150.063 25.087392969766206 25.087392969766206 25.087392969766206 3.135924121220776 3.135924121220776 3.135924121220776
 2432 262144 46999.931 46999.931 46999.931 27.129155061951053 27.129155061951053 27.129155061951053 3.3911443827438816 3.3911443827438816 3.3911443827438816
 2560 262144 34337.997 34337.997 34337.997 39.087232723562764 39.087232723562764 39.087232723562764 4.8859040904453455 4.8859040904453455 4.8859040904453455
 2816 262144 48018.932 48018.932 48018.932 30.746102558049394 30.746102558049394 30.746102558049394 3.8432628197561742 3.8432628197561742 3.8432628197561742
 3072 262144 36557.198 36557.198 36557.198 44.05733546646545 44.05733546646545 44.05733546646545 5.507166933308182 5.507166933308182 5.507166933308182
 3328 262144 34772.158 34772.158 34772.158 50.17895248261554 50.17895248261554 50.17895248261554 6.272369060326943 6.272369060326943 6.272369060326943
 3584 262144 37070.99 37070.99 37070.99 50.68783412582184 50.68783412582184 50.68783412582184 6.33597926572773 6.33597926572773 6.33597926572773
 3840 262144 39898.157 39898.157 39898.157 50.46012325832494 50.46012325832494 50.46012325832494 6.307515407290618 6.307515407290618 6.307515407290618
 4224 131072 37078.857 37078.857 37078.857 29.86327911887898 29.86327911887898 29.86327911887898 3.7329098898598727 3.7329098898598727 3.7329098898598727
 4608 131072 32851.934 32851.934 32851.934 36.76981550005549 36.76981550005549 36.76981550005549 4.596226937506937 4.596226937506937 4.596226937506937
 4992 131072 33159.018 33159.018 33159.018 39.46506642627354 39.46506642627354 39.46506642627354 4.933133303284192 4.933133303284192 4.933133303284192
 5376 131072 33923.149 33923.149 33923.149 41.54349420804065 41.54349420804065 41.54349420804065 5.192936776005081 5.192936776005081 5.192936776005081
 5888 131072 59747.934 59747.934 59747.934 25.833594045276946 25.833594045276946 25.833594045276946 3.2291992556596183 3.2291992556596183 3.2291992556596183
 6400 131072 36051.989 36051.989 36051.989 46.536173080492176 46.536173080492176 46.536173080492176 5.817021635061522 5.817021635061522 5.817021635061522
 7040 131072 34967.899 34967.899 34967.899 52.776798514546165 52.776798514546165 52.776798514546165 6.597099814318271 6.597099814318271 6.597099814318271
 7680 131072 35349.131 35349.131 35349.131 56.9537599099678 56.9537599099678 56.9537599099678 7.119219988745975 7.119219988745975 7.119219988745975
 8448 65536 28213.024 28213.024 28213.024 39.24769836795942 39.24769836795942 39.24769836795942 4.905962295994928 4.905962295994928 4.905962295994928
 9216 65536 33195.972 33195.972 33195.972 36.38873873010857 36.38873873010857 36.38873873010857 4.548592341263571 4.548592341263571 4.548592341263571
 10112 65536 76879.025 76879.025 76879.025 17.240073791258414 17.240073791258414 17.240073791258414 2.1550092239073018 2.1550092239073018 2.1550092239073018
 11008 65536 60920.0 60920.0 60920.0 23.68418542350624 23.68418542350624 23.68418542350624 2.96052317793828 2.96052317793828 2.96052317793828
 12032 65536 34139.872 34139.872 34139.872 46.194030955944996 46.194030955944996 46.194030955944996 5.7742538694931245 5.7742538694931245 5.7742538694931245
 13184 65536 59268.951 59268.951 59268.951 29.156130129585048 29.156130129585048 29.156130129585048 3.644516266198131 3.644516266198131 3.644516266198131
 14464 65536 37065.029 37065.029 37065.029 51.14862875191599 51.14862875191599 51.14862875191599 6.393578593989499 6.393578593989499 6.393578593989499
 15872 65536 59971.809 59971.809 59971.809 34.68921179282753 34.68921179282753 34.68921179282753 4.336151474103441 4.336151474103441 4.336151474103441
 17408 32768 45284.033 45284.033 45284.033 25.193221813966968 25.193221813966968 25.193221813966968 3.149152726745871 3.149152726745871 3.149152726745871
 19072 32768 32496.929 32496.929 32496.929 38.46217567204581 38.46217567204581 38.46217567204581 4.807771959005726 4.807771959005726 4.807771959005726
 20864 32768 60019.016 60019.016 60019.016 22.781831411564625 22.781831411564625 22.781831411564625 2.847728926445578 2.847728926445578 2.847728926445578
 22912 32768 42702.913 42702.913 42702.913 35.16296024114327 35.16296024114327 35.16296024114327 4.395370030142908 4.395370030142908 4.395370030142908
 25088 32768 62014.818 62014.818 62014.818 26.51248880549807 26.51248880549807 26.51248880549807 3.3140611006872587 3.3140611006872587 3.3140611006872587
 27520 32768 34795.046 34795.046 34795.046 51.83354894831867 51.83354894831867 51.83354894831867 6.479193618539834 6.479193618539834 6.479193618539834
 30208 32768 34573.078 34573.078 34573.078 57.26164988839003 57.26164988839003 57.26164988839003 7.157706236048754 7.157706236048754 7.157706236048754
 33152 16384 31641.96 31641.96 31641.96 34.33177767748901 34.33177767748901 34.33177767748901 4.291472209686126 4.291472209686126 4.291472209686126
 36352 16384 32261.133 32261.133 32261.133 36.92314017613702 36.92314017613702 36.92314017613702 4.615392522017127 4.615392522017127 4.615392522017127
 39936 16384 46350.956 46350.956 46350.956 28.232920330704722 28.232920330704722 28.232920330704722 3.5291150413380903 3.5291150413380903 3.5291150413380903
 43904 16384 33990.86 33990.86 33990.86 42.32450346946209 42.32450346946209 42.32450346946209 5.290562933682761 5.290562933682761 5.290562933682761
 48256 16384 52048.922 52048.922 52048.922 30.38012214739049 30.38012214739049 30.38012214739049 3.7975152684238114 3.7975152684238114 3.7975152684238114
 52992 16384 34805.059 34805.059 34805.059 49.890501722752425 49.890501722752425 49.890501722752425 6.236312715344053 6.236312715344053 6.236312715344053
 58240 16384 35413.027 35413.027 35413.027 53.890008329420695 53.890008329420695 53.890008329420695 6.736251041177587 6.736251041177587 6.736251041177587
 64000 16384 35905.123 35905.123 35905.123 58.408155293048296 58.408155293048296 58.408155293048296 7.301019411631037 7.301019411631037 7.301019411631037
 70400 8192 33212.9 33212.9 33212.9 34.728482005485816 34.728482005485816 34.728482005485816 4.341060250685727 4.341060250685727 4.341060250685727
 77440 8192 31798.124 31798.124 31798.124 39.90100044895731 39.90100044895731 39.90100044895731 4.987625056119664 4.987625056119664 4.987625056119664
 85120 8192 33871.889 33871.889 33871.889 41.1729644012473 41.1729644012473 41.1729644012473 5.146620550155912 5.146620550155912 5.146620550155912
 93568 8192 31882.048 31882.048 31882.048 48.08405382238933 48.08405382238933 48.08405382238933 6.010506727798666 6.010506727798666 6.010506727798666
 102912 8192 33514.977 33514.977 33514.977 50.309156052829756 50.309156052829756 50.309156052829756 6.2886445066037195 6.2886445066037195 6.2886445066037195
 113152 8192 35278.082 35278.082 35278.082 52.550543082245795 52.550543082245795 52.550543082245795 6.568817885280724 6.568817885280724 6.568817885280724
 124416 8192 36827.803 36827.803 36827.803 55.35034886550251 55.35034886550251 55.35034886550251 6.918793608187814 6.918793608187814 6.918793608187814
 136832 4096 31352.997 31352.997 31352.997 35.75185313225399 35.75185313225399 35.75185313225399 4.468981641531749 4.468981641531749 4.468981641531749
 150400 4096 31917.095 31917.095 31917.095 38.6024104010719 38.6024104010719 38.6024104010719 4.8253013001339875 4.8253013001339875 4.8253013001339875
 165376 4096 32969.952 32969.952 32969.952 41.09075415093113 41.09075415093113 41.09075415093113 5.136344268866392 5.136344268866392 5.136344268866392
 181888 4096 55006.981 55006.981 55006.981 27.087952636411732 27.087952636411732 27.087952636411732 3.3859940795514665 3.3859940795514665 3.3859940795514665
 200064 4096 34088.135 34088.135 34088.135 48.07902479851127 48.07902479851127 48.07902479851127 6.009878099813909 6.009878099813909 6.009878099813909
 220032 4096 38863.897 38863.897 38863.897 46.379861082896554 46.379861082896554 46.379861082896554 5.797482635362069 5.797482635362069 5.797482635362069
 241920 4096 35263.062 35263.062 35263.062 56.20069635472949 56.20069635472949 56.20069635472949 7.025087044341186 7.025087044341186 7.025087044341186
 266112 2048 32948.017 32948.017 32948.017 33.082256574045104 33.082256574045104 33.082256574045104 4.135282071755638 4.135282071755638 4.135282071755638
 292608 2048 51999.092 51999.092 51999.092 23.048909546343616 23.048909546343616 23.048909546343616 2.881113693292952 2.881113693292952 2.881113693292952
 321792 2048 32026.052 32026.052 32026.052 41.15586997735468 41.15586997735468 41.15586997735468 5.144483747169335 5.144483747169335 5.144483747169335
 353920 2048 35289.049 35289.049 35289.049 41.079495228108875 41.079495228108875 41.079495228108875 5.134936903513609 5.134936903513609 5.134936903513609
 389248 2048 60009.956 60009.956 60009.956 26.568254907569006 26.568254907569006 26.568254907569006 3.3210318634461258 3.3210318634461258 3.3210318634461258
 428160 2048 65900.087 65900.087 65900.087 26.612155458914646 26.612155458914646 26.612155458914646 3.326519432364331 3.326519432364331 3.326519432364331
 470912 2048 35280.228 35280.228 35280.228 54.6724230920503 54.6724230920503 54.6724230920503 6.834052886506288 6.834052886506288 6.834052886506288
 517888 2048 33054.829 33054.829 33054.829 64.17426173948743 64.17426173948743 64.17426173948743 8.02178271743593 8.02178271743593 8.02178271743593
 569600 1024 32736.778 32736.778 32736.778 35.633952736582685 35.633952736582685 35.633952736582685 4.454244092072836 4.454244092072836 4.454244092072836
 626560 1024 33024.073 33024.073 33024.073 38.856348216042285 38.856348216042285 38.856348216042285 4.857043527005286 4.857043527005286 4.857043527005286
 689152 1024 74004.889 74004.889 74004.889 19.071487236471636 19.071487236471636 19.071487236471636 2.3839359045589545 2.3839359045589545 2.3839359045589545
 758016 1024 33903.122 33903.122 33903.122 45.78978797291884 45.78978797291884 45.78978797291884 5.723723496614855 5.723723496614855 5.723723496614855
 833792 1024 34726.858 34726.858 34726.858 49.17248822222845 49.17248822222845 49.17248822222845 6.1465610277785565 6.1465610277785565 6.1465610277785565
 917120 1024 19507.885 19507.885 19507.885 96.28218333253452 96.28218333253452 96.28218333253452 12.035272916566814 12.035272916566814 12.035272916566814
 1008768 1024 40139.914 40139.914 40139.914 51.468891139129 51.468891139129 51.468891139129 6.433611392391125 6.433611392391125 6.433611392391125
 1109632 512 32757.044 32757.044 32757.044 34.68759781865543 34.68759781865543 34.68759781865543 4.335949727331929 4.335949727331929 4.335949727331929
 1220480 512 31296.015 31296.015 31296.015 39.93388679037891 39.93388679037891 39.93388679037891 4.991735848797363 4.991735848797363 4.991735848797363
 1342464 512 32964.945 32964.945 32964.945 41.7013629478223 41.7013629478223 41.7013629478223 5.212670368477787 5.212670368477787 5.212670368477787
 1476608 512 33828.974 33828.974 33828.974 44.696791336326065 44.696791336326065 44.696791336326065 5.587098917040758 5.587098917040758 5.587098917040758
 1624192 512 34706.831 34706.831 34706.831 47.920612746234305 47.920612746234305 47.920612746234305 5.990076593279288 5.990076593279288 5.990076593279288
 1786496 512 60410.023 60410.023 60410.023 30.282589099494302 30.282589099494302 30.282589099494302 3.785323637436788 3.785323637436788 3.785323637436788
 1965056 512 37283.182 37283.182 37283.182 53.971180464156745 53.971180464156745 53.971180464156745 6.746397558019593 6.746397558019593 6.746397558019593
 2161536 256 31737.089 31737.089 31737.089 34.8710756679669 34.8710756679669 34.8710756679669 4.358884458495862 4.358884458495862 4.358884458495862
 2377600 256 23476.124 23476.124 23476.124 51.854011335090924 51.854011335090924 51.854011335090924 6.4817514168863655 6.4817514168863655 6.4817514168863655
 2615296 256 34422.874 34422.874 34422.874 38.89946992804842 38.89946992804842 38.89946992804842 4.862433741006052 4.862433741006052 4.862433741006052
 2876800 256 33795.118 33795.118 33795.118 43.58385728968309 43.58385728968309 43.58385728968309 5.447982161210386 5.447982161210386 5.447982161210386
 3164416 256 33716.202 33716.202 33716.202 48.053484553212726 48.053484553212726 48.053484553212726 6.006685569151591 6.006685569151591 6.006685569151591
 3480832 256 42680.979 42680.979 42680.979 41.755977153195104 41.755977153195104 41.755977153195104 5.219497144149388 5.219497144149388 5.219497144149388
 3828864 256 38038.015 38038.015 38038.015 51.5373467306325 51.5373467306325 51.5373467306325 6.4421683413290625 6.4421683413290625 6.4421683413290625
 4211712 128 32148.123 32148.123 32148.123 33.53845174724509 33.53845174724509 33.53845174724509 4.192306468405636 4.192306468405636 4.192306468405636
 4632832 128 34476.042 34476.042 34476.042 34.400845433475226 34.400845433475226 34.400845433475226 4.300105679184403 4.300105679184403 4.300105679184403
 5096064 128 35706.997 35706.997 35706.997 36.53604317383508 36.53604317383508 36.53604317383508 4.567005396729385 4.567005396729385 4.567005396729385
 5605632 128 37324.19 37324.19 37324.19 38.44803576447339 38.44803576447339 38.44803576447339 4.806004470559174 4.806004470559174 4.806004470559174
 6166144 128 38024.187 38024.187 38024.187 41.51391491946955 41.51391491946955 41.51391491946955 5.189239364933694 5.189239364933694 5.189239364933694
 6782720 128 38778.067 38778.067 38778.067 44.77727886745876 44.77727886745876 44.77727886745876 5.597159858432345 5.597159858432345 5.597159858432345
 7460992 128 44688.94 44688.94 44688.94 42.74019370340849 42.74019370340849 42.74019370340849 5.342524212926061 5.342524212926061 5.342524212926061
 8206976 128 38282.156 38282.156 38282.156 54.88159695080913 54.88159695080913 54.88159695080913 6.860199618851142 6.860199618851142 6.860199618851142
 9027584 64 32214.165 32214.165 32214.165 35.870268622514345 35.870268622514345 35.870268622514345 4.483783577814293 4.483783577814293 4.483783577814293
 9930240 64 35359.144 35359.144 35359.144 35.94744035658781 35.94744035658781 35.94744035658781 4.4934300445734765 4.4934300445734765 4.4934300445734765
 10923264 64 36784.172 36784.172 36784.172 38.01031030411668 38.01031030411668 38.01031030411668 4.751288788014585 4.751288788014585 4.751288788014585
 12015488 64 38807.154 38807.154 38807.154 39.631416001286766 39.631416001286766 39.631416001286766 4.953927000160846 4.953927000160846 4.953927000160846
 13217024 64 27573.109 27573.109 27573.109 61.35612317058624 61.35612317058624 61.35612317058624 7.66951539632328 7.66951539632328 7.66951539632328
 14538624 64 45855.999 45855.999 45855.999 40.5823428249813 40.5823428249813 40.5823428249813 5.072792853122663 5.072792853122663 5.072792853122663
 15992448 64 41404.963 41404.963 41404.963 49.43932310723233 49.43932310723233 49.43932310723233 6.179915388404042 6.179915388404042 6.179915388404042
 17591680 32 35770.893 35770.893 35770.893 31.474403504547677 31.474403504547677 31.474403504547677 3.9343004380684596 3.9343004380684596 3.9343004380684596
 19350784 32 55478.096 55478.096 55478.096 22.32322781949835 22.32322781949835 22.32322781949835 2.7904034774372937 2.7904034774372937 2.7904034774372937
 21285760 32 37237.883 37237.883 37237.883 36.58340727908727 36.58340727908727 36.58340727908727 4.5729259098859085 4.5729259098859085 4.5729259098859085
 23414272 32 38079.023 38079.023 38079.023 39.352727300802854 39.352727300802854 39.352727300802854 4.919090912600357 4.919090912600357 4.919090912600357
 25755648 32 36375.999 36375.999 36375.999 45.31453478432303 45.31453478432303 45.31453478432303 5.664316848040379 5.664316848040379 5.664316848040379
 28331136 32 39846.182 39846.182 39846.182 45.504804048729184 45.504804048729184 45.504804048729184 5.688100506091148 5.688100506091148 5.688100506091148
 31164160 32 26679.039 26679.039 26679.039 74.7592984889748 74.7592984889748 74.7592984889748 9.34491231112185 9.34491231112185 9.34491231112185
 34280576 16 46018.839 46018.839 46018.839 23.837594685950247 23.837594685950247 23.837594685950247 2.979699335743781 2.979699335743781 2.979699335743781
 37708544 16 35589.218 35589.218 35589.218 33.90558927144732 33.90558927144732 33.90558927144732 4.238198658930915 4.238198658930915 4.238198658930915
 41479296 16 36070.108 36070.108 36070.108 36.798821672505106 36.798821672505106 36.798821672505106 4.599852709063138 4.599852709063138 4.599852709063138
 45627136 16 37423.134 37423.134 37423.134 39.01512770149074 39.01512770149074 39.01512770149074 4.876890962686343 4.876890962686343 4.876890962686343
 50189824 16 46456.099 46456.099 46456.099 34.57187328621803 34.57187328621803 34.57187328621803 4.321484160777254 4.321484160777254 4.321484160777254
 55208704 16 56004.047 56004.047 56004.047 31.54555112776046 31.54555112776046 31.54555112776046 3.9431938909700577 3.9431938909700577 3.9431938909700577
 60729472 16 41846.037 41846.037 41846.037 46.4403141449213 46.4403141449213 46.4403141449213 5.805039268115163 5.805039268115163 5.805039268115163
 66802304 16 43442.965 43442.965 43442.965 49.2064417794688 49.2064417794688 49.2064417794688 6.1508052224336 6.1508052224336 6.1508052224336
 73482496 8 36305.189 36305.189 36305.189 32.384349686211515 32.384349686211515 32.384349686211515 4.048043710776439 4.048043710776439 4.048043710776439
 80830720 8 37149.906 37149.906 37149.906 34.81278041457224 34.81278041457224 34.81278041457224 4.35159755182153 4.35159755182153 4.35159755182153
 88913792 8 39032.936 39032.936 39032.936 36.446673445215595 36.446673445215595 36.446673445215595 4.555834180651949 4.555834180651949 4.555834180651949
 97805056 8 63290.119 63290.119 63290.119 24.72551672718454 24.72551672718454 24.72551672718454 3.0906895908980676 3.0906895908980676 3.0906895908980676
 107585536 8 41370.153 41370.153 41370.153 41.60894875104764 41.60894875104764 41.60894875104764 5.201118593880955 5.201118593880955 5.201118593880955
 118344064 8 43313.98 43313.98 43313.98 43.71579393073552 43.71579393073552 43.71579393073552 5.46447424134194 5.46447424134194 5.46447424134194
 130178432 8 30206.919 30206.919 30206.919 68.95290817312417 68.95290817312417 68.95290817312417 8.619113521640521 8.619113521640521 8.619113521640521
 143196160 4 35150.051 35150.051 35150.051 32.59082838884074 32.59082838884074 32.59082838884074 4.073853548605093 4.073853548605093 4.073853548605093
 157515776 4 38544.893 38544.893 38544.893 32.69242978570469 32.69242978570469 32.69242978570469 4.086553723213086 4.086553723213086 4.086553723213086
 173267328 4 38927.078 38927.078 38927.078 35.60859677163541 35.60859677163541 35.60859677163541 4.4510745964544265 4.4510745964544265 4.4510745964544265
 190594048 4 41774.988 41774.988 41774.988 36.499169886057174 36.499169886057174 36.499169886057174 4.562396235757147 4.562396235757147 4.562396235757147
 209653376 4 41559.935 41559.935 41559.935 40.35682461967277 40.35682461967277 40.35682461967277 5.044603077459096 5.044603077459096 5.044603077459096
 230618624 4 52921.772 52921.772 52921.772 34.861814377644045 34.861814377644045 34.861814377644045 4.357726797205506 4.357726797205506 4.357726797205506
 253680384 4 50024.986 50024.986 50024.986 40.5685885049523 40.5685885049523 40.5685885049523 5.071073563119038 5.071073563119038 5.071073563119038
 279048320 2 40750.98 40750.98 40750.98 27.390587416548016 27.390587416548016 27.390587416548016 3.423823427068502 3.423823427068502 3.423823427068502
 306953088 2 45703.888 45703.888 45703.888 26.864505531783205 26.864505531783205 26.864505531783205 3.3580631914729007 3.3580631914729007 3.3580631914729007
 337648384 2 48708.916 48708.916 48708.916 27.727850400119767 27.727850400119767 27.727850400119767 3.465981300014971 3.465981300014971 3.465981300014971
 371413120 2 48078.06 48078.06 48078.06 30.900840840915794 30.900840840915794 30.900840840915794 3.8626051051144743 3.8626051051144743 3.8626051051144743
 408554368 2 74376.106 74376.106 74376.106 21.972345150739674 21.972345150739674 21.972345150739674 2.7465431438424592 2.7465431438424592 2.7465431438424592
 449409792 2 51171.064 51171.064 51171.064 35.129993935635184 35.129993935635184 35.129993935635184 4.391249241954398 4.391249241954398 4.391249241954398
 494350720 2 52790.88 52790.88 52790.88 37.45728201537842 37.45728201537842 37.45728201537842 4.682160251922302 4.682160251922302 4.682160251922302
 543785728 1 43369.055 43369.055 43369.055 25.07713059461406 25.07713059461406 25.07713059461406 3.1346413243267577 3.1346413243267577 3.1346413243267577
 598164224 1 44889.927 44889.927 44889.927 26.650264946966832 26.650264946966832 26.650264946966832 3.331283118370854 3.331283118370854 3.331283118370854
 657980544 1 25405.169 25405.169 25405.169 51.79895036321151 51.79895036321151 51.79895036321151 6.474868795401439 6.474868795401439 6.474868795401439
 723778560 1 46945.095 46945.095 46945.095 30.835108971448452 30.835108971448452 30.835108971448452 3.8543886214310565 3.8543886214310565 3.8543886214310565
 796156416 1 74440.002 74440.002 74440.002 21.39055332104908 21.39055332104908 21.39055332104908 2.673819165131135 2.673819165131135 2.673819165131135
 875772032 1 51512.957 51512.957 51512.957 34.002009707965314 34.002009707965314 34.002009707965314 4.250251213495664 4.250251213495664 4.250251213495664
 963349120 1 84988.832 84988.832 84988.832 22.670016691134194 22.670016691134194 22.670016691134194 2.8337520863917742 2.8337520863917742 2.8337520863917742
 1059683968 1 49180.984 49180.984 49180.984 43.09323977739039 43.09323977739039 43.09323977739039 5.386654972173798 5.386654972173798 5.386654972173798
 
META_DATA
 MPI startup(): shm:tmi fabric is unknown or has been removed from the product, please use ofi or shm:ofi instead
 FLOPS          2
 MPI_PROCS      4
 OPENMP_THREADS 4
 ERT_VERSION  1.1.0
 HOSTNAME  ('shas0420.rc.int.colorado.edu', [], ['10.225.6.135'])
 UNAME  uname_result(system='Linux', node='shas0420.rc.int.colorado.edu', release='3.10.0-957.27.2.el7.x86_64', version='#1 SMP Mon Jul 29 17:46:05 UTC 2019', machine='x86_64', processor='x86_64')
 TIMESTAMP_DATA  1664552655.3053532
 CONFIG  {'ERT_RESULTS': ['lab5_results'], 'ERT_DRIVER': ['driver1'], 'ERT_KERNEL': ['kernel1'], 'ERT_MPI': ['True'], 'ERT_MPI_CFLAGS': ['-I/usr/include/mpi'], 'ERT_MPI_LDFLAGS': ['-lmpi'], 'ERT_OPENMP': ['True'], 'ERT_OPENMP_CFLAGS': ['-qopenmp'], 'ERT_OPENMP_LDFLAGS': ['-qopenmp'], 'ERT_FLOPS': ['1,2,4,8,16'], 'ERT_ALIGN': ['32'], 'ERT_CC': ['mpicc'], 'ERT_CFLAGS': ['-O3', '-msse3', '-axSSE3', '-xSSE3', '-fno-alias', '-fno-fnalias', '-DERT_INTEL', '-std=c++11'], 'ERT_LD': ['mpicc'], 'ERT_LDFLAGS': [], 'ERT_LDLIBS': [], 'ERT_PRECISION': ['FP64'], 'ERT_RUN': ['export', 'OMP_NUM_THREADS=ERT_OPENMP_THREADS;', 'mpirun', '-np', 'ERT_MPI_PROCS', 'ERT_CODE'], 'ERT_PROCS_THREADS': ['1-24'], 'ERT_MPI_PROCS': ['1,2,4'], 'ERT_OPENMP_THREADS': ['1,2,4'], 'ERT_NUM_EXPERIMENTS': ['1'], 'ERT_MEMORY_MAX': ['1073741824'], 'ERT_WORKING_SET_MIN': ['1'], 'ERT_TRIALS_MIN': ['1'], 'ERT_GNUPLOT': ['gnuplot'], 'ERT_GPU': [False], 'ERT_HIP': [False], 'ERT_OCL': [False], 'ERT_SYCL': [False], 'ERT_WSS_MULT': [1.1]}
 