fp64
 128 8388608 126645.088 126645.088 126645.088 16.956706982587434 16.956706982587434 16.956706982587434 1.0597941864117146 1.0597941864117146 1.0597941864117146
 256 4194304 102200.985 102200.985 102200.985 21.012357640193002 21.012357640193002 21.012357640193002 1.3132723525120626 1.3132723525120626 1.3132723525120626
 384 2097152 48151.016 48151.016 48151.016 33.44919525685605 33.44919525685605 33.44919525685605 2.090574703553503 2.090574703553503 2.090574703553503
 512 2097152 77529.192 77529.192 77529.192 27.699033004239233 27.699033004239233 27.699033004239233 1.731189562764952 1.731189562764952 1.731189562764952
 640 1048576 51135.063 51135.063 51135.063 26.247689965689492 26.247689965689492 26.247689965689492 1.6404806228555933 1.6404806228555933 1.6404806228555933
 768 1048576 79447.985 79447.985 79447.985 20.27254355160801 20.27254355160801 20.27254355160801 1.2670339719755006 1.2670339719755006 1.2670339719755006
 896 1048576 45868.874 45868.874 45868.874 40.965648993258476 40.965648993258476 40.965648993258476 2.5603530620786548 2.5603530620786548 2.5603530620786548
 1024 1048576 58820.963 58820.963 58820.963 36.508814859083486 36.508814859083486 36.508814859083486 2.281800928692718 2.281800928692718 2.281800928692718
 1152 524288 58406.115 58406.115 58406.115 20.682073306878912 20.682073306878912 20.682073306878912 1.292629581679932 1.292629581679932 1.292629581679932
 1280 524288 58320.999 58320.999 58320.999 23.013619502642605 23.013619502642605 23.013619502642605 1.4383512189151628 1.4383512189151628 1.4383512189151628
 1408 524288 35691.023 35691.023 35691.023 41.36600421904409 41.36600421904409 41.36600421904409 2.585375263690256 2.585375263690256 2.585375263690256
 1536 524288 48120.022 48120.022 48120.022 33.47073980971995 33.47073980971995 33.47073980971995 2.091921238107497 2.091921238107497 2.091921238107497
 1664 524288 57321.072 57321.072 57321.072 30.439599315239604 30.439599315239604 30.439599315239604 1.9024749572024753 1.9024749572024753 1.9024749572024753
 1792 524288 71751.833 71751.833 71751.833 26.188155945786082 26.188155945786082 26.188155945786082 1.6367597466116302 1.6367597466116302 1.6367597466116302
 1920 524288 58563.948 58563.948 58563.948 34.37722333883637 34.37722333883637 34.37722333883637 2.1485764586772733 2.1485764586772733 2.1485764586772733
 2048 524288 52812.815 52812.815 52812.815 40.662169740431374 40.662169740431374 40.662169740431374 2.541385608776961 2.541385608776961 2.541385608776961
 2176 262144 45679.808 45679.808 45679.808 24.974944903446183 24.974944903446183 24.974944903446183 1.5609340564653864 1.5609340564653864 1.5609340564653864
 2304 262144 46963.93 46963.93 46963.93 25.721006568232255 25.721006568232255 25.721006568232255 1.607562910514516 1.607562910514516 1.607562910514516
 2432 262144 40112.972 40112.972 40112.972 31.78693456072016 31.78693456072016 31.78693456072016 1.98668341004501 1.98668341004501 1.98668341004501
 2560 262144 53754.091 53754.091 53754.091 24.96883967398872 24.96883967398872 24.96883967398872 1.560552479624295 1.560552479624295 1.560552479624295
 2816 262144 30845.165 30845.165 30845.165 47.864714226686736 47.864714226686736 47.864714226686736 2.991544639167921 2.991544639167921 2.991544639167921
 3072 262144 51215.887 51215.887 51215.887 31.447522055021714 31.447522055021714 31.447522055021714 1.9654701284388572 1.9654701284388572 1.9654701284388572
 3328 262144 51939.011 51939.011 51939.011 33.593833043913754 33.593833043913754 33.593833043913754 2.0996145652446097 2.0996145652446097 2.0996145652446097
 3584 262144 44097.9 44097.9 44097.9 42.610831626902865 42.610831626902865 42.610831626902865 2.663176976681429 2.663176976681429 2.663176976681429
 3840 262144 55256.128 55256.128 55256.128 36.435161001509194 36.435161001509194 36.435161001509194 2.2771975625943246 2.2771975625943246 2.2771975625943246
 4224 131072 35969.973 35969.973 35969.973 30.783905675992585 30.783905675992585 30.783905675992585 1.9239941047495366 1.9239941047495366 1.9239941047495366
 4608 131072 59020.996 59020.996 59020.996 20.46660737477219 20.46660737477219 20.46660737477219 1.279162960923262 1.279162960923262 1.279162960923262
 4992 131072 50261.021 50261.021 50261.021 26.036535310335218 26.036535310335218 26.036535310335218 1.627283456895951 1.627283456895951 1.627283456895951
 5376 131072 50177.097 50177.097 50177.097 28.086243092142215 28.086243092142215 28.086243092142215 1.7553901932588885 1.7553901932588885 1.7553901932588885
 5888 131072 61486.959 61486.959 61486.959 25.10294698425401 25.10294698425401 25.10294698425401 1.5689341865158757 1.5689341865158757 1.5689341865158757
 6400 131072 51430.941 51430.941 51430.941 32.62086143825368 32.62086143825368 32.62086143825368 2.038803839890855 2.038803839890855 2.038803839890855
 7040 131072 54975.033 54975.033 54975.033 33.56967079947 33.56967079947 33.56967079947 2.098104424966875 2.098104424966875 2.098104424966875
 7680 131072 31651.02 31651.02 31651.02 63.60824769628277 63.60824769628277 63.60824769628277 3.975515481017673 3.975515481017673 3.975515481017673
 8448 65536 48938.036 48938.036 48938.036 22.626495595368805 22.626495595368805 22.626495595368805 1.4141559747105503 1.4141559747105503 1.4141559747105503
 9216 65536 34645.081 34645.081 34645.081 34.86669729535341 34.86669729535341 34.86669729535341 2.179168580959588 2.179168580959588 2.179168580959588
 10112 65536 59834.003 59834.003 59834.003 22.15128518143772 22.15128518143772 22.15128518143772 1.3844553238398576 1.3844553238398576 1.3844553238398576
 11008 65536 50380.945 50380.945 50380.945 28.638616762746317 28.638616762746317 28.638616762746317 1.7899135476716448 1.7899135476716448 1.7899135476716448
 12032 65536 37533.998 37533.998 37533.998 42.01679511998695 42.01679511998695 42.01679511998695 2.6260496949991845 2.6260496949991845 2.6260496949991845
 13184 65536 29803.991 29803.991 29803.991 57.98059890703899 57.98059890703899 57.98059890703899 3.6237874316899368 3.6237874316899368 3.6237874316899368
 14464 65536 48132.896 48132.896 48132.896 39.38731232793472 39.38731232793472 39.38731232793472 2.46170702049592 2.46170702049592 2.46170702049592
 15872 65536 50952.911 50952.911 50952.911 40.82936074054729 40.82936074054729 40.82936074054729 2.5518350462842054 2.5518350462842054 2.5518350462842054
 17408 32768 67963.839 67963.839 67963.839 16.78614252499774 16.78614252499774 16.78614252499774 1.0491339078123587 1.0491339078123587 1.0491339078123587
 19072 32768 45991.182 45991.182 45991.182 27.177005191995285 27.177005191995285 27.177005191995285 1.6985628244997053 1.6985628244997053 1.6985628244997053
 20864 32768 43122.053 43122.053 43122.053 31.708673610692884 31.708673610692884 31.708673610692884 1.9817921006683052 1.9817921006683052 1.9817921006683052
 22912 32768 46179.056 46179.056 46179.056 32.516057322609626 32.516057322609626 32.516057322609626 2.0322535826631016 2.0322535826631016 2.0322535826631016
 25088 32768 28507.948 28507.948 28507.948 57.673992109147946 57.673992109147946 57.673992109147946 3.6046245068217466 3.6046245068217466 3.6046245068217466
 27520 32768 26820.183 26820.183 26820.183 67.24602587536408 67.24602587536408 67.24602587536408 4.202876617210255 4.202876617210255 4.202876617210255
 30208 32768 43999.195 43999.195 43999.195 44.994266099641145 44.994266099641145 44.994266099641145 2.8121416312275715 2.8121416312275715 2.8121416312275715
 33152 16384 26567.936 26567.936 26567.936 40.88856341719582 40.88856341719582 40.88856341719582 2.5555352135747387 2.5555352135747387 2.5555352135747387
 36352 16384 53172.827 53172.827 53172.827 22.40208774304966 22.40208774304966 22.40208774304966 1.4001304839406037 1.4001304839406037 1.4001304839406037
 39936 16384 46510.935 46510.935 46510.935 28.135810385235214 28.135810385235214 28.135810385235214 1.7584881490772009 1.7584881490772009 1.7584881490772009
 43904 16384 42709.827 42709.827 42709.827 33.684198065236835 33.684198065236835 33.684198065236835 2.105262379077302 2.105262379077302 2.105262379077302
 48256 16384 48486.948 48486.948 48486.948 32.611922862210264 32.611922862210264 32.611922862210264 2.0382451788881415 2.0382451788881415 2.0382451788881415
 52992 16384 25558.949 25558.949 25558.949 67.93870342634197 67.93870342634197 67.93870342634197 4.246168964146373 4.246168964146373 4.246168964146373
 58240 16384 53406.0 53406.0 53406.0 35.7339684679624 35.7339684679624 35.7339684679624 2.23337302924765 2.23337302924765 2.23337302924765
 64000 16384 25292.873 25292.873 25292.873 82.91474044882129 82.91474044882129 82.91474044882129 5.182171278051331 5.182171278051331 5.182171278051331
 70400 8192 45947.79 45947.79 45947.79 25.103135537095472 25.103135537095472 25.103135537095472 1.568945971068467 1.568945971068467 1.568945971068467
 77440 8192 25295.973 25295.973 25295.973 50.157270487282695 50.157270487282695 50.157270487282695 3.1348294054551684 3.1348294054551684 3.1348294054551684
 85120 8192 30509.949 30509.949 30509.949 45.70987909550422 45.70987909550422 45.70987909550422 2.856867443469014 2.856867443469014 2.856867443469014
 93568 8192 44196.844 44196.844 44196.844 34.68614437718675 34.68614437718675 34.68614437718675 2.167884023574172 2.167884023574172 2.167884023574172
 102912 8192 62922.955 62922.955 62922.955 26.796424420944632 26.796424420944632 26.796424420944632 1.6747765263090395 1.6747765263090395 1.6747765263090395
 113152 8192 49524.069 49524.069 49524.069 37.43396706760908 37.43396706760908 37.43396706760908 2.3396229417255676 2.3396229417255676 2.3396229417255676
 124416 8192 35898.209 35898.209 35898.209 56.783661379875525 56.783661379875525 56.783661379875525 3.5489788362422203 3.5489788362422203 3.5489788362422203
 136832 4096 48293.829 48293.829 48293.829 23.210579223279233 23.210579223279233 23.210579223279233 1.450661201454952 1.450661201454952 1.450661201454952
 150400 4096 30436.993 30436.993 30436.993 40.4795835120769 40.4795835120769 40.4795835120769 2.5299739695048062 2.5299739695048062 2.5299739695048062
 165376 4096 82075.119 82075.119 82075.119 16.50634453542492 16.50634453542492 16.50634453542492 1.0316465334640574 1.0316465334640574 1.0316465334640574
 181888 4096 47067.165 47067.165 47067.165 31.65745155885212 31.65745155885212 31.65745155885212 1.9785907224282575 1.9785907224282575 1.9785907224282575
 200064 4096 46584.845 46584.845 46584.845 35.18149063284422 35.18149063284422 35.18149063284422 2.198843164552764 2.198843164552764 2.198843164552764
 220032 4096 55016.994 55016.994 55016.994 32.762643193483086 32.762643193483086 32.762643193483086 2.047665199592693 2.047665199592693 2.047665199592693
 241920 4096 49330.95 49330.95 49330.95 40.17373758259267 40.17373758259267 40.17373758259267 2.510858598912042 2.510858598912042 2.510858598912042
 266112 2048 45171.976 45171.976 45171.976 24.129888672569912 24.129888672569912 24.129888672569912 1.5081180420356195 1.5081180420356195 1.5081180420356195
 292608 2048 44289.112 44289.112 44289.112 27.061332094443436 27.061332094443436 27.061332094443436 1.6913332559027148 1.6913332559027148 1.6913332559027148
 321792 2048 23972.988 23972.988 23972.988 54.98104917084178 54.98104917084178 54.98104917084178 3.436315573177611 3.436315573177611 3.436315573177611
 353920 2048 55896.044 55896.044 55896.044 25.934864370723627 25.934864370723627 25.934864370723627 1.6209290231702267 1.6209290231702267 1.6209290231702267
 389248 2048 47883.987 47883.987 47883.987 33.296304420097684 33.296304420097684 33.296304420097684 2.0810190262561052 2.0810190262561052 2.0810190262561052
 428160 2048 36385.059 36385.059 36385.059 48.19954696239464 48.19954696239464 48.19954696239464 3.012471685149665 3.012471685149665 3.012471685149665
 470912 2048 39739.847 39739.847 39739.847 48.53706537924013 48.53706537924013 48.53706537924013 3.0335665862025083 3.0335665862025083 3.0335665862025083
 517888 2048 48547.983 48547.983 48547.983 43.69428175831733 43.69428175831733 43.69428175831733 2.730892609894833 2.730892609894833 2.730892609894833
 569600 1024 50048.828 50048.828 50048.828 23.308054286505968 23.308054286505968 23.308054286505968 1.456753392906623 1.456753392906623 1.456753392906623
 626560 1024 39867.878 39867.878 39867.878 32.18618457696695 32.18618457696695 32.18618457696695 2.0116365360604345 2.0116365360604345 2.0116365360604345
 689152 1024 47497.988 47497.988 47497.988 29.714591194894403 29.714591194894403 29.714591194894403 1.8571619496809002 1.8571619496809002 1.8571619496809002
 758016 1024 55573.94 55573.94 55573.94 27.934257819402404 27.934257819402404 27.934257819402404 1.7458911137126503 1.7458911137126503 1.7458911137126503
 833792 1024 50087.929 50087.929 50087.929 34.09216651780512 34.09216651780512 34.09216651780512 2.13076040736282 2.13076040736282 2.13076040736282
 917120 1024 47556.877 47556.877 47556.877 39.49506104027815 39.49506104027815 39.49506104027815 2.4684413150173845 2.4684413150173845 2.4684413150173845
 1008768 1024 31262.875 31262.875 31262.875 66.08339328996452 66.08339328996452 66.08339328996452 4.1302120806227824 4.1302120806227824 4.1302120806227824
 1109632 512 48207.998 48207.998 48207.998 23.570013589861166 23.570013589861166 23.570013589861166 1.4731258493663228 1.4731258493663228 1.4731258493663228
 1220480 512 53459.883 53459.883 53459.883 23.377745140220377 23.377745140220377 23.377745140220377 1.4611090712637735 1.4611090712637735 1.4611090712637735
 1342464 512 32915.115 32915.115 32915.115 41.764494397178936 41.764494397178936 41.764494397178936 2.6102808998236835 2.6102808998236835 2.6102808998236835
 1476608 512 45878.172 45878.172 45878.172 32.95786484256609 32.95786484256609 32.95786484256609 2.0598665526603805 2.0598665526603805 2.0598665526603805
 1624192 512 53944.826 53944.826 53944.826 30.830994023411993 30.830994023411993 30.830994023411993 1.9269371264632495 1.9269371264632495 1.9269371264632495
 1786496 512 49527.168 49527.168 49527.168 36.93673549030706 36.93673549030706 36.93673549030706 2.308545968144191 2.308545968144191 2.308545968144191
 1965056 512 30864.0 30864.0 30864.0 65.1962592016589 65.1962592016589 65.1962592016589 4.0747662001036815 4.0747662001036815 4.0747662001036815
 2161536 256 26725.054 26725.054 26725.054 41.41082117177387 41.41082117177387 41.41082117177387 2.5881763232358668 2.5881763232358668 2.5881763232358668
 2377600 256 48473.12 48473.12 48473.12 25.113530963139983 25.113530963139983 25.113530963139983 1.569595685196249 1.569595685196249 1.569595685196249
 2615296 256 48964.977 48964.977 48964.977 27.346720738784377 27.346720738784377 27.346720738784377 1.7091700461740236 1.7091700461740236 1.7091700461740236
 2876800 256 36621.809 36621.809 36621.809 40.219793620790284 40.219793620790284 40.219793620790284 2.5137371012993928 2.5137371012993928 2.5137371012993928
 3164416 256 84667.921 84667.921 84667.921 19.135712473677014 19.135712473677014 19.135712473677014 1.1959820296048134 1.1959820296048134 1.1959820296048134
 3480832 256 30936.003 30936.003 30936.003 57.60879917163184 57.60879917163184 57.60879917163184 3.60054994822699 3.60054994822699 3.60054994822699
 3828864 256 43596.029 43596.029 43596.029 44.96690210018899 44.96690210018899 44.96690210018899 2.810431381261812 2.810431381261812 2.810431381261812
 4211712 128 49139.023 49139.023 49139.023 21.941793022624807 21.941793022624807 21.941793022624807 1.3713620639140505 1.3713620639140505 1.3713620639140505
 4632832 128 41073.799 41073.799 41073.799 28.87497677047112 28.87497677047112 28.87497677047112 1.804686048154445 1.804686048154445 1.804686048154445
 5096064 128 46333.075 46333.075 46333.075 28.156827147777268 28.156827147777268 28.156827147777268 1.7598016967360792 1.7598016967360792 1.7598016967360792
 5605632 128 59129.953 59129.953 59129.953 24.26928687056457 24.26928687056457 24.26928687056457 1.5168304294102857 1.5168304294102857 1.5168304294102857
 6166144 128 51913.023 51913.023 51913.023 30.407261468861098 30.407261468861098 30.407261468861098 1.9004538418038186 1.9004538418038186 1.9004538418038186
 6782720 128 32979.965 32979.965 32979.965 52.64942882747147 52.64942882747147 52.64942882747147 3.2905893017169667 3.2905893017169667 3.2905893017169667
 7460992 128 38496.971 38496.971 38496.971 49.61465544912611 49.61465544912611 49.61465544912611 3.100915965570382 3.100915965570382 3.100915965570382
 8206976 128 54432.154 54432.154 54432.154 38.598249409714704 38.598249409714704 38.598249409714704 2.412390588107169 2.412390588107169 2.412390588107169
 9027584 64 55457.115 55457.115 55457.115 20.836474309923982 20.836474309923982 20.836474309923982 1.302279644370249 1.302279644370249 1.302279644370249
 9930240 64 49874.067 49874.067 49874.067 25.48560397129835 25.48560397129835 25.48560397129835 1.5928502482061468 1.5928502482061468 1.5928502482061468
 10923264 64 52984.953 52984.953 52984.953 26.388204817318606 26.388204817318606 26.388204817318606 1.6492628010824129 1.6492628010824129 1.6492628010824129
 12015488 64 54053.068 54053.068 54053.068 28.453194627176387 28.453194627176387 28.453194627176387 1.7783246641985242 1.7783246641985242 1.7783246641985242
 13217024 64 54784.06 54784.06 54784.06 30.880863375222653 30.880863375222653 30.880863375222653 1.9300539609514158 1.9300539609514158 1.9300539609514158
 14538624 64 51549.911 51549.911 51549.911 36.09984645754287 36.09984645754287 36.09984645754287 2.256240403596429 2.256240403596429 2.256240403596429
 15992448 64 40567.16 40567.16 40567.16 50.46035620930821 50.46035620930821 50.46035620930821 3.153772263081763 3.153772263081763 3.153772263081763
 17591680 32 46772.957 46772.957 46772.957 24.070907469031727 24.070907469031727 24.070907469031727 1.504431716814483 1.504431716814483 1.504431716814483
 19350784 32 43869.972 43869.972 43869.972 28.230019750183565 28.230019750183565 28.230019750183565 1.7643762343864728 1.7643762343864728 1.7643762343864728
 21285760 32 39952.04 39952.04 39952.04 34.09809962144612 34.09809962144612 34.09809962144612 2.1311312263403823 2.1311312263403823 2.1311312263403823
 23414272 32 59897.9 59897.9 59897.9 25.017795415198194 25.017795415198194 25.017795415198194 1.563612213449887 1.563612213449887 1.563612213449887
 25755648 32 36063.91 36063.91 36063.91 45.70667661936822 45.70667661936822 45.70667661936822 2.8566672887105136 2.8566672887105136 2.8566672887105136
 28331136 32 53753.138 53753.138 53753.138 33.731848436457796 33.731848436457796 33.731848436457796 2.108240527278612 2.108240527278612 2.108240527278612
 31164160 32 56615.829 56615.829 56615.829 35.22877391762646 35.22877391762646 35.22877391762646 2.201798369851654 2.201798369851654 2.201798369851654
 34280576 16 54497.004 54497.004 54497.004 20.129151173154398 20.129151173154398 20.129151173154398 1.2580719483221499 1.2580719483221499 1.2580719483221499
 37708544 16 66564.083 66564.083 66564.083 18.12799566396791 18.12799566396791 18.12799566396791 1.1329997289979943 1.1329997289979943 1.1329997289979943
 41479296 16 39848.804 39848.804 39848.804 33.30934278479224 33.30934278479224 33.30934278479224 2.081833924049515 2.081833924049515 2.081833924049515
 45627136 16 53956.032 53956.032 53956.032 27.060335941679327 27.060335941679327 27.060335941679327 1.691270996354958 1.691270996354958 1.691270996354958
 50189824 16 57904.959 57904.959 57904.959 27.736387275569953 27.736387275569953 27.736387275569953 1.733524204723122 1.733524204723122 1.733524204723122
 55208704 16 57359.934 57359.934 57359.934 30.7998703066848 30.7998703066848 30.7998703066848 1.9249918941678 1.9249918941678 1.9249918941678
 60729472 16 60684.919 60684.919 60684.919 32.023493415225616 32.023493415225616 32.023493415225616 2.001468338451601 2.001468338451601 2.001468338451601
 66802304 16 65650.94 65650.94 65650.94 32.561205186094824 32.561205186094824 32.561205186094824 2.0350753241309265 2.0350753241309265 2.0350753241309265
 73482496 8 48462.152 48462.152 48462.152 24.260580421604057 24.260580421604057 24.260580421604057 1.5162862763502536 1.5162862763502536 1.5162862763502536
 80830720 8 34815.788 34815.788 34815.788 37.146696780207876 37.146696780207876 37.146696780207876 2.3216685487629922 2.3216685487629922 2.3216685487629922
 88913792 8 39371.014 39371.014 39371.014 36.133706690917336 36.133706690917336 36.133706690917336 2.2583566681823335 2.2583566681823335 2.2583566681823335
 97805056 8 39005.041 39005.041 39005.041 40.1199654167778 40.1199654167778 40.1199654167778 2.5074978385486126 2.5074978385486126 2.5074978385486126
 107585536 8 59499.979 59499.979 59499.979 28.93057451331201 28.93057451331201 28.93057451331201 1.8081609070820006 1.8081609070820006 1.8081609070820006
 118344064 8 64284.086 64284.086 64284.086 29.455268664782757 29.455268664782757 29.455268664782757 1.8409542915489223 1.8409542915489223 1.8409542915489223
 130178432 8 64131.975 64131.975 64131.975 32.47763556322724 32.47763556322724 32.47763556322724 2.0298522227017024 2.0298522227017024 2.0298522227017024
 143196160 4 58161.02 58161.02 58161.02 19.696512887841376 19.696512887841376 19.696512887841376 1.231032055490086 1.231032055490086 1.231032055490086
 157515776 4 31534.91 31534.91 31534.91 39.959721083713255 39.959721083713255 39.959721083713255 2.4974825677320784 2.4974825677320784 2.4974825677320784
 173267328 4 68686.008 68686.008 68686.008 20.18080049141886 20.18080049141886 20.18080049141886 1.2613000307136788 1.2613000307136788 1.2613000307136788
 190594048 4 45808.077 45808.077 45808.077 33.285666717683874 33.285666717683874 33.285666717683874 2.080354169855242 2.080354169855242 2.080354169855242
 209653376 4 67576.885 67576.885 67576.885 24.81953715386556 24.81953715386556 24.81953715386556 1.5512210721165975 1.5512210721165975 1.5512210721165975
 230618624 4 68228.006 68228.006 68228.006 27.040933777252704 27.040933777252704 27.040933777252704 1.690058361078294 1.690058361078294 1.690058361078294
 253680384 4 66596.985 66596.985 66596.985 30.473497741677043 30.473497741677043 30.473497741677043 1.9045936088548152 1.9045936088548152 1.9045936088548152
 279048320 2 62957.048 62957.048 62957.048 17.729441189809283 17.729441189809283 17.729441189809283 1.1080900743630802 1.1080900743630802 1.1080900743630802
 306953088 2 50127.029 50127.029 50127.029 24.494018027679235 24.494018027679235 24.494018027679235 1.5308761267299522 1.5308761267299522 1.5308761267299522
 337648384 2 59837.818 59837.818 59837.818 22.570902167589068 22.570902167589068 22.570902167589068 1.4106813854743168 1.4106813854743168 1.4106813854743168
 371413120 2 57760.0 57760.0 57760.0 25.721130193905818 25.721130193905818 25.721130193905818 1.6075706371191136 1.6075706371191136 1.6075706371191136
 408554368 2 47425.985 47425.985 47425.985 34.4582715994196 34.4582715994196 34.4582715994196 2.153641974963725 2.153641974963725 2.153641974963725
 449409792 2 68225.861 68225.861 68225.861 26.34835444583103 26.34835444583103 26.34835444583103 1.6467721528644395 1.6467721528644395 1.6467721528644395
 494350720 2 69031.954 69031.954 69031.954 28.644747329620717 28.644747329620717 28.644747329620717 1.7902967081012948 1.7902967081012948 1.7902967081012948
 543785728 1 45171.976 45171.976 45171.976 24.076242668684674 24.076242668684674 24.076242668684674 1.5047651667927922 1.5047651667927922 1.5047651667927922
 598164224 1 63972.95 63972.95 63972.95 18.700535898375797 18.700535898375797 18.700535898375797 1.1687834936484873 1.1687834936484873 1.1687834936484873
 657980544 1 44910.908 44910.908 44910.908 29.30159167567932 29.30159167567932 29.30159167567932 1.8313494797299574 1.8313494797299574 1.8313494797299574
 723778560 1 53159.952 53159.952 53159.952 27.230218718030446 27.230218718030446 27.230218718030446 1.701888669876903 1.701888669876903 1.701888669876903
 796156416 1 57582.855 57582.855 57582.855 27.652550954620086 27.652550954620086 27.652550954620086 1.7282844346637554 1.7282844346637554 1.7282844346637554
 875772032 1 69705.009 69705.009 69705.009 25.127951192144593 25.127951192144593 25.127951192144593 1.570496949509037 1.570496949509037 1.570496949509037
 963349120 1 72046.995 72046.995 72046.995 26.742242892989502 26.742242892989502 26.742242892989502 1.6713901808118439 1.6713901808118439 1.6713901808118439
 1059683968 1 84831.953 84831.953 84831.953 24.983132664645836 24.983132664645836 24.983132664645836 1.5614457915403648 1.5614457915403648 1.5614457915403648
 
META_DATA
 MPI startup(): shm:tmi fabric is unknown or has been removed from the product, please use ofi or shm:ofi instead
 FLOPS          1
 MPI_PROCS      8
 OPENMP_THREADS 2
 ERT_VERSION  1.1.0
 HOSTNAME  ('shas0642.rc.int.colorado.edu', [], ['10.225.7.27'])
 UNAME  uname_result(system='Linux', node='shas0642.rc.int.colorado.edu', release='3.10.0-957.27.2.el7.x86_64', version='#1 SMP Mon Jul 29 17:46:05 UTC 2019', machine='x86_64', processor='x86_64')
 TIMESTAMP_DATA  1664551475.9331558
 CONFIG  {'ERT_RESULTS': ['lab5_results'], 'ERT_DRIVER': ['driver1'], 'ERT_KERNEL': ['kernel1'], 'ERT_MPI': ['True'], 'ERT_MPI_CFLAGS': ['-I/usr/include/mpi'], 'ERT_MPI_LDFLAGS': ['-lmpi'], 'ERT_OPENMP': ['True'], 'ERT_OPENMP_CFLAGS': ['-qopenmp'], 'ERT_OPENMP_LDFLAGS': ['-qopenmp'], 'ERT_FLOPS': ['1,2,4,8,16'], 'ERT_ALIGN': ['32'], 'ERT_CC': ['mpicc'], 'ERT_CFLAGS': ['-O3', '-msse3', '-axSSE3', '-xSSE3', '-fno-alias', '-fno-fnalias', '-DERT_INTEL', '-std=c++11'], 'ERT_LD': ['mpicc'], 'ERT_LDFLAGS': [], 'ERT_LDLIBS': [], 'ERT_PRECISION': ['FP64'], 'ERT_RUN': ['export', 'OMP_NUM_THREADS=ERT_OPENMP_THREADS;', 'mpirun', '-np', 'ERT_MPI_PROCS', 'ERT_CODE'], 'ERT_PROCS_THREADS': ['1-24'], 'ERT_MPI_PROCS': ['1,2,4,8,12,24'], 'ERT_OPENMP_THREADS': ['1,2,4,8,12,24'], 'ERT_NUM_EXPERIMENTS': ['1'], 'ERT_MEMORY_MAX': ['1073741824'], 'ERT_WORKING_SET_MIN': ['1'], 'ERT_TRIALS_MIN': ['1'], 'ERT_GNUPLOT': ['gnuplot'], 'ERT_GPU': [False], 'ERT_HIP': [False], 'ERT_OCL': [False], 'ERT_SYCL': [False], 'ERT_WSS_MULT': [1.1]}
 