fp64
 16 67108864 352518.082 352518.082 352518.082 6.091839703133299 6.091839703133299 6.091839703133299 1.5229599257833248 1.5229599257833248 1.5229599257833248
 32 33554432 186531.067 186531.067 186531.067 11.512739848317063 11.512739848317063 11.512739848317063 2.8781849620792657 2.8781849620792657 2.8781849620792657
 48 16777216 92031.956 92031.956 92031.956 17.5005813850137 17.5005813850137 17.5005813850137 4.375145346253425 4.375145346253425 4.375145346253425
 64 16777216 92074.871 92074.871 92074.871 23.323232763475716 23.323232763475716 23.323232763475716 5.830808190868929 5.830808190868929 5.830808190868929
 80 8388608 46160.936 46160.936 46160.936 29.07604126571437 29.07604126571437 29.07604126571437 7.269010316428592 7.269010316428592 7.269010316428592
 96 8388608 49160.957 49160.957 49160.957 32.762029754628244 32.762029754628244 32.762029754628244 8.190507438657061 8.190507438657061 8.190507438657061
 112 8388608 49029.827 49029.827 49029.827 38.324593558121265 38.324593558121265 38.324593558121265 9.581148389530316 9.581148389530316 9.581148389530316
 128 8388608 46668.053 46668.053 46668.053 46.01613973482031 46.01613973482031 46.01613973482031 11.504034933705077 11.504034933705077 11.504034933705077
 144 4194304 26925.087 26925.087 26925.087 44.863719548984186 44.863719548984186 44.863719548984186 11.215929887246046 11.215929887246046 11.215929887246046
 160 4194304 25898.218 25898.218 25898.218 51.825082328058244 51.825082328058244 51.825082328058244 12.956270582014561 12.956270582014561 12.956270582014561
 176 4194304 30722.141 30722.141 30722.141 48.056384091199895 48.056384091199895 48.056384091199895 12.014096022799974 12.014096022799974 12.014096022799974
 192 4194304 30056.953 30056.953 30056.953 53.58536296077649 53.58536296077649 53.58536296077649 13.396340740194123 13.396340740194123 13.396340740194123
 208 4194304 34528.017 34528.017 34528.017 50.533758252030516 50.533758252030516 50.533758252030516 12.633439563007629 12.633439563007629 12.633439563007629
 224 4194304 34143.925 34143.925 34143.925 55.03316305902147 55.03316305902147 55.03316305902147 13.758290764755367 13.758290764755367 13.758290764755367
 240 4194304 38459.063 38459.063 38459.063 52.34828316020075 52.34828316020075 52.34828316020075 13.087070790050188 13.087070790050188 13.087070790050188
 256 4194304 25775.909 25775.909 25775.909 83.31359518688556 83.31359518688556 83.31359518688556 20.82839879672139 20.82839879672139 20.82839879672139
 272 2097152 15341.997 15341.997 15341.997 74.36128999373419 74.36128999373419 74.36128999373419 18.590322498433547 18.590322498433547 18.590322498433547
 288 2097152 15122.89 15122.89 15122.89 79.87623741229355 79.87623741229355 79.87623741229355 19.969059353073387 19.969059353073387 19.969059353073387
 304 2097152 17612.934 17612.934 17612.934 72.39386782463387 72.39386782463387 72.39386782463387 18.098466956158468 18.098466956158468 18.098466956158468
 320 2097152 16999.006 16999.006 16999.006 78.95622132258792 78.95622132258792 78.95622132258792 19.73905533064698 19.73905533064698 19.73905533064698
 352 2097152 18980.026 18980.026 18980.026 77.78677479156245 77.78677479156245 77.78677479156245 19.446693697890613 19.446693697890613 19.446693697890613
 384 2097152 20936.012 20936.012 20936.012 76.93025472090864 76.93025472090864 76.93025472090864 19.23256368022716 19.23256368022716 19.23256368022716
 416 2097152 22694.826 22694.826 22694.826 76.88230189559506 76.88230189559506 76.88230189559506 19.220575473898766 19.220575473898766 19.220575473898766
 448 2097152 24503.946 24503.946 24503.946 76.68349383401352 76.68349383401352 76.68349383401352 19.17087345850338 19.17087345850338 19.17087345850338
 480 2097152 28640.032 28640.032 28640.032 70.29551922288354 70.29551922288354 70.29551922288354 17.573879805720885 17.573879805720885 17.573879805720885
 528 1048576 12821.913 12821.913 12821.913 86.3596762823145 86.3596762823145 86.3596762823145 21.589919070578624 21.589919070578624 21.589919070578624
 576 1048576 14034.986 14034.986 14034.986 86.06774185595908 86.06774185595908 86.06774185595908 21.51693546398977 21.51693546398977 21.51693546398977
 624 1048576 16557.932 16557.932 16557.932 79.03298841908517 79.03298841908517 79.03298841908517 19.758247104771293 19.758247104771293 19.758247104771293
 672 1048576 17153.025 17153.025 17153.025 82.15962747095628 82.15962747095628 82.15962747095628 20.53990686773907 20.53990686773907 20.53990686773907
 736 1048576 18618.107 18618.107 18618.107 82.9033731517388 82.9033731517388 82.9033731517388 20.7258432879347 20.7258432879347 20.7258432879347
 800 1048576 17925.978 17925.978 17925.978 93.59163555818266 93.59163555818266 93.59163555818266 23.397908889545665 23.397908889545665 23.397908889545665
 880 1048576 21624.088 21624.088 21624.088 85.34435116986207 85.34435116986207 85.34435116986207 21.336087792465516 21.336087792465516 21.336087792465516
 960 1048576 23212.91 23212.91 23212.91 86.73044094859283 86.73044094859283 86.73044094859283 21.682610237148207 21.682610237148207 21.682610237148207
 1056 524288 11589.05 11589.05 11589.05 95.54676664610128 95.54676664610128 95.54676664610128 23.88669166152532 23.88669166152532 23.88669166152532
 1152 524288 13464.928 13464.928 13464.928 89.71154929309685 89.71154929309685 89.71154929309685 22.427887323274213 22.427887323274213 22.427887323274213
 1264 524288 15100.002 15100.002 15100.002 87.77482704969178 87.77482704969178 87.77482704969178 21.943706762422945 21.943706762422945 21.943706762422945
 1376 524288 15831.947 15831.947 15831.947 91.13475278814413 91.13475278814413 91.13475278814413 22.78368819703603 22.78368819703603 22.78368819703603
 1504 524288 17341.137 17341.137 17341.137 90.9431892499321 90.9431892499321 90.9431892499321 22.735797312483026 22.735797312483026 22.735797312483026
 1648 524288 18769.026 18769.026 18769.026 92.06941521632501 92.06941521632501 92.06941521632501 23.017353804081253 23.017353804081253 23.017353804081253
 1808 524288 19382.0 19382.0 19382.0 97.81371416778455 97.81371416778455 97.81371416778455 24.45342854194614 24.45342854194614 24.45342854194614
 1984 524288 22063.017 22063.017 22063.017 94.29239817926985 94.29239817926985 94.29239817926985 23.573099544817463 23.573099544817463 23.573099544817463
 2176 262144 12054.205 12054.205 12054.205 94.64337863840875 94.64337863840875 94.64337863840875 23.660844659602187 23.660844659602187 23.660844659602187
 2384 262144 13141.87 13141.87 13141.87 95.1084276438589 95.1084276438589 95.1084276438589 23.777106910964726 23.777106910964726 23.777106910964726
 2608 262144 14019.012 14019.012 14019.012 97.53491216071431 97.53491216071431 97.53491216071431 24.38372804017858 24.38372804017858 24.38372804017858
 2864 262144 15307.903 15307.903 15307.903 98.09056354746957 98.09056354746957 98.09056354746957 24.522640886867393 24.522640886867393 24.522640886867393
 3136 262144 16551.971 16551.971 16551.971 99.33361821380667 99.33361821380667 99.33361821380667 24.83340455345167 24.83340455345167 24.83340455345167
 3440 262144 18482.924 18482.924 18482.924 97.57929643599682 97.57929643599682 97.57929643599682 24.394824108999206 24.394824108999206 24.394824108999206
 3776 262144 20220.041 20220.041 20220.041 97.9083814914124 97.9083814914124 97.9083814914124 24.4770953728531 24.4770953728531 24.4770953728531
 4144 131072 10904.074 10904.074 10904.074 99.62558361214349 99.62558361214349 99.62558361214349 24.90639590303587 24.90639590303587 24.90639590303587
 4544 131072 12022.018 12022.018 12022.018 99.08339315412769 99.08339315412769 99.08339315412769 24.770848288531923 24.770848288531923 24.770848288531923
 4992 131072 13164.997 13164.997 13164.997 99.40168220319381 99.40168220319381 99.40168220319381 24.850420550798454 24.850420550798454 24.850420550798454
 5488 131072 14696.121 14696.121 14696.121 97.89292507866531 97.89292507866531 97.89292507866531 24.47323126966633 24.47323126966633 24.47323126966633
 6032 131072 15854.12 15854.12 15854.12 99.73764598728911 99.73764598728911 99.73764598728911 24.93441149682228 24.93441149682228 24.93441149682228
 6624 131072 17419.815 17419.815 17419.815 99.6819918007166 99.6819918007166 99.6819918007166 24.92049795017915 24.92049795017915 24.92049795017915
 7280 131072 18977.165 18977.165 18977.165 100.56340449166142 100.56340449166142 100.56340449166142 25.140851122915354 25.140851122915354 25.140851122915354
 8000 131072 20758.867 20758.867 20758.867 101.02439598461709 101.02439598461709 101.02439598461709 25.25609899615427 25.25609899615427 25.25609899615427
 8800 65536 11471.987 11471.987 11471.987 100.54348910960238 100.54348910960238 100.54348910960238 25.135872277400594 25.135872277400594 25.135872277400594
 9680 65536 13010.979 13010.979 13010.979 97.51587178797232 97.51587178797232 97.51587178797232 24.37896794699308 24.37896794699308 24.37896794699308
 10640 65536 14165.163 14165.163 14165.163 98.45323205952519 98.45323205952519 98.45323205952519 24.613308014881298 24.613308014881298 24.613308014881298
 11696 65536 15186.071 15186.071 15186.071 100.9489625064969 100.9489625064969 100.9489625064969 25.237240626624224 25.237240626624224 25.237240626624224
 12864 65536 16582.966 16582.966 16582.966 101.67723964458469 101.67723964458469 101.67723964458469 25.419309911146172 25.419309911146172 25.419309911146172
 14144 65536 18207.073 18207.073 18207.073 101.82209781879823 101.82209781879823 101.82209781879823 25.455524454699557 25.455524454699557 25.455524454699557
 15552 65536 20126.82 20126.82 20126.82 101.27937468512164 101.27937468512164 101.27937468512164 25.31984367128041 25.31984367128041 25.31984367128041
 17104 32768 11065.96 11065.96 11065.96 101.29511980885528 101.29511980885528 101.29511980885528 25.32377995221382 25.32377995221382 25.32377995221382
 18800 32768 12106.895 12106.895 12106.895 101.76653881940827 101.76653881940827 101.76653881940827 25.441634704852067 25.441634704852067 25.441634704852067
 20672 32768 13447.046 13447.046 13447.046 100.74779189421974 100.74779189421974 100.74779189421974 25.186947973554936 25.186947973554936 25.186947973554936
 22736 32768 14619.112 14619.112 14619.112 101.92318767377938 101.92318767377938 101.92318767377938 25.480796918444845 25.480796918444845 25.480796918444845
 25008 32768 16216.993 16216.993 16216.993 101.06215671425646 101.06215671425646 101.06215671425646 25.265539178564115 25.265539178564115 25.265539178564115
 27504 32768 17786.026 17786.026 17786.026 101.34372591156674 101.34372591156674 101.34372591156674 25.335931477891684 25.335931477891684 25.335931477891684
 30240 32768 19552.946 19552.946 19552.946 101.35601254153721 101.35601254153721 101.35601254153721 25.339003135384303 25.339003135384303 25.339003135384303
 33264 16384 10782.003 10782.003 10782.003 101.09390175461832 101.09390175461832 101.09390175461832 25.27347543865458 25.27347543865458 25.27347543865458
 36576 16384 11794.09 11794.09 11794.09 101.62058861684113 101.62058861684113 101.62058861684113 25.405147154210283 25.405147154210283 25.405147154210283
 40224 16384 13000.965 13000.965 13000.965 101.381707588629 101.381707588629 101.381707588629 25.34542689715725 25.34542689715725 25.34542689715725
 44240 16384 14322.996 14322.996 14322.996 101.21180792063338 101.21180792063338 101.21180792063338 25.302951980158344 25.302951980158344 25.302951980158344
 48656 16384 15707.97 15707.97 15707.97 101.50005430364332 101.50005430364332 101.50005430364332 25.37501357591083 25.37501357591083 25.37501357591083
 53520 16384 17210.96 17210.96 17210.96 101.89689360732929 101.89689360732929 101.89689360732929 25.474223401832322 25.474223401832322 25.474223401832322
 58864 16384 19148.111 19148.111 19148.111 100.7334640999313 100.7334640999313 100.7334640999313 25.183366024982824 25.183366024982824 25.183366024982824
 64736 16384 20920.038 20920.038 20920.038 101.39891944746944 101.39891944746944 101.39891944746944 25.34972986186736 25.34972986186736 25.34972986186736
 71200 8192 12592.077 12592.077 12592.077 92.64085662754444 92.64085662754444 92.64085662754444 23.16021415688611 23.16021415688611 23.16021415688611
 78320 8192 14094.83 14094.83 14094.83 91.04011045184653 91.04011045184653 91.04011045184653 22.760027612961633 22.760027612961633 22.760027612961633
 86144 8192 16560.078 16560.078 16560.078 85.22805846687436 85.22805846687436 85.22805846687436 21.30701461671859 21.30701461671859 21.30701461671859
 94752 8192 18227.1 18227.1 18227.1 85.17080435176194 85.17080435176194 85.17080435176194 21.292701087940486 21.292701087940486 21.292701087940486
 104224 8192 20194.054 20194.054 20194.054 84.55984202082455 84.55984202082455 84.55984202082455 21.139960505206137 21.139960505206137 21.139960505206137
 114640 8192 21943.808 21943.808 21943.808 85.59415758650458 85.59415758650458 85.59415758650458 21.398539396626145 21.398539396626145 21.398539396626145
 126096 8192 22780.895 22780.895 22780.895 90.6881342458231 90.6881342458231 90.6881342458231 22.672033561455773 22.672033561455773 22.672033561455773
 138704 4096 12522.936 12522.936 12522.936 90.73456639880615 90.73456639880615 90.73456639880615 22.683641599701538 22.683641599701538 22.683641599701538
 152560 4096 14496.088 14496.088 14496.088 86.21439936071029 86.21439936071029 86.21439936071029 21.553599840177572 21.553599840177572 21.553599840177572
 167808 4096 15208.006 15208.006 15208.006 90.39206954547494 90.39206954547494 90.39206954547494 22.598017386368735 22.598017386368735 22.598017386368735
 184576 4096 16623.02 16623.02 16623.02 90.96100419779319 90.96100419779319 90.96100419779319 22.740251049448297 22.740251049448297 22.740251049448297
 203024 4096 18383.026 18383.026 18383.026 90.47327725043743 90.47327725043743 90.47327725043743 22.61831931260936 22.61831931260936 22.61831931260936
 223312 4096 20124.912 20124.912 20124.912 90.90086475906081 90.90086475906081 90.90086475906081 22.725216189765202 22.725216189765202 22.725216189765202
 245632 4096 22227.049 22227.049 22227.049 90.5301168859618 90.5301168859618 90.5301168859618 22.63252922149045 22.63252922149045 22.63252922149045
 270192 2048 12170.076 12170.076 12170.076 90.93669028854052 90.93669028854052 90.93669028854052 22.73417257213513 22.73417257213513 22.73417257213513
 297200 2048 13432.98 13432.98 13432.98 90.62257220661388 90.62257220661388 90.62257220661388 22.65564305165347 22.65564305165347 22.65564305165347
 326912 2048 14777.899 14777.899 14777.899 90.61041437622494 90.61041437622494 90.61041437622494 22.652603594056234 22.652603594056234 22.652603594056234
 359600 2048 16276.121 16276.121 16276.121 90.4958620054496 90.4958620054496 90.4958620054496 22.6239655013624 22.6239655013624 22.6239655013624
 395552 2048 17942.905 17942.905 17942.905 90.29647049906357 90.29647049906357 90.29647049906357 22.574117624765893 22.574117624765893 22.574117624765893
 435104 2048 19737.005 19737.005 19737.005 90.2966779407514 90.2966779407514 90.2966779407514 22.57416948518785 22.57416948518785 22.57416948518785
 478608 2048 21686.792 21686.792 21686.792 90.39503712674517 90.39503712674517 90.39503712674517 22.59875928168629 22.59875928168629 22.59875928168629
 526464 1024 12130.022 12130.022 12130.022 88.88675321446243 88.88675321446243 88.88675321446243 22.221688303615608 22.221688303615608 22.221688303615608
 579104 1024 16911.03 16911.03 16911.03 70.13203761095569 70.13203761095569 70.13203761095569 17.533009402738923 17.533009402738923 17.533009402738923
 637008 1024 18718.004 18718.004 18718.004 69.69719549157058 69.69719549157058 69.69719549157058 17.424298872892646 17.424298872892646 17.424298872892646
 700704 1024 21245.003 21245.003 21245.003 67.54726238447695 67.54726238447695 67.54726238447695 16.886815596119238 16.886815596119238 16.886815596119238
 770768 1024 23303.986 23303.986 23303.986 67.73660368659678 67.73660368659678 67.73660368659678 16.934150921649195 16.934150921649195 16.934150921649195
 847840 1024 25689.84 25689.84 25689.84 67.59000133905077 67.59000133905077 67.59000133905077 16.897500334762693 16.897500334762693 16.897500334762693
 932624 1024 28229.952 28229.952 28229.952 67.65912857379281 67.65912857379281 67.65912857379281 16.914782143448203 16.914782143448203 16.914782143448203
 1025872 1024 31085.968 31085.968 31085.968 67.58630955291467 67.58630955291467 67.58630955291467 16.896577388228668 16.896577388228668 16.896577388228668
 1128448 512 17222.881 17222.881 17222.881 67.09276758052266 67.09276758052266 67.09276758052266 16.773191895130665 16.773191895130665 16.773191895130665
 1241280 512 18743.992 18743.992 18743.992 67.8121672267039 67.8121672267039 67.8121672267039 16.953041806675976 16.953041806675976 16.953041806675976
 1365408 512 20619.154 20619.154 20619.154 67.80965853400194 67.80965853400194 67.80965853400194 16.952414633500485 16.952414633500485 16.952414633500485
 1501936 512 22684.097 22684.097 22684.097 67.8000303031679 67.8000303031679 67.8000303031679 16.950007575791975 16.950007575791975 16.950007575791975
 1652128 512 24967.909 24967.909 24967.909 67.75813993875099 67.75813993875099 67.75813993875099 16.939534984687747 16.939534984687747 16.939534984687747
 1817328 512 27451.992 27451.992 27451.992 67.78902864316733 67.78902864316733 67.78902864316733 16.947257160791832 16.947257160791832 16.947257160791832
 1999056 512 30208.111 30208.111 30208.111 67.76436116776716 67.76436116776716 67.76436116776716 16.94109029194179 16.94109029194179 16.94109029194179
 2198960 256 16617.06 16617.06 16617.06 67.75371335242212 67.75371335242212 67.75371335242212 16.93842833810553 16.93842833810553 16.93842833810553
 2418848 256 18276.93 18276.93 18276.93 67.76029541066251 67.76029541066251 67.76029541066251 16.940073852665627 16.940073852665627 16.940073852665627
 2660720 256 20117.998 20117.998 20117.998 67.71492073913122 67.71492073913122 67.71492073913122 16.928730184782804 16.928730184782804 16.928730184782804
 2926784 256 22145.033 22145.033 22145.033 67.66814969298082 67.66814969298082 67.66814969298082 16.917037423245205 16.917037423245205 16.917037423245205
 3219456 256 25087.118 25087.118 25087.118 65.7054936322299 65.7054936322299 65.7054936322299 16.426373408057476 16.426373408057476 16.426373408057476
 3541392 256 26797.056 26797.056 26797.056 67.66387710650005 67.66387710650005 67.66387710650005 16.915969276625013 16.915969276625013 16.915969276625013
 3895520 256 29493.093 29493.093 29493.093 67.62621472085006 67.62621472085006 67.62621472085006 16.906553680212514 16.906553680212514 16.906553680212514
 4285072 128 16249.18 16249.18 16249.18 67.50977169309466 67.50977169309466 67.50977169309466 16.877442923273666 16.877442923273666 16.877442923273666
 4713568 128 17863.035 17863.035 17863.035 67.55142158093516 67.55142158093516 67.55142158093516 16.88785539523379 16.88785539523379 16.88785539523379
 5184912 128 19702.196 19702.196 19702.196 67.37002677265012 67.37002677265012 67.37002677265012 16.84250669316253 16.84250669316253 16.84250669316253
 5703392 128 21613.836 21613.836 21613.836 67.55248591689138 67.55248591689138 67.55248591689138 16.888121479222846 16.888121479222846 16.888121479222846
 6273728 128 23799.896 23799.896 23799.896 67.48241118364551 67.48241118364551 67.48241118364551 16.870602795911378 16.870602795911378 16.870602795911378
 6901088 128 26190.996 26190.996 26190.996 67.45365957064023 67.45365957064023 67.45365957064023 16.863414892660057 16.863414892660057 16.863414892660057
 7591184 128 28841.972 28841.972 28841.972 67.37899558324237 67.37899558324237 67.37899558324237 16.844748895810593 16.844748895810593 16.844748895810593
 8350288 128 31949.043 31949.043 31949.043 66.90885007103343 66.90885007103343 66.90885007103343 16.727212517758357 16.727212517758357 16.727212517758357
 9185312 64 17501.116 17501.116 17501.116 67.17971219663934 67.17971219663934 67.17971219663934 16.794928049159836 16.794928049159836 16.794928049159836
 10103840 64 19299.984 19299.984 19299.984 67.00997886837627 67.00997886837627 67.00997886837627 16.752494717094066 16.752494717094066 16.752494717094066
 11114224 64 21305.084 21305.084 21305.084 66.77376498492097 66.77376498492097 66.77376498492097 16.693441246230243 16.693441246230243 16.693441246230243
 12225632 64 23338.079 23338.079 23338.079 67.0526865557358 67.0526865557358 67.0526865557358 16.76317163893395 16.76317163893395 16.76317163893395
 13448192 64 27104.139 27104.139 27104.139 63.50943580978536 63.50943580978536 63.50943580978536 15.87735895244634 15.87735895244634 15.87735895244634
 14793008 64 28346.062 28346.062 28346.062 66.7995795677015 66.7995795677015 66.7995795677015 16.699894891925375 16.699894891925375 16.699894891925375
 16272304 64 31334.162 31334.162 31334.162 66.47233495505641 66.47233495505641 66.47233495505641 16.618083738764103 16.618083738764103 16.618083738764103
 17899520 32 17998.934 17998.934 17998.934 63.64650706536286 63.64650706536286 63.64650706536286 15.911626766340715 15.911626766340715 15.911626766340715
 19689472 32 19834.042 19834.042 19834.042 63.533505071734744 63.533505071734744 63.533505071734744 15.883376267933686 15.883376267933686 15.883376267933686
 21658416 32 20945.072 20945.072 20945.072 66.17970203205795 66.17970203205795 66.17970203205795 16.544925508014487 16.544925508014487 16.544925508014487
 23824256 32 23002.148 23002.148 23002.148 66.28739124711309 66.28739124711309 66.28739124711309 16.571847811778273 16.571847811778273 16.571847811778273
 26206672 32 25415.897 25415.897 25415.897 65.99125767624885 65.99125767624885 65.99125767624885 16.497814419062212 16.497814419062212 16.497814419062212
 28827328 32 27968.884 27968.884 27968.884 65.96434065799694 65.96434065799694 65.96434065799694 16.491085164499236 16.491085164499236 16.491085164499236
 31710048 32 31595.945 31595.945 31595.945 64.23112434206351 64.23112434206351 64.23112434206351 16.057781085515877 16.057781085515877 16.057781085515877
 34881040 16 16906.023 16906.023 16906.023 66.02340952688873 66.02340952688873 66.02340952688873 16.505852381722182 16.505852381722182 16.505852381722182
 38369136 16 18704.891 18704.891 18704.891 65.64124602490332 65.64124602490332 65.64124602490332 16.41031150622583 16.41031150622583 16.41031150622583
 42206048 16 20711.899 20711.899 20711.899 65.20858063280436 65.20858063280436 65.20858063280436 16.30214515820109 16.30214515820109 16.30214515820109
 46426640 16 23107.052 23107.052 23107.052 64.29433231032674 64.29433231032674 64.29433231032674 16.073583077581684 16.073583077581684 16.073583077581684
 51069296 16 27365.923 27365.923 27365.923 59.71724293750297 59.71724293750297 59.71724293750297 14.929310734375742 14.929310734375742 14.929310734375742
 56176224 16 31574.011 31574.011 31574.011 56.93414016990113 56.93414016990113 56.93414016990113 14.233535042475282 14.233535042475282 14.233535042475282
 61793840 16 41103.125 41103.125 41103.125 48.10833434197522 48.10833434197522 48.10833434197522 12.027083585493806 12.027083585493806 12.027083585493806
 67973216 8 26878.119 26878.119 26878.119 40.46307913139309 40.46307913139309 40.46307913139309 10.115769782848272 10.115769782848272 10.115769782848272
 74770528 8 31290.054 31290.054 31290.054 38.233505381614236 38.233505381614236 38.233505381614236 9.558376345403559 9.558376345403559 9.558376345403559
 82247568 8 35677.91 35677.91 35677.91 36.88447804257592 36.88447804257592 36.88447804257592 9.22111951064398 9.22111951064398 9.22111951064398
 90472320 8 38731.813 38731.813 38731.813 37.37385389111529 37.37385389111529 37.37385389111529 9.343463472778822 9.343463472778822 9.343463472778822
 99519552 8 43484.926 43484.926 43484.926 36.61758173395535 36.61758173395535 36.61758173395535 9.154395433488837 9.154395433488837 9.154395433488837
 109471504 8 47590.017 47590.017 47590.017 36.80486317119828 36.80486317119828 36.80486317119828 9.20121579279957 9.20121579279957 9.20121579279957
 120418640 8 52754.879 52754.879 52754.879 36.52170712020778 36.52170712020778 36.52170712020778 9.130426780051945 9.130426780051945 9.130426780051945
 132460496 8 58254.004 58254.004 58254.004 36.38149810268836 36.38149810268836 36.38149810268836 9.09537452567209 9.09537452567209 9.09537452567209
 145706544 4 32610.893 32610.893 32610.893 35.74426348889004 35.74426348889004 35.74426348889004 8.93606587222251 8.93606587222251 8.93606587222251
 160277184 4 35696.03 35696.03 35696.03 35.92045031338219 35.92045031338219 35.92045031338219 8.980112578345548 8.980112578345548 8.980112578345548
 176304896 4 38563.967 38563.967 38563.967 36.57401656836808 36.57401656836808 36.57401656836808 9.14350414209202 9.14350414209202 9.14350414209202
 193935376 4 44258.833 44258.833 44258.833 35.05476540694148 35.05476540694148 35.05476540694148 8.76369135173537 8.76369135173537 8.76369135173537
 213328912 4 46455.145 46455.145 46455.145 36.73718585960716 36.73718585960716 36.73718585960716 9.18429646490179 9.18429646490179 9.18429646490179
 234661792 4 52604.914 52604.914 52604.914 35.68667246561795 35.68667246561795 35.68667246561795 8.921668116404488 8.921668116404488 8.921668116404488
 258127968 4 57156.086 57156.086 57156.086 36.12955134821513 36.12955134821513 36.12955134821513 9.032387837053783 9.032387837053783 9.032387837053783
 283940752 2 31667.948 31667.948 31667.948 35.86474905162785 35.86474905162785 35.86474905162785 8.966187262906962 8.966187262906962 8.966187262906962
 312334816 2 35293.102 35293.102 35293.102 35.39896447753445 35.39896447753445 35.39896447753445 8.849741119383612 8.849741119383612 8.849741119383612
 343568288 2 37482.977 37482.977 37482.977 36.66392752101841 36.66392752101841 36.66392752101841 9.165981880254602 9.165981880254602 9.165981880254602
 377925104 2 43530.941 43530.941 43530.941 34.72703280179494 34.72703280179494 34.72703280179494 8.681758200448735 8.681758200448735 8.681758200448735
 415717600 2 45560.122 45560.122 45560.122 36.49837460926904 36.49837460926904 36.49837460926904 9.12459365231726 9.12459365231726 9.12459365231726
 457289360 2 50790.071 50790.071 50790.071 36.01407527073549 36.01407527073549 36.01407527073549 9.003518817683872 9.003518817683872 9.003518817683872
 503018288 2 57061.911 57061.911 57061.911 35.26122971941827 35.26122971941827 35.26122971941827 8.815307429854567 8.815307429854567 8.815307429854567
 553320112 1 29806.852 29806.852 29806.852 37.12704125883538 37.12704125883538 37.12704125883538 9.281760314708846 9.281760314708846 9.281760314708846
 608652112 1 34414.053 34414.053 34414.053 35.37230049596309 35.37230049596309 35.37230049596309 8.843075123990772 8.843075123990772 8.843075123990772
 669517312 1 38078.07 38078.07 38078.07 35.16550665514298 35.16550665514298 35.16550665514298 8.791376663785744 8.791376663785744 8.791376663785744
 736469040 1 40689.945 40689.945 40689.945 36.199067853249744 36.199067853249744 36.199067853249744 9.049766963312436 9.049766963312436 9.049766963312436
 810115936 1 45114.994 45114.994 45114.994 35.91337886468521 35.91337886468521 35.91337886468521 8.978344716171302 8.978344716171302 8.978344716171302
 891127520 1 50590.992 50590.992 50590.992 35.22870316518007 35.22870316518007 35.22870316518007 8.807175791295018 8.807175791295018 8.807175791295018
 980240272 1 54539.919 54539.919 54539.919 35.945791265293224 35.945791265293224 35.945791265293224 8.986447816323306 8.986447816323306 8.986447816323306
 
META_DATA
 MPI startup(): shm:tmi fabric is unknown or has been removed from the product, please use ofi or shm:ofi instead
 FLOPS          4
 MPI_PROCS      1
 OPENMP_THREADS 2
 ERT_VERSION  1.1.0
 HOSTNAME  ('shas0420.rc.int.colorado.edu', [], ['10.225.6.135'])
 UNAME  uname_result(system='Linux', node='shas0420.rc.int.colorado.edu', release='3.10.0-957.27.2.el7.x86_64', version='#1 SMP Mon Jul 29 17:46:05 UTC 2019', machine='x86_64', processor='x86_64')
 TIMESTAMP_DATA  1664552819.1711075
 CONFIG  {'ERT_RESULTS': ['lab5_results'], 'ERT_DRIVER': ['driver1'], 'ERT_KERNEL': ['kernel1'], 'ERT_MPI': ['True'], 'ERT_MPI_CFLAGS': ['-I/usr/include/mpi'], 'ERT_MPI_LDFLAGS': ['-lmpi'], 'ERT_OPENMP': ['True'], 'ERT_OPENMP_CFLAGS': ['-qopenmp'], 'ERT_OPENMP_LDFLAGS': ['-qopenmp'], 'ERT_FLOPS': ['1,2,4,8,16'], 'ERT_ALIGN': ['32'], 'ERT_CC': ['mpicc'], 'ERT_CFLAGS': ['-O3', '-msse3', '-axSSE3', '-xSSE3', '-fno-alias', '-fno-fnalias', '-DERT_INTEL', '-std=c++11'], 'ERT_LD': ['mpicc'], 'ERT_LDFLAGS': [], 'ERT_LDLIBS': [], 'ERT_PRECISION': ['FP64'], 'ERT_RUN': ['export', 'OMP_NUM_THREADS=ERT_OPENMP_THREADS;', 'mpirun', '-np', 'ERT_MPI_PROCS', 'ERT_CODE'], 'ERT_PROCS_THREADS': ['1-24'], 'ERT_MPI_PROCS': ['1,2,4'], 'ERT_OPENMP_THREADS': ['1,2,4'], 'ERT_NUM_EXPERIMENTS': ['1'], 'ERT_MEMORY_MAX': ['1073741824'], 'ERT_WORKING_SET_MIN': ['1'], 'ERT_TRIALS_MIN': ['1'], 'ERT_GNUPLOT': ['gnuplot'], 'ERT_GPU': [False], 'ERT_HIP': [False], 'ERT_OCL': [False], 'ERT_SYCL': [False], 'ERT_WSS_MULT': [1.1]}
 