fp64
 64 16777216 51177.979 51177.979 51177.979 41.96108736532953 41.96108736532953 41.96108736532953 5.245135920666192 5.245135920666192 5.245135920666192
 128 8388608 28362.989 28362.989 28362.989 75.71429259447937 75.71429259447937 75.71429259447937 9.464286574309922 9.464286574309922 9.464286574309922
 192 4194304 14173.985 14173.985 14173.985 113.63161002357488 113.63161002357488 113.63161002357488 14.20395125294686 14.20395125294686 14.20395125294686
 256 4194304 19227.028 19227.028 19227.028 111.69087848626425 111.69087848626425 111.69087848626425 13.961359810783032 13.961359810783032 13.961359810783032
 320 2097152 7593.155 7593.155 7593.155 176.761475302427 176.761475302427 176.761475302427 22.095184412803373 22.095184412803373 22.095184412803373
 384 2097152 11837.959 11837.959 11837.959 136.05493446970038 136.05493446970038 136.05493446970038 17.006866808712548 17.006866808712548 17.006866808712548
 448 2097152 8516.073 8516.073 8516.073 220.64726218293336 220.64726218293336 220.64726218293336 27.58090777286667 27.58090777286667 27.58090777286667
 512 2097152 12785.912 12785.912 12785.912 167.95701769259793 167.95701769259793 167.95701769259793 20.99462721157474 20.99462721157474 20.99462721157474
 576 1048576 6558.895 6558.895 6558.895 184.171198349722 184.171198349722 184.171198349722 23.02139979371525 23.02139979371525 23.02139979371525
 640 1048576 7246.017 7246.017 7246.017 185.22966203363865 185.22966203363865 185.22966203363865 23.15370775420483 23.15370775420483 23.15370775420483
 704 1048576 7632.017 7632.017 7632.017 193.44755233118585 193.44755233118585 193.44755233118585 24.18094404139823 24.18094404139823 24.18094404139823
 768 1048576 8339.882 8339.882 8339.882 193.12176551179022 193.12176551179022 193.12176551179022 24.140220688973777 24.140220688973777 24.140220688973777
 832 1048576 8778.095 8778.095 8778.095 198.7709706946667 198.7709706946667 198.7709706946667 24.846371336833336 24.846371336833336 24.846371336833336
 896 1048576 9409.904 9409.904 9409.904 199.68834878655508 199.68834878655508 199.68834878655508 24.961043598319385 24.961043598319385 24.961043598319385
 960 1048576 9845.972 9845.972 9845.972 204.4760964179057 204.4760964179057 204.4760964179057 25.55951205223821 25.55951205223821 25.55951205223821
 1024 1048576 4520.178 4520.178 4520.178 475.08829254069207 475.08829254069207 475.08829254069207 59.38603656758651 59.38603656758651 59.38603656758651
 1088 524288 2851.963 2851.963 2851.963 400.02296242973694 400.02296242973694 400.02296242973694 50.00287030371712 50.00287030371712 50.00287030371712
 1152 524288 2947.807 2947.807 2947.807 409.78244233764286 409.78244233764286 409.78244233764286 51.22280529220536 51.22280529220536 51.22280529220536
 1216 524288 3300.905 3300.905 3300.905 386.27843455052476 386.27843455052476 386.27843455052476 48.284804318815596 48.284804318815596 48.284804318815596
 1280 524288 3557.92 3557.92 3557.92 377.23649772901024 377.23649772901024 377.23649772901024 47.15456221612628 47.15456221612628 47.15456221612628
 1408 524288 4074.097 4074.097 4074.097 362.38582635612255 362.38582635612255 362.38582635612255 45.29822829451532 45.29822829451532 45.29822829451532
 1536 524288 4606.009 4606.009 4606.009 349.67641965093856 349.67641965093856 349.67641965093856 43.70955245636732 43.70955245636732 43.70955245636732
 1664 524288 5083.799 5083.799 5083.799 343.2138965368222 343.2138965368222 343.2138965368222 42.90173706710277 42.90173706710277 42.90173706710277
 1792 524288 5641.937 5641.937 5641.937 333.0501903867413 333.0501903867413 333.0501903867413 41.63127379834266 41.63127379834266 41.63127379834266
 1920 524288 6179.094 6179.094 6179.094 325.8189501567705 325.8189501567705 325.8189501567705 40.72736876959631 40.72736876959631 40.72736876959631
 2112 262144 2341.986 2341.986 2341.986 472.8022524472819 472.8022524472819 472.8022524472819 59.100281555910236 59.100281555910236 59.100281555910236
 2304 262144 2648.83 2648.83 2648.83 456.035137022761 456.035137022761 456.035137022761 57.00439212784512 57.00439212784512 57.00439212784512
 2496 262144 3023.863 3023.863 3023.863 432.7652568915986 432.7652568915986 432.7652568915986 54.095657111449825 54.095657111449825 54.095657111449825
 2688 262144 3376.007 3376.007 3376.007 417.4417126504773 417.4417126504773 417.4417126504773 52.180214081309664 52.180214081309664 52.180214081309664
 2944 262144 3863.096 3863.096 3863.096 399.5510005446409 399.5510005446409 399.5510005446409 49.94387506808011 49.94387506808011 49.94387506808011
 3200 262144 3525.972 3525.972 3525.972 475.81818573715276 475.81818573715276 475.81818573715276 59.477273217144095 59.477273217144095 59.477273217144095
 3520 262144 3978.968 3978.968 3978.968 463.81216436020594 463.81216436020594 463.81216436020594 57.97652054502574 57.97652054502574 57.97652054502574
 3840 262144 4434.824 4434.824 4434.824 453.9674900289166 453.9674900289166 453.9674900289166 56.74593625361457 56.74593625361457 56.74593625361457
 4224 131072 2356.052 2356.052 2356.052 469.97954883848064 469.97954883848064 469.97954883848064 58.74744360481008 58.74744360481008 58.74744360481008
 4608 131072 2566.814 2566.814 2566.814 470.60657764839993 470.60657764839993 470.60657764839993 58.82582220604999 58.82582220604999 58.82582220604999
 5056 131072 2920.866 2920.866 2920.866 453.76955464577975 453.76955464577975 453.76955464577975 56.72119433072247 56.72119433072247 56.72119433072247
 5504 131072 3089.905 3089.905 3089.905 466.95305389647905 466.95305389647905 466.95305389647905 58.36913173705988 58.36913173705988 58.36913173705988
 6016 131072 3349.066 3349.066 3349.066 470.8949611623061 470.8949611623061 470.8949611623061 58.861870145288265 58.861870145288265 58.861870145288265
 6592 131072 3698.111 3698.111 3698.111 467.27998375386784 467.27998375386784 467.27998375386784 58.40999796923348 58.40999796923348 58.40999796923348
 7232 131072 3889.799 3889.799 3889.799 487.3839002992186 487.3839002992186 487.3839002992186 60.92298753740233 60.92298753740233 60.92298753740233
 7936 131072 4280.09 4280.09 4280.09 486.0586539068103 486.0586539068103 486.0586539068103 60.75733173835129 60.75733173835129 60.75733173835129
 8704 65536 2380.133 2380.133 2380.133 479.32224291667734 479.32224291667734 479.32224291667734 59.91528036458467 59.91528036458467 59.91528036458467
 9536 65536 2590.895 2590.895 2590.895 482.42116797477314 482.42116797477314 482.42116797477314 60.30264599684664 60.30264599684664 60.30264599684664
 10432 65536 2799.988 2799.988 2799.988 488.3389157382103 488.3389157382103 488.3389157382103 61.042364467276286 61.042364467276286 61.042364467276286
 11456 65536 3083.944 3083.944 3083.944 486.89627048999597 486.89627048999597 486.89627048999597 60.862033811249496 60.862033811249496 60.862033811249496
 12544 65536 3323.078 3323.078 3323.078 494.77236706451066 494.77236706451066 494.77236706451066 61.84654588306383 61.84654588306383 61.84654588306383
 13760 65536 3664.017 3664.017 3664.017 492.2331746823227 492.2331746823227 492.2331746823227 61.52914683529034 61.52914683529034 61.52914683529034
 15104 65536 4039.049 4039.049 4039.049 490.1429737544654 490.1429737544654 490.1429737544654 61.267871719308175 61.267871719308175 61.267871719308175
 16576 32768 2211.094 2211.094 2211.094 491.30644649209836 491.30644649209836 491.30644649209836 61.413305811512295 61.413305811512295 61.413305811512295
 18176 32768 2420.187 2420.187 2420.187 492.1860732249203 492.1860732249203 492.1860732249203 61.523259153115035 61.523259153115035 61.523259153115035
 19968 32768 2645.969 2645.969 2645.969 494.5722523582097 494.5722523582097 494.5722523582097 61.821531544776214 61.821531544776214 61.821531544776214
 21952 32768 2907.038 2907.038 2907.038 494.8838893746831 494.8838893746831 494.8838893746831 61.86048617183539 61.86048617183539 61.86048617183539
 24128 32768 3204.107 3204.107 3204.107 493.50805325789685 493.50805325789685 493.50805325789685 61.688506657237106 61.688506657237106 61.688506657237106
 26496 32768 3495.932 3495.932 3495.932 496.70355601882414 496.70355601882414 496.70355601882414 62.08794450235302 62.08794450235302 62.08794450235302
 29120 32768 3831.148 3831.148 3831.148 498.1296258980337 498.1296258980337 498.1296258980337 62.26620323725421 62.26620323725421 62.26620323725421
 32000 32768 4204.988 4204.988 4204.988 498.72960398460106 498.72960398460106 498.72960398460106 62.34120049807513 62.34120049807513 62.34120049807513
 35200 16384 2454.996 2454.996 2454.996 469.83115247438286 469.83115247438286 469.83115247438286 58.72889405929786 58.72889405929786 58.72889405929786
 38720 16384 2673.864 2673.864 2673.864 474.5106557401573 474.5106557401573 474.5106557401573 59.31383196751966 59.31383196751966 59.31383196751966
 42560 16384 2938.986 2938.986 2938.986 474.5194703207161 474.5194703207161 474.5194703207161 59.31493379008951 59.31493379008951 59.31493379008951
 46784 16384 3185.987 3185.987 3185.987 481.1752565217623 481.1752565217623 481.1752565217623 60.14690706522029 60.14690706522029 60.14690706522029
 51456 16384 3468.99 3468.99 3468.99 486.052196172373 486.052196172373 486.052196172373 60.75652452154662 60.75652452154662 60.75652452154662
 56576 16384 3799.915 3799.915 3799.915 487.8746940392088 487.8746940392088 487.8746940392088 60.9843367549011 60.9843367549011 60.9843367549011
 62208 16384 4192.114 4192.114 4192.114 486.253890996285 486.253890996285 486.253890996285 60.781736374535626 60.781736374535626 60.781736374535626
 68416 8192 2317.19 2317.19 2317.19 483.74442492846936 483.74442492846936 483.74442492846936 60.46805311605867 60.46805311605867 60.46805311605867
 75200 8192 2518.177 2518.177 2518.177 489.2733116059752 489.2733116059752 489.2733116059752 61.1591639507469 61.1591639507469 61.1591639507469
 82688 8192 2820.969 2820.969 2820.969 480.2463947671882 480.2463947671882 480.2463947671882 60.03079934589852 60.03079934589852 60.03079934589852
 90944 8192 3069.878 3069.878 3069.878 485.36993847963987 485.36993847963987 485.36993847963987 60.671242309954984 60.671242309954984 60.671242309954984
 100032 8192 3395.081 3395.081 3395.081 482.734959195377 482.734959195377 482.734959195377 60.34186989942212 60.34186989942212 60.34186989942212
 110016 8192 3687.143 3687.143 3687.143 488.8614691646079 488.8614691646079 488.8614691646079 61.10768364557599 61.10768364557599 61.10768364557599
 120960 8192 4004.955 4004.955 4004.955 494.8391779682917 494.8391779682917 494.8391779682917 61.854897246036465 61.854897246036465 61.854897246036465
 133056 4096 2222.061 2222.061 2222.061 490.53322658558875 490.53322658558875 490.53322658558875 61.316653323198594 61.316653323198594 61.316653323198594
 146304 4096 2452.135 2452.135 2452.135 488.7668778431855 488.7668778431855 488.7668778431855 61.09585973039819 61.09585973039819 61.09585973039819
 160896 4096 2662.897 2662.897 2662.897 494.97221710039855 494.97221710039855 494.97221710039855 61.87152713754982 61.87152713754982 61.87152713754982
 176960 4096 2924.919 2924.919 2924.919 495.6227232275493 495.6227232275493 495.6227232275493 61.95284040344366 61.95284040344366 61.95284040344366
 194624 4096 3285.885 3285.885 3285.885 485.21473149547234 485.21473149547234 485.21473149547234 60.65184143693404 60.65184143693404 60.65184143693404
 214080 4096 3515.005 3515.005 3515.005 498.930544906764 498.930544906764 498.930544906764 62.3663181133455 62.3663181133455 62.3663181133455
 235456 4096 3887.177 3887.177 3887.177 496.209859237179 496.209859237179 496.209859237179 62.026232404647374 62.026232404647374 62.026232404647374
 258944 4096 4288.912 4288.912 4288.912 494.5937916189466 494.5937916189466 494.5937916189466 61.82422395236833 61.82422395236833 61.82422395236833
 284800 2048 2501.965 2501.965 2501.965 466.24984761977083 466.24984761977083 466.24984761977083 58.281230952471354 58.281230952471354 58.281230952471354
 313280 2048 2882.957 2882.957 2882.957 445.0967808399501 445.0967808399501 445.0967808399501 55.63709760499376 55.63709760499376 55.63709760499376
 344576 2048 3150.94 3150.94 3150.94 447.92452284080304 447.92452284080304 447.92452284080304 55.99056535510038 55.99056535510038 55.99056535510038
 379008 2048 3463.984 3463.984 3463.984 448.1593356089405 448.1593356089405 448.1593356089405 56.019916951117565 56.019916951117565 56.019916951117565
 416896 2048 3839.016 3839.016 3839.016 444.80304744757507 444.80304744757507 444.80304744757507 55.60038093094688 55.60038093094688 55.60038093094688
 458560 2048 4176.855 4176.855 4176.855 449.68325690022766 449.68325690022766 449.68325690022766 56.21040711252846 56.21040711252846 56.21040711252846
 504384 2048 4616.976 4616.976 4616.976 447.46969964756147 447.46969964756147 447.46969964756147 55.933712455945184 55.933712455945184 55.933712455945184
 554816 1024 2544.88 2544.88 2544.88 446.48988085882235 446.48988085882235 446.48988085882235 55.81123510735279 55.81123510735279 55.81123510735279
 610240 1024 2802.849 2802.849 2802.849 445.8932750212373 445.8932750212373 445.8932750212373 55.73665937765466 55.73665937765466 55.73665937765466
 671232 1024 3075.123 3075.123 3075.123 447.03354499966343 447.03354499966343 447.03354499966343 55.87919312495793 55.87919312495793 55.87919312495793
 738304 1024 3359.795 3359.795 3359.795 450.0413245450987 450.0413245450987 450.0413245450987 56.255165568137336 56.255165568137336 56.255165568137336
 812096 1024 3720.045 3720.045 3720.045 447.08400247846464 447.08400247846464 447.08400247846464 55.88550030980808 55.88550030980808 55.88550030980808
 893248 1024 4079.819 4079.819 4079.819 448.3953587156685 448.3953587156685 448.3953587156685 56.049419839458565 56.049419839458565 56.049419839458565
 982528 1024 4521.132 4521.132 4521.132 445.0693640442262 445.0693640442262 445.0693640442262 55.63367050552827 55.63367050552827 55.63367050552827
 1080768 512 2561.092 2561.092 2561.092 432.122872587162 432.122872587162 432.122872587162 54.01535907339525 54.01535907339525 54.01535907339525
 1188800 512 2755.88 2755.88 2755.88 441.7214102210546 441.7214102210546 441.7214102210546 55.21517627763183 55.21517627763183 55.21517627763183
 1307648 512 3203.869 3203.869 3203.869 417.94204194990493 417.94204194990493 417.94204194990493 52.24275524373812 52.24275524373812 52.24275524373812
 1438400 512 3521.919 3521.919 3521.919 418.21563755441287 418.21563755441287 418.21563755441287 52.27695469430161 52.27695469430161 52.27695469430161
 1582208 512 3963.947 3963.947 3963.947 408.729226702577 408.729226702577 408.729226702577 51.09115333782213 51.09115333782213 51.09115333782213
 1740416 512 4431.963 4431.963 4431.963 402.12113323148236 402.12113323148236 402.12113323148236 50.265141653935295 50.265141653935295 50.265141653935295
 1914432 512 5274.057 5274.057 5274.057 371.70215794027257 371.70215794027257 371.70215794027257 46.46276974253407 46.46276974253407 46.46276974253407
 2105856 256 2912.045 2912.045 2912.045 370.25467394906326 370.25467394906326 370.25467394906326 46.28183424363291 46.28183424363291 46.28183424363291
 2316416 256 3830.91 3830.91 3830.91 309.58832026855237 309.58832026855237 309.58832026855237 38.698540033569046 38.698540033569046 38.698540033569046
 2548032 256 4238.129 4238.129 4238.129 307.8227170527372 307.8227170527372 307.8227170527372 38.47783963159215 38.47783963159215 38.47783963159215
 2802816 256 5032.063 5032.063 5032.063 285.1796155970226 285.1796155970226 285.1796155970226 35.64745194962782 35.64745194962782 35.64745194962782
 3083072 256 5536.079 5536.079 5536.079 285.1355379863619 285.1355379863619 285.1355379863619 35.64194224829524 35.64194224829524 35.64194224829524
 3391360 256 6050.11 6050.11 6050.11 286.9991322471823 286.9991322471823 286.9991322471823 35.874891530897784 35.874891530897784 35.874891530897784
 3730496 256 6829.023 6829.023 6829.023 279.69066028918047 279.69066028918047 279.69066028918047 34.96133253614756 34.96133253614756 34.96133253614756
 4103488 256 7323.98 7323.98 7323.98 286.8639532057706 286.8639532057706 286.8639532057706 35.857994150721325 35.857994150721325 35.857994150721325
 4513792 128 4132.032 4132.032 4132.032 279.6519368678655 279.6519368678655 279.6519368678655 34.95649210848319 34.95649210848319 34.95649210848319
 4965120 128 4453.897 4453.897 4453.897 285.38395027994585 285.38395027994585 285.38395027994585 35.67299378499323 35.67299378499323 35.67299378499323
 5461632 128 4899.025 4899.025 4899.025 285.39919514597295 285.39919514597295 285.39919514597295 35.67489939324662 35.67489939324662 35.67489939324662
 6007744 128 5398.035 5398.035 5398.035 284.91524489930134 284.91524489930134 284.91524489930134 35.61440561241267 35.61440561241267 35.61440561241267
 6608512 128 5901.098 5901.098 5901.098 286.68886231003114 286.68886231003114 286.68886231003114 35.83610778875389 35.83610778875389 35.83610778875389
 7269312 128 6487.846 6487.846 6487.846 286.8353952914419 286.8353952914419 286.8353952914419 35.85442441143024 35.85442441143024 35.85442441143024
 7996224 128 7134.914 7134.914 7134.914 286.9037165689733 286.9037165689733 286.9037165689733 35.862964571121665 35.862964571121665 35.862964571121665
 8795840 64 3938.913 3938.913 3938.913 285.83203538641243 285.83203538641243 285.83203538641243 35.729004423301554 35.729004423301554 35.729004423301554
 9675392 64 4327.059 4327.059 4327.059 286.21060540196004 286.21060540196004 286.21060540196004 35.776325675245005 35.776325675245005 35.776325675245005
 10642880 64 4781.961 4781.961 4781.961 284.8807508049522 284.8807508049522 284.8807508049522 35.61009385061902 35.61009385061902 35.61009385061902
 11707136 64 5228.996 5228.996 5228.996 286.5776542953943 286.5776542953943 286.5776542953943 35.82220678692429 35.82220678692429 35.82220678692429
 12877824 64 5897.999 5897.999 5897.999 279.4780860424018 279.4780860424018 279.4780860424018 34.934760755300225 34.934760755300225 34.934760755300225
 14165568 64 6333.113 6333.113 6333.113 286.30354519175637 286.30354519175637 286.30354519175637 35.787943148969546 35.787943148969546 35.787943148969546
 15582080 64 6987.095 6987.095 6987.095 285.4557208682578 285.4557208682578 285.4557208682578 35.681965108532225 35.681965108532225 35.681965108532225
 17140288 32 3840.923 3840.923 3840.923 285.6028178643519 285.6028178643519 285.6028178643519 35.700352233043986 35.700352233043986 35.700352233043986
 18854272 32 4245.043 4245.043 4245.043 284.25469612439736 284.25469612439736 284.25469612439736 35.53183701554967 35.53183701554967 35.53183701554967
 20739648 32 4700.899 4700.899 4700.899 282.3582195660872 282.3582195660872 282.3582195660872 35.2947774457609 35.2947774457609 35.2947774457609
 22813568 32 5106.926 5106.926 5106.926 285.899649221469 285.899649221469 285.899649221469 35.73745615268363 35.73745615268363 35.73745615268363
 25094912 32 5671.978 5671.978 5671.978 283.159484751175 283.159484751175 283.159484751175 35.394935593896875 35.394935593896875 35.394935593896875
 27604352 32 6191.969 6191.969 6191.969 285.31772817338066 285.31772817338066 285.31772817338066 35.66471602167258 35.66471602167258 35.66471602167258
 30364736 32 6852.865 6852.865 6852.865 283.58111592742597 283.58111592742597 283.58111592742597 35.447639490928246 35.447639490928246 35.447639490928246
 33401152 32 7571.936 7571.936 7571.936 282.31534550741054 282.31534550741054 282.31534550741054 35.28941818842632 35.28941818842632 35.28941818842632
 36741248 16 4125.118 4125.118 4125.118 285.01486163547315 285.01486163547315 285.01486163547315 35.626857704434144 35.626857704434144 35.626857704434144
 40415360 16 4588.127 4588.127 4588.127 281.877881758722 281.877881758722 281.877881758722 35.23473521984025 35.23473521984025 35.23473521984025
 44456896 16 5005.121 5005.121 5005.121 284.233022937907 284.233022937907 284.233022937907 35.52912786723837 35.52912786723837 35.52912786723837
 48902528 16 5927.086 5927.086 5927.086 264.02196559995923 264.02196559995923 264.02196559995923 33.002745699994904 33.002745699994904 33.002745699994904
 53792768 16 7359.982 7359.982 7359.982 233.88217199444236 233.88217199444236 233.88217199444236 29.235271499305295 29.235271499305295 29.235271499305295
 59172032 16 9072.065 9072.065 9072.065 208.7181941487412 208.7181941487412 208.7181941487412 26.08977426859265 26.08977426859265 26.08977426859265
 65089216 16 12150.049 12150.049 12150.049 171.427696464434 171.427696464434 171.427696464434 21.42846205805425 21.42846205805425 21.42846205805425
 71598080 8 8810.043 8810.043 8810.043 130.02993061441356 130.02993061441356 130.02993061441356 16.253741326801695 16.253741326801695 16.253741326801695
 78757888 8 11219.025 11219.025 11219.025 112.32047419450443 112.32047419450443 112.32047419450443 14.040059274313053 14.040059274313053 14.040059274313053
 86633664 8 13213.873 13213.873 13213.873 104.90025324142286 104.90025324142286 104.90025324142286 13.112531655177857 13.112531655177857 13.112531655177857
 95297024 8 15611.172 15611.172 15611.172 97.67059026702158 97.67059026702158 97.67059026702158 12.208823783377698 12.208823783377698 12.208823783377698
 104826688 8 16613.007 16613.007 16613.007 100.95866497859176 100.95866497859176 100.95866497859176 12.61983312232397 12.61983312232397 12.61983312232397
 115309312 8 18521.07 18521.07 18521.07 99.61352081710181 99.61352081710181 99.61352081710181 12.451690102137727 12.451690102137727 12.451690102137727
 126840192 8 20429.85 20429.85 20429.85 99.33714990565275 99.33714990565275 99.33714990565275 12.417143738206594 12.417143738206594 12.417143738206594
 139524160 4 11202.812 11202.812 11202.812 99.63509875913299 99.63509875913299 99.63509875913299 12.454387344891623 12.454387344891623 12.454387344891623
 153476544 4 12376.07 12376.07 12376.07 99.20858172263085 99.20858172263085 99.20858172263085 12.401072715328857 12.401072715328857 12.401072715328857
 168824192 4 13582.945 13582.945 13582.945 99.43304165628295 99.43304165628295 99.43304165628295 12.429130207035369 12.429130207035369 12.429130207035369
 185706560 4 14901.161 14901.161 14901.161 99.70045152857553 99.70045152857553 99.70045152857553 12.462556441071941 12.462556441071941 12.462556441071941
 204277184 4 16375.065 16375.065 16375.065 99.79914412553477 99.79914412553477 99.79914412553477 12.474893015691846 12.474893015691846 12.474893015691846
 224704896 4 18071.175 18071.175 18071.175 99.47549996057258 99.47549996057258 99.47549996057258 12.434437495071572 12.434437495071572 12.434437495071572
 247175360 4 19738.197 19738.197 19738.197 100.1815353246297 100.1815353246297 100.1815353246297 12.522691915578713 12.522691915578713 12.522691915578713
 271892864 2 10870.934 10870.934 10870.934 100.04397561423886 100.04397561423886 100.04397561423886 12.505496951779858 12.505496951779858 12.505496951779858
 299082112 2 12032.032 12032.032 12032.032 99.42862917917772 99.42862917917772 99.42862917917772 12.428578647397215 12.428578647397215 12.428578647397215
 328990272 2 13309.002 13309.002 13309.002 98.87751823915872 98.87751823915872 98.87751823915872 12.35968977989484 12.35968977989484 12.35968977989484
 361889280 2 14475.822 14475.822 14475.822 99.9982674558999 99.9982674558999 99.9982674558999 12.499783431987488 12.499783431987488 12.499783431987488
 398078208 2 15899.181 15899.181 15899.181 100.15061983381406 100.15061983381406 100.15061983381406 12.518827479226758 12.518827479226758 12.518827479226758
 437886016 2 17442.942 17442.942 17442.942 100.41563309675627 100.41563309675627 100.41563309675627 12.551954137094533 12.551954137094533 12.551954137094533
 481674560 2 19280.195 19280.195 19280.195 99.93147061012608 99.93147061012608 99.93147061012608 12.49143382626576 12.49143382626576 12.49143382626576
 529841984 2 21272.898 21272.898 21272.898 99.62760767244782 99.62760767244782 99.62760767244782 12.453450959055978 12.453450959055978 12.453450959055978
 582826176 1 11655.092 11655.092 11655.092 100.01228235693033 100.01228235693033 100.01228235693033 12.501535294616291 12.501535294616291 12.501535294616291
 641108736 1 12912.989 12912.989 12912.989 99.2967214639461 99.2967214639461 99.2967214639461 12.412090182993262 12.412090182993262 12.412090182993262
 705219584 1 13995.886 13995.886 13995.886 100.77526838958246 100.77526838958246 100.77526838958246 12.596908548697808 12.596908548697808 12.596908548697808
 775741504 1 15482.903 15482.903 15482.903 100.2062086160457 100.2062086160457 100.2062086160457 12.525776077005712 12.525776077005712 12.525776077005712
 853315648 1 17138.958 17138.958 17138.958 99.57614085990527 99.57614085990527 99.57614085990527 12.447017607488158 12.447017607488158 12.447017607488158
 938647168 1 18638.134 18638.134 18638.134 100.72329858772345 100.72329858772345 100.72329858772345 12.590412323465431 12.590412323465431 12.590412323465431
 1032511872 1 20434.856 20434.856 20434.856 101.0539904954554 101.0539904954554 101.0539904954554 12.631748811931924 12.631748811931924 12.631748811931924
 
META_DATA
 MPI startup(): shm:tmi fabric is unknown or has been removed from the product, please use ofi or shm:ofi instead
 FLOPS          2
 MPI_PROCS      4
 OPENMP_THREADS 2
 ERT_VERSION  1.1.0
 HOSTNAME  ('shas0420.rc.int.colorado.edu', [], ['10.225.6.135'])
 UNAME  uname_result(system='Linux', node='shas0420.rc.int.colorado.edu', release='3.10.0-957.27.2.el7.x86_64', version='#1 SMP Mon Jul 29 17:46:05 UTC 2019', machine='x86_64', processor='x86_64')
 TIMESTAMP_DATA  1664554967.374469
 CONFIG  {'ERT_RESULTS': ['lab5_results'], 'ERT_DRIVER': ['driver1'], 'ERT_KERNEL': ['kernel1'], 'ERT_MPI': ['True'], 'ERT_MPI_CFLAGS': ['-I/usr/include/mpi'], 'ERT_MPI_LDFLAGS': ['-lmpi'], 'ERT_OPENMP': ['True'], 'ERT_OPENMP_CFLAGS': ['-qopenmp'], 'ERT_OPENMP_LDFLAGS': ['-qopenmp'], 'ERT_FLOPS': ['1,2,4,8,16'], 'ERT_ALIGN': ['32'], 'ERT_CC': ['mpicc'], 'ERT_CFLAGS': ['-O3', '-msse3', '-axSSE3', '-xSSE3', '-fno-alias', '-fno-fnalias', '-DERT_INTEL', '-std=c++11'], 'ERT_LD': ['mpicc'], 'ERT_LDFLAGS': [], 'ERT_LDLIBS': [], 'ERT_PRECISION': ['FP64'], 'ERT_RUN': ['export', 'OMP_NUM_THREADS=ERT_OPENMP_THREADS;', 'mpirun', '-np', 'ERT_MPI_PROCS', 'ERT_CODE'], 'ERT_PROCS_THREADS': ['1-24'], 'ERT_MPI_PROCS': ['1,2,4,8,12,24'], 'ERT_OPENMP_THREADS': ['1,2,4,8,12,24'], 'ERT_NUM_EXPERIMENTS': ['1'], 'ERT_MEMORY_MAX': ['1073741824'], 'ERT_WORKING_SET_MIN': ['1'], 'ERT_TRIALS_MIN': ['1'], 'ERT_GNUPLOT': ['gnuplot'], 'ERT_GPU': [False], 'ERT_HIP': [False], 'ERT_OCL': [False], 'ERT_SYCL': [False], 'ERT_WSS_MULT': [1.1]}
 