fp64
 16 67108864 184116.125 184116.125 184116.125 11.663745627929114 11.663745627929114 11.663745627929114 1.4579682034911392 1.4579682034911392 1.4579682034911392
 32 33554432 102263.927 102263.927 102263.927 20.999424831397295 20.999424831397295 20.999424831397295 2.624928103924662 2.624928103924662 2.624928103924662
 48 16777216 50879.002 50879.002 50879.002 31.655745448780618 31.655745448780618 31.655745448780618 3.956968181097577 3.956968181097577 3.956968181097577
 64 16777216 66729.069 66729.069 66729.069 32.18213111889812 32.18213111889812 32.18213111889812 4.022766389862265 4.022766389862265 4.022766389862265
 80 8388608 26834.011 26834.011 26834.011 50.017765886732334 50.017765886732334 50.017765886732334 6.252220735841542 6.252220735841542 6.252220735841542
 96 8388608 42422.056 42422.056 42422.056 37.96639974262445 37.96639974262445 37.96639974262445 4.745799967828057 4.745799967828057 4.745799967828057
 112 8388608 30718.803 30718.803 30718.803 61.1693167862042 61.1693167862042 61.1693167862042 7.646164598275525 7.646164598275525 7.646164598275525
 128 8388608 46312.094 46312.094 46312.094 46.36982400320746 46.36982400320746 46.36982400320746 5.796228000400933 5.796228000400933 5.796228000400933
 144 4194304 23711.92 23711.92 23711.92 50.94313543567961 50.94313543567961 50.94313543567961 6.367891929459951 6.367891929459951 6.367891929459951
 160 4194304 25796.175 25796.175 25796.175 52.030088956986845 52.030088956986845 52.030088956986845 6.503761119623356 6.503761119623356 6.503761119623356
 176 4194304 26928.902 26928.902 26928.902 54.82566678730533 54.82566678730533 54.82566678730533 6.853208348413166 6.853208348413166 6.853208348413166
 192 4194304 29595.852 29595.852 29595.852 54.42021861712243 54.42021861712243 54.42021861712243 6.802527327140304 6.802527327140304 6.802527327140304
 208 4194304 31128.168 31128.168 31128.168 56.05310482775601 56.05310482775601 56.05310482775601 7.006638103469501 7.006638103469501 7.006638103469501
 224 4194304 33423.901 33423.901 33423.901 56.21869787132268 56.21869787132268 56.21869787132268 7.027337233915335 7.027337233915335 7.027337233915335
 240 4194304 34920.931 34920.931 34920.931 57.65212617040479 57.65212617040479 57.65212617040479 7.206515771300599 7.206515771300599 7.206515771300599
 256 4194304 15963.078 15963.078 15963.078 134.52816856498478 134.52816856498478 134.52816856498478 16.816021070623098 16.816021070623098 16.816021070623098
 272 2097152 10231.972 10231.972 10231.972 111.4986131705599 111.4986131705599 111.4986131705599 13.937326646319988 13.937326646319988 13.937326646319988
 288 2097152 10264.874 10264.874 10264.874 117.67894588866848 117.67894588866848 117.67894588866848 14.70986823608356 14.70986823608356 14.70986823608356
 304 2097152 11458.158 11458.158 11458.158 111.2804009160984 111.2804009160984 111.2804009160984 13.9100501145123 13.9100501145123 13.9100501145123
 320 2097152 12145.042 12145.042 12145.042 110.51236216391841 110.51236216391841 110.51236216391841 13.814045270489801 13.814045270489801 13.814045270489801
 352 2097152 14231.92 14231.92 14231.92 103.73828745524145 103.73828745524145 103.73828745524145 12.967285931905181 12.967285931905181 12.967285931905181
 384 2097152 16583.204 16583.204 16583.204 97.12313350303114 97.12313350303114 97.12313350303114 12.140391687878893 12.140391687878893 12.140391687878893
 416 2097152 18016.815 18016.815 18016.815 96.84455682094756 96.84455682094756 96.84455682094756 12.105569602618445 12.105569602618445 12.105569602618445
 448 2097152 19957.066 19957.066 19957.066 94.15453113198103 94.15453113198103 94.15453113198103 11.769316391497629 11.769316391497629 11.769316391497629
 480 2097152 21969.08 21969.08 21969.08 91.64088437021485 91.64088437021485 91.64088437021485 11.455110546276856 11.455110546276856 11.455110546276856
 528 1048576 8385.897 8385.897 8385.897 132.0426730736139 132.0426730736139 132.0426730736139 16.50533413420174 16.50533413420174 16.50533413420174
 576 1048576 9420.872 9420.872 9420.872 128.22162874094883 128.22162874094883 128.22162874094883 16.027703592618604 16.027703592618604 16.027703592618604
 624 1048576 10797.977 10797.977 10797.977 121.19148318245166 121.19148318245166 121.19148318245166 15.148935397806458 15.148935397806458 15.148935397806458
 672 1048576 11930.943 11930.943 11930.943 118.12026459266464 118.12026459266464 118.12026459266464 14.76503307408308 14.76503307408308 14.76503307408308
 736 1048576 13784.885 13784.885 13784.885 111.97074709001924 111.97074709001924 111.97074709001924 13.996343386252406 13.996343386252406 13.996343386252406
 800 1048576 13333.082 13333.082 13333.082 125.83149192362276 125.83149192362276 125.83149192362276 15.728936490452845 15.728936490452845 15.728936490452845
 880 1048576 14350.891 14350.891 14350.891 128.59785221698084 128.59785221698084 128.59785221698084 16.074731527122605 16.074731527122605 16.074731527122605
 960 1048576 15722.036 15722.036 15722.036 128.0537660643952 128.0537660643952 128.0537660643952 16.0067207580494 16.0067207580494 16.0067207580494
 1056 524288 8306.98 8306.98 8306.98 133.29708943563122 133.29708943563122 133.29708943563122 16.662136179453903 16.662136179453903 16.662136179453903
 1152 524288 9238.958 9238.958 9238.958 130.74629758031153 130.74629758031153 130.74629758031153 16.34328719753894 16.34328719753894 16.34328719753894
 1264 524288 10412.931 10412.931 10412.931 127.28405326031644 127.28405326031644 127.28405326031644 15.910506657539555 15.910506657539555 15.910506657539555
 1376 524288 10843.039 10843.039 10843.039 133.0660690236381 133.0660690236381 133.0660690236381 16.633258627954763 16.633258627954763 16.633258627954763
 1504 524288 11911.869 11911.869 11911.869 132.39385893179315 132.39385893179315 132.39385893179315 16.549232366474143 16.549232366474143 16.549232366474143
 1648 524288 12943.983 12943.983 12943.983 133.50243491512617 133.50243491512617 133.50243491512617 16.68780436439077 16.68780436439077 16.68780436439077
 1808 524288 14071.941 14071.941 14071.941 134.7238030631311 134.7238030631311 134.7238030631311 16.840475382891388 16.840475382891388 16.840475382891388
 1984 524288 16721.01 16721.01 16721.01 124.41681357764874 124.41681357764874 124.41681357764874 15.552101697206092 15.552101697206092 15.552101697206092
 2176 262144 8555.889 8555.889 8555.889 133.34098747657902 133.34098747657902 133.34098747657902 16.667623434572377 16.667623434572377 16.667623434572377
 2384 262144 9286.88 9286.88 9286.88 134.58799855279707 134.58799855279707 134.58799855279707 16.823499819099634 16.823499819099634 16.823499819099634
 2608 262144 10028.124 10028.124 10028.124 136.35083730516297 136.35083730516297 136.35083730516297 17.04385466314537 17.04385466314537 17.04385466314537
 2864 262144 10993.958 10993.958 10993.958 136.58055015309318 136.58055015309318 136.58055015309318 17.072568769136648 17.072568769136648 17.072568769136648
 3136 262144 11925.936 11925.936 11925.936 137.86483241231548 137.86483241231548 137.86483241231548 17.233104051539435 17.233104051539435 17.233104051539435
 3440 262144 13205.051 13205.051 13205.051 136.58036761842118 136.58036761842118 136.58036761842118 17.072545952302647 17.072545952302647 17.072545952302647
 3776 262144 14420.986 14420.986 14420.986 137.27989805967496 137.27989805967496 137.27989805967496 17.15998725745937 17.15998725745937 17.15998725745937
 4144 131072 7905.96 7905.96 7905.96 137.4057971454447 137.4057971454447 137.4057971454447 17.175724643180587 17.175724643180587 17.175724643180587
 4544 131072 8651.972 8651.972 8651.972 137.6775532791831 137.6775532791831 137.6775532791831 17.209694159897886 17.209694159897886 17.209694159897886
 4992 131072 9467.125 9467.125 9467.125 138.22811550497116 138.22811550497116 138.22811550497116 17.278514438121395 17.278514438121395 17.278514438121395
 5488 131072 10419.846 10419.846 10419.846 138.06790157935154 138.06790157935154 138.06790157935154 17.258487697418943 17.258487697418943 17.258487697418943
 6032 131072 11403.084 11403.084 11403.084 138.6688555482008 138.6688555482008 138.6688555482008 17.3336069435251 17.3336069435251 17.3336069435251
 6624 131072 12564.898 12564.898 12564.898 138.1978473681203 138.1978473681203 138.1978473681203 17.27473092101504 17.27473092101504 17.27473092101504
 7280 131072 13783.932 13783.932 13783.932 138.45166386485366 138.45166386485366 138.45166386485366 17.306457983106707 17.306457983106707 17.306457983106707
 8000 131072 15207.052 15207.052 15207.052 137.9065449371778 137.9065449371778 137.9065449371778 17.238318117147227 17.238318117147227 17.238318117147227
 8800 65536 8677.006 8677.006 8677.006 132.92990692872635 132.92990692872635 132.92990692872635 16.616238366090794 16.616238366090794 16.616238366090794
 9680 65536 9581.804 9581.804 9581.804 132.41524873604178 132.41524873604178 132.41524873604178 16.551906092005222 16.551906092005222 16.551906092005222
 10640 65536 10434.866 10434.866 10434.866 133.6486812576223 133.6486812576223 133.6486812576223 16.706085157202786 16.706085157202786 16.706085157202786
 11696 65536 11440.992 11440.992 11440.992 133.99346070690373 133.99346070690373 133.99346070690373 16.749182588362967 16.749182588362967 16.749182588362967
 12864 65536 12481.928 12481.928 12481.928 135.08411585133322 135.08411585133322 135.08411585133322 16.885514481416653 16.885514481416653 16.885514481416653
 14144 65536 13715.029 13715.029 13715.029 135.17159664773587 135.17159664773587 135.17159664773587 16.896449580966983 16.896449580966983 16.896449580966983
 15552 65536 15072.107 15072.107 15072.107 135.24530737474197 135.24530737474197 135.24530737474197 16.905663421842746 16.905663421842746 16.905663421842746
 17104 32768 8270.025 8270.025 8270.025 135.5410345192427 135.5410345192427 135.5410345192427 16.942629314905336 16.942629314905336 16.942629314905336
 18800 32768 9025.097 9025.097 9025.097 136.51673771484118 136.51673771484118 136.51673771484118 17.064592214355148 17.064592214355148 17.064592214355148
 20672 32768 9986.877 9986.877 9986.877 135.65403799405962 135.65403799405962 135.65403799405962 16.956754749257453 16.956754749257453 16.956754749257453
 22736 32768 10905.981 10905.981 10905.981 136.62471042265707 136.62471042265707 136.62471042265707 17.078088802832134 17.078088802832134 17.078088802832134
 25008 32768 11991.024 11991.024 11991.024 136.67926008654473 136.67926008654473 136.67926008654473 17.08490751081809 17.08490751081809 17.08490751081809
 27504 32768 13149.977 13149.977 13149.977 137.07264613466623 137.07264613466623 137.07264613466623 17.13408076683328 17.13408076683328 17.13408076683328
 30240 32768 14390.23 14390.23 14390.23 137.71903854212198 137.71903854212198 137.71903854212198 17.214879817765247 17.214879817765247 17.214879817765247
 33264 16384 7930.994 7930.994 7930.994 137.43482241948487 137.43482241948487 137.43482241948487 17.17935280243561 17.17935280243561 17.17935280243561
 36576 16384 8777.857 8777.857 8777.857 136.5392906264023 136.5392906264023 136.5392906264023 17.067411328300288 17.067411328300288 17.067411328300288
 40224 16384 9535.074 9535.074 9535.074 138.23280574434975 138.23280574434975 138.23280574434975 17.27910071804372 17.27910071804372 17.27910071804372
 44240 16384 10509.014 10509.014 10509.014 137.94408495411656 137.94408495411656 137.94408495411656 17.24301061926457 17.24301061926457 17.24301061926457
 48656 16384 11579.99 11579.99 11579.99 137.68231302444994 137.68231302444994 137.68231302444994 17.210289128056242 17.210289128056242 17.210289128056242
 53520 16384 14362.097 14362.097 14362.097 122.10914325394127 122.10914325394127 122.10914325394127 15.263642906742659 15.263642906742659 15.263642906742659
 58864 16384 13948.917 13948.917 13948.917 138.2799504793096 138.2799504793096 138.2799504793096 17.2849938099137 17.2849938099137 17.2849938099137
 64736 16384 15315.056 15315.056 15315.056 138.5087490375484 138.5087490375484 138.5087490375484 17.31359362969355 17.31359362969355 17.31359362969355
 71200 8192 9003.162 9003.162 9003.162 129.57012214153204 129.57012214153204 129.57012214153204 16.196265267691505 16.196265267691505 16.196265267691505
 78320 8192 10266.066 10266.066 10266.066 124.99382723625583 124.99382723625583 124.99382723625583 15.624228404531978 15.624228404531978 15.624228404531978
 86144 8192 11296.988 11296.988 11296.988 124.93447775637188 124.93447775637188 124.93447775637188 15.616809719546485 15.616809719546485 15.616809719546485
 94752 8192 12401.819 12401.819 12401.819 125.17653805461926 125.17653805461926 125.17653805461926 15.647067256827407 15.647067256827407 15.647067256827407
 104224 8192 13710.976 13710.976 13710.976 124.54299504280367 124.54299504280367 124.54299504280367 15.567874380350458 15.567874380350458 15.567874380350458
 114640 8192 15072.823 15072.823 15072.823 124.6124737217441 124.6124737217441 124.6124737217441 15.576559215218012 15.576559215218012 15.576559215218012
 126096 8192 16549.826 16549.826 16549.826 124.83254289199172 124.83254289199172 124.83254289199172 15.604067861498965 15.604067861498965 15.604067861498965
 138704 4096 9109.974 9109.974 9109.974 124.7273777071153 124.7273777071153 124.7273777071153 15.590922213389412 15.590922213389412 15.590922213389412
 152560 4096 10022.879 10022.879 10022.879 124.69186947183537 124.69186947183537 124.69186947183537 15.586483683979422 15.586483683979422 15.586483683979422
 167808 4096 11045.933 11045.933 11045.933 124.45151858154489 124.45151858154489 124.45151858154489 15.556439822693111 15.556439822693111 15.556439822693111
 184576 4096 12102.127 12102.127 12102.127 124.94056557165528 124.94056557165528 124.94056557165528 15.61757069645691 15.61757069645691 15.61757069645691
 203024 4096 13378.143 13378.143 13378.143 124.32013979817677 124.32013979817677 124.32013979817677 15.540017474772096 15.540017474772096 15.540017474772096
 223312 4096 14724.97 14724.97 14724.97 124.23603606662698 124.23603606662698 124.23603606662698 15.529504508328372 15.529504508328372 15.529504508328372
 245632 4096 16203.88 16203.88 16203.88 124.1812049953468 124.1812049953468 124.1812049953468 15.52265062441835 15.52265062441835 15.52265062441835
 270192 2048 8929.968 8929.968 8929.968 123.93173547766352 123.93173547766352 123.93173547766352 15.49146693470794 15.49146693470794 15.49146693470794
 297200 2048 9813.07 9813.07 9813.07 124.0520244938638 124.0520244938638 124.0520244938638 15.506503061732975 15.506503061732975 15.506503061732975
 326912 2048 10909.081 10909.081 10909.081 122.74467042640897 122.74467042640897 122.74467042640897 15.343083803301122 15.343083803301122 15.343083803301122
 359600 2048 12392.044 12392.044 12392.044 118.86026227795836 118.86026227795836 118.86026227795836 14.857532784744794 14.857532784744794 14.857532784744794
 395552 2048 14378.071 14378.071 14378.071 112.68416966364961 112.68416966364961 112.68416966364961 14.085521207956202 14.085521207956202 14.085521207956202
 435104 2048 16520.023 16520.023 16520.023 107.88035730942988 107.88035730942988 107.88035730942988 13.485044663678735 13.485044663678735 13.485044663678735
 478608 2048 18304.11 18304.11 18304.11 107.10044727659525 107.10044727659525 107.10044727659525 13.387555909574406 13.387555909574406 13.387555909574406
 526464 1024 10651.827 10651.827 10651.827 101.2219098188508 101.2219098188508 101.2219098188508 12.65273872735635 12.65273872735635 12.65273872735635
 579104 1024 14119.864 14119.864 14119.864 83.99549684047949 83.99549684047949 83.99549684047949 10.499437105059936 10.499437105059936 10.499437105059936
 637008 1024 15609.98 15609.98 15609.98 83.57425083183963 83.57425083183963 83.57425083183963 10.446781353979954 10.446781353979954 10.446781353979954
 700704 1024 18459.082 18459.082 18459.082 77.74177459095746 77.74177459095746 77.74177459095746 9.717721823869683 9.717721823869683 9.717721823869683
 770768 1024 20207.882 20207.882 20207.882 78.11471108154728 78.11471108154728 78.11471108154728 9.76433888519341 9.76433888519341 9.76433888519341
 847840 1024 22380.114 22380.114 22380.114 77.5856780711662 77.5856780711662 77.5856780711662 9.698209758895775 9.698209758895775 9.698209758895775
 932624 1024 24589.062 24589.062 24589.062 77.67738159349062 77.67738159349062 77.67738159349062 9.709672699186328 9.709672699186328 9.709672699186328
 1025872 1024 27061.939 27061.939 27061.939 77.63619066616032 77.63619066616032 77.63619066616032 9.70452383327004 9.70452383327004 9.70452383327004
 1128448 512 15461.922 15461.922 15461.922 74.73396593256646 74.73396593256646 74.73396593256646 9.341745741570808 9.341745741570808 9.341745741570808
 1241280 512 16369.104 16369.104 16369.104 77.65059834673909 77.65059834673909 77.65059834673909 9.706324793342386 9.706324793342386 9.706324793342386
 1365408 512 17991.066 17991.066 17991.066 77.71511660287389 77.71511660287389 77.71511660287389 9.714389575359236 9.714389575359236 9.714389575359236
 1501936 512 19809.961 19809.961 19809.961 77.63682442383404 77.63682442383404 77.63682442383404 9.704603052979255 9.704603052979255 9.704603052979255
 1652128 512 21791.935 21791.935 21791.935 77.63326533417064 77.63326533417064 77.63326533417064 9.70415816677133 9.70415816677133 9.70415816677133
 1817328 512 24032.831 24032.831 24032.831 77.43340233200159 77.43340233200159 77.43340233200159 9.679175291500199 9.679175291500199 9.679175291500199
 1999056 512 26319.981 26319.981 26319.981 77.77487924478365 77.77487924478365 77.77487924478365 9.721859905597956 9.721859905597956 9.721859905597956
 2198960 256 14509.916 14509.916 14509.916 77.5929729710358 77.5929729710358 77.5929729710358 9.699121621379476 9.699121621379476 9.699121621379476
 2418848 256 15993.118 15993.118 15993.118 77.436443350196 77.436443350196 77.436443350196 9.6795554187745 9.6795554187745 9.6795554187745
 2660720 256 17570.972 17570.972 17570.972 77.53063632450157 77.53063632450157 77.53063632450157 9.691329540562696 9.691329540562696 9.691329540562696
 2926784 256 19398.212 19398.212 19398.212 77.25007892479988 77.25007892479988 77.25007892479988 9.656259865599985 9.656259865599985 9.656259865599985
 3219456 256 21865.845 21865.845 21865.845 75.38521708170893 75.38521708170893 75.38521708170893 9.423152135213616 9.423152135213616 9.423152135213616
 3541392 256 23371.935 23371.935 23371.935 77.57991385822355 77.57991385822355 77.57991385822355 9.697489232277944 9.697489232277944 9.697489232277944
 3895520 256 25684.118 25684.118 25684.118 77.6552358153782 77.6552358153782 77.6552358153782 9.706904476922276 9.706904476922276 9.706904476922276
 4285072 128 14157.057 14157.057 14157.057 77.48633292922392 77.48633292922392 77.48633292922392 9.68579161615299 9.68579161615299 9.68579161615299
 4713568 128 15559.912 15559.912 15559.912 77.55014347124842 77.55014347124842 77.55014347124842 9.693767933906052 9.693767933906052 9.693767933906052
 5184912 128 17112.97 17112.97 17112.97 77.56324425275098 77.56324425275098 77.56324425275098 9.695405531593872 9.695405531593872 9.695405531593872
 5703392 128 18839.121 18839.121 18839.121 77.50193610413139 77.50193610413139 77.50193610413139 9.687742013016424 9.687742013016424 9.687742013016424
 6273728 128 20756.96 20756.96 20756.96 77.37522103429404 77.37522103429404 77.37522103429404 9.671902629286755 9.671902629286755 9.671902629286755
 6901088 128 22819.042 22819.042 22819.042 77.42124003277613 77.42124003277613 77.42124003277613 9.677655004097016 9.677655004097016 9.677655004097016
 7591184 128 25332.928 25332.928 25332.928 76.7121393942303 76.7121393942303 76.7121393942303 9.589017424278788 9.589017424278788 9.589017424278788
 8350288 128 27650.833 27650.833 27650.833 77.30955982411092 77.30955982411092 77.30955982411092 9.663694978013865 9.663694978013865 9.663694978013865
 9185312 64 15215.874 15215.874 15215.874 77.26930020582452 77.26930020582452 77.26930020582452 9.658662525728065 9.658662525728065 9.658662525728065
 10103840 64 16700.983 16700.983 16700.983 77.43804780832362 77.43804780832362 77.43804780832362 9.679755976040452 9.679755976040452 9.679755976040452
 11114224 64 18416.882 18416.882 18416.882 77.24546815253527 77.24546815253527 77.24546815253527 9.655683519066908 9.655683519066908 9.655683519066908
 12225632 64 20271.063 20271.063 20271.063 77.19777181887305 77.19777181887305 77.19777181887305 9.649721477359131 9.649721477359131 9.649721477359131
 13448192 64 22977.829 22977.829 22977.829 74.91432615326713 74.91432615326713 74.91432615326713 9.36429076915839 9.36429076915839 9.36429076915839
 14793008 64 24646.044 24646.044 24646.044 76.82794950783988 76.82794950783988 76.82794950783988 9.603493688479984 9.603493688479984 9.603493688479984
 16272304 64 27055.979 27055.979 27055.979 76.98316560638963 76.98316560638963 76.98316560638963 9.622895700798704 9.622895700798704 9.622895700798704
 17899520 32 15345.097 15345.097 15345.097 74.65376595534065 74.65376595534065 74.65376595534065 9.33172074441758 9.33172074441758 9.33172074441758
 19689472 32 16687.155 16687.155 16687.155 75.51474220740444 75.51474220740444 75.51474220740444 9.439342775925555 9.439342775925555 9.439342775925555
 21658416 32 18138.17 18138.17 18138.17 76.42108459673716 76.42108459673716 76.42108459673716 9.552635574592145 9.552635574592145 9.552635574592145
 23824256 32 19937.992 19937.992 19937.992 76.47472142631014 76.47472142631014 76.47472142631014 9.559340178288767 9.559340178288767 9.559340178288767
 26206672 32 21945.953 21945.953 21945.953 76.42534402584386 76.42534402584386 76.42534402584386 9.553168003230482 9.553168003230482 9.553168003230482
 28827328 32 24282.932 24282.932 24282.932 75.97719221056173 75.97719221056173 75.97719221056173 9.497149026320216 9.497149026320216 9.497149026320216
 31710048 32 26731.968 26731.968 26731.968 75.91820669544418 75.91820669544418 75.91820669544418 9.489775836930523 9.489775836930523 9.489775836930523
 34881040 16 14805.794 14805.794 14805.794 75.3889511092752 75.3889511092752 75.3889511092752 9.4236188886594 9.4236188886594 9.4236188886594
 38369136 16 16036.987 16036.987 16036.987 76.56128623163441 76.56128623163441 76.56128623163441 9.570160778954302 9.570160778954302 9.570160778954302
 42206048 16 17863.989 17863.989 17863.989 75.60425255523836 75.60425255523836 75.60425255523836 9.450531569404795 9.450531569404795 9.450531569404795
 46426640 16 20272.97 20272.97 20272.97 73.28242877092009 73.28242877092009 73.28242877092009 9.160303596365011 9.160303596365011 9.160303596365011
 51069296 16 21811.962 21811.962 21811.962 74.92299280550736 74.92299280550736 74.92299280550736 9.36537410068842 9.36537410068842 9.36537410068842
 56176224 16 26963.949 26963.949 26963.949 66.66824536717526 66.66824536717526 66.66824536717526 8.333530670896907 8.333530670896907 8.333530670896907
 61793840 16 37422.895 37422.895 37422.895 52.83938829425143 52.83938829425143 52.83938829425143 6.6049235367814285 6.6049235367814285 6.6049235367814285
 67973216 8 25058.031 25058.031 25058.031 43.40211152264917 43.40211152264917 43.40211152264917 5.4252639403311465 5.4252639403311465 5.4252639403311465
 74770528 8 30467.987 30467.987 30467.987 39.26509644368694 39.26509644368694 39.26509644368694 4.908137055460868 4.908137055460868 4.908137055460868
 82247568 8 35495.043 35495.043 35495.043 37.07450327641524 37.07450327641524 37.07450327641524 4.634312909551905 4.634312909551905 4.634312909551905
 90472320 8 40040.97 40040.97 40040.97 36.15189941702211 36.15189941702211 36.15189941702211 4.5189874271277635 4.5189874271277635 4.5189874271277635
 99519552 8 44968.128 44968.128 44968.128 35.40980918752055 35.40980918752055 35.40980918752055 4.426226148440069 4.426226148440069 4.426226148440069
 109471504 8 49699.068 49699.068 49699.068 35.24299618656833 35.24299618656833 35.24299618656833 4.405374523321041 4.405374523321041 4.405374523321041
 120418640 8 54913.044 54913.044 54913.044 35.08634924700222 35.08634924700222 35.08634924700222 4.385793655875277 4.385793655875277 4.385793655875277
 132460496 8 60836.077 60836.077 60836.077 34.83735376296536 34.83735376296536 34.83735376296536 4.35466922037067 4.35466922037067 4.35466922037067
 145706544 4 33614.874 33614.874 33614.874 34.67668366092938 34.67668366092938 34.67668366092938 4.334585457616172 4.334585457616172 4.334585457616172
 160277184 4 36952.972 36952.972 36952.972 34.69862916574071 34.69862916574071 34.69862916574071 4.337328645717589 4.337328645717589 4.337328645717589
 176304896 4 40642.977 40642.977 40642.977 34.70314608105602 34.70314608105602 34.70314608105602 4.337893260132002 4.337893260132002 4.337893260132002
 193935376 4 44585.943 44585.943 44585.943 34.79758200919963 34.79758200919963 34.79758200919963 4.349697751149954 4.349697751149954 4.349697751149954
 213328912 4 49180.984 49180.984 49180.984 34.70104006052421 34.70104006052421 34.70104006052421 4.337630007565526 4.337630007565526 4.337630007565526
 234661792 4 54052.114 54052.114 54052.114 34.73119175320322 34.73119175320322 34.73119175320322 4.3413989691504025 4.3413989691504025 4.3413989691504025
 258127968 4 59602.022 59602.022 59602.022 34.64687396008142 34.64687396008142 34.64687396008142 4.330859245010178 4.330859245010178 4.330859245010178
 283940752 2 32615.9 32615.9 32615.9 34.82237215591169 34.82237215591169 34.82237215591169 4.352796519488961 4.352796519488961 4.352796519488961
 312334816 2 36005.974 36005.974 36005.974 34.69811048577661 34.69811048577661 34.69811048577661 4.337263810722076 4.337263810722076 4.337263810722076
 343568288 2 39624.929 39624.929 39624.929 34.68203443342448 34.68203443342448 34.68203443342448 4.33525430417806 4.33525430417806 4.33525430417806
 377925104 2 43614.149 43614.149 43614.149 34.660779830875526 34.660779830875526 34.660779830875526 4.332597478859441 4.332597478859441 4.332597478859441
 415717600 2 47955.99 47955.99 47955.99 34.674925906023425 34.674925906023425 34.674925906023425 4.334365738252928 4.334365738252928 4.334365738252928
 457289360 2 52700.996 52700.996 52700.996 34.70821386373798 34.70821386373798 34.70821386373798 4.338526732967248 4.338526732967248 4.338526732967248
 503018288 2 57934.046 57934.046 57934.046 34.7304096800006 34.7304096800006 34.7304096800006 4.341301210000075 4.341301210000075 4.341301210000075
 553320112 1 31646.967 31646.967 31646.967 34.96828697675831 34.96828697675831 34.96828697675831 4.371035872094788 4.371035872094788 4.371035872094788
 608652112 1 34898.043 34898.043 34898.043 34.881733167673616 34.881733167673616 34.881733167673616 4.360216645959202 4.360216645959202 4.360216645959202
 669517312 1 38408.995 38408.995 38408.995 34.862526967966744 34.862526967966744 34.862526967966744 4.357815870995843 4.357815870995843 4.357815870995843
 736469040 1 42216.063 42216.063 42216.063 34.890465271477346 34.890465271477346 34.890465271477346 4.361308158934668 4.361308158934668 4.361308158934668
 810115936 1 46514.034 46514.034 46514.034 34.83318329259509 34.83318329259509 34.83318329259509 4.354147911574386 4.354147911574386 4.354147911574386
 891127520 1 51203.966 51203.966 51203.966 34.80697256927324 34.80697256927324 34.80697256927324 4.350871571159155 4.350871571159155 4.350871571159155
 980240272 1 56387.901 56387.901 56387.901 34.76775175582436 34.76775175582436 34.76775175582436 4.345968969478045 4.345968969478045 4.345968969478045
 
META_DATA
 MPI startup(): shm:tmi fabric is unknown or has been removed from the product, please use ofi or shm:ofi instead
 FLOPS          2
 MPI_PROCS      1
 OPENMP_THREADS 2
 ERT_VERSION  1.1.0
 HOSTNAME  ('shas0420.rc.int.colorado.edu', [], ['10.225.6.135'])
 UNAME  uname_result(system='Linux', node='shas0420.rc.int.colorado.edu', release='3.10.0-957.27.2.el7.x86_64', version='#1 SMP Mon Jul 29 17:46:05 UTC 2019', machine='x86_64', processor='x86_64')
 TIMESTAMP_DATA  1664552484.9082162
 CONFIG  {'ERT_RESULTS': ['lab5_results'], 'ERT_DRIVER': ['driver1'], 'ERT_KERNEL': ['kernel1'], 'ERT_MPI': ['True'], 'ERT_MPI_CFLAGS': ['-I/usr/include/mpi'], 'ERT_MPI_LDFLAGS': ['-lmpi'], 'ERT_OPENMP': ['True'], 'ERT_OPENMP_CFLAGS': ['-qopenmp'], 'ERT_OPENMP_LDFLAGS': ['-qopenmp'], 'ERT_FLOPS': ['1,2,4,8,16'], 'ERT_ALIGN': ['32'], 'ERT_CC': ['mpicc'], 'ERT_CFLAGS': ['-O3', '-msse3', '-axSSE3', '-xSSE3', '-fno-alias', '-fno-fnalias', '-DERT_INTEL', '-std=c++11'], 'ERT_LD': ['mpicc'], 'ERT_LDFLAGS': [], 'ERT_LDLIBS': [], 'ERT_PRECISION': ['FP64'], 'ERT_RUN': ['export', 'OMP_NUM_THREADS=ERT_OPENMP_THREADS;', 'mpirun', '-np', 'ERT_MPI_PROCS', 'ERT_CODE'], 'ERT_PROCS_THREADS': ['1-24'], 'ERT_MPI_PROCS': ['1,2,4'], 'ERT_OPENMP_THREADS': ['1,2,4'], 'ERT_NUM_EXPERIMENTS': ['1'], 'ERT_MEMORY_MAX': ['1073741824'], 'ERT_WORKING_SET_MIN': ['1'], 'ERT_TRIALS_MIN': ['1'], 'ERT_GNUPLOT': ['gnuplot'], 'ERT_GPU': [False], 'ERT_HIP': [False], 'ERT_OCL': [False], 'ERT_SYCL': [False], 'ERT_WSS_MULT': [1.1]}
 