fp64
 8 134217728 370316.029 370316.029 370316.029 5.799056697056989 5.799056697056989 5.799056697056989 0.7248820871321237 0.7248820871321237 0.7248820871321237
 16 67108864 215365.887 215365.887 215365.887 9.971326833204557 9.971326833204557 9.971326833204557 1.2464158541505697 1.2464158541505697 1.2464158541505697
 24 33554432 100845.814 100845.814 100845.814 15.9710420503919 15.9710420503919 15.9710420503919 1.9963802562989874 1.9963802562989874 1.9963802562989874
 32 33554432 137941.122 137941.122 137941.122 15.568117881482797 15.568117881482797 15.568117881482797 1.9460147351853496 1.9460147351853496 1.9460147351853496
 40 16777216 53328.037 53328.037 53328.037 25.168323371812846 25.168323371812846 25.168323371812846 3.146040421476606 3.146040421476606 3.146040421476606
 48 16777216 84648.132 84648.132 84648.132 19.027150368776006 19.027150368776006 19.027150368776006 2.3783937960970007 2.3783937960970007 2.3783937960970007
 56 16777216 61268.806 61268.806 61268.806 30.66892134310566 30.66892134310566 30.66892134310566 3.8336151678882073 3.8336151678882073 3.8336151678882073
 64 16777216 91984.034 91984.034 91984.034 23.346265157277184 23.346265157277184 23.346265157277184 2.918283144659648 2.918283144659648 2.918283144659648
 72 8388608 46392.918 46392.918 46392.918 26.037585133144674 26.037585133144674 26.037585133144674 3.2546981416430842 3.2546981416430842 3.2546981416430842
 80 8388608 51602.125 51602.125 51602.125 26.010116443848002 26.010116443848002 26.010116443848002 3.2512645554810002 3.2512645554810002 3.2512645554810002
 88 8388608 53481.817 53481.817 53481.817 27.605550649111265 27.605550649111265 27.605550649111265 3.450693831138908 3.450693831138908 3.450693831138908
 96 8388608 59186.22 59186.22 59186.22 27.21263050757423 27.21263050757423 27.21263050757423 3.4015788134467786 3.4015788134467786 3.4015788134467786
 104 8388608 64376.116 64376.116 64376.116 27.10369268006166 27.10369268006166 27.10369268006166 3.3879615850077074 3.3879615850077074 3.3879615850077074
 112 8388608 67008.972 67008.972 67008.972 28.041740320982687 28.041740320982687 28.041740320982687 3.505217540122836 3.505217540122836 3.505217540122836
 120 8388608 69124.937 69124.937 69124.937 29.125030811962976 29.125030811962976 29.125030811962976 3.640628851495372 3.640628851495372 3.640628851495372
 128 8388608 31867.027 31867.027 31867.027 67.3888922239279 67.3888922239279 67.3888922239279 8.423611527990987 8.423611527990987 8.423611527990987
 136 4194304 20428.181 20428.181 20428.181 55.846905213929716 55.846905213929716 55.846905213929716 6.9808631517412145 6.9808631517412145 6.9808631517412145
 144 4194304 20432.949 20432.949 20432.949 59.11821891201314 59.11821891201314 59.11821891201314 7.389777364001643 7.389777364001643 7.389777364001643
 152 4194304 22862.196 22862.196 22862.196 55.771913424239735 55.771913424239735 55.771913424239735 6.971489178029967 6.971489178029967 6.971489178029967
 160 4194304 24255.991 24255.991 24255.991 55.33384638871279 55.33384638871279 55.33384638871279 6.916730798589099 6.916730798589099 6.916730798589099
 176 4194304 28258.085 28258.085 28258.085 52.246817432957684 52.246817432957684 52.246817432957684 6.5308521791197105 6.5308521791197105 6.5308521791197105
 192 4194304 32269.001 32269.001 32269.001 49.91207307595299 49.91207307595299 49.91207307595299 6.239009134494124 6.239009134494124 6.239009134494124
 208 4194304 35923.958 35923.958 35923.958 48.570106445397805 48.570106445397805 48.570106445397805 6.071263305674726 6.071263305674726 6.071263305674726
 224 4194304 39708.853 39708.853 39708.853 47.32063633265861 47.32063633265861 47.32063633265861 5.915079541582326 5.915079541582326 5.915079541582326
 240 4194304 43517.113 43517.113 43517.113 46.2637748970158 46.2637748970158 46.2637748970158 5.782971862126975 5.782971862126975 5.782971862126975
 264 2097152 16789.913 16789.913 16789.913 65.95008896115185 65.95008896115185 65.95008896115185 8.243761120143981 8.243761120143981 8.243761120143981
 288 2097152 18762.112 18762.112 18762.112 64.38291979069307 64.38291979069307 64.38291979069307 8.047864973836633 8.047864973836633 8.047864973836633
 312 2097152 21416.187 21416.187 21416.187 61.10438090590075 61.10438090590075 61.10438090590075 7.638047613237593 7.638047613237593 7.638047613237593
 336 2097152 23723.125 23723.125 23723.125 59.40558606844587 59.40558606844587 59.40558606844587 7.425698258555734 7.425698258555734 7.425698258555734
 368 2097152 27538.061 27538.061 27538.061 56.04983851259534 56.04983851259534 56.04983851259534 7.006229814074418 7.006229814074418 7.006229814074418
 400 2097152 25063.992 25063.992 25063.992 66.93752535509907 66.93752535509907 66.93752535509907 8.367190669387384 8.367190669387384 8.367190669387384
 440 2097152 28596.878 28596.878 28596.878 64.53479851891525 64.53479851891525 64.53479851891525 8.066849814864407 8.066849814864407 8.066849814864407
 480 2097152 31391.144 31391.144 31391.144 64.13483751977945 64.13483751977945 64.13483751977945 8.016854689972432 8.016854689972432 8.016854689972432
 528 1048576 16594.887 16594.887 16594.887 66.72514588378938 66.72514588378938 66.72514588378938 8.340643235473673 8.340643235473673 8.340643235473673
 576 1048576 18487.93 18487.93 18487.93 65.3377393791517 65.3377393791517 65.3377393791517 8.167217422393962 8.167217422393962 8.167217422393962
 632 1048576 20773.888 20773.888 20773.888 63.801252033321845 63.801252033321845 63.801252033321845 7.975156504165231 7.975156504165231 7.975156504165231
 688 1048576 21651.03 21651.03 21651.03 66.64073607583566 66.64073607583566 66.64073607583566 8.330092009479458 8.330092009479458 8.330092009479458
 752 1048576 23789.883 23789.883 23789.883 66.29113325189535 66.29113325189535 66.29113325189535 8.286391656486918 8.286391656486918 8.286391656486918
 824 1048576 25748.014 25748.014 25748.014 67.1140402518035 67.1140402518035 67.1140402518035 8.389255031475438 8.389255031475438 8.389255031475438
 904 1048576 27949.095 27949.095 27949.095 67.83137013917624 67.83137013917624 67.83137013917624 8.47892126739703 8.47892126739703 8.47892126739703
 992 1048576 30797.958 30797.958 30797.958 67.54911426270533 67.54911426270533 67.54911426270533 8.443639282838166 8.443639282838166 8.443639282838166
 1088 524288 16889.095 16889.095 16889.095 67.54954531311476 67.54954531311476 67.54954531311476 8.443693164139345 8.443693164139345 8.443693164139345
 1192 524288 18556.118 18556.118 18556.118 67.35797821505554 67.35797821505554 67.35797821505554 8.419747276881942 8.419747276881942 8.419747276881942
 1304 524288 20022.154 20022.154 20022.154 68.29150869581764 68.29150869581764 68.29150869581764 8.536438586977205 8.536438586977205 8.536438586977205
 1432 524288 21964.788 21964.788 21964.788 68.36218187036452 68.36218187036452 68.36218187036452 8.545272733795565 8.545272733795565 8.545272733795565
 1568 524288 23823.977 23823.977 23823.977 69.01312774101487 69.01312774101487 69.01312774101487 8.626640967626859 8.626640967626859 8.626640967626859
 1720 524288 26338.1 26338.1 26338.1 68.47687266735262 68.47687266735262 68.47687266735262 8.559609083419078 8.559609083419078 8.559609083419078
 1888 524288 28795.004 28795.004 28795.004 68.75190876861832 68.75190876861832 68.75190876861832 8.59398859607729 8.59398859607729 8.59398859607729
 2072 262144 15755.892 15755.892 15755.892 68.94720628955821 68.94720628955821 68.94720628955821 8.618400786194776 8.618400786194776 8.618400786194776
 2272 262144 17275.095 17275.095 17275.095 68.95373576816799 68.95373576816799 68.95373576816799 8.619216971020998 8.619216971020998 8.619216971020998
 2496 262144 18907.785 18907.785 18907.785 69.2107958705898 69.2107958705898 69.2107958705898 8.651349483823726 8.651349483823726 8.651349483823726
 2744 262144 20941.973 20941.973 20941.973 68.69678764269248 68.69678764269248 68.69678764269248 8.58709845533656 8.58709845533656 8.58709845533656
 3016 262144 22789.955 22789.955 22789.955 69.38375297362369 69.38375297362369 69.38375297362369 8.67296912170296 8.67296912170296 8.67296912170296
 3312 262144 25087.118 25087.118 25087.118 69.2164742079979 69.2164742079979 69.2164742079979 8.652059275999738 8.652059275999738 8.652059275999738
 3640 262144 30364.037 30364.037 30364.037 62.85094172425096 62.85094172425096 62.85094172425096 7.85636771553137 7.85636771553137 7.85636771553137
 4000 262144 30265.093 30265.093 30265.093 69.29276576153259 69.29276576153259 69.29276576153259 8.661595720191574 8.661595720191574 8.661595720191574
 4400 131072 17322.063 17322.063 17322.063 66.58754214206472 66.58754214206472 66.58754214206472 8.32344276775809 8.32344276775809 8.32344276775809
 4840 131072 19138.098 19138.098 19138.098 66.29587537904759 66.29587537904759 66.29587537904759 8.286984422380948 8.286984422380948 8.286984422380948
 5320 131072 20865.202 20865.202 20865.202 66.83884872046768 66.83884872046768 66.83884872046768 8.35485609005846 8.35485609005846 8.35485609005846
 5848 131072 22850.037 22850.037 22850.037 67.09039954727426 67.09039954727426 67.09039954727426 8.386299943409282 8.386299943409282 8.386299943409282
 6432 131072 24919.033 24919.033 24919.033 67.66354890255974 67.66354890255974 67.66354890255974 8.457943612819967 8.457943612819967 8.457943612819967
 7072 131072 27287.006 27287.006 27287.006 67.94011655217871 67.94011655217871 67.94011655217871 8.492514569022338 8.492514569022338 8.492514569022338
 7776 131072 30104.16 30104.16 30104.16 67.71262656058165 67.71262656058165 67.71262656058165 8.464078320072707 8.464078320072707 8.464078320072707
 8552 65536 16513.824 16513.824 16513.824 67.87814524364558 67.87814524364558 67.87814524364558 8.484768155455697 8.484768155455697 8.484768155455697
 9400 65536 18092.155 18092.155 18092.155 68.10005773220493 68.10005773220493 68.10005773220493 8.512507216525616 8.512507216525616 8.512507216525616
 10336 65536 19960.165 19960.165 19960.165 67.8731960382091 67.8731960382091 67.8731960382091 8.484149504776138 8.484149504776138 8.484149504776138
 11368 65536 21775.961 21775.961 21775.961 68.42529227527548 68.42529227527548 68.42529227527548 8.553161534409435 8.553161534409435 8.553161534409435
 12504 65536 23942.947 23942.947 23942.947 68.45123484590263 68.45123484590263 68.45123484590263 8.556404355737829 8.556404355737829 8.556404355737829
 13752 65536 26261.091 26261.091 26261.091 68.6377479138243 68.6377479138243 68.6377479138243 8.579718489228037 8.579718489228037 8.579718489228037
 15120 65536 28646.946 28646.946 28646.946 69.1804508585313 69.1804508585313 69.1804508585313 8.647556357316413 8.647556357316413 8.647556357316413
 16632 32768 15844.107 15844.107 15844.107 68.79496282119275 68.79496282119275 68.79496282119275 8.599370352649094 8.599370352649094 8.599370352649094
 18288 32768 17366.886 17366.886 17366.886 69.01193270917999 69.01193270917999 69.01193270917999 8.626491588647498 8.626491588647498 8.626491588647498
 20112 32768 19001.007 19001.007 19001.007 69.36790413265992 69.36790413265992 69.36790413265992 8.67098801658249 8.67098801658249 8.67098801658249
 22120 32768 21096.945 21096.945 21096.945 68.71403987638969 68.71403987638969 68.71403987638969 8.589254984548711 8.589254984548711 8.589254984548711
 24328 32768 23006.916 23006.916 23006.916 69.2991536979576 69.2991536979576 69.2991536979576 8.6623942122447 8.6623942122447 8.6623942122447
 26760 32768 25263.071 25263.071 25263.071 69.41924677328421 69.41924677328421 69.41924677328421 8.677405846660527 8.677405846660527 8.677405846660527
 29432 32768 27863.026 27863.026 27863.026 69.22634863851471 69.22634863851471 69.22634863851471 8.653293579814338 8.653293579814338 8.653293579814338
 32368 32768 30590.057 30590.057 30590.057 69.34505705563085 69.34505705563085 69.34505705563085 8.668132131953856 8.668132131953856 8.668132131953856
 35600 16384 18095.016 18095.016 18095.016 64.46751967503096 64.46751967503096 64.46751967503096 8.05843995937887 8.05843995937887 8.05843995937887
 39160 16384 20577.908 20577.908 20577.908 62.35788788636823 62.35788788636823 62.35788788636823 7.794735985796029 7.794735985796029 7.794735985796029
 43072 16384 22701.979 22701.979 22701.979 62.17005557092621 62.17005557092621 62.17005557092621 7.771256946365776 7.771256946365776 7.771256946365776
 47376 16384 24908.066 24908.066 24908.066 62.325865364255904 62.325865364255904 62.325865364255904 7.790733170531988 7.790733170531988 7.790733170531988
 52112 16384 27400.97 27400.97 27400.97 62.31918125526213 62.31918125526213 62.31918125526213 7.789897656907766 7.789897656907766 7.789897656907766
 57320 16384 30211.926 30211.926 30211.926 62.16954721787681 62.16954721787681 62.16954721787681 7.771193402234601 7.771193402234601 7.771193402234601
 63048 16384 33267.021 33267.021 33267.021 62.102250273626844 62.102250273626844 62.102250273626844 7.7627812842033554 7.7627812842033554 7.7627812842033554
 69352 8192 18167.019 18167.019 18167.019 62.54538336751891 62.54538336751891 62.54538336751891 7.818172920939864 7.818172920939864 7.818172920939864
 76280 8192 20046.949 20046.949 20046.949 62.34223073047175 62.34223073047175 62.34223073047175 7.7927788413089685 7.7927788413089685 7.7927788413089685
 83904 8192 22064.924 22064.924 22064.924 62.30173899533939 62.30173899533939 62.30173899533939 7.787717374417424 7.787717374417424 7.787717374417424
 92288 8192 24191.141 24191.141 24191.141 62.50414529847931 62.50414529847931 62.50414529847931 7.8130181623099135 7.8130181623099135 7.8130181623099135
 101512 8192 26727.915 26727.915 26727.915 62.22605122771454 62.22605122771454 62.22605122771454 7.778256403464318 7.778256403464318 7.778256403464318
 111656 8192 29350.996 29350.996 29350.996 62.327421665690665 62.327421665690665 62.327421665690665 7.790927708211333 7.790927708211333 7.790927708211333
 122816 8192 32263.041 32263.041 32263.041 62.369115918118204 62.369115918118204 62.369115918118204 7.7961394897647756 7.7961394897647756 7.7961394897647756
 135096 4096 17735.004 17735.004 17735.004 62.4023784826888 62.4023784826888 62.4023784826888 7.8002973103361 7.8002973103361 7.8002973103361
 148600 4096 19562.006 19562.006 19562.006 62.22936441180931 62.22936441180931 62.22936441180931 7.778670551476163 7.778670551476163 7.778670551476163
 163456 4096 21581.173 21581.173 21581.173 62.04628228502686 62.04628228502686 62.04628228502686 7.755785285628358 7.755785285628358 7.755785285628358
 179800 4096 23713.112 23713.112 23713.112 62.114226087238144 62.114226087238144 62.114226087238144 7.764278260904768 7.764278260904768 7.764278260904768
 197776 4096 26227.951 26227.951 26227.951 61.773067671203144 61.773067671203144 61.773067671203144 7.721633458900393 7.721633458900393 7.721633458900393
 217552 4096 28856.039 28856.039 28856.039 61.76128275956378 61.76128275956378 61.76128275956378 7.720160344945472 7.720160344945472 7.720160344945472
 239304 4096 31721.115 31721.115 31721.115 61.800424354566346 61.800424354566346 61.800424354566346 7.725053044320793 7.725053044320793 7.725053044320793
 263232 2048 17836.809 17836.809 17836.809 60.44793505385408 60.44793505385408 60.44793505385408 7.55599188173176 7.55599188173176 7.55599188173176
 289552 2048 28250.933 28250.933 28250.933 41.98109110237173 41.98109110237173 41.98109110237173 5.247636387796466 5.247636387796466 5.247636387796466
 318504 2048 31394.958 31394.958 31394.958 41.55420064584893 41.55420064584893 41.55420064584893 5.194275080731116 5.194275080731116 5.194275080731116
 350352 2048 36909.103 36909.103 36909.103 38.88042990370153 38.88042990370153 38.88042990370153 4.860053737962692 4.860053737962692 4.860053737962692
 385384 2048 40653.229 40653.229 40653.229 38.829212410163045 38.829212410163045 38.829212410163045 4.853651551270381 4.853651551270381 4.853651551270381
 423920 2048 44677.973 44677.973 44677.973 38.86425912831811 38.86425912831811 38.86425912831811 4.858032391039764 4.858032391039764 4.858032391039764
 466312 2048 49172.878 49172.878 49172.878 38.84283429576768 38.84283429576768 38.84283429576768 4.85535428697096 4.85535428697096 4.85535428697096
 512936 2048 54383.993 54383.993 54383.993 38.63243098019669 38.63243098019669 38.63243098019669 4.829053872524586 4.829053872524586 4.829053872524586
 564224 1024 30811.071 30811.071 30811.071 37.50375155735417 37.50375155735417 37.50375155735417 4.687968944669271 4.687968944669271 4.687968944669271
 620640 1024 32739.162 32739.162 32739.162 38.82416782689795 38.82416782689795 38.82416782689795 4.8530209783622436 4.8530209783622436 4.8530209783622436
 682704 1024 36176.205 36176.205 36176.205 38.64910075559335 38.64910075559335 38.64910075559335 4.831137594449169 4.831137594449169 4.831137594449169
 750968 1024 39692.879 39692.879 39692.879 38.74706251466415 38.74706251466415 38.74706251466415 4.843382814333019 4.843382814333019 4.843382814333019
 826064 1024 46246.052 46246.052 46246.052 36.582129691849154 36.582129691849154 36.582129691849154 4.572766211481144 4.572766211481144 4.572766211481144
 908664 1024 48048.973 48048.973 48048.973 38.73014875885069 38.73014875885069 38.73014875885069 4.841268594856336 4.841268594856336 4.841268594856336
 999528 1024 52898.169 52898.169 52898.169 38.69762191579825 38.69762191579825 38.69762191579825 4.837202739474781 4.837202739474781 4.837202739474781
 1099480 512 29144.049 29144.049 29144.049 38.6311291200478 38.6311291200478 38.6311291200478 4.828891140005975 4.828891140005975 4.828891140005975
 1209424 512 32018.185 32018.185 32018.185 38.679587115884296 38.679587115884296 38.679587115884296 4.834948389485537 4.834948389485537 4.834948389485537
 1330360 512 35332.918 35332.918 35332.918 38.55579208034842 38.55579208034842 38.55579208034842 4.819474010043552 4.819474010043552 4.819474010043552
 1463392 512 38621.902 38621.902 38621.902 38.7995756397497 38.7995756397497 38.7995756397497 4.849946954968712 4.849946954968712 4.849946954968712
 1609728 512 43763.876 43763.876 43763.876 37.66488763472413 37.66488763472413 37.66488763472413 4.708110954340516 4.708110954340516 4.708110954340516
 1770696 512 46737.909 46737.909 46737.909 38.79490423929748 38.79490423929748 38.79490423929748 4.849363029912185 4.849363029912185 4.849363029912185
 1947760 512 51501.036 51501.036 51501.036 38.72749744296406 38.72749744296406 38.72749744296406 4.840937180370507 4.840937180370507 4.840937180370507
 2142536 256 28272.867 28272.867 28272.867 38.799688478709996 38.799688478709996 38.799688478709996 4.8499610598387495 4.8499610598387495 4.8499610598387495
 2356784 256 33736.944 33736.944 33736.944 35.7671224755864 35.7671224755864 35.7671224755864 4.4708903094483 4.4708903094483 4.4708903094483
 2592456 256 34202.814 34202.814 34202.814 38.807844056339924 38.807844056339924 38.807844056339924 4.8509805070424905 4.8509805070424905 4.8509805070424905
 2851696 256 37662.029 37662.029 37662.029 38.76764982577014 38.76764982577014 38.76764982577014 4.845956228221268 4.845956228221268 4.845956228221268
 3136864 256 41407.108 41407.108 41407.108 38.787407418069385 38.787407418069385 38.787407418069385 4.848425927258673 4.848425927258673 4.848425927258673
 3450544 256 45588.017 45588.017 45588.017 38.75313392113546 38.75313392113546 38.75313392113546 4.844141740141932 4.844141740141932 4.844141740141932
 3795592 256 50510.168 50510.168 50510.168 38.474294997395376 38.474294997395376 38.474294997395376 4.809286874674422 4.809286874674422 4.809286874674422
 4175144 256 55166.96 55166.96 55166.96 38.74916667512584 38.74916667512584 38.74916667512584 4.84364583439073 4.84364583439073 4.84364583439073
 4592656 128 30390.024 30390.024 30390.024 38.68769356680995 38.68769356680995 38.68769356680995 4.8359616958512435 4.8359616958512435 4.8359616958512435
 5051920 128 33415.794 33415.794 33415.794 38.703001341222055 38.703001341222055 38.703001341222055 4.837875167652757 4.837875167652757 4.837875167652757
 5557112 128 36777.973 36777.973 36777.973 38.68132351937939 38.68132351937939 38.68132351937939 4.835165439922424 4.835165439922424 4.835165439922424
 6112816 128 40625.095 40625.095 40625.095 38.52005505464049 38.52005505464049 38.52005505464049 4.815006881830061 4.815006881830061 4.815006881830061
 6724096 128 49231.768 49231.768 49231.768 34.964589855883304 34.964589855883304 34.964589855883304 4.370573731985413 4.370573731985413 4.370573731985413
 7396504 128 49556.971 49556.971 49556.971 38.208651291460086 38.208651291460086 38.208651291460086 4.776081411432511 4.776081411432511 4.776081411432511
 8136152 128 54636.002 54636.002 54636.002 38.1223888233989 38.1223888233989 38.1223888233989 4.7652986029248625 4.7652986029248625 4.7652986029248625
 8949760 64 30952.93 30952.93 30952.93 37.01004331415475 37.01004331415475 37.01004331415475 4.626255414269344 4.626255414269344 4.626255414269344
 9844736 64 34250.021 34250.021 34250.021 36.79198351440427 36.79198351440427 36.79198351440427 4.598997939300534 4.598997939300534 4.598997939300534
 10829208 64 36318.064 36318.064 36318.064 38.16664412508332 38.16664412508332 38.16664412508332 4.770830515635415 4.770830515635415 4.770830515635415
 11912128 64 40147.066 40147.066 40147.066 37.9791734718547 37.9791734718547 37.9791734718547 4.747396683981838 4.747396683981838 4.747396683981838
 13103336 64 44275.045 44275.045 44275.045 37.8819944282383 37.8819944282383 37.8819944282383 4.735249303529788 4.735249303529788 4.735249303529788
 14413664 64 48712.969 48712.969 48712.969 37.87387691355869 37.87387691355869 37.87387691355869 4.734234614194836 4.734234614194836 4.734234614194836
 15855024 64 53575.993 53575.993 53575.993 37.879709891704664 37.879709891704664 37.879709891704664 4.734963736463083 4.734963736463083 4.734963736463083
 17440520 32 30333.042 30333.042 30333.042 36.797934081257004 36.797934081257004 36.797934081257004 4.5997417601571255 4.5997417601571255 4.5997417601571255
 19184568 32 33464.909 33464.909 33464.909 36.68954701176686 36.68954701176686 36.68954701176686 4.586193376470858 4.586193376470858 4.586193376470858
 21103024 32 38130.999 38130.999 38130.999 35.41983088352865 35.41983088352865 35.41983088352865 4.427478860441081 4.427478860441081 4.427478860441081
 23213320 32 44430.017 44430.017 44430.017 33.438035371447185 33.438035371447185 33.438035371447185 4.179754421430898 4.179754421430898 4.179754421430898
 25534648 32 54198.027 54198.027 54198.027 30.152711499996116 30.152711499996116 30.152711499996116 3.7690889374995145 3.7690889374995145 3.7690889374995145
 28088112 32 66153.049 66153.049 66153.049 27.17394277624301 27.17394277624301 27.17394277624301 3.396742847030376 3.396742847030376 3.396742847030376
 30896920 32 81722.975 81722.975 81722.975 24.19641330972104 24.19641330972104 24.19641330972104 3.02455166371513 3.02455166371513 3.02455166371513
 33986608 16 49337.864 49337.864 49337.864 22.04334293839717 22.04334293839717 22.04334293839717 2.7554178672996463 2.7554178672996463 2.7554178672996463
 37385264 16 58071.852 58071.852 58071.852 20.600831673148637 20.600831673148637 20.600831673148637 2.5751039591435796 2.5751039591435796 2.5751039591435796
 41123784 16 71027.04 71027.04 71027.04 18.527607063450763 18.527607063450763 18.527607063450763 2.3159508829313453 2.3159508829313453 2.3159508829313453
 45236160 16 81574.917 81574.917 81574.917 17.74512525706891 17.74512525706891 17.74512525706891 2.2181406571336137 2.2181406571336137 2.2181406571336137
 49759776 16 92175.007 92175.007 92175.007 17.274887020079095 17.274887020079095 17.274887020079095 2.159360877509887 2.159360877509887 2.159360877509887
 54735752 16 103912.83 103912.83 103912.83 16.855898006049877 16.855898006049877 16.855898006049877 2.1069872507562346 2.1069872507562346 2.1069872507562346
 60209320 16 113489.866 113489.866 113489.866 16.97683068900619 16.97683068900619 16.97683068900619 2.1221038361257736 2.1221038361257736 2.1221038361257736
 66230248 16 143215.895 143215.895 143215.895 14.798412815840033 14.798412815840033 14.798412815840033 1.849801601980004 1.849801601980004 1.849801601980004
 72853272 8 69328.07 69328.07 69328.07 16.813569914754584 16.813569914754584 16.813569914754584 2.101696239344323 2.101696239344323 2.101696239344323
 80138592 8 76292.038 76292.038 76292.038 16.80670100856396 16.80670100856396 16.80670100856396 2.100837626070495 2.100837626070495 2.100837626070495
 88152448 8 84022.999 84022.999 84022.999 16.786346414509673 16.786346414509673 16.786346414509673 2.098293301813709 2.098293301813709 2.098293301813709
 96967688 8 92403.889 92403.889 92403.889 16.790234965110614 16.790234965110614 16.790234965110614 2.0987793706388267 2.0987793706388267 2.0987793706388267
 106664456 8 101531.982 101531.982 101531.982 16.80880509158188 16.80880509158188 16.80880509158188 2.101100636447735 2.101100636447735 2.101100636447735
 117330896 8 111895.084 111895.084 111895.084 16.777272681613074 16.777272681613074 16.777272681613074 2.097159085201634 2.097159085201634 2.097159085201634
 129063984 8 122885.942 122885.942 122885.942 16.804393654727406 16.804393654727406 16.804393654727406 2.1005492068409257 2.1005492068409257 2.1005492068409257
 141970376 4 67741.871 67741.871 67741.871 16.766041315865046 16.766041315865046 16.766041315865046 2.0957551644831307 2.0957551644831307 2.0957551644831307
 156167408 4 74313.879 74313.879 74313.879 16.811654576663937 16.811654576663937 16.811654576663937 2.101456822082992 2.101456822082992 2.101456822082992
 171784144 4 81511.974 81511.974 81511.974 16.859770222225265 16.859770222225265 16.859770222225265 2.107471277778158 2.107471277778158 2.107471277778158
 188962552 4 89289.904 89289.904 89289.904 16.93025021059492 16.93025021059492 16.93025021059492 2.116281276324365 2.116281276324365 2.116281276324365
 207858800 4 98253.965 98253.965 98253.965 16.924206570187778 16.924206570187778 16.924206570187778 2.115525821273472 2.115525821273472 2.115525821273472
 228644680 4 108850.002 108850.002 108850.002 16.804385910805955 16.804385910805955 16.804385910805955 2.1005482388507444 2.1005482388507444 2.1005482388507444
 251509144 4 120087.147 120087.147 120087.147 16.755108288150108 16.755108288150108 16.755108288150108 2.0943885360187635 2.0943885360187635 2.0943885360187635
 276660056 2 65700.054 65700.054 65700.054 16.843825181635314 16.843825181635314 16.843825181635314 2.105478147704414 2.105478147704414 2.105478147704414
 304326056 2 72622.061 72622.061 72622.061 16.76218227956929 16.76218227956929 16.76218227956929 2.0952727849461614 2.0952727849461614 2.0952727849461614
 334758656 2 80013.99 80013.99 80013.99 16.73500626577927 16.73500626577927 16.73500626577927 2.0918757832224086 2.0918757832224086 2.0918757832224086
 368234520 2 87545.156 87545.156 87545.156 16.824895257482893 16.824895257482893 16.824895257482893 2.1031119071853617 2.1031119071853617 2.1031119071853617
 405057968 2 96771.955 96771.955 96771.955 16.742783299149014 16.742783299149014 16.742783299149014 2.0928479123936268 2.0928479123936268 2.0928479123936268
 445563760 2 106427.193 106427.193 106427.193 16.746237401939183 16.746237401939183 16.746237401939183 2.093279675242398 2.093279675242398 2.093279675242398
 490120136 2 117022.038 117022.038 117022.038 16.75308837126901 16.75308837126901 16.75308837126901 2.094136046408626 2.094136046408626 2.094136046408626
 539132144 1 64131.975 64131.975 64131.975 16.813208824459252 16.813208824459252 16.813208824459252 2.1016511030574065 2.1016511030574065 2.1016511030574065
 593045352 1 70576.191 70576.191 70576.191 16.805819174911264 16.805819174911264 16.805819174911264 2.100727396863908 2.100727396863908 2.100727396863908
 652349880 1 77811.003 77811.003 77811.003 16.76754841471456 16.76754841471456 16.76754841471456 2.09594355183932 2.09594355183932 2.09594355183932
 717584864 1 85633.993 85633.993 85633.993 16.759346116208782 16.759346116208782 16.759346116208782 2.0949182645260978 2.0949182645260978 2.0949182645260978
 789343344 1 94313.86 94313.86 94313.86 16.738649950283023 16.738649950283023 16.738649950283023 2.092331243785378 2.092331243785378 2.092331243785378
 868277672 1 162332.058 162332.058 162332.058 10.697550227571192 10.697550227571192 10.697550227571192 1.337193778446399 1.337193778446399 1.337193778446399
 955105432 1 113850.832 113850.832 113850.832 16.778189763250918 16.778189763250918 16.778189763250918 2.0972737204063647 2.0972737204063647 2.0972737204063647
 1050615968 1 125452.042 125452.042 125452.042 16.74928444767762 16.74928444767762 16.74928444767762 2.0936605559597026 2.0936605559597026 2.0936605559597026
 
META_DATA
 MPI startup(): shm:tmi fabric is unknown or has been removed from the product, please use ofi or shm:ofi instead
 FLOPS          2
 MPI_PROCS      1
 OPENMP_THREADS 1
 ERT_VERSION  1.1.0
 HOSTNAME  ('shas0339.rc.int.colorado.edu', [], ['10.225.6.91'])
 UNAME  uname_result(system='Linux', node='shas0339.rc.int.colorado.edu', release='3.10.0-957.27.2.el7.x86_64', version='#1 SMP Mon Jul 29 17:46:05 UTC 2019', machine='x86_64', processor='x86_64')
 TIMESTAMP_DATA  1664517207.9595234
 CONFIG  {'ERT_RESULTS': ['lab5_results'], 'ERT_DRIVER': ['driver1'], 'ERT_KERNEL': ['kernel1'], 'ERT_MPI': ['True'], 'ERT_MPI_CFLAGS': ['-I/usr/include/mpi'], 'ERT_MPI_LDFLAGS': ['-lmpi'], 'ERT_OPENMP': ['True'], 'ERT_OPENMP_CFLAGS': ['-qopenmp'], 'ERT_OPENMP_LDFLAGS': ['-qopenmp'], 'ERT_FLOPS': ['1,2,4,8,16'], 'ERT_ALIGN': ['32'], 'ERT_CC': ['mpicc'], 'ERT_CFLAGS': ['-O3', '-msse3', '-axSSE3', '-xSSE3', '-fno-alias', '-fno-fnalias', '-DERT_INTEL', '-std=c++11'], 'ERT_LD': ['mpicc'], 'ERT_LDFLAGS': [], 'ERT_LDLIBS': [], 'ERT_PRECISION': ['FP64'], 'ERT_RUN': ['export', 'OMP_NUM_THREADS=ERT_OPENMP_THREADS;', 'mpirun', '-np', 'ERT_MPI_PROCS', 'ERT_CODE'], 'ERT_PROCS_THREADS': ['1-8'], 'ERT_MPI_PROCS': ['1,2'], 'ERT_OPENMP_THREADS': ['1'], 'ERT_NUM_EXPERIMENTS': ['1'], 'ERT_MEMORY_MAX': ['1073741824'], 'ERT_WORKING_SET_MIN': ['1'], 'ERT_TRIALS_MIN': ['1'], 'ERT_GNUPLOT': ['gnuplot'], 'ERT_GPU': [False], 'ERT_HIP': [False], 'ERT_OCL': [False], 'ERT_SYCL': [False], 'ERT_WSS_MULT': [1.1]}
 