fp64
 192 4194304 13198.853 13198.853 13198.853 122.02671974602642 122.02671974602642 122.02671974602642 15.253339968253302 15.253339968253302 15.253339968253302
 384 2097152 7323.027 7323.027 7323.027 219.9381124772584 219.9381124772584 219.9381124772584 27.4922640596573 27.4922640596573 27.4922640596573
 576 1048576 3666.878 3666.878 3666.878 329.4245273499691 329.4245273499691 329.4245273499691 41.178065918746135 41.178065918746135 41.178065918746135
 768 1048576 5127.192 5127.192 5127.192 314.13154334770377 314.13154334770377 314.13154334770377 39.26644291846297 39.26644291846297 39.26644291846297
 960 1048576 4019.976 4019.976 4019.976 500.81540785318117 500.81540785318117 500.81540785318117 62.601925981647646 62.601925981647646 62.601925981647646
 1152 524288 3043.89 3043.89 3043.89 396.84730788563314 396.84730788563314 396.84730788563314 49.60591348570414 49.60591348570414 49.60591348570414
 1344 524288 2292.871 2292.871 2292.871 614.6382173266616 614.6382173266616 614.6382173266616 76.8297771658327 76.8297771658327 76.8297771658327
 1536 524288 3298.044 3298.044 3298.044 488.3539261453152 488.3539261453152 488.3539261453152 61.0442407681644 61.0442407681644 61.0442407681644
 1728 524288 3561.974 3561.974 3561.974 508.689655791985 508.689655791985 508.689655791985 63.586206973998124 63.586206973998124 63.586206973998124
 1920 524288 3767.014 3767.014 3767.014 534.446094439787 534.446094439787 534.446094439787 66.80576180497337 66.80576180497337 66.80576180497337
 2112 262144 2073.05 2073.05 2073.05 534.1387115602613 534.1387115602613 534.1387115602613 66.76733894503266 66.76733894503266 66.76733894503266
 2304 262144 2158.88 2158.88 2158.88 559.5306603423996 559.5306603423996 559.5306603423996 69.94133254279996 69.94133254279996 69.94133254279996
 2496 262144 2318.144 2318.144 2318.144 564.5131829601612 564.5131829601612 564.5131829601612 70.56414787002015 70.56414787002015 70.56414787002015
 2688 262144 2449.036 2449.036 2449.036 575.4452543776408 575.4452543776408 575.4452543776408 71.9306567972051 71.9306567972051 71.9306567972051
 2880 262144 2563.953 2563.953 2563.953 588.9146329905424 588.9146329905424 588.9146329905424 73.6143291238178 73.6143291238178 73.6143291238178
 3072 262144 1144.171 1144.171 1144.171 1407.667853843525 1407.667853843525 1407.667853843525 175.95848173044064 175.95848173044064 175.95848173044064
 3264 262144 1483.917 1483.917 1483.917 1153.2154642072298 1153.2154642072298 1153.2154642072298 144.15193302590373 144.15193302590373 144.15193302590373
 3456 262144 1487.97 1487.97 1487.97 1217.7257122119397 1217.7257122119397 1217.7257122119397 152.21571402649246 152.21571402649246 152.21571402649246
 3648 262144 1698.971 1698.971 1698.971 1125.741771931363 1125.741771931363 1125.741771931363 140.71772149142038 140.71772149142038 140.71772149142038
 3840 262144 1838.207 1838.207 1838.207 1095.2335183143136 1095.2335183143136 1095.2335183143136 136.9041897892892 136.9041897892892 136.9041897892892
 4224 131072 1086.95 1086.95 1086.95 1018.718667832007 1018.718667832007 1018.718667832007 127.33983347900087 127.33983347900087 127.33983347900087
 4608 131072 1208.067 1208.067 1208.067 999.9110579131786 999.9110579131786 999.9110579131786 124.98888223914733 124.98888223914733 124.98888223914733
 4992 131072 1342.058 1342.058 1342.058 975.0866564634316 975.0866564634316 975.0866564634316 121.88583205792895 121.88583205792895 121.88583205792895
 5376 131072 1441.002 1441.002 1441.002 977.9904150028938 977.9904150028938 977.9904150028938 122.24880187536172 122.24880187536172 122.24880187536172
 5760 131072 1605.034 1605.034 1605.034 940.7585384484066 940.7585384484066 940.7585384484066 117.59481730605083 117.59481730605083 117.59481730605083
 6336 131072 1224.041 1224.041 1224.041 1356.935252985807 1356.935252985807 1356.935252985807 169.61690662322587 169.61690662322587 169.61690662322587
 6912 131072 1351.833 1351.833 1351.833 1340.3573725452775 1340.3573725452775 1340.3573725452775 167.54467156815969 167.54467156815969 167.54467156815969
 7488 131072 1564.026 1564.026 1564.026 1255.0521998994902 1255.0521998994902 1255.0521998994902 156.88152498743628 156.88152498743628 156.88152498743628
 8064 131072 1746.893 1746.893 1746.893 1210.1080123396223 1210.1080123396223 1210.1080123396223 151.2635015424528 151.2635015424528 151.2635015424528
 8832 65536 1002.073 1002.073 1002.073 1155.2331057717352 1155.2331057717352 1155.2331057717352 144.4041382214669 144.4041382214669 144.4041382214669
 9600 65536 896.931 896.931 896.931 1402.8851717690657 1402.8851717690657 1402.8851717690657 175.3606464711332 175.3606464711332 175.3606464711332
 10560 65536 1034.021 1034.021 1034.021 1338.5804737041126 1338.5804737041126 1338.5804737041126 167.32255921301407 167.32255921301407 167.32255921301407
 11520 65536 1129.866 1129.866 1129.866 1336.3969178645964 1336.3969178645964 1336.3969178645964 167.04961473307455 167.04961473307455 167.04961473307455
 12672 65536 1201.868 1201.868 1201.868 1381.9690548379688 1381.9690548379688 1381.9690548379688 172.7461318547461 172.7461318547461 172.7461318547461
 13824 65536 1336.098 1336.098 1336.098 1356.142534454808 1356.142534454808 1356.142534454808 169.517816806851 169.517816806851 169.517816806851
 15168 65536 1528.978 1528.978 1528.978 1300.2803807510636 1300.2803807510636 1300.2803807510636 162.53504759388295 162.53504759388295 162.53504759388295
 16512 32768 785.112 785.112 785.112 1378.313453367163 1378.313453367163 1378.313453367163 172.28918167089537 172.28918167089537 172.28918167089537
 18048 32768 864.029 864.029 864.029 1368.9282743981973 1368.9282743981973 1368.9282743981973 171.11603429977467 171.11603429977467 171.11603429977467
 19776 32768 936.985 936.985 936.985 1383.2024376057248 1383.2024376057248 1383.2024376057248 172.9003047007156 172.9003047007156 172.9003047007156
 21696 32768 1020.193 1020.193 1020.193 1393.7255558507068 1393.7255558507068 1393.7255558507068 174.21569448133835 174.21569448133835 174.21569448133835
 23808 32768 1115.084 1115.084 1115.084 1399.249821538108 1399.249821538108 1399.249821538108 174.9062276922635 174.9062276922635 174.9062276922635
 26112 32768 1237.869 1237.869 1237.869 1382.4371011795272 1382.4371011795272 1382.4371011795272 172.8046376474409 172.8046376474409 172.8046376474409
 28608 32768 1338.005 1338.005 1338.005 1401.2308533974087 1401.2308533974087 1401.2308533974087 175.1538566746761 175.1538566746761 175.1538566746761
 31296 32768 1445.055 1445.055 1445.055 1419.3332821242097 1419.3332821242097 1419.3332821242097 177.41666026552622 177.41666026552622 177.41666026552622
 34368 16384 812.054 812.054 812.054 1386.8174086944957 1386.8174086944957 1386.8174086944957 173.35217608681197 173.35217608681197 173.35217608681197
 37632 16384 859.976 859.976 859.976 1433.9067322809008 1433.9067322809008 1433.9067322809008 179.2383415351126 179.2383415351126 179.2383415351126
 41280 16384 947.952 947.952 947.952 1426.9319965567877 1426.9319965567877 1426.9319965567877 178.36649956959846 178.36649956959846 178.36649956959846
 45312 16384 1038.074 1038.074 1038.074 1430.3254064739122 1430.3254064739122 1430.3254064739122 178.79067580923902 178.79067580923902 178.79067580923902
 49728 16384 1137.018 1137.018 1137.018 1433.123401740342 1433.123401740342 1433.123401740342 179.14042521754274 179.14042521754274 179.14042521754274
 54528 16384 1258.135 1258.135 1258.135 1420.1762958665006 1420.1762958665006 1420.1762958665006 177.52203698331257 177.52203698331257 177.52203698331257
 59904 16384 1371.145 1371.145 1371.145 1431.602253590977 1431.602253590977 1431.602253590977 178.95028169887212 178.95028169887212 178.95028169887212
 65856 8192 742.912 742.912 742.912 1452.3721571330116 1452.3721571330116 1452.3721571330116 181.54651964162645 181.54651964162645 181.54651964162645
 72384 8192 823.021 823.021 823.021 1440.9589257139248 1440.9589257139248 1440.9589257139248 180.1198657142406 180.1198657142406 180.1198657142406
 79488 8192 907.183 907.183 907.183 1435.5773774420375 1435.5773774420375 1435.5773774420375 179.44717218025468 179.44717218025468 179.44717218025468
 87360 8192 992.06 992.06 992.06 1442.7617684414251 1442.7617684414251 1442.7617684414251 180.34522105517814 180.34522105517814 180.34522105517814
 96000 8192 1090.05 1090.05 1090.05 1442.9283060410073 1442.9283060410073 1442.9283060410073 180.36603825512591 180.36603825512591 180.36603825512591
 105600 8192 1246.929 1246.929 1246.929 1387.5292017428417 1387.5292017428417 1387.5292017428417 173.4411502178552 173.4411502178552 173.4411502178552
 116160 8192 1376.152 1376.152 1376.152 1382.9616495852201 1382.9616495852201 1382.9616495852201 172.87020619815252 172.87020619815252 172.87020619815252
 127680 8192 1494.884 1494.884 1494.884 1399.3788949510465 1399.3788949510465 1399.3788949510465 174.9223618688808 174.9223618688808 174.9223618688808
 140352 4096 826.836 826.836 826.836 1390.5582050128442 1390.5582050128442 1390.5582050128442 173.81977562660552 173.81977562660552 173.81977562660552
 154368 4096 998.974 998.974 998.974 1265.8814503680774 1265.8814503680774 1265.8814503680774 158.23518129600967 158.23518129600967 158.23518129600967
 169728 4096 983.0 983.0 983.0 1414.457554425229 1414.457554425229 1414.457554425229 176.80719430315364 176.80719430315364 176.80719430315364
 186624 4096 1085.997 1085.997 1085.997 1407.7606181232545 1407.7606181232545 1407.7606181232545 175.97007726540681 175.97007726540681 175.97007726540681
 205248 4096 1192.093 1192.093 1192.093 1410.453392478607 1410.453392478607 1410.453392478607 176.30667405982587 176.30667405982587 176.30667405982587
 225600 4096 1299.858 1299.858 1299.858 1421.7823793060475 1421.7823793060475 1421.7823793060475 177.72279741325593 177.72279741325593 177.72279741325593
 248064 4096 1432.18 1432.18 1432.18 1418.9140247734222 1418.9140247734222 1418.9140247734222 177.36425309667777 177.36425309667777 177.36425309667777
 272832 2048 787.973 787.973 787.973 1418.2210202633846 1418.2210202633846 1418.2210202633846 177.27762753292308 177.27762753292308 177.27762753292308
 300096 2048 866.175 866.175 866.175 1419.1049337604989 1419.1049337604989 1419.1049337604989 177.38811672006236 177.38811672006236 177.38811672006236
 330048 2048 946.999 946.999 946.999 1427.5375243268472 1427.5375243268472 1427.5375243268472 178.4421905408559 178.4421905408559 178.4421905408559
 362880 2048 1034.975 1034.975 1034.975 1436.127906471171 1436.127906471171 1436.127906471171 179.51598830889637 179.51598830889637 179.51598830889637
 399168 2048 1139.164 1139.164 1139.164 1435.2561422235954 1435.2561422235954 1435.2561422235954 179.40701777794942 179.40701777794942 179.40701777794942
 438912 2048 1250.029 1250.029 1250.029 1438.1934755113682 1438.1934755113682 1438.1934755113682 179.77418443892103 179.77418443892103 179.77418443892103
 482688 2048 1377.106 1377.106 1377.106 1435.6847243422076 1435.6847243422076 1435.6847243422076 179.46059054277595 179.46059054277595 179.46059054277595
 530880 1024 750.065 750.065 750.065 1449.5306940065193 1449.5306940065193 1449.5306940065193 181.1913367508149 181.1913367508149 181.1913367508149
 583872 1024 832.081 832.081 832.081 1437.0834762481056 1437.0834762481056 1437.0834762481056 179.6354345310132 179.6354345310132 179.6354345310132
 642240 1024 911.951 911.951 911.951 1442.30064992527 1442.30064992527 1442.30064992527 180.28758124065874 180.28758124065874 180.28758124065874
 706368 1024 1003.981 1003.981 1003.981 1440.9054195248716 1440.9054195248716 1440.9054195248716 180.11317744060895 180.11317744060895 180.11317744060895
 776832 1024 1102.924 1102.924 1102.924 1442.4855529483445 1442.4855529483445 1442.4855529483445 180.31069411854307 180.31069411854307 180.31069411854307
 854400 1024 1307.964 1307.964 1307.964 1337.8129673293759 1337.8129673293759 1337.8129673293759 167.22662091617198 167.22662091617198 167.22662091617198
 939840 1024 1492.023 1492.023 1492.023 1290.0553945884212 1290.0553945884212 1290.0553945884212 161.25692432355265 161.25692432355265 161.25692432355265
 1033728 1024 1635.075 1635.075 1635.075 1294.7876666207974 1294.7876666207974 1294.7876666207974 161.84845832759967 161.84845832759967 161.84845832759967
 1137024 512 901.937 901.937 901.937 1290.9023313158236 1290.9023313158236 1290.9023313158236 161.36279141447795 161.36279141447795 161.36279141447795
 1250688 512 988.007 988.007 988.007 1296.250443569732 1296.250443569732 1296.250443569732 162.0313054462165 162.0313054462165 162.0313054462165
 1375680 512 1086.95 1086.95 1086.95 1296.0083904503429 1296.0083904503429 1296.0083904503429 162.00104880629286 162.00104880629286 162.00104880629286
 1513152 512 1204.014 1204.014 1204.014 1286.9182982922125 1286.9182982922125 1286.9182982922125 160.86478728652656 160.86478728652656 160.86478728652656
 1664448 512 1315.832 1315.832 1315.832 1295.2981474838732 1295.2981474838732 1295.2981474838732 161.91226843548415 161.91226843548415 161.91226843548415
 1830720 512 1452.208 1452.208 1452.208 1290.9013584830823 1290.9013584830823 1290.9013584830823 161.36266981038528 161.36266981038528 161.36266981038528
 2013696 512 1592.159 1592.159 1592.159 1295.112299713785 1295.112299713785 1295.112299713785 161.88903746422312 161.88903746422312 161.88903746422312
 2214912 256 880.003 880.003 880.003 1288.671679528365 1288.671679528365 1288.671679528365 161.08395994104563 161.08395994104563 161.08395994104563
 2436288 256 968.933 968.933 968.933 1287.3743138070436 1287.3743138070436 1287.3743138070436 160.92178922588045 160.92178922588045 160.92178922588045
 2679744 256 1089.811 1089.811 1089.811 1258.96043258877 1258.96043258877 1258.96043258877 157.37005407359624 157.37005407359624 157.37005407359624
 2947584 256 1230.001 1230.001 1230.001 1226.9607975928477 1226.9607975928477 1226.9607975928477 153.37009969910596 153.37009969910596 153.37009969910596
 3242304 256 1321.077 1321.077 1321.077 1256.5956776175803 1256.5956776175803 1256.5956776175803 157.07445970219754 157.07445970219754 157.07445970219754
 3566400 256 1560.926 1560.926 1560.926 1169.8163782267704 1169.8163782267704 1169.8163782267704 146.2270472783463 146.2270472783463 146.2270472783463
 3922944 256 1838.923 1838.923 1838.923 1092.2411259199 1092.2411259199 1092.2411259199 136.5301407399875 136.5301407399875 136.5301407399875
 4315200 128 1010.18 1010.18 1010.18 1093.5587717040528 1093.5587717040528 1093.5587717040528 136.6948464630066 136.6948464630066 136.6948464630066
 4746624 128 1085.043 1085.043 1085.043 1119.896394889419 1119.896394889419 1119.896394889419 139.98704936117738 139.98704936117738 139.98704936117738
 5221248 128 1281.977 1281.977 1281.977 1042.6392111558944 1042.6392111558944 1042.6392111558944 130.3299013944868 130.3299013944868 130.3299013944868
 5743296 128 1419.783 1419.783 1419.783 1035.5693623603045 1035.5693623603045 1035.5693623603045 129.44617029503806 129.44617029503806 129.44617029503806
 6317568 128 1663.923 1663.923 1663.923 971.9785158327638 971.9785158327638 971.9785158327638 121.49731447909548 121.49731447909548 121.49731447909548
 6949248 128 2035.856 2035.856 2035.856 873.8375837976753 873.8375837976753 873.8375837976753 109.22969797470941 109.22969797470941 109.22969797470941
 7644096 128 2297.163 2297.163 2297.163 851.8718854517507 851.8718854517507 851.8718854517507 106.48398568146884 106.48398568146884 106.48398568146884
 8408448 64 1340.151 1340.151 1340.151 803.1045337428394 803.1045337428394 803.1045337428394 100.38806671785493 100.38806671785493 100.38806671785493
 9249216 64 1482.01 1482.01 1482.01 798.8472736351306 798.8472736351306 798.8472736351306 99.85590920439132 99.85590920439132 99.85590920439132
 10174080 64 1633.167 1633.167 1633.167 797.396861435481 797.396861435481 797.396861435481 99.67460767943513 99.67460767943513 99.67460767943513
 11191488 64 1806.021 1806.021 1806.021 793.1859396983756 793.1859396983756 793.1859396983756 99.14824246229695 99.14824246229695 99.14824246229695
 12310464 64 1991.034 1991.034 1991.034 791.4176211958209 791.4176211958209 791.4176211958209 98.92720264947761 98.92720264947761 98.92720264947761
 13541376 64 2217.054 2217.054 2217.054 781.8014933330447 781.8014933330447 781.8014933330447 97.72518666663059 97.72518666663059 97.72518666663059
 14895360 64 2414.227 2414.227 2414.227 789.7377007215975 789.7377007215975 789.7377007215975 98.7172125901997 98.7172125901997 98.7172125901997
 16384896 64 2649.069 2649.069 2649.069 791.6995321752661 791.6995321752661 791.6995321752661 98.96244152190826 98.96244152190826 98.96244152190826
 18023232 32 1454.115 1454.115 1454.115 793.2569624823346 793.2569624823346 793.2569624823346 99.15712031029183 99.15712031029183 99.15712031029183
 19825536 32 1600.981 1600.981 1600.981 792.5355166613471 792.5355166613471 792.5355166613471 99.06693958266838 99.06693958266838 99.06693958266838
 21807936 32 1770.973 1770.973 1770.973 788.1023053428821 788.1023053428821 788.1023053428821 98.51278816786026 98.51278816786026 98.51278816786026
 23988672 32 1962.9 1962.9 1962.9 782.1463182026592 782.1463182026592 782.1463182026592 97.7682897753324 97.7682897753324 97.7682897753324
 26387520 32 2130.985 2130.985 2130.985 792.4979669026295 792.4979669026295 792.4979669026295 99.06224586282869 99.06224586282869 99.06224586282869
 29026176 32 2351.999 2351.999 2351.999 789.8282541786797 789.8282541786797 789.8282541786797 98.72853177233496 98.72853177233496 98.72853177233496
 31928640 32 2583.027 2583.027 2583.027 791.1001162589474 791.1001162589474 791.1001162589474 98.88751453236843 98.88751453236843 98.88751453236843
 35121408 16 1435.995 1435.995 1435.995 782.6524855587938 782.6524855587938 782.6524855587938 97.83156069484923 97.83156069484923 97.83156069484923
 38633472 16 1579.046 1579.046 1579.046 782.9227926228875 782.9227926228875 782.9227926228875 97.86534907786094 97.86534907786094 97.86534907786094
 42496704 16 1749.039 1749.039 1749.039 777.5095512449981 777.5095512449981 777.5095512449981 97.18869390562476 97.18869390562476 97.18869390562476
 46746240 16 1993.895 1993.895 1993.895 750.2299168210965 750.2299168210965 750.2299168210965 93.77873960263706 93.77873960263706 93.77873960263706
 51420864 16 2321.959 2321.959 2321.959 708.6549107886918 708.6549107886918 708.6549107886918 88.58186384858648 88.58186384858648 88.58186384858648
 56562816 16 3037.93 3037.93 3037.93 595.803758480281 595.803758480281 595.803758480281 74.47546981003512 74.47546981003512 74.47546981003512
 62218944 16 4711.866 4711.866 4711.866 422.5515343602725 422.5515343602725 422.5515343602725 52.818941795034064 52.818941795034064 52.818941795034064
 68440704 8 4971.027 4971.027 4971.027 220.28672626400945 220.28672626400945 220.28672626400945 27.53584078300118 27.53584078300118 27.53584078300118
 75284736 8 8083.82 8083.82 8083.82 149.0082381844227 149.0082381844227 149.0082381844227 18.62602977305284 18.62602977305284 18.62602977305284
 82813056 8 10882.139 10882.139 10882.139 121.75996796218097 121.75996796218097 121.75996796218097 15.21999599527262 15.21999599527262 15.21999599527262
 91094208 8 13189.077 13189.077 13189.077 110.50866774073728 110.50866774073728 110.50866774073728 13.81358346759216 13.81358346759216 13.81358346759216
 100203456 8 15029.192 15029.192 15029.192 106.67608052382325 106.67608052382325 106.67608052382325 13.334510065477906 13.334510065477906 13.334510065477906
 110223744 8 17016.888 17016.888 17016.888 103.63704009804849 103.63704009804849 103.63704009804849 12.954630012256061 12.954630012256061 12.954630012256061
 121246080 8 19243.002 19243.002 19243.002 100.81261125473041 100.81261125473041 100.81261125473041 12.601576406841302 12.601576406841302 12.601576406841302
 133370688 8 21164.894 21164.894 21164.894 100.82408199162253 100.82408199162253 100.82408199162253 12.603010248952817 12.603010248952817 12.603010248952817
 146707584 4 11673.212 11673.212 11673.212 100.54307863165684 100.54307863165684 100.54307863165684 12.567884828957105 12.567884828957105 12.567884828957105
 161378304 4 12833.118 12833.118 12833.118 100.6011502426768 100.6011502426768 100.6011502426768 12.5751437803346 12.5751437803346 12.5751437803346
 177516096 4 14096.975 14096.975 14096.975 100.73996499248952 100.73996499248952 100.73996499248952 12.59249562406119 12.59249562406119 12.59249562406119
 195267648 4 15494.108 15494.108 15494.108 100.82162742121069 100.82162742121069 100.82162742121069 12.602703427651337 12.602703427651337 12.602703427651337
 214794240 4 17029.047 17029.047 17029.047 100.90722751543291 100.90722751543291 100.90722751543291 12.613403439429113 12.613403439429113 12.613403439429113
 236273664 4 18777.847 18777.847 18777.847 100.66059820383029 100.66059820383029 100.66059820383029 12.582574775478786 12.582574775478786 12.582574775478786
 259900992 4 20521.164 20521.164 20521.164 101.32017540525479 101.32017540525479 101.32017540525479 12.665021925656848 12.665021925656848 12.665021925656848
 285891072 2 11317.968 11317.968 11317.968 101.03971737682947 101.03971737682947 101.03971737682947 12.629964672103684 12.629964672103684 12.629964672103684
 314480064 2 12446.165 12446.165 12446.165 101.06890403590182 101.06890403590182 101.06890403590182 12.633613004487728 12.633613004487728 12.633613004487728
 345927936 2 13684.988 13684.988 13684.988 101.11165197952677 101.11165197952677 101.11165197952677 12.638956497440846 12.638956497440846 12.638956497440846
 380520576 2 15030.861 15030.861 15030.861 101.2638134302486 101.2638134302486 101.2638134302486 12.657976678781075 12.657976678781075 12.657976678781075
 418572480 2 16533.136 16533.136 16533.136 101.26874417533374 101.26874417533374 101.26874417533374 12.658593021916717 12.658593021916717 12.658593021916717
 460429632 2 18170.118 18170.118 18170.118 101.35974504953683 101.35974504953683 101.35974504953683 12.669968131192103 12.669968131192103 12.669968131192103
 506472576 2 20029.783 20029.783 20029.783 101.14389676613071 101.14389676613071 101.14389676613071 12.642987095766339 12.642987095766339 12.642987095766339
 557119680 1 11023.998 11023.998 11023.998 101.07398060123015 101.07398060123015 101.07398060123015 12.634247575153768 12.634247575153768 12.634247575153768
 612831552 1 12128.115 12128.115 12128.115 101.05965387036649 101.05965387036649 101.05965387036649 12.632456733795811 12.632456733795811 12.632456733795811
 674114688 1 13344.049 13344.049 13344.049 101.03600309021647 101.03600309021647 101.03600309021647 12.629500386277059 12.629500386277059 12.629500386277059
 741526080 1 14673.948 14673.948 14673.948 101.06701754701596 101.06701754701596 101.06701754701596 12.633377193376996 12.633377193376996 12.633377193376996
 815678592 1 16230.822 16230.822 16230.822 100.5098314798844 100.5098314798844 100.5098314798844 12.56372893498555 12.56372893498555 12.56372893498555
 897246336 1 17838.001 17838.001 17838.001 100.59942658372988 100.59942658372988 100.59942658372988 12.574928322966235 12.574928322966235 12.574928322966235
 986970816 1 19502.878 19502.878 19502.878 101.21283802318817 101.21283802318817 101.21283802318817 12.651604752898521 12.651604752898521 12.651604752898521
 
META_DATA
 MPI startup(): shm:tmi fabric is unknown or has been removed from the product, please use ofi or shm:ofi instead
 FLOPS          2
 MPI_PROCS      24
 OPENMP_THREADS 1
 ERT_VERSION  1.1.0
 HOSTNAME  ('shas0420.rc.int.colorado.edu', [], ['10.225.6.135'])
 UNAME  uname_result(system='Linux', node='shas0420.rc.int.colorado.edu', release='3.10.0-957.27.2.el7.x86_64', version='#1 SMP Mon Jul 29 17:46:05 UTC 2019', machine='x86_64', processor='x86_64')
 TIMESTAMP_DATA  1664555001.5403326
 CONFIG  {'ERT_RESULTS': ['lab5_results'], 'ERT_DRIVER': ['driver1'], 'ERT_KERNEL': ['kernel1'], 'ERT_MPI': ['True'], 'ERT_MPI_CFLAGS': ['-I/usr/include/mpi'], 'ERT_MPI_LDFLAGS': ['-lmpi'], 'ERT_OPENMP': ['True'], 'ERT_OPENMP_CFLAGS': ['-qopenmp'], 'ERT_OPENMP_LDFLAGS': ['-qopenmp'], 'ERT_FLOPS': ['1,2,4,8,16'], 'ERT_ALIGN': ['32'], 'ERT_CC': ['mpicc'], 'ERT_CFLAGS': ['-O3', '-msse3', '-axSSE3', '-xSSE3', '-fno-alias', '-fno-fnalias', '-DERT_INTEL', '-std=c++11'], 'ERT_LD': ['mpicc'], 'ERT_LDFLAGS': [], 'ERT_LDLIBS': [], 'ERT_PRECISION': ['FP64'], 'ERT_RUN': ['export', 'OMP_NUM_THREADS=ERT_OPENMP_THREADS;', 'mpirun', '-np', 'ERT_MPI_PROCS', 'ERT_CODE'], 'ERT_PROCS_THREADS': ['1-24'], 'ERT_MPI_PROCS': ['1,2,4,8,12,24'], 'ERT_OPENMP_THREADS': ['1,2,4,8,12,24'], 'ERT_NUM_EXPERIMENTS': ['1'], 'ERT_MEMORY_MAX': ['1073741824'], 'ERT_WORKING_SET_MIN': ['1'], 'ERT_TRIALS_MIN': ['1'], 'ERT_GNUPLOT': ['gnuplot'], 'ERT_GPU': [False], 'ERT_HIP': [False], 'ERT_OCL': [False], 'ERT_SYCL': [False], 'ERT_WSS_MULT': [1.1]}
 