fp64
 16 67108864 1330770.016 1330770.016 1330770.016 1.6137150838841865 1.6137150838841865 1.6137150838841865 1.6137150838841865 1.6137150838841865 1.6137150838841865
 32 33554432 675496.101 675496.101 675496.101 3.1791207156057295 3.1791207156057295 3.1791207156057295 3.1791207156057295 3.1791207156057295 3.1791207156057295
 48 16777216 337929.964 337929.964 337929.964 4.766114010535035 4.766114010535035 4.766114010535035 4.766114010535035 4.766114010535035 4.766114010535035
 64 16777216 337980.986 337980.986 337980.986 6.353859349945799 6.353859349945799 6.353859349945799 6.353859349945799 6.353859349945799 6.353859349945799
 80 8388608 170335.054 170335.054 170335.054 7.879630460562744 7.879630460562744 7.879630460562744 7.879630460562744 7.879630460562744 7.879630460562744
 96 8388608 169820.07 169820.07 169820.07 9.484230786149126 9.484230786149126 9.484230786149126 9.484230786149126 9.484230786149126 9.484230786149126
 112 8388608 183324.099 183324.099 183324.099 10.249870051181869 10.249870051181869 10.249870051181869 10.249870051181869 10.249870051181869 10.249870051181869
 128 8388608 184497.833 184497.833 184497.833 11.639614477206354 11.639614477206354 11.639614477206354 11.639614477206354 11.639614477206354 11.639614477206354
 144 4194304 87961.912 87961.912 87961.912 13.732756877772278 13.732756877772278 13.732756877772278 13.732756877772278 13.732756877772278 13.732756877772278
 160 4194304 87996.96 87996.96 87996.96 15.252541451431957 15.252541451431957 15.252541451431957 15.252541451431957 15.252541451431957 15.252541451431957
 176 4194304 100049.973 100049.973 100049.973 14.756575776387265 14.756575776387265 14.756575776387265 14.756575776387265 14.756575776387265 14.756575776387265
 192 4194304 100246.906 100246.906 100246.906 16.066458310444016 16.066458310444016 16.066458310444016 16.066458310444016 16.066458310444016 16.066458310444016
 208 4194304 116867.065 116867.065 116867.065 14.930044354241291 14.930044354241291 14.930044354241291 14.930044354241291 14.930044354241291 14.930044354241291
 224 4194304 117249.012 117249.012 117249.012 16.026132416365265 16.026132416365265 16.026132416365265 16.026132416365265 16.026132416365265 16.026132416365265
 240 4194304 132875.919 132875.919 132875.919 15.151473157449997 15.151473157449997 15.151473157449997 15.151473157449997 15.151473157449997 15.151473157449997
 256 4194304 90738.058 90738.058 90738.058 23.666846032785934 23.666846032785934 23.666846032785934 23.666846032785934 23.666846032785934 23.666846032785934
 272 2097152 55449.963 55449.963 55449.963 20.574417479773608 20.574417479773608 20.574417479773608 20.574417479773608 20.574417479773608 20.574417479773608
 288 2097152 56334.972 56334.972 56334.972 21.442445236326733 21.442445236326733 21.442445236326733 21.442445236326733 21.442445236326733 21.442445236326733
 304 2097152 67008.972 67008.972 67008.972 19.028323789238254 19.028323789238254 19.028323789238254 19.028323789238254 19.028323789238254 19.028323789238254
 320 2097152 65324.068 65324.068 65324.068 20.54644361707541 20.54644361707541 20.54644361707541 20.54644361707541 20.54644361707541 20.54644361707541
 352 2097152 74720.144 74720.144 74720.144 19.758995753541374 19.758995753541374 19.758995753541374 19.758995753541374 19.758995753541374 19.758995753541374
 384 2097152 81917.048 81917.048 81917.048 19.66150850553111 19.66150850553111 19.66150850553111 19.66150850553111 19.66150850553111 19.66150850553111
 416 2097152 89414.835 89414.835 89414.835 19.513881158534822 19.513881158534822 19.513881158534822 19.513881158534822 19.513881158534822 19.513881158534822
 448 2097152 98562.956 98562.956 98562.956 19.064446403169967 19.064446403169967 19.064446403169967 19.064446403169967 19.064446403169967 19.064446403169967
 480 2097152 106571.913 106571.913 106571.913 18.89114930310015 18.89114930310015 18.89114930310015 18.89114930310015 18.89114930310015 18.89114930310015
 528 1048576 50195.932 50195.932 50195.932 22.059481951645004 22.059481951645004 22.059481951645004 22.059481951645004 22.059481951645004 22.059481951645004
 576 1048576 55904.865 55904.865 55904.865 21.607413809155965 21.607413809155965 21.607413809155965 21.607413809155965 21.607413809155965 21.607413809155965
 624 1048576 63580.99 63580.99 63580.99 20.581982885135947 20.581982885135947 20.581982885135947 20.581982885135947 20.581982885135947 20.581982885135947
 672 1048576 67367.792 67367.792 67367.792 20.91928653383801 20.91928653383801 20.91928653383801 20.91928653383801 20.91928653383801 20.91928653383801
 736 1048576 76279.163 76279.163 76279.163 20.23493456528882 20.23493456528882 20.23493456528882 20.23493456528882 20.23493456528882 20.23493456528882
 800 1048576 73587.894 73587.894 73587.894 22.79888047890051 22.79888047890051 22.79888047890051 22.79888047890051 22.79888047890051 22.79888047890051
 880 1048576 85857.153 85857.153 85857.153 21.49493310126414 21.49493310126414 21.49493310126414 21.49493310126414 21.49493310126414 21.49493310126414
 960 1048576 100412.846 100412.846 100412.846 20.04988405567152 20.04988405567152 20.04988405567152 20.04988405567152 20.04988405567152 20.04988405567152
 1056 524288 51545.858 51545.858 51545.858 21.481769805829984 21.481769805829984 21.481769805829984 21.481769805829984 21.481769805829984 21.481769805829984
 1152 524288 54740.906 54740.906 54740.906 22.06685347882258 22.06685347882258 22.06685347882258 22.06685347882258 22.06685347882258 22.06685347882258
 1264 524288 62979.937 62979.937 62979.937 21.044798187079802 21.044798187079802 21.044798187079802 21.044798187079802 21.044798187079802 21.044798187079802
 1376 524288 64218.044 64218.044 64218.044 22.467837481938876 22.467837481938876 22.467837481938876 22.467837481938876 22.467837481938876 22.467837481938876
 1504 524288 71974.039 71974.039 71974.039 21.911488168671482 21.911488168671482 21.911488168671482 21.911488168671482 21.911488168671482 21.911488168671482
 1648 524288 77463.865 77463.865 77463.865 22.307862485302014 22.307862485302014 22.307862485302014 22.307862485302014 22.307862485302014 22.307862485302014
 1808 524288 82192.898 82192.898 82192.898 23.06556228252227 23.06556228252227 23.06556228252227 23.06556228252227 23.06556228252227 23.06556228252227
 1984 524288 92731.953 92731.953 92731.953 22.434281999862552 22.434281999862552 22.434281999862552 22.434281999862552 22.434281999862552 22.434281999862552
 2176 262144 53055.048 53055.048 53055.048 21.503150614433522 21.503150614433522 21.503150614433522 21.503150614433522 21.503150614433522 21.503150614433522
 2384 262144 58657.169 58657.169 58657.169 21.30860751223776 21.30860751223776 21.30860751223776 21.30860751223776 21.30860751223776 21.30860751223776
 2608 262144 63916.922 63916.922 63916.922 21.392505477657387 21.392505477657387 21.392505477657387 21.392505477657387 21.392505477657387 21.392505477657387
 2864 262144 69823.98 69823.98 69823.98 21.50494474820828 21.50494474820828 21.50494474820828 21.50494474820828 21.50494474820828 21.50494474820828
 3136 262144 75911.045 75911.045 75911.045 21.65912968264368 21.65912968264368 21.65912968264368 21.65912968264368 21.65912968264368 21.65912968264368
 3440 262144 83791.018 83791.018 83791.018 21.524392029704188 21.524392029704188 21.524392029704188 21.524392029704188 21.524392029704188 21.524392029704188
 3776 262144 92474.937 92474.937 92474.937 21.408086906834008 21.408086906834008 21.408086906834008 21.408086906834008 21.408086906834008 21.408086906834008
 4144 131072 50215.96 50215.96 50215.96 21.63305721925858 21.63305721925858 21.63305721925858 21.63305721925858 21.63305721925858 21.63305721925858
 4544 131072 55194.855 55194.855 55194.855 21.581401672311667 21.581401672311667 21.581401672311667 21.581401672311667 21.581401672311667 21.581401672311667
 4992 131072 60194.969 60194.969 60194.969 21.739737884074664 21.739737884074664 21.739737884074664 21.739737884074664 21.739737884074664 21.739737884074664
 5488 131072 63807.011 63807.011 63807.011 22.54683692987907 22.54683692987907 22.54683692987907 22.54683692987907 22.54683692987907 22.54683692987907
 6032 131072 68414.927 68414.927 68414.927 23.11268428306589 23.11268428306589 23.11268428306589 23.11268428306589 23.11268428306589 23.11268428306589
 6624 131072 75556.993 75556.993 75556.993 22.981881452058314 22.981881452058314 22.981881452058314 22.981881452058314 22.981881452058314 22.981881452058314
 7280 131072 82228.184 82228.184 82228.184 23.208688641354406 23.208688641354406 23.208688641354406 23.208688641354406 23.208688641354406 23.208688641354406
 8000 131072 89787.006 89787.006 89787.006 23.35696548340191 23.35696548340191 23.35696548340191 23.35696548340191 23.35696548340191 23.35696548340191
 8800 65536 49464.941 49464.941 49464.941 23.318204301507205 23.318204301507205 23.318204301507205 23.318204301507205 23.318204301507205 23.318204301507205
 9680 65536 54898.024 54898.024 54898.024 23.111523285428273 23.111523285428273 23.111523285428273 23.111523285428273 23.111523285428273 23.111523285428273
 10640 65536 60141.087 60141.087 60141.087 23.188907111040407 23.188907111040407 23.188907111040407 23.188907111040407 23.188907111040407 23.188907111040407
 11696 65536 65905.094 65905.094 65905.094 23.26099575853727 23.26099575853727 23.26099575853727 23.26099575853727 23.26099575853727 23.26099575853727
 12864 65536 72144.032 72144.032 72144.032 23.37144405790904 23.37144405790904 23.37144405790904 23.37144405790904 23.37144405790904 23.37144405790904
 14144 65536 79193.115 79193.115 79193.115 23.409640699194618 23.409640699194618 23.409640699194618 23.409640699194618 23.409640699194618 23.409640699194618
 15552 65536 87406.158 87406.158 87406.158 23.32137449629121 23.32137449629121 23.32137449629121 23.32137449629121 23.32137449629121 23.32137449629121
 17104 32768 48110.008 48110.008 48110.008 23.29926330504871 23.29926330504871 23.29926330504871 23.29926330504871 23.29926330504871 23.29926330504871
 18800 32768 52731.037 52731.037 52731.037 23.365305711700685 23.365305711700685 23.365305711700685 23.365305711700685 23.365305711700685 23.365305711700685
 20672 32768 59393.883 59393.883 59393.883 22.809759584164585 22.809759584164585 22.809759584164585 22.809759584164585 22.809759584164585 22.809759584164585
 22736 32768 63840.866 63840.866 63840.866 23.3396974282899 23.3396974282899 23.3396974282899 23.3396974282899 23.3396974282899 23.3396974282899
 25008 32768 70595.026 70595.026 70595.026 23.215860675509916 23.215860675509916 23.215860675509916 23.215860675509916 23.215860675509916 23.215860675509916
 27504 32768 77280.045 77280.045 77280.045 23.324289523899736 23.324289523899736 23.324289523899736 23.324289523899736 23.324289523899736 23.324289523899736
 30240 32768 84775.209 84775.209 84775.209 23.37721915849243 23.37721915849243 23.37721915849243 23.37721915849243 23.37721915849243 23.37721915849243
 33264 16384 47224.998 47224.998 47224.998 23.080885085479515 23.080885085479515 23.080885085479515 23.080885085479515 23.080885085479515 23.080885085479515
 36576 16384 51573.992 51573.992 51573.992 23.23889079596553 23.23889079596553 23.23889079596553 23.23889079596553 23.23889079596553 23.23889079596553
 40224 16384 56689.978 56689.978 56689.978 23.250318283771428 23.250318283771428 23.250318283771428 23.250318283771428 23.250318283771428 23.250318283771428
 44240 16384 62391.043 62391.043 62391.043 23.235006986499652 23.235006986499652 23.235006986499652 23.235006986499652 23.235006986499652 23.235006986499652
 48656 16384 68679.094 68679.094 68679.094 23.21463075794215 23.21463075794215 23.21463075794215 23.21463075794215 23.21463075794215 23.21463075794215
 53520 16384 75168.133 75168.133 75168.133 23.330942116122536 23.330942116122536 23.330942116122536 23.330942116122536 23.330942116122536 23.330942116122536
 58864 16384 83006.144 83006.144 83006.144 23.237503382882114 23.237503382882114 23.237503382882114 23.237503382882114 23.237503382882114 23.237503382882114
 64736 16384 91187.0 91187.0 91187.0 23.262847204097074 23.262847204097074 23.262847204097074 23.262847204097074 23.262847204097074 23.262847204097074
 71200 8192 49862.146 49862.146 49862.146 23.395318765461877 23.395318765461877 23.395318765461877 23.395318765461877 23.395318765461877 23.395318765461877
 78320 8192 55063.009 55063.009 55063.009 23.304118378274605 23.304118378274605 23.304118378274605 23.304118378274605 23.304118378274605 23.304118378274605
 86144 8192 60373.068 60373.068 60373.068 23.377697088377218 23.377697088377218 23.377697088377218 23.377697088377218 23.377697088377218 23.377697088377218
 94752 8192 66540.956 66540.956 66540.956 23.330244428709438 23.330244428709438 23.330244428709438 23.330244428709438 23.330244428709438 23.330244428709438
 104224 8192 73086.023 73086.023 73086.023 23.364330769509788 23.364330769509788 23.364330769509788 23.364330769509788 23.364330769509788 23.364330769509788
 114640 8192 80503.941 80503.941 80503.941 23.33130200420871 23.33130200420871 23.33130200420871 23.33130200420871 23.33130200420871 23.33130200420871
 126096 8192 89118.958 89118.958 89118.958 23.182013236734658 23.182013236734658 23.182013236734658 23.182013236734658 23.182013236734658 23.182013236734658
 138704 4096 48565.865 48565.865 48565.865 23.396333371185708 23.396333371185708 23.396333371185708 23.396333371185708 23.396333371185708 23.396333371185708
 152560 4096 53511.143 53511.143 53511.143 23.355350865893485 23.355350865893485 23.355350865893485 23.355350865893485 23.355350865893485 23.355350865893485
 167808 4096 58808.088 58808.088 58808.088 23.375749539757184 23.375749539757184 23.375749539757184 23.375749539757184 23.375749539757184 23.375749539757184
 184576 4096 64788.103 64788.103 64788.103 23.33833716353757 23.33833716353757 23.33833716353757 23.33833716353757 23.33833716353757 23.33833716353757
 203024 4096 71415.901 71415.901 71415.901 23.288547574300015 23.288547574300015 23.288547574300015 23.288547574300015 23.288547574300015 23.288547574300015
 223312 4096 78260.183 78260.183 78260.183 23.375512730400846 23.375512730400846 23.375512730400846 23.375512730400846 23.375512730400846 23.375512730400846
 245632 4096 87462.187 87462.187 87462.187 23.006711963422546 23.006711963422546 23.006711963422546 23.006711963422546 23.006711963422546 23.006711963422546
 270192 2048 47338.009 47338.009 47338.009 23.378812404214127 23.378812404214127 23.378812404214127 23.378812404214127 23.378812404214127 23.378812404214127
 297200 2048 54064.989 54064.989 54064.989 22.516072277384538 22.516072277384538 22.516072277384538 22.516072277384538 22.516072277384538 22.516072277384538
 326912 2048 61027.05 61027.05 61027.05 21.94160707424003 21.94160707424003 21.94160707424003 21.94160707424003 21.94160707424003 21.94160707424003
 359600 2048 67421.913 67421.913 67421.913 21.84633355033993 21.84633355033993 21.84633355033993 21.84633355033993 21.84633355033993 21.84633355033993
 395552 2048 70523.977 70523.977 70523.977 22.973477403295053 22.973477403295053 22.973477403295053 22.973477403295053 22.973477403295053 22.973477403295053
 435104 2048 76205.969 76205.969 76205.969 23.386435569108766 23.386435569108766 23.386435569108766 23.386435569108766 23.386435569108766 23.386435569108766
 478608 2048 83852.053 83852.053 83852.053 23.379014560323288 23.379014560323288 23.379014560323288 23.379014560323288 23.379014560323288 23.379014560323288
 526464 1024 46137.094 46137.094 46137.094 23.369444811586966 23.369444811586966 23.369444811586966 23.369444811586966 23.369444811586966 23.369444811586966
 579104 1024 50779.819 50779.819 50779.819 23.355833387275364 23.355833387275364 23.355833387275364 23.355833387275364 23.355833387275364 23.355833387275364
 637008 1024 55939.913 55939.913 55939.913 23.321315926966136 23.321315926966136 23.321315926966136 23.321315926966136 23.321315926966136 23.321315926966136
 700704 1024 61494.112 61494.112 61494.112 23.336247086550333 23.336247086550333 23.336247086550333 23.336247086550333 23.336247086550333 23.336247086550333
 770768 1024 67611.933 67611.933 67611.933 23.346956579395535 23.346956579395535 23.346956579395535 23.346956579395535 23.346956579395535 23.346956579395535
 847840 1024 74412.823 74412.823 74412.823 23.334369669055558 23.334369669055558 23.334369669055558 23.334369669055558 23.334369669055558 23.334369669055558
 932624 1024 82113.028 82113.028 82113.028 23.260790626305972 23.260790626305972 23.260790626305972 23.260790626305972 23.260790626305972 23.260790626305972
 1025872 1024 90043.068 90043.068 90043.068 23.33312161242662 23.33312161242662 23.33312161242662 23.33312161242662 23.33312161242662 23.33312161242662
 1128448 512 49610.138 49610.138 49610.138 23.292230148603903 23.292230148603903 23.292230148603903 23.292230148603903 23.292230148603903 23.292230148603903
 1241280 512 54394.007 54394.007 54394.007 23.367844917179937 23.367844917179937 23.367844917179937 23.367844917179937 23.367844917179937 23.367844917179937
 1365408 512 59915.066 59915.066 59915.066 23.335996859287448 23.335996859287448 23.335996859287448 23.335996859287448 23.335996859287448 23.335996859287448
 1501936 512 65895.081 65895.081 65895.081 23.33986756917409 23.33986756917409 23.33986756917409 23.33986756917409 23.33986756917409 23.33986756917409
 1652128 512 72566.032 72566.032 72566.032 23.313650000870933 23.313650000870933 23.313650000870933 23.313650000870933 23.313650000870933 23.313650000870933
 1817328 512 79627.037 79627.037 79627.037 23.370753730293895 23.370753730293895 23.370753730293895 23.370753730293895 23.370753730293895 23.370753730293895
 1999056 512 87591.171 87591.171 87591.171 23.370315987669578 23.370315987669578 23.370315987669578 23.370315987669578 23.370315987669578 23.370315987669578
 2198960 256 48200.13 48200.13 48200.13 23.35818430365229 23.35818430365229 23.35818430365229 23.35818430365229 23.35818430365229 23.35818430365229
 2418848 256 53025.007 53025.007 53025.007 23.355964403738785 23.355964403738785 23.355964403738785 23.355964403738785 23.355964403738785 23.355964403738785
 2660720 256 58422.804 58422.804 58422.804 23.31775516971079 23.31775516971079 23.31775516971079 23.31775516971079 23.31775516971079 23.31775516971079
 2926784 256 64205.885 64205.885 64205.885 23.33919091684508 23.33919091684508 23.33919091684508 23.33919091684508 23.33919091684508 23.33919091684508
 3219456 256 70773.125 70773.125 70773.125 23.290782652313286 23.290782652313286 23.290782652313286 23.290782652313286 23.290782652313286 23.290782652313286
 3541392 256 77763.081 77763.081 77763.081 23.31688354786251 23.31688354786251 23.31688354786251 23.31688354786251 23.31688354786251 23.31688354786251
 3895520 256 85368.156 85368.156 85368.156 23.363585831700522 23.363585831700522 23.363585831700522 23.363585831700522 23.363585831700522 23.363585831700522
 4285072 128 46988.01 46988.01 46988.01 23.345922332101313 23.345922332101313 23.345922332101313 23.345922332101313 23.345922332101313 23.345922332101313
 4713568 128 51717.997 51717.997 51717.997 23.331789280238365 23.331789280238365 23.331789280238365 23.331789280238365 23.331789280238365 23.331789280238365
 5184912 128 56874.037 56874.037 56874.037 23.338196864766257 23.338196864766257 23.338196864766257 23.338196864766257 23.338196864766257 23.338196864766257
 5703392 128 62587.976 62587.976 62587.976 23.32825640503217 23.32825640503217 23.32825640503217 23.32825640503217 23.32825640503217 23.32825640503217
 6273728 128 68866.014 68866.014 68866.014 23.32172685353911 23.32172685353911 23.32172685353911 23.32172685353911 23.32172685353911 23.32172685353911
 6901088 128 75798.035 75798.035 75798.035 23.30770880801857 23.30770880801857 23.30770880801857 23.30770880801857 23.30770880801857 23.30770880801857
 7591184 128 83293.915 83293.915 83293.915 23.33115335015769 23.33115335015769 23.33115335015769 23.33115335015769 23.33115335015769 23.33115335015769
 8350288 128 91666.937 91666.937 91666.937 23.320008259902917 23.320008259902917 23.320008259902917 23.320008259902917 23.320008259902917 23.320008259902917
 9185312 64 50465.822 50465.822 50465.822 23.297350353274734 23.297350353274734 23.297350353274734 23.297350353274734 23.297350353274734 23.297350353274734
 10103840 64 55609.941 55609.941 55609.941 23.256480707289366 23.256480707289366 23.256480707289366 23.256480707289366 23.256480707289366 23.256480707289366
 11114224 64 61113.119 61113.119 61113.119 23.278482513713627 23.278482513713627 23.278482513713627 23.278482513713627 23.278482513713627 23.278482513713627
 12225632 64 67211.151 67211.151 67211.151 23.283054563371486 23.283054563371486 23.283054563371486 23.283054563371486 23.283054563371486 23.283054563371486
 13448192 64 74039.936 74039.936 74039.936 23.24919049092641 23.24919049092641 23.24919049092641 23.24919049092641 23.24919049092641 23.24919049092641
 14793008 64 81298.113 81298.113 81298.113 23.2908852878295 23.2908852878295 23.2908852878295 23.2908852878295 23.2908852878295 23.2908852878295
 16272304 64 89479.208 89479.208 89479.208 23.27752959100845 23.27752959100845 23.27752959100845 23.27752959100845 23.27752959100845 23.27752959100845
 17899520 32 49662.113 49662.113 49662.113 23.06726820101271 23.06726820101271 23.06726820101271 23.06726820101271 23.06726820101271 23.06726820101271
 19689472 32 54212.093 54212.093 54212.093 23.24437479290829 23.24437479290829 23.24437479290829 23.24437479290829 23.24437479290829 23.24437479290829
 21658416 32 59592.962 59592.962 59592.962 23.26010618502232 23.26010618502232 23.26010618502232 23.26010618502232 23.26010618502232 23.26010618502232
 23824256 32 65607.071 65607.071 65607.071 23.240671481889503 23.240671481889503 23.240671481889503 23.240671481889503 23.240671481889503 23.240671481889503
 26206672 32 72105.885 72105.885 72105.885 23.260611918153423 23.260611918153423 23.260611918153423 23.260611918153423 23.260611918153423 23.260611918153423
 28827328 32 79361.2 79361.2 79361.2 23.24749363668896 23.24749363668896 23.24749363668896 23.24749363668896 23.24749363668896 23.24749363668896
 31710048 32 87335.11 87335.11 87335.11 23.23742504016998 23.23742504016998 23.23742504016998 23.23742504016998 23.23742504016998 23.23742504016998
 34881040 16 48002.005 48002.005 48002.005 23.253055367166436 23.253055367166436 23.253055367166436 23.253055367166436 23.253055367166436 23.253055367166436
 38369136 16 52925.825 52925.825 52925.825 23.198738082968003 23.198738082968003 23.198738082968003 23.198738082968003 23.198738082968003 23.198738082968003
 42206048 16 58142.185 58142.185 58142.185 23.229149988085243 23.229149988085243 23.229149988085243 23.229149988085243 23.229149988085243 23.229149988085243
 46426640 16 64019.203 64019.203 64019.203 23.206357005100486 23.206357005100486 23.206357005100486 23.206357005100486 23.206357005100486 23.206357005100486
 51069296 16 70494.89 70494.89 70494.89 23.182069962801556 23.182069962801556 23.182069962801556 23.182069962801556 23.182069962801556 23.182069962801556
 56176224 16 78312.159 78312.159 78312.159 22.954790047353946 22.954790047353946 22.954790047353946 22.954790047353946 22.954790047353946 22.954790047353946
 61793840 16 93985.081 93985.081 93985.081 21.039540094666727 21.039540094666727 21.039540094666727 21.039540094666727 21.039540094666727 21.039540094666727
 67973216 8 53386.927 53386.927 53386.927 20.37149386777778 20.37149386777778 20.37149386777778 20.37149386777778 20.37149386777778 20.37149386777778
 74770528 8 59741.974 59741.974 59741.974 20.024923314385294 20.024923314385294 20.024923314385294 20.024923314385294 20.024923314385294 20.024923314385294
 82247568 8 66066.98 66066.98 66066.98 19.918590012741614 19.918590012741614 19.918590012741614 19.918590012741614 19.918590012741614 19.918590012741614
 90472320 8 72997.093 72997.093 72997.093 19.83033927118166 19.83033927118166 19.83033927118166 19.83033927118166 19.83033927118166 19.83033927118166
 99519552 8 80513.0 80513.0 80513.0 19.77708981158322 19.77708981158322 19.77708981158322 19.77708981158322 19.77708981158322 19.77708981158322
 109471504 8 88677.883 88677.883 88677.883 19.751757763545168 19.751757763545168 19.751757763545168 19.751757763545168 19.751757763545168 19.751757763545168
 120418640 8 100090.981 100090.981 100090.981 19.249469040572198 19.249469040572198 19.249469040572198 19.249469040572198 19.249469040572198 19.249469040572198
 132460496 8 112832.785 112832.785 112832.785 18.78326353461895 18.78326353461895 18.78326353461895 18.78326353461895 18.78326353461895 18.78326353461895
 145706544 4 60347.795 60347.795 60347.795 19.31557486068878 19.31557486068878 19.31557486068878 19.31557486068878 19.31557486068878 19.31557486068878
 160277184 4 64950.943 64950.943 64950.943 19.741321877343644 19.741321877343644 19.741321877343644 19.741321877343644 19.741321877343644 19.741321877343644
 176304896 4 71593.046 71593.046 71593.046 19.700784458870487 19.700784458870487 19.700784458870487 19.700784458870487 19.700784458870487 19.700784458870487
 193935376 4 78698.158 78698.158 78698.158 19.71434970561827 19.71434970561827 19.71434970561827 19.71434970561827 19.71434970561827 19.71434970561827
 213328912 4 86557.865 86557.865 86557.865 19.716651929896837 19.716651929896837 19.716651929896837 19.716651929896837 19.716651929896837 19.716651929896837
 234661792 4 95180.035 95180.035 95180.035 19.723614684529164 19.723614684529164 19.723614684529164 19.723614684529164 19.723614684529164 19.723614684529164
 258127968 4 104618.073 104618.073 104618.073 19.73869031214138 19.73869031214138 19.73869031214138 19.73869031214138 19.73869031214138 19.73869031214138
 283940752 2 57621.002 57621.002 57621.002 19.710920820155124 19.710920820155124 19.710920820155124 19.710920820155124 19.710920820155124 19.710920820155124
 312334816 2 63396.931 63396.931 63396.931 19.70662056180606 19.70662056180606 19.70662056180606 19.70662056180606 19.70662056180606 19.70662056180606
 343568288 2 69706.202 69706.202 69706.202 19.71522063416968 19.71522063416968 19.71522063416968 19.71522063416968 19.71522063416968 19.71522063416968
 377925104 2 76735.02 76735.02 76735.02 19.700267439820827 19.700267439820827 19.700267439820827 19.700267439820827 19.700267439820827 19.700267439820827
 415717600 2 84407.806 84407.806 84407.806 19.70043386745534 19.70043386745534 19.70043386745534 19.70043386745534 19.70043386745534 19.70043386745534
 457289360 2 92937.946 92937.946 92937.946 19.681491992517245 19.681491992517245 19.681491992517245 19.681491992517245 19.681491992517245 19.681491992517245
 503018288 2 102214.098 102214.098 102214.098 19.68488879097676 19.68488879097676 19.68488879097676 19.68488879097676 19.68488879097676 19.68488879097676
 553320112 1 56241.035 56241.035 56241.035 19.676740017320093 19.676740017320093 19.676740017320093 19.676740017320093 19.676740017320093 19.676740017320093
 608652112 1 61853.886 61853.886 61853.886 19.680319260781772 19.680319260781772 19.680319260781772 19.680319260781772 19.680319260781772 19.680319260781772
 669517312 1 68023.92 68023.92 68023.92 19.68476124280988 19.68476124280988 19.68476124280988 19.68476124280988 19.68476124280988 19.68476124280988
 736469040 1 74898.005 74898.005 74898.005 19.665918738423006 19.665918738423006 19.665918738423006 19.665918738423006 19.665918738423006 19.665918738423006
 810115936 1 82340.002 82340.002 82340.002 19.6773358348959 19.6773358348959 19.6773358348959 19.6773358348959 19.6773358348959 19.6773358348959
 891127520 1 90641.022 90641.022 90641.022 19.662786238222246 19.662786238222246 19.662786238222246 19.662786238222246 19.662786238222246 19.662786238222246
 980240272 1 99673.033 99673.033 99673.033 19.66911696165602 19.66911696165602 19.66911696165602 19.66911696165602 19.66911696165602 19.66911696165602
 
META_DATA
 MPI startup(): shm:tmi fabric is unknown or has been removed from the product, please use ofi or shm:ofi instead
 FLOPS          16
 MPI_PROCS      1
 OPENMP_THREADS 2
 ERT_VERSION  1.1.0
 HOSTNAME  ('shas0816.rc.int.colorado.edu', [], ['10.225.7.65'])
 UNAME  uname_result(system='Linux', node='shas0816.rc.int.colorado.edu', release='3.10.0-957.27.2.el7.x86_64', version='#1 SMP Mon Jul 29 17:46:05 UTC 2019', machine='x86_64', processor='x86_64')
 TIMESTAMP_DATA  1664513572.4732149
 CONFIG  {'ERT_RESULTS': ['lab5_results'], 'ERT_DRIVER': ['driver1'], 'ERT_KERNEL': ['kernel1'], 'ERT_MPI': ['True'], 'ERT_MPI_CFLAGS': ['-I/usr/include/mpi'], 'ERT_MPI_LDFLAGS': ['-lmpi'], 'ERT_OPENMP': ['True'], 'ERT_OPENMP_CFLAGS': ['-qopenmp'], 'ERT_OPENMP_LDFLAGS': ['-qopenmp'], 'ERT_FLOPS': ['1,2,4,8,16'], 'ERT_ALIGN': ['32'], 'ERT_CC': ['mpicc'], 'ERT_CFLAGS': ['-O3', '-msse3', '-axSSE3', '-xSSE3', '-fno-alias', '-fno-fnalias', '-DERT_INTEL', '-std=c++11'], 'ERT_LD': ['mpicc'], 'ERT_LDFLAGS': [], 'ERT_LDLIBS': [], 'ERT_PRECISION': ['FP64'], 'ERT_RUN': ['export', 'OMP_NUM_THREADS=ERT_OPENMP_THREADS;', 'mpirun', '-np', 'ERT_MPI_PROCS', 'ERT_CODE'], 'ERT_PROCS_THREADS': ['1-24'], 'ERT_MPI_PROCS': ['1'], 'ERT_OPENMP_THREADS': ['2'], 'ERT_NUM_EXPERIMENTS': ['1'], 'ERT_MEMORY_MAX': ['1073741824'], 'ERT_WORKING_SET_MIN': ['1'], 'ERT_TRIALS_MIN': ['1'], 'ERT_GNUPLOT': ['gnuplot'], 'ERT_GPU': [False], 'ERT_HIP': [False], 'ERT_OCL': [False], 'ERT_SYCL': [False], 'ERT_WSS_MULT': [1.1]}
 