fp64
 8 134217728 2663192.987 2663192.987 2663192.987 0.8063567523955784 0.8063567523955784 0.8063567523955784 0.8063567523955784 0.8063567523955784 0.8063567523955784
 16 67108864 1351114.035 1351114.035 1351114.035 1.5894170235601173 1.5894170235601173 1.5894170235601173 1.5894170235601173 1.5894170235601173 1.5894170235601173
 24 33554432 674278.975 674278.975 674278.975 2.3886444568436973 2.3886444568436973 2.3886444568436973 2.3886444568436973 2.3886444568436973 2.3886444568436973
 32 33554432 674119.949 674119.949 674119.949 3.1856105893107163 3.1856105893107163 3.1856105893107163 3.1856105893107163 3.1856105893107163 3.1856105893107163
 40 16777216 339046.955 339046.955 339046.955 3.9586766971554126 3.9586766971554126 3.9586766971554126 3.9586766971554126 3.9586766971554126 3.9586766971554126
 48 16777216 338904.858 338904.858 338904.858 4.752403802957583 4.752403802957583 4.752403802957583 4.752403802957583 4.752403802957583 4.752403802957583
 56 16777216 346842.051 346842.051 346842.051 5.417590475498601 5.417590475498601 5.417590475498601 5.417590475498601 5.417590475498601 5.417590475498601
 64 16777216 347045.898 347045.898 347045.898 6.18789520457032 6.18789520457032 6.18789520457032 6.18789520457032 6.18789520457032 6.18789520457032
 72 8388608 175710.917 175710.917 175710.917 6.874698354684473 6.874698354684473 6.874698354684473 6.874698354684473 6.874698354684473 6.874698354684473
 80 8388608 175611.019 175611.019 175611.019 7.642898991435156 7.642898991435156 7.642898991435156 7.642898991435156 7.642898991435156 7.642898991435156
 88 8388608 199643.135 199643.135 199643.135 7.395170427473 7.395170427473 7.395170427473 7.395170427473 7.395170427473 7.395170427473
 96 8388608 200127.125 200127.125 200127.125 8.047948202923518 8.047948202923518 8.047948202923518 8.047948202923518 8.047948202923518 8.047948202923518
 104 8388608 239484.072 239484.072 239484.072 7.285789194364459 7.285789194364459 7.285789194364459 7.285789194364459 7.285789194364459 7.285789194364459
 112 8388608 234107.018 234107.018 234107.018 8.026449647058424 8.026449647058424 8.026449647058424 8.026449647058424 8.026449647058424 8.026449647058424
 120 8388608 265124.798 265124.798 265124.798 7.593653763010127 7.593653763010127 7.593653763010127 7.593653763010127 7.593653763010127 7.593653763010127
 128 8388608 179857.016 179857.016 179857.016 11.939949276151674 11.939949276151674 11.939949276151674 11.939949276151674 11.939949276151674 11.939949276151674
 136 4194304 110250.95 110250.95 110250.95 10.347762880954768 10.347762880954768 10.347762880954768 10.347762880954768 10.347762880954768 10.347762880954768
 144 4194304 112623.93 112623.93 112623.93 10.725602915827924 10.725602915827924 10.725602915827924 10.725602915827924 10.725602915827924 10.725602915827924
 152 4194304 133834.124 133834.124 133834.124 9.527229512855781 9.527229512855781 9.527229512855781 9.527229512855781 9.527229512855781 9.527229512855781
 160 4194304 130311.966 130311.966 130311.966 10.299723971626673 10.299723971626673 10.299723971626673 10.299723971626673 10.299723971626673 10.299723971626673
 176 4194304 149241.209 149241.209 149241.209 9.892676546194421 9.892676546194421 9.892676546194421 9.892676546194421 9.892676546194421 9.892676546194421
 192 4194304 163547.039 163547.039 163547.039 9.8480091467752 9.8480091467752 9.8480091467752 9.8480091467752 9.8480091467752 9.8480091467752
 208 4194304 178564.072 178564.072 178564.072 9.771453151001172 9.771453151001172 9.771453151001172 9.771453151001172 9.771453151001172 9.771453151001172
 224 4194304 196939.945 196939.945 196939.945 9.54122431586949 9.54122431586949 9.54122431586949 9.54122431586949 9.54122431586949 9.54122431586949
 240 4194304 212735.891 212735.891 212735.891 9.463687159398974 9.463687159398974 9.463687159398974 9.463687159398974 9.463687159398974 9.463687159398974
 264 2097152 100246.906 100246.906 100246.906 11.04569008843026 11.04569008843026 11.04569008843026 11.04569008843026 11.04569008843026 11.04569008843026
 288 2097152 111664.057 111664.057 111664.057 10.817801040490584 10.817801040490584 10.817801040490584 10.817801040490584 10.817801040490584 10.817801040490584
 312 2097152 126937.866 126937.866 126937.866 10.309160609333075 10.309160609333075 10.309160609333075 10.309160609333075 10.309160609333075 10.309160609333075
 336 2097152 134418.011 134418.011 134418.011 10.484354987219682 10.484354987219682 10.484354987219682 10.484354987219682 10.484354987219682 10.484354987219682
 368 2097152 152297.02 152297.02 152297.02 10.13482648577103 10.13482648577103 10.13482648577103 10.13482648577103 10.13482648577103 10.13482648577103
 400 2097152 147126.198 147126.198 147126.198 11.403282507171156 11.403282507171156 11.403282507171156 11.403282507171156 11.403282507171156 11.403282507171156
 440 2097152 171403.885 171403.885 171403.885 10.766930749556815 10.766930749556815 10.766930749556815 10.766930749556815 10.766930749556815 10.766930749556815
 480 2097152 187979.937 187979.937 187979.937 10.710004227738409 10.710004227738409 10.710004227738409 10.710004227738409 10.710004227738409 10.710004227738409
 528 1048576 96680.164 96680.164 96680.164 11.453189673943871 11.453189673943871 11.453189673943871 11.453189673943871 11.453189673943871 11.453189673943871
 576 1048576 109244.823 109244.823 109244.823 11.057361976777608 11.057361976777608 11.057361976777608 11.057361976777608 11.057361976777608 11.057361976777608
 632 1048576 125825.882 125825.882 125825.882 10.533604397861483 10.533604397861483 10.533604397861483 10.533604397861483 10.533604397861483 10.533604397861483
 688 1048576 128122.091 128122.091 128122.091 11.261450423877331 11.261450423877331 11.261450423877331 11.261450423877331 11.261450423877331 11.261450423877331
 752 1048576 143769.026 143769.026 143769.026 10.969388524618646 10.969388524618646 10.969388524618646 10.969388524618646 10.969388524618646 10.969388524618646
 824 1048576 154783.964 154783.964 154783.964 11.164291205256896 11.164291205256896 11.164291205256896 11.164291205256896 11.164291205256896 11.164291205256896
 904 1048576 163959.026 163959.026 163959.026 11.56279989123624 11.56279989123624 11.56279989123624 11.56279989123624 11.56279989123624 11.56279989123624
 992 1048576 185309.172 185309.172 185309.172 11.22650736359666 11.22650736359666 11.22650736359666 11.22650736359666 11.22650736359666 11.22650736359666
 1088 524288 100226.879 100226.879 100226.879 11.382681964984663 11.382681964984663 11.382681964984663 11.382681964984663 11.382681964984663 11.382681964984663
 1192 524288 109869.957 109869.957 109869.957 11.376199883285656 11.376199883285656 11.376199883285656 11.376199883285656 11.376199883285656 11.376199883285656
 1304 524288 119622.946 119622.946 119622.946 11.430441647875819 11.430441647875819 11.430441647875819 11.430441647875819 11.430441647875819 11.430441647875819
 1432 524288 130676.031 130676.031 130676.031 11.49071348822953 11.49071348822953 11.49071348822953 11.49071348822953 11.49071348822953 11.49071348822953
 1568 524288 142251.015 142251.015 142251.015 11.558210449324386 11.558210449324386 11.558210449324386 11.558210449324386 11.558210449324386 11.558210449324386
 1720 524288 156924.009 156924.009 156924.009 11.493147106635544 11.493147106635544 11.493147106635544 11.493147106635544 11.493147106635544 11.493147106635544
 1888 524288 172914.028 172914.028 172914.028 11.4491086171447 11.4491086171447 11.4491086171447 11.4491086171447 11.4491086171447 11.4491086171447
 2072 262144 94084.024 94084.024 94084.024 11.546325186941408 11.546325186941408 11.546325186941408 11.546325186941408 11.546325186941408 11.546325186941408
 2272 262144 103282.928 103282.928 103282.928 11.533196812545826 11.533196812545826 11.533196812545826 11.533196812545826 11.533196812545826 11.533196812545826
 2496 262144 112642.05 112642.05 112642.05 11.617534020376937 11.617534020376937 11.617534020376937 11.617534020376937 11.617534020376937 11.617534020376937
 2744 262144 124176.025 124176.025 124176.025 11.585539736837283 11.585539736837283 11.585539736837283 11.585539736837283 11.585539736837283 11.585539736837283
 3016 262144 136399.984 136399.984 136399.984 11.592762415573304 11.592762415573304 11.592762415573304 11.592762415573304 11.592762415573304 11.592762415573304
 3312 262144 150077.82 150077.82 150077.82 11.570276380613738 11.570276380613738 11.570276380613738 11.570276380613738 11.570276380613738 11.570276380613738
 3640 262144 164191.961 164191.961 164191.961 11.623031410167517 11.623031410167517 11.623031410167517 11.623031410167517 11.623031410167517 11.623031410167517
 4000 262144 179141.045 179141.045 179141.045 11.706708532374586 11.706708532374586 11.706708532374586 11.706708532374586 11.706708532374586 11.706708532374586
 4400 131072 98716.021 98716.021 98716.021 11.684360738162251 11.684360738162251 11.684360738162251 11.684360738162251 11.684360738162251 11.684360738162251
 4840 131072 109636.068 109636.068 109636.068 11.572623709927285 11.572623709927285 11.572623709927285 11.572623709927285 11.572623709927285 11.572623709927285
 5320 131072 120193.005 120193.005 120193.005 11.603055269314549 11.603055269314549 11.603055269314549 11.603055269314549 11.603055269314549 11.603055269314549
 5848 131072 131555.08 131555.08 131555.08 11.65305142150345 11.65305142150345 11.65305142150345 11.65305142150345 11.65305142150345 11.65305142150345
 6432 131072 144027.948 144027.948 144027.948 11.706826566743837 11.706826566743837 11.706826566743837 11.706826566743837 11.706826566743837 11.706826566743837
 7072 131072 158072.948 158072.948 158072.948 11.728017927520401 11.728017927520401 11.728017927520401 11.728017927520401 11.728017927520401 11.728017927520401
 7776 131072 174503.088 174503.088 174503.088 11.68135055581366 11.68135055581366 11.68135055581366 11.68135055581366 11.68135055581366 11.68135055581366
 8552 65536 96099.854 96099.854 96099.854 11.66419819951027 11.66419819951027 11.66419819951027 11.66419819951027 11.66419819951027 11.66419819951027
 9400 65536 105237.007 105237.007 105237.007 11.70763816952719 11.70763816952719 11.70763816952719 11.70763816952719 11.70763816952719 11.70763816952719
 10336 65536 116019.011 116019.011 116019.011 11.67705344428423 11.67705344428423 11.67705344428423 11.67705344428423 11.67705344428423 11.67705344428423
 11368 65536 127491.951 127491.951 127491.951 11.687220128900531 11.687220128900531 11.687220128900531 11.687220128900531 11.687220128900531 11.687220128900531
 12504 65536 140400.887 140400.887 140400.887 11.673176167327206 11.673176167327206 11.673176167327206 11.673176167327206 11.673176167327206 11.673176167327206
 13752 65536 156570.911 156570.911 156570.911 11.512369267622134 11.512369267622134 11.512369267622134 11.512369267622134 11.512369267622134 11.512369267622134
 15120 65536 169241.19 169241.19 169241.19 11.709966350390232 11.709966350390232 11.709966350390232 11.709966350390232 11.709966350390232 11.709966350390232
 16632 32768 93657.017 93657.017 93657.017 11.638153626011812 11.638153626011812 11.638153626011812 11.638153626011812 11.638153626011812 11.638153626011812
 18288 32768 102915.049 102915.049 102915.049 11.645744520803754 11.645744520803754 11.645744520803754 11.645744520803754 11.645744520803754 11.645744520803754
 20112 32768 112821.102 112821.102 112821.102 11.682743818616487 11.682743818616487 11.682743818616487 11.682743818616487 11.682743818616487 11.682743818616487
 22120 32768 124011.993 124011.993 124011.993 11.689646178011188 11.689646178011188 11.689646178011188 11.689646178011188 11.689646178011188 11.689646178011188
 24328 32768 136444.092 136444.092 136444.092 11.685077636047444 11.685077636047444 11.685077636047444 11.685077636047444 11.685077636047444 11.685077636047444
 26760 32768 150099.993 150099.993 150099.993 11.683833722763733 11.683833722763733 11.683833722763733 11.683833722763733 11.683833722763733 11.683833722763733
 29432 32768 165277.004 165277.004 165277.004 11.67044117038811 11.67044117038811 11.67044117038811 11.67044117038811 11.67044117038811 11.67044117038811
 32368 32768 181632.996 181632.996 181632.996 11.67887605619851 11.67887605619851 11.67887605619851 11.67887605619851 11.67887605619851 11.67887605619851
 35600 16384 99591.017 99591.017 99591.017 11.713313460791348 11.713313460791348 11.713313460791348 11.713313460791348 11.713313460791348 11.713313460791348
 39160 16384 109724.045 109724.045 109724.045 11.694746397656047 11.694746397656047 11.694746397656047 11.694746397656047 11.694746397656047 11.694746397656047
 43072 16384 120557.785 120557.785 120557.785 11.707110378645393 11.707110378645393 11.707110378645393 11.707110378645393 11.707110378645393 11.707110378645393
 47376 16384 132632.017 132632.017 132632.017 11.704690942006863 11.704690942006863 11.704690942006863 11.704690942006863 11.704690942006863 11.704690942006863
 52112 16384 145951.986 145951.986 145951.986 11.699779241099192 11.699779241099192 11.699779241099192 11.699779241099192 11.699779241099192 11.699779241099192
 57320 16384 160522.938 160522.938 160522.938 11.700893239320102 11.700893239320102 11.700893239320102 11.700893239320102 11.700893239320102 11.700893239320102
 63048 16384 176450.014 176450.014 176450.014 11.708453953423886 11.708453953423886 11.708453953423886 11.708453953423886 11.708453953423886 11.708453953423886
 69352 8192 97023.01 97023.01 97023.01 11.711275170704353 11.711275170704353 11.711275170704353 11.711275170704353 11.711275170704353 11.711275170704353
 76280 8192 106745.005 106745.005 106745.005 11.708009381797302 11.708009381797302 11.708009381797302 11.708009381797302 11.708009381797302 11.708009381797302
 83904 8192 119776.964 119776.964 119776.964 11.477024380080296 11.477024380080296 11.477024380080296 11.477024380080296 11.477024380080296 11.477024380080296
 92288 8192 129256.964 129256.964 129256.964 11.697989378738617 11.697989378738617 11.697989378738617 11.697989378738617 11.697989378738617 11.697989378738617
 101512 8192 141964.912 141964.912 141964.912 11.715378008334906 11.715378008334906 11.715378008334906 11.715378008334906 11.715378008334906 11.715378008334906
 111656 8192 156179.905 156179.905 156179.905 11.71323483645351 11.71323483645351 11.71323483645351 11.71323483645351 11.71323483645351 11.71323483645351
 122816 8192 171885.967 171885.967 171885.967 11.706699384016614 11.706699384016614 11.706699384016614 11.706699384016614 11.706699384016614 11.706699384016614
 135096 4096 94518.9 94518.9 94518.9 11.70883740712175 11.70883740712175 11.70883740712175 11.70883740712175 11.70883740712175 11.70883740712175
 148600 4096 103953.123 103953.123 103953.123 11.710386036213649 11.710386036213649 11.710386036213649 11.710386036213649 11.710386036213649 11.710386036213649
 163456 4096 114340.067 114340.067 114340.067 11.710956510109446 11.710956510109446 11.710956510109446 11.710956510109446 11.710956510109446 11.710956510109446
 179800 4096 125808.001 125808.001 125808.001 11.707694171215708 11.707694171215708 11.707694171215708 11.707694171215708 11.707694171215708 11.707694171215708
 197776 4096 138387.918 138387.918 138387.918 11.707532098286212 11.707532098286212 11.707532098286212 11.707532098286212 11.707532098286212 11.707532098286212
 217552 4096 152312.994 152312.994 152312.994 11.700813812379002 11.700813812379002 11.700813812379002 11.700813812379002 11.700813812379002 11.700813812379002
 239304 4096 167519.093 167519.093 167519.093 11.702417514879931 11.702417514879931 11.702417514879931 11.702417514879931 11.702417514879931 11.702417514879931
 263232 2048 92260.122 92260.122 92260.122 11.686503861332419 11.686503861332419 11.686503861332419 11.686503861332419 11.686503861332419 11.686503861332419
 289552 2048 101575.136 101575.136 101575.136 11.67613491553681 11.67613491553681 11.67613491553681 11.67613491553681 11.67613491553681 11.67613491553681
 318504 2048 111596.107 111596.107 111596.107 11.690303712834714 11.690303712834714 11.690303712834714 11.690303712834714 11.690303712834714 11.690303712834714
 350352 2048 122728.825 122728.825 122728.825 11.692785227920172 11.692785227920172 11.692785227920172 11.692785227920172 11.692785227920172 11.692785227920172
 385384 2048 134973.049 134973.049 134973.049 11.695170818879552 11.695170818879552 11.695170818879552 11.695170818879552 11.695170818879552 11.695170818879552
 423920 2048 148636.103 148636.103 148636.103 11.682063004571642 11.682063004571642 11.682063004571642 11.682063004571642 11.682063004571642 11.682063004571642
 466312 2048 163350.105 163350.105 163350.105 11.692762315640994 11.692762315640994 11.692762315640994 11.692762315640994 11.692762315640994 11.692762315640994
 512936 2048 179798.841 179798.841 179798.841 11.685202442433987 11.685202442433987 11.685202442433987 11.685202442433987 11.685202442433987 11.685202442433987
 564224 1024 99050.999 99050.999 99050.999 11.666018148893178 11.666018148893178 11.666018148893178 11.666018148893178 11.666018148893178 11.666018148893178
 620640 1024 108843.088 108843.088 108843.088 11.678010458505183 11.678010458505183 11.678010458505183 11.678010458505183 11.678010458505183 11.678010458505183
 682704 1024 119682.074 119682.074 119682.074 11.682432842866676 11.682432842866676 11.682432842866676 11.682432842866676 11.682432842866676 11.682432842866676
 750968 1024 131644.964 131644.964 131644.964 11.682805154627866 11.682805154627866 11.682805154627866 11.682805154627866 11.682805154627866 11.682805154627866
 826064 1024 144874.096 144874.096 144874.096 11.677581560198314 11.677581560198314 11.677581560198314 11.677581560198314 11.677581560198314 11.677581560198314
 908664 1024 159177.065 159177.065 159177.065 11.69103018704359 11.69103018704359 11.69103018704359 11.69103018704359 11.69103018704359 11.69103018704359
 999528 1024 175221.92 175221.92 175221.92 11.682518625523564 11.682518625523564 11.682518625523564 11.682518625523564 11.682518625523564 11.682518625523564
 1099480 512 96338.987 96338.987 96338.987 11.686520224672904 11.686520224672904 11.686520224672904 11.686520224672904 11.686520224672904 11.686520224672904
 1209424 512 106001.854 106001.854 106001.854 11.683287879096905 11.683287879096905 11.683287879096905 11.683287879096905 11.683287879096905 11.683287879096905
 1330360 512 116491.079 116491.079 116491.079 11.69436021791849 11.69436021791849 11.69436021791849 11.69436021791849 11.69436021791849 11.69436021791849
 1463392 512 128281.116 128281.116 128281.116 11.681480912591999 11.681480912591999 11.681480912591999 11.681480912591999 11.681480912591999 11.681480912591999
 1609728 512 141161.203 141161.203 141161.203 11.67715659096501 11.67715659096501 11.67715659096501 11.67715659096501 11.67715659096501 11.67715659096501
 1770696 512 155195.951 155195.951 155195.951 11.683247483692407 11.683247483692407 11.683247483692407 11.683247483692407 11.683247483692407 11.683247483692407
 1947760 512 173667.908 173667.908 173667.908 11.484598754998535 11.484598754998535 11.484598754998535 11.484598754998535 11.484598754998535 11.484598754998535
 2142536 256 93849.182 93849.182 93849.182 11.688737276367522 11.688737276367522 11.688737276367522 11.688737276367522 11.688737276367522 11.688737276367522
 2356784 256 103349.924 103349.924 103349.924 11.67561001786513 11.67561001786513 11.67561001786513 11.67561001786513 11.67561001786513 11.67561001786513
 2592456 256 113604.069 113604.069 113604.069 11.683890231079662 11.683890231079662 11.683890231079662 11.683890231079662 11.683890231079662 11.683890231079662
 2851696 256 125059.128 125059.128 125059.128 11.675024249329486 11.675024249329486 11.675024249329486 11.675024249329486 11.675024249329486 11.675024249329486
 3136864 256 137599.945 137599.945 137599.945 11.67205675845292 11.67205675845292 11.67205675845292 11.67205675845292 11.67205675845292 11.67205675845292
 3450544 256 151460.171 151460.171 151460.171 11.664310929637072 11.664310929637072 11.664310929637072 11.664310929637072 11.664310929637072 11.664310929637072
 3795592 256 166731.834 166731.834 166731.834 11.655501276378931 11.655501276378931 11.655501276378931 11.655501276378931 11.655501276378931 11.655501276378931
 4175144 256 183149.099 183149.099 183149.099 11.671767645441708 11.671767645441708 11.671767645441708 11.671767645441708 11.671767645441708 11.671767645441708
 4592656 128 100874.901 100874.901 100874.901 11.655227656679434 11.655227656679434 11.655227656679434 11.655227656679434 11.655227656679434 11.655227656679434
 5051920 128 110985.041 110985.041 110985.041 11.65284535958319 11.65284535958319 11.65284535958319 11.65284535958319 11.65284535958319 11.65284535958319
 5557112 128 122092.009 122092.009 122092.009 11.652037538345365 11.652037538345365 11.652037538345365 11.652037538345365 11.652037538345365 11.652037538345365
 6112816 128 134654.999 134654.999 134654.999 11.621409584652703 11.621409584652703 11.621409584652703 11.621409584652703 11.621409584652703 11.621409584652703
 6724096 128 148435.831 148435.831 148435.831 11.596718692537246 11.596718692537246 11.596718692537246 11.596718692537246 11.596718692537246 11.596718692537246
 7396504 128 163214.922 163214.922 163214.922 11.60129846460975 11.60129846460975 11.60129846460975 11.60129846460975 11.60129846460975 11.60129846460975
 8136152 128 179597.139 179597.139 179597.139 11.597372450348445 11.597372450348445 11.597372450348445 11.597372450348445 11.597372450348445 11.597372450348445
 8949760 64 98930.12 98930.12 98930.12 11.579580414943395 11.579580414943395 11.579580414943395 11.579580414943395 11.579580414943395 11.579580414943395
 9844736 64 108858.109 108858.109 108858.109 11.575859801128825 11.575859801128825 11.575859801128825 11.575859801128825 11.575859801128825 11.575859801128825
 10829208 64 119724.989 119724.989 119724.989 11.57768846401815 11.57768846401815 11.57768846401815 11.57768846401815 11.57768846401815 11.57768846401815
 11912128 64 131820.202 131820.202 131820.202 11.566909782159186 11.566909782159186 11.566909782159186 11.566909782159186 11.566909782159186 11.566909782159186
 13103336 64 145169.973 145169.973 145169.973 11.553539436147721 11.553539436147721 11.553539436147721 11.553539436147721 11.553539436147721 11.553539436147721
 14413664 64 159744.978 159744.978 159744.978 11.549339547938715 11.549339547938715 11.549339547938715 11.549339547938715 11.549339547938715 11.549339547938715
 15855024 64 175904.989 175904.989 175904.989 11.537154707988412 11.537154707988412 11.537154707988412 11.537154707988412 11.537154707988412 11.537154707988412
 17440520 32 96750.021 96750.021 96750.021 11.536878942899662 11.536878942899662 11.536878942899662 11.536878942899662 11.536878942899662 11.536878942899662
 19184568 32 106750.011 106750.011 106750.011 11.501753868671733 11.501753868671733 11.501753868671733 11.501753868671733 11.501753868671733 11.501753868671733
 21103024 32 118164.062 118164.062 118164.062 11.429816419141043 11.429816419141043 11.429816419141043 11.429816419141043 11.429816419141043 11.429816419141043
 23213320 32 131278.038 131278.038 131278.038 11.316839454898007 11.316839454898007 11.316839454898007 11.316839454898007 11.316839454898007 11.316839454898007
 25534648 32 146324.873 146324.873 146324.873 11.168418864781794 11.168418864781794 11.168418864781794 11.168418864781794 11.168418864781794 11.168418864781794
 28088112 32 163633.823 163633.823 163633.823 10.985743259203813 10.985743259203813 10.985743259203813 10.985743259203813 10.985743259203813 10.985743259203813
 30896920 32 183955.908 183955.908 183955.908 10.749330649385831 10.749330649385831 10.749330649385831 10.749330649385831 10.749330649385831 10.749330649385831
 33986608 16 103081.942 103081.942 103081.942 10.55055264674777 10.55055264674777 10.55055264674777 10.55055264674777 10.55055264674777 10.55055264674777
 37385264 16 114525.08 114525.08 114525.08 10.445995305133165 10.445995305133165 10.445995305133165 10.445995305133165 10.445995305133165 10.445995305133165
 41123784 16 127561.092 127561.092 127561.092 10.316320340061056 10.316320340061056 10.316320340061056 10.316320340061056 10.316320340061056 10.316320340061056
 45236160 16 140656.948 140656.948 140656.948 10.291401459954896 10.291401459954896 10.291401459954896 10.291401459954896 10.291401459954896 10.291401459954896
 49759776 16 155164.957 155164.957 155164.957 10.262064726380197 10.262064726380197 10.262064726380197 10.262064726380197 10.262064726380197 10.262064726380197
 54735752 16 171010.017 171010.017 171010.017 10.242347756739887 10.242347756739887 10.242347756739887 10.242347756739887 10.242347756739887 10.242347756739887
 60209320 16 191136.122 191136.122 191136.122 10.080241347577408 10.080241347577408 10.080241347577408 10.080241347577408 10.080241347577408 10.080241347577408
 66230248 16 207963.943 207963.943 207963.943 10.191035548888395 10.191035548888395 10.191035548888395 10.191035548888395 10.191035548888395 10.191035548888395
 72853272 8 114099.979 114099.979 114099.979 10.216061056417898 10.216061056417898 10.216061056417898 10.216061056417898 10.216061056417898 10.216061056417898
 80138592 8 125473.022 125473.022 125473.022 10.219069020271146 10.219069020271146 10.219069020271146 10.219069020271146 10.219069020271146 10.219069020271146
 88152448 8 137939.93 137939.93 137939.93 10.22502453060546 10.22502453060546 10.22502453060546 10.22502453060546 10.22502453060546 10.22502453060546
 96967688 8 151901.96 151901.96 151901.96 10.213712897450433 10.213712897450433 10.213712897450433 10.213712897450433 10.213712897450433 10.213712897450433
 106664456 8 167406.082 167406.082 167406.082 10.194559693476371 10.194559693476371 10.194559693476371 10.194559693476371 10.194559693476371 10.194559693476371
 117330896 8 184148.073 184148.073 184148.073 10.194482654184494 10.194482654184494 10.194482654184494 10.194482654184494 10.194482654184494 10.194482654184494
 129063984 8 202425.957 202425.957 202425.957 10.201378195781484 10.201378195781484 10.201378195781484 10.201378195781484 10.201378195781484 10.201378195781484
 141970376 4 111082.077 111082.077 111082.077 10.22453881556428 10.22453881556428 10.22453881556428 10.22453881556428 10.22453881556428 10.22453881556428
 156167408 4 122482.061 122482.061 122482.061 10.200181592306812 10.200181592306812 10.200181592306812 10.200181592306812 10.200181592306812 10.200181592306812
 171784144 4 134833.097 134833.097 134833.097 10.19240218149109 10.19240218149109 10.19240218149109 10.19240218149109 10.19240218149109 10.19240218149109
 188962552 4 148114.92 148114.92 148114.92 10.206266971619064 10.206266971619064 10.206266971619064 10.206266971619064 10.206266971619064 10.206266971619064
 207858800 4 163002.968 163002.968 163002.968 10.201473141274336 10.201473141274336 10.201473141274336 10.201473141274336 10.201473141274336 10.201473141274336
 228644680 4 179430.962 179430.962 179430.962 10.1942129697772 10.1942129697772 10.1942129697772 10.1942129697772 10.1942129697772 10.1942129697772
 251509144 4 197387.934 197387.934 197387.934 10.193496184017002 10.193496184017002 10.193496184017002 10.193496184017002 10.193496184017002 10.193496184017002
 276660056 2 108671.904 108671.904 108671.904 10.18331494403558 10.18331494403558 10.18331494403558 10.18331494403558 10.18331494403558 10.18331494403558
 304326056 2 119403.839 119403.839 119403.839 10.19484996625611 10.19484996625611 10.19484996625611 10.19484996625611 10.19484996625611 10.19484996625611
 334758656 2 133948.088 133948.088 133948.088 9.99666844068726 9.99666844068726 9.99666844068726 9.99666844068726 9.99666844068726 9.99666844068726
 368234520 2 144654.036 144654.036 144654.036 10.182488651751136 10.182488651751136 10.182488651751136 10.182488651751136 10.182488651751136 10.182488651751136
 405057968 2 159415.96 159415.96 159415.96 10.163548693618882 10.163548693618882 10.163548693618882 10.163548693618882 10.163548693618882 10.163548693618882
 445563760 2 175307.035 175307.035 175307.035 10.166477574616444 10.166477574616444 10.166477574616444 10.166477574616444 10.166477574616444 10.166477574616444
 490120136 2 192805.052 192805.052 192805.052 10.16820111124474 10.16820111124474 10.16820111124474 10.16820111124474 10.16820111124474 10.16820111124474
 539132144 1 106042.862 106042.862 106042.862 10.168193008596845 10.168193008596845 10.168193008596845 10.168193008596845 10.168193008596845 10.168193008596845
 593045352 1 116702.08 116702.08 116702.08 10.16340671905762 10.16340671905762 10.16340671905762 10.16340671905762 10.16340671905762 10.16340671905762
 652349880 1 128319.979 128319.979 128319.979 10.167549668941264 10.167549668941264 10.167549668941264 10.167549668941264 10.167549668941264 10.167549668941264
 717584864 1 141115.904 141115.904 141115.904 10.170148702728785 10.170148702728785 10.170148702728785 10.170148702728785 10.170148702728785 10.170148702728785
 789343344 1 155217.886 155217.886 155217.886 10.170778179519852 10.170778179519852 10.170778179519852 10.170778179519852 10.170778179519852 10.170778179519852
 868277672 1 170949.221 170949.221 170949.221 10.15831095246699 10.15831095246699 10.15831095246699 10.15831095246699 10.15831095246699 10.15831095246699
 955105432 1 188034.058 188034.058 188034.058 10.158855711128673 10.158855711128673 10.158855711128673 10.158855711128673 10.158855711128673 10.158855711128673
 1050615968 1 206919.193 206919.193 206919.193 10.154843084082588 10.154843084082588 10.154843084082588 10.154843084082588 10.154843084082588 10.154843084082588
 
META_DATA
 MPI startup(): shm:tmi fabric is unknown or has been removed from the product, please use ofi or shm:ofi instead
 FLOPS          16
 MPI_PROCS      1
 OPENMP_THREADS 1
 ERT_VERSION  1.1.0
 HOSTNAME  ('shas0116.rc.int.colorado.edu', [], ['10.225.5.195'])
 UNAME  uname_result(system='Linux', node='shas0116.rc.int.colorado.edu', release='3.10.0-957.27.2.el7.x86_64', version='#1 SMP Mon Jul 29 17:46:05 UTC 2019', machine='x86_64', processor='x86_64')
 TIMESTAMP_DATA  1664511641.7021892
 CONFIG  {'ERT_RESULTS': ['lab5_results'], 'ERT_DRIVER': ['driver1'], 'ERT_KERNEL': ['kernel1'], 'ERT_MPI': ['True'], 'ERT_MPI_CFLAGS': ['-I/usr/include/mpi'], 'ERT_MPI_LDFLAGS': ['-lmpi'], 'ERT_OPENMP': ['True'], 'ERT_OPENMP_CFLAGS': ['-qopenmp'], 'ERT_OPENMP_LDFLAGS': ['-qopenmp'], 'ERT_FLOPS': ['16'], 'ERT_ALIGN': ['32'], 'ERT_CC': ['mpicc'], 'ERT_CFLAGS': ['-O3', '-msse3', '-axSSE3', '-xSSE3', '-fno-alias', '-fno-fnalias', '-DERT_INTEL', '-std=c++11'], 'ERT_LD': ['mpicc'], 'ERT_LDFLAGS': [], 'ERT_LDLIBS': [], 'ERT_PRECISION': ['FP64'], 'ERT_RUN': ['export', 'OMP_NUM_THREADS=ERT_OPENMP_THREADS;', 'mpirun', '-np', 'ERT_MPI_PROCS', 'ERT_CODE'], 'ERT_PROCS_THREADS': ['1'], 'ERT_MPI_PROCS': ['1'], 'ERT_OPENMP_THREADS': ['1'], 'ERT_NUM_EXPERIMENTS': ['1'], 'ERT_MEMORY_MAX': ['1073741824'], 'ERT_WORKING_SET_MIN': ['1'], 'ERT_TRIALS_MIN': ['1'], 'ERT_GNUPLOT': ['gnuplot'], 'ERT_GPU': [False], 'ERT_HIP': [False], 'ERT_OCL': [False], 'ERT_SYCL': [False], 'ERT_WSS_MULT': [1.1]}
 