fp64
 32 33554432 98706.007 98706.007 98706.007 21.75636228502284 21.75636228502284 21.75636228502284 2.719545285627855 2.719545285627855 2.719545285627855
 64 16777216 54998.159 54998.159 54998.159 39.04646422801171 39.04646422801171 39.04646422801171 4.8808080285014634 4.8808080285014634 4.8808080285014634
 96 8388608 27065.039 27065.039 27065.039 59.50897525032201 59.50897525032201 59.50897525032201 7.438621906290251 7.438621906290251 7.438621906290251
 128 8388608 35299.063 35299.063 35299.063 60.83684566924624 60.83684566924624 60.83684566924624 7.60460570865578 7.60460570865578 7.60460570865578
 160 4194304 13611.078 13611.078 13611.078 98.60918290233883 98.60918290233883 98.60918290233883 12.326147862792354 12.326147862792354 12.326147862792354
 192 4194304 21492.004 21492.004 21492.004 74.94009102175859 74.94009102175859 74.94009102175859 9.367511377719824 9.367511377719824 9.367511377719824
 224 4194304 15531.063 15531.063 15531.063 120.9864509596027 120.9864509596027 120.9864509596027 15.123306369950338 15.123306369950338 15.123306369950338
 256 4194304 23248.196 23248.196 23248.196 92.37205536291935 92.37205536291935 92.37205536291935 11.54650692036492 11.54650692036492 11.54650692036492
 288 2097152 12053.013 12053.013 12053.013 100.22054667990483 100.22054667990483 100.22054667990483 12.527568334988104 12.527568334988104 12.527568334988104
 320 2097152 13733.864 13733.864 13733.864 97.72757907024564 97.72757907024564 97.72757907024564 12.215947383780705 12.215947383780705 12.215947383780705
 352 2097152 13799.191 13799.191 13799.191 106.99141768528314 106.99141768528314 106.99141768528314 13.373927210660392 13.373927210660392 13.373927210660392
 384 2097152 14922.857 14922.857 14922.857 107.92924813257945 107.92924813257945 107.92924813257945 13.49115601657243 13.49115601657243 13.49115601657243
 416 2097152 15569.925 15569.925 15569.925 112.06415342398888 112.06415342398888 112.06415342398888 14.00801917799861 14.00801917799861 14.00801917799861
 448 2097152 16933.918 16933.918 16933.918 110.96358161176875 110.96358161176875 110.96358161176875 13.870447701471093 13.870447701471093 13.870447701471093
 480 2097152 17761.946 17761.946 17761.946 113.34714788571026 113.34714788571026 113.34714788571026 14.168393485713782 14.168393485713782 14.168393485713782
 512 2097152 8082.867 8082.867 8082.867 265.68340763246505 265.68340763246505 265.68340763246505 33.21042595405813 33.21042595405813 33.21042595405813
 544 1048576 5215.883 5215.883 5215.883 218.7262804783006 218.7262804783006 218.7262804783006 27.340785059787574 27.340785059787574 27.340785059787574
 576 1048576 5286.932 5286.932 5286.932 228.48025130642878 228.48025130642878 228.48025130642878 28.560031413303598 28.560031413303598 28.560031413303598
 608 1048576 5805.016 5805.016 5805.016 219.6494231884977 219.6494231884977 219.6494231884977 27.456177898562213 27.456177898562213 27.456177898562213
 640 1048576 6269.932 6269.932 6269.932 214.06568364696778 214.06568364696778 214.06568364696778 26.758210455870973 26.758210455870973 26.758210455870973
 704 1048576 7235.05 7235.05 7235.05 204.06147960276706 204.06147960276706 204.06147960276706 25.507684950345883 25.507684950345883 25.507684950345883
 768 1048576 8267.164 8267.164 8267.164 194.82046515588658 194.82046515588658 194.82046515588658 24.352558144485823 24.352558144485823 24.352558144485823
 832 1048576 9130.955 9130.955 9130.955 191.0895918334939 191.0895918334939 191.0895918334939 23.886198979186737 23.886198979186737 23.886198979186737
 896 1048576 10107.04 10107.04 10107.04 185.9147873165635 185.9147873165635 185.9147873165635 23.239348414570436 23.239348414570436 23.239348414570436
 960 1048576 11046.886 11046.886 11046.886 182.24736998281685 182.24736998281685 182.24736998281685 22.780921247852106 22.780921247852106 22.780921247852106
 1056 524288 4309.177 4309.177 4309.177 256.96235174373203 256.96235174373203 256.96235174373203 32.120293967966504 32.120293967966504 32.120293967966504
 1152 524288 4702.091 4702.091 4702.091 256.89837818961814 256.89837818961814 256.89837818961814 32.11229727370227 32.11229727370227 32.11229727370227
 1248 524288 5476.952 5476.952 5476.952 238.9326851869434 238.9326851869434 238.9326851869434 29.866585648367924 29.866585648367924 29.866585648367924
 1344 524288 6052.971 6052.971 6052.971 232.82552386257922 232.82552386257922 232.82552386257922 29.103190482822402 29.103190482822402 29.103190482822402
 1472 524288 6946.087 6946.087 6946.087 222.21199820848776 222.21199820848776 222.21199820848776 27.77649977606097 27.77649977606097 27.77649977606097
 1600 524288 6345.034 6345.034 6345.034 264.41491093664746 264.41491093664746 264.41491093664746 33.05186386708093 33.05186386708093 33.05186386708093
 1760 524288 7196.903 7196.903 7196.903 256.42887781035813 256.42887781035813 256.42887781035813 32.053609726294766 32.053609726294766 32.053609726294766
 1920 524288 7943.153 7943.153 7943.153 253.45929003256012 253.45929003256012 253.45929003256012 31.682411254070015 31.682411254070015 31.682411254070015
 2112 262144 4235.983 4235.983 4235.983 261.40243150173166 261.40243150173166 261.40243150173166 32.67530393771646 32.67530393771646 32.67530393771646
 2304 262144 4655.838 4655.838 4655.838 259.4505118090449 259.4505118090449 259.4505118090449 32.43131397613061 32.43131397613061 32.43131397613061
 2528 262144 5316.019 5316.019 5316.019 249.32192003075988 249.32192003075988 249.32192003075988 31.165240003844985 31.165240003844985 31.165240003844985
 2752 262144 5460.978 5460.978 5460.978 264.20919036846516 264.20919036846516 264.20919036846516 33.026148796058145 33.026148796058145 33.026148796058145
 3008 262144 5998.135 5998.135 5998.135 262.92477645134693 262.92477645134693 262.92477645134693 32.865597056418366 32.865597056418366 32.865597056418366
 3296 262144 6485.939 6485.939 6485.939 266.43069692761526 266.43069692761526 266.43069692761526 33.30383711595191 33.30383711595191 33.30383711595191
 3616 262144 7116.079 7116.079 7116.079 266.41432845250876 266.41432845250876 266.41432845250876 33.301791056563594 33.301791056563594 33.301791056563594
 3968 262144 7853.031 7853.031 7853.031 264.91360902561064 264.91360902561064 264.91360902561064 33.11420112820133 33.11420112820133 33.11420112820133
 4352 131072 4269.123 4269.123 4269.123 267.2330331077367 267.2330331077367 267.2330331077367 33.404129138467084 33.404129138467084 33.404129138467084
 4768 131072 4723.072 4723.072 4723.072 264.6376324561641 264.6376324561641 264.6376324561641 33.079704057020514 33.079704057020514 33.079704057020514
 5216 131072 5027.056 5027.056 5027.056 271.996791760426 271.996791760426 271.996791760426 33.99959897005325 33.99959897005325 33.99959897005325
 5728 131072 5572.081 5572.081 5572.081 269.47936183985837 269.47936183985837 269.47936183985837 33.684920229982296 33.684920229982296 33.684920229982296
 6272 131072 6114.006 6114.006 6114.006 268.91814761058464 268.91814761058464 268.91814761058464 33.61476845132308 33.61476845132308 33.61476845132308
 6880 131072 6672.859 6672.859 6672.859 270.281556975803 270.281556975803 270.281556975803 33.78519462197538 33.78519462197538 33.78519462197538
 7552 131072 7285.833 7285.833 7285.833 271.7206787473718 271.7206787473718 271.7206787473718 33.96508484342147 33.96508484342147 33.96508484342147
 8288 65536 4022.121 4022.121 4022.121 270.0875324238132 270.0875324238132 270.0875324238132 33.76094155297665 33.76094155297665 33.76094155297665
 9088 65536 4362.106 4362.106 4362.106 273.07505503075805 273.07505503075805 273.07505503075805 34.134381878844756 34.134381878844756 34.134381878844756
 9984 65536 4810.095 4810.095 4810.095 272.0575888833796 272.0575888833796 272.0575888833796 34.00719861042245 34.00719861042245 34.00719861042245
 10976 65536 5249.023 5249.023 5249.023 274.078866105178 274.078866105178 274.078866105178 34.25985826314725 34.25985826314725 34.25985826314725
 12064 65536 5778.074 5778.074 5778.074 273.66430544157106 273.66430544157106 273.66430544157106 34.20803818019638 34.20803818019638 34.20803818019638
 13248 65536 6376.028 6376.028 6376.028 272.3391202171634 272.3391202171634 272.3391202171634 34.04239002714542 34.04239002714542 34.04239002714542
 14560 65536 7049.084 7049.084 7049.084 270.73139148292177 270.73139148292177 270.73139148292177 33.84142393536522 33.84142393536522 33.84142393536522
 16000 65536 7685.9 7685.9 7685.9 272.85704992258553 272.85704992258553 272.85704992258553 34.10713124032319 34.10713124032319 34.10713124032319
 17600 32768 4379.034 4379.034 4379.034 263.3990966957553 263.3990966957553 263.3990966957553 32.92488708696941 32.92488708696941 32.92488708696941
 19360 32768 5004.168 5004.168 5004.168 253.54403769018148 253.54403769018148 253.54403769018148 31.693004711272685 31.693004711272685 31.693004711272685
 21280 32768 5238.056 5238.056 5238.056 266.244973325982 266.244973325982 266.244973325982 33.28062166574775 33.28062166574775 33.28062166574775
 23392 32768 5873.203 5873.203 5873.203 261.0190916268346 261.0190916268346 261.0190916268346 32.627386453354326 32.627386453354326 32.627386453354326
 25728 32768 6386.995 6386.995 6386.995 263.9911582833555 263.9911582833555 263.9911582833555 32.99889478541944 32.99889478541944 32.99889478541944
 28288 32768 6910.086 6910.086 6910.086 268.2864392715228 268.2864392715228 268.2864392715228 33.53580490894035 33.53580490894035 33.53580490894035
 31104 32768 7661.104 7661.104 7661.104 266.07545648773333 266.07545648773333 266.07545648773333 33.25943206096667 33.25943206096667 33.25943206096667
 34208 16384 4246.95 4246.95 4246.95 263.93711816715523 263.93711816715523 263.93711816715523 32.992139770894404 32.992139770894404 32.992139770894404
 37600 16384 4628.181 4628.181 4628.181 266.2118875644665 266.2118875644665 266.2118875644665 33.27648594555831 33.27648594555831 33.27648594555831
 41344 16384 5007.029 5007.029 5007.029 270.57166874807393 270.57166874807393 270.57166874807393 33.82145859350924 33.82145859350924 33.82145859350924
 45472 16384 5501.032 5501.032 5501.032 270.8630845993988 270.8630845993988 270.8630845993988 33.85788557492485 33.85788557492485 33.85788557492485
 50016 16384 6072.998 6072.998 6072.998 269.870710973394 269.870710973394 269.870710973394 33.73383887167425 33.73383887167425 33.73383887167425
 55008 16384 6746.054 6746.054 6746.054 267.1935540391464 267.1935540391464 267.1935540391464 33.3991942548933 33.3991942548933 33.3991942548933
 60480 16384 7360.935 7360.935 7360.935 269.23327539232446 269.23327539232446 269.23327539232446 33.65415942404056 33.65415942404056 33.65415942404056
 66528 8192 4002.81 4002.81 4002.81 272.3073920570799 272.3073920570799 272.3073920570799 34.038424007134985 34.038424007134985 34.038424007134985
 73152 8192 4369.02 4369.02 4369.02 274.32293008500756 274.32293008500756 274.32293008500756 34.290366260625945 34.290366260625945 34.290366260625945
 80448 8192 4918.098 4918.098 4918.098 268.0019861336639 268.0019861336639 268.0019861336639 33.500248266707985 33.500248266707985 33.500248266707985
 88480 8192 5371.094 5371.094 5371.094 269.8996368337624 269.8996368337624 269.8996368337624 33.7374546042203 33.7374546042203 33.7374546042203
 97312 8192 6232.023 6232.023 6232.023 255.833428085872 255.833428085872 255.833428085872 31.979178510734 31.979178510734 31.979178510734
 107040 8192 6359.1 6359.1 6359.1 275.7848374770015 275.7848374770015 275.7848374770015 34.473104684625184 34.473104684625184 34.473104684625184
 117728 8192 7086.039 7086.039 7086.039 272.2050431842105 272.2050431842105 272.2050431842105 34.025630398026316 34.025630398026316 34.025630398026316
 129472 8192 7812.023 7812.023 7812.023 271.5390428317991 271.5390428317991 271.5390428317991 33.94238035397489 33.94238035397489 33.94238035397489
 142400 4096 4529.953 4529.953 4529.953 257.51719719829316 257.51719719829316 257.51719719829316 32.189649649786645 32.189649649786645 32.189649649786645
 156640 4096 5259.991 5259.991 5259.991 243.95381665101706 243.95381665101706 243.95381665101706 30.494227081377133 30.494227081377133 30.494227081377133
 172288 4096 5795.002 5795.002 5795.002 243.55182207012177 243.55182207012177 243.55182207012177 30.44397775876522 30.44397775876522 30.44397775876522
 189504 4096 6354.809 6354.809 6354.809 244.29007512263547 244.29007512263547 244.29007512263547 30.536259390329434 30.536259390329434 30.536259390329434
 208448 4096 6949.902 6949.902 6949.902 245.70217191551765 245.70217191551765 245.70217191551765 30.712771489439707 30.712771489439707 30.712771489439707
 229280 4096 8008.003 8008.003 8008.003 234.54808396050802 234.54808396050802 234.54808396050802 29.318510495063503 29.318510495063503 29.318510495063503
 252192 4096 8471.966 8471.966 8471.966 243.85802114881005 243.85802114881005 243.85802114881005 30.482252643601257 30.482252643601257 30.482252643601257
 277408 2048 4581.928 4581.928 4581.928 247.988001557423 247.988001557423 247.988001557423 30.998500194677874 30.998500194677874 30.998500194677874
 305120 2048 5171.061 5171.061 5171.061 241.6857043457813 241.6857043457813 241.6857043457813 30.21071304322266 30.21071304322266 30.21071304322266
 335616 2048 5614.042 5614.042 5614.042 244.86513210980607 244.86513210980607 244.86513210980607 30.60814151372576 30.60814151372576 30.60814151372576
 369152 2048 6211.996 6211.996 6211.996 243.4075282727162 243.4075282727162 243.4075282727162 30.425941034089526 30.425941034089526 30.425941034089526
 406048 2048 6735.802 6735.802 6735.802 246.91530540832406 246.91530540832406 246.91530540832406 30.864413176040507 30.864413176040507 30.864413176040507
 446624 2048 7371.902 7371.902 7371.902 248.15466944622978 248.15466944622978 248.15466944622978 31.019333680778722 31.019333680778722 31.019333680778722
 491264 2048 8229.017 8229.017 8229.017 244.52706125166594 244.52706125166594 244.52706125166594 30.565882656458243 30.565882656458243 30.565882656458243
 540384 1024 4498.959 4498.959 4498.959 245.9916687393684 245.9916687393684 245.9916687393684 30.74895859242105 30.74895859242105 30.74895859242105
 594400 1024 4985.094 4985.094 4985.094 244.19423184397328 244.19423184397328 244.19423184397328 30.52427898049666 30.52427898049666 30.52427898049666
 653824 1024 5440.95 5440.95 5440.95 246.1025284187504 246.1025284187504 246.1025284187504 30.7628160523438 30.7628160523438 30.7628160523438
 719200 1024 6076.097 6076.097 6076.097 242.41245654899848 242.41245654899848 242.41245654899848 30.30155706862481 30.30155706862481 30.30155706862481
 791104 1024 7112.026 7112.026 7112.026 227.8086429942748 227.8086429942748 227.8086429942748 28.47608037428435 28.47608037428435 28.47608037428435
 870208 1024 7352.829 7352.829 7352.829 242.38099158840768 242.38099158840768 242.38099158840768 30.29762394855096 30.29762394855096 30.29762394855096
 957216 1024 8409.977 8409.977 8409.977 233.10151359510255 233.10151359510255 233.10151359510255 29.137689199387818 29.137689199387818 29.137689199387818
 1052928 512 4927.874 4927.874 4927.874 218.79582797774458 218.79582797774458 218.79582797774458 27.349478497218072 27.349478497218072 27.349478497218072
 1158208 512 7188.082 7188.082 7188.082 164.9960298171334 164.9960298171334 164.9960298171334 20.624503727141676 20.624503727141676 20.624503727141676
 1274016 512 7954.836 7954.836 7954.836 163.99990948902027 163.99990948902027 163.99990948902027 20.499988686127534 20.499988686127534 20.499988686127534
 1401408 512 9475.946 9475.946 9475.946 151.44047802720698 151.44047802720698 151.44047802720698 18.930059753400872 18.930059753400872 18.930059753400872
 1541536 512 10441.065 10441.065 10441.065 151.18504328820862 151.18504328820862 151.18504328820862 18.898130411026077 18.898130411026077 18.898130411026077
 1695680 512 11548.996 11548.996 11548.996 150.34868139187165 150.34868139187165 150.34868139187165 18.793585173983956 18.793585173983956 18.793585173983956
 1865248 512 12757.063 12757.063 12757.063 149.7220756846619 149.7220756846619 149.7220756846619 18.715259460582736 18.715259460582736 18.715259460582736
 2051744 512 14083.862 14083.862 14083.862 149.1768277763585 149.1768277763585 149.1768277763585 18.64710347204481 18.64710347204481 18.64710347204481
 2256896 256 7863.045 7863.045 7863.045 146.95715870887167 146.95715870887167 146.95715870887167 18.36964483860896 18.36964483860896 18.36964483860896
 2482560 256 8409.977 8409.977 8409.977 151.13842998619376 151.13842998619376 151.13842998619376 18.89230374827422 18.89230374827422 18.89230374827422
 2730816 256 9266.853 9266.853 9266.853 150.87946166837872 150.87946166837872 150.87946166837872 18.85993270854734 18.85993270854734 18.85993270854734
 3003872 256 10179.996 10179.996 10179.996 151.078886867932 151.078886867932 151.078886867932 18.8848608584915 18.8848608584915 18.8848608584915
 3304256 256 11240.005 11240.005 11240.005 150.51408535850297 150.51408535850297 150.51408535850297 18.81426066981287 18.81426066981287 18.81426066981287
 3634656 256 12475.014 12475.014 12475.014 149.17369006559832 149.17369006559832 149.17369006559832 18.64671125819979 18.64671125819979 18.64671125819979
 3998112 256 13642.073 13642.073 13642.073 150.052953389122 150.052953389122 150.052953389122 18.75661917364025 18.75661917364025 18.75661917364025
 4397920 128 7505.894 7505.894 7505.894 149.99779106925837 149.99779106925837 149.99779106925837 18.749723883657296 18.749723883657296 18.749723883657296
 4837696 128 8204.937 8204.937 8204.937 150.9396325651251 150.9396325651251 150.9396325651251 18.867454070640637 18.867454070640637 18.867454070640637
 5321440 128 9083.986 9083.986 9083.986 149.96595547373147 149.96595547373147 149.96595547373147 18.745744434216434 18.745744434216434 18.745744434216434
 5853568 128 10015.965 10015.965 10015.965 149.61248446854597 149.61248446854597 149.61248446854597 18.701560558568247 18.701560558568247 18.701560558568247
 6438912 128 11347.055 11347.055 11347.055 145.26777846762883 145.26777846762883 145.26777846762883 18.158472308453604 18.158472308453604 18.158472308453604
 7082784 128 12072.086 12072.086 12072.086 150.19713279047218 150.19713279047218 150.19713279047218 18.774641598809023 18.774641598809023 18.774641598809023
 7791040 128 13309.956 13309.956 13309.956 149.8507012344744 149.8507012344744 149.8507012344744 18.7313376543093 18.7313376543093 18.7313376543093
 8570144 64 7316.113 7316.113 7316.113 149.94006134131607 149.94006134131607 149.94006134131607 18.74250766766451 18.74250766766451 18.74250766766451
 9427136 64 8052.826 8052.826 8052.826 149.8447138929861 149.8447138929861 149.8447138929861 18.730589236623263 18.730589236623263 18.730589236623263
 10369824 64 8831.978 8831.978 8831.978 150.28767870572142 150.28767870572142 150.28767870572142 18.785959838215177 18.785959838215177 18.785959838215177
 11406784 64 9752.989 9752.989 9752.989 149.70470611624805 149.70470611624805 149.70470611624805 18.713088264531006 18.713088264531006 18.713088264531006
 12547456 64 10756.016 10756.016 10756.016 149.31870387697452 149.31870387697452 149.31870387697452 18.664837984621816 18.664837984621816 18.664837984621816
 13802176 64 11859.179 11859.179 11859.179 148.97140248916048 148.97140248916048 148.97140248916048 18.62142531114506 18.62142531114506 18.62142531114506
 15182368 64 13092.995 13092.995 13092.995 148.42617017725888 148.42617017725888 148.42617017725888 18.55327127215736 18.55327127215736 18.55327127215736
 16700576 64 14367.104 14367.104 14367.104 148.7894657127839 148.7894657127839 148.7894657127839 18.59868321409799 18.59868321409799 18.59868321409799
 18370624 32 7878.065 7878.065 7878.065 149.23968461798677 149.23968461798677 149.23968461798677 18.654960577248346 18.654960577248346 18.654960577248346
 20207680 32 8634.09 8634.09 8634.09 149.78897834050835 149.78897834050835 149.78897834050835 18.723622292563544 18.723622292563544 18.723622292563544
 22228448 32 9511.948 9511.948 9511.948 149.5614433552412 149.5614433552412 149.5614433552412 18.69518041940515 18.69518041940515 18.69518041940515
 24451264 32 10480.881 10480.881 10480.881 149.30814461112573 149.30814461112573 149.30814461112573 18.663518076390716 18.663518076390716 18.663518076390716
 26896384 32 11689.901 11689.901 11689.901 147.2526222420532 147.2526222420532 147.2526222420532 18.40657778025665 18.40657778025665 18.40657778025665
 29586016 32 12732.029 12732.029 12732.029 148.71981708492808 148.71981708492808 148.71981708492808 18.58997713561601 18.58997713561601 18.58997713561601
 32544608 32 13979.912 13979.912 13979.912 148.98912897305792 148.98912897305792 148.98912897305792 18.62364112163224 18.62364112163224 18.62364112163224
 35799040 16 7828.951 7828.951 7828.951 146.3247477216296 146.3247477216296 146.3247477216296 18.2905934652037 18.2905934652037 18.2905934652037
 39378944 16 8551.121 8551.121 8551.121 147.36386118264497 147.36386118264497 147.36386118264497 18.42048264783062 18.42048264783062 18.42048264783062
 43316832 16 9330.034 9330.034 9330.034 148.56737113712555 148.56737113712555 148.56737113712555 18.570921392140693 18.570921392140693 18.570921392140693
 47648512 16 10354.996 10354.996 10354.996 147.24799352892072 147.24799352892072 147.24799352892072 18.40599919111509 18.40599919111509 18.40599919111509
 52413344 16 13237.953 13237.953 13237.953 126.69836552524397 126.69836552524397 126.69836552524397 15.837295690655496 15.837295690655496 15.837295690655496
 57654656 16 17568.111 17568.111 17568.111 105.01692481337349 105.01692481337349 105.01692481337349 13.127115601671687 13.127115601671687 13.127115601671687
 63420096 16 21668.196 21668.196 21668.196 93.65999236853865 93.65999236853865 93.65999236853865 11.707499046067332 11.707499046067332 11.707499046067332
 69762080 8 13262.033 13262.033 13262.033 84.16456813220115 84.16456813220115 84.16456813220115 10.520571016525144 10.520571016525144 10.520571016525144
 76738272 8 16209.126 16209.126 16209.126 75.748214431796 75.748214431796 75.748214431796 9.4685268039745 9.4685268039745 9.4685268039745
 84412096 8 18648.863 18648.863 18648.863 72.42229920397828 72.42229920397828 72.42229920397828 9.052787400497285 9.052787400497285 9.052787400497285
 92853280 8 20831.108 20831.108 20831.108 71.31893704357924 71.31893704357924 71.31893704357924 8.914867130447405 8.914867130447405 8.914867130447405
 102138592 8 23442.984 23442.984 23442.984 69.71030104358728 69.71030104358728 69.71030104358728 8.71378763044841 8.71378763044841 8.71378763044841
 112352448 8 25943.041 25943.041 25943.041 69.29176760735182 69.29176760735182 69.29176760735182 8.661470950918977 8.661470950918977 8.661470950918977
 123587680 8 28770.924 28770.924 28770.924 68.72921008723947 68.72921008723947 68.72921008723947 8.591151260904933 8.591151260904933 8.591151260904933
 135946432 4 15868.902 15868.902 15868.902 68.53476415696562 68.53476415696562 68.53476415696562 8.566845519620703 8.566845519620703 8.566845519620703
 149541056 4 17459.154 17459.154 17459.154 68.52155883383583 68.52155883383583 68.52155883383583 8.565194854229478 8.565194854229478 8.565194854229478
 164495136 4 19247.055 19247.055 19247.055 68.37207500056502 68.37207500056502 68.37207500056502 8.546509375070627 8.546509375070627 8.546509375070627
 180944640 4 21075.01 21075.01 21075.01 68.68595175043808 68.68595175043808 68.68595175043808 8.58574396880476 8.58574396880476 8.58574396880476
 199039104 4 23193.121 23193.121 23193.121 68.65453045323223 68.65453045323223 68.65453045323223 8.581816306654028 8.581816306654028 8.581816306654028
 218943008 4 25483.131 25483.131 25483.131 68.73347172292132 68.73347172292132 68.73347172292132 8.591683965365165 8.591683965365165 8.591683965365165
 240837280 4 28000.116 28000.116 28000.116 68.81036635705365 68.81036635705365 68.81036635705365 8.601295794631707 8.601295794631707 8.601295794631707
 264920992 4 30941.963 30941.963 30941.963 68.49494119038279 68.49494119038279 68.49494119038279 8.561867648797849 8.561867648797849 8.561867648797849
 291413088 2 17003.059 17003.059 17003.059 68.55544946353476 68.55544946353476 68.55544946353476 8.569431182941845 8.569431182941845 8.569431182941845
 320554368 2 18618.107 18618.107 18618.107 68.86937925536684 68.86937925536684 68.86937925536684 8.608672406920855 8.608672406920855 8.608672406920855
 352609792 2 20526.886 20526.886 20526.886 68.71179427800203 68.71179427800203 68.71179427800203 8.588974284750254 8.588974284750254 8.588974284750254
 387870752 2 22547.96 22547.96 22547.96 68.80813199952458 68.80813199952458 68.80813199952458 8.601016499940572 8.601016499940572 8.601016499940572
 426657824 2 24900.198 24900.198 24900.198 68.53886447007369 68.53886447007369 68.53886447007369 8.567358058759211 8.567358058759211 8.567358058759211
 469323584 2 27385.95 27385.95 27385.95 68.54954222877059 68.54954222877059 68.54954222877059 8.568692778596324 8.568692778596324 8.568692778596324
 516255936 2 30079.126 30079.126 30079.126 68.65305009194748 68.65305009194748 68.65305009194748 8.581631261493435 8.581631261493435 8.581631261493435
 567881504 1 16386.032 16386.032 16386.032 69.31287623507633 69.31287623507633 69.31287623507633 8.664109529384541 8.664109529384541 8.664109529384541
 624669632 1 18088.102 18088.102 18088.102 69.06967154431129 69.06967154431129 69.06967154431129 8.633708943038911 8.633708943038911 8.633708943038911
 687136576 1 19917.011 19917.011 19917.011 68.99996952353946 68.99996952353946 68.99996952353946 8.624996190442433 8.624996190442433 8.624996190442433
 755850208 1 21959.066 21959.066 21959.066 68.8417447263012 68.8417447263012 68.8417447263012 8.60521809078765 8.60521809078765 8.60521809078765
 831435200 1 33821.106 33821.106 33821.106 49.16664759573505 49.16664759573505 49.16664759573505 6.145830949466881 6.145830949466881 6.145830949466881
 914578720 1 32280.207 32280.207 32280.207 56.66498483110718 56.66498483110718 56.66498483110718 7.083123103888398 7.083123103888398 7.083123103888398
 1006036576 1 29593.945 29593.945 29593.945 67.9893522813535 67.9893522813535 67.9893522813535 8.498669035169188 8.498669035169188 8.498669035169188
 
META_DATA
 MPI startup(): shm:tmi fabric is unknown or has been removed from the product, please use ofi or shm:ofi instead
 FLOPS          2
 MPI_PROCS      2
 OPENMP_THREADS 2
 ERT_VERSION  1.1.0
 HOSTNAME  ('shas0420.rc.int.colorado.edu', [], ['10.225.6.135'])
 UNAME  uname_result(system='Linux', node='shas0420.rc.int.colorado.edu', release='3.10.0-957.27.2.el7.x86_64', version='#1 SMP Mon Jul 29 17:46:05 UTC 2019', machine='x86_64', processor='x86_64')
 TIMESTAMP_DATA  1664552532.0681272
 CONFIG  {'ERT_RESULTS': ['lab5_results'], 'ERT_DRIVER': ['driver1'], 'ERT_KERNEL': ['kernel1'], 'ERT_MPI': ['True'], 'ERT_MPI_CFLAGS': ['-I/usr/include/mpi'], 'ERT_MPI_LDFLAGS': ['-lmpi'], 'ERT_OPENMP': ['True'], 'ERT_OPENMP_CFLAGS': ['-qopenmp'], 'ERT_OPENMP_LDFLAGS': ['-qopenmp'], 'ERT_FLOPS': ['1,2,4,8,16'], 'ERT_ALIGN': ['32'], 'ERT_CC': ['mpicc'], 'ERT_CFLAGS': ['-O3', '-msse3', '-axSSE3', '-xSSE3', '-fno-alias', '-fno-fnalias', '-DERT_INTEL', '-std=c++11'], 'ERT_LD': ['mpicc'], 'ERT_LDFLAGS': [], 'ERT_LDLIBS': [], 'ERT_PRECISION': ['FP64'], 'ERT_RUN': ['export', 'OMP_NUM_THREADS=ERT_OPENMP_THREADS;', 'mpirun', '-np', 'ERT_MPI_PROCS', 'ERT_CODE'], 'ERT_PROCS_THREADS': ['1-24'], 'ERT_MPI_PROCS': ['1,2,4'], 'ERT_OPENMP_THREADS': ['1,2,4'], 'ERT_NUM_EXPERIMENTS': ['1'], 'ERT_MEMORY_MAX': ['1073741824'], 'ERT_WORKING_SET_MIN': ['1'], 'ERT_TRIALS_MIN': ['1'], 'ERT_GNUPLOT': ['gnuplot'], 'ERT_GPU': [False], 'ERT_HIP': [False], 'ERT_OCL': [False], 'ERT_SYCL': [False], 'ERT_WSS_MULT': [1.1]}
 