fp64
 192 4194304 95312.119 95312.119 95312.119 16.89829953313702 16.89829953313702 16.89829953313702 16.89829953313702 16.89829953313702 16.89829953313702
 384 2097152 48279.047 48279.047 48279.047 33.360491477804025 33.360491477804025 33.360491477804025 33.360491477804025 33.360491477804025 33.360491477804025
 576 1048576 24170.16 24170.16 24170.16 49.97730888004051 49.97730888004051 49.97730888004051 49.97730888004051 49.97730888004051 49.97730888004051
 768 1048576 24122.953 24122.953 24122.953 66.76681482569732 66.76681482569732 66.76681482569732 66.76681482569732 66.76681482569732 66.76681482569732
 960 1048576 24305.105 24305.105 24305.105 82.83304762517997 82.83304762517997 82.83304762517997 82.83304762517997 82.83304762517997 82.83304762517997
 1152 524288 12181.044 12181.044 12181.044 99.16716104136886 99.16716104136886 99.16716104136886 99.16716104136886 99.16716104136886 99.16716104136886
 1344 524288 12417.078 12417.078 12417.078 113.49579538761051 113.49579538761051 113.49579538761051 113.49579538761051 113.49579538761051 113.49579538761051
 1536 524288 12428.045 12428.045 12428.045 129.5950196511197 129.5950196511197 129.5950196511197 129.5950196511197 129.5950196511197 129.5950196511197
 1728 524288 12583.971 12583.971 12583.971 143.9878817266823 143.9878817266823 143.9878817266823 143.9878817266823 143.9878817266823 143.9878817266823
 1920 524288 12573.004 12573.004 12573.004 160.12608601731137 160.12608601731137 160.12608601731137 160.12608601731137 160.12608601731137 160.12608601731137
 2112 262144 7155.895 7155.895 7155.895 154.73903068728646 154.73903068728646 154.73903068728646 154.73903068728646 154.73903068728646 154.73903068728646
 2304 262144 7174.969 7174.969 7174.969 168.35745938414507 168.35745938414507 168.35745938414507 168.35745938414507 168.35745938414507 168.35745938414507
 2496 262144 8347.988 8347.988 8347.988 156.7590715271752 156.7590715271752 156.7590715271752 156.7590715271752 156.7590715271752 156.7590715271752
 2688 262144 8492.947 8492.947 8492.947 165.93605776652083 165.93605776652083 165.93605776652083 165.93605776652083 165.93605776652083 165.93605776652083
 2880 262144 9508.133 9508.133 9508.133 158.80609158496205 158.80609158496205 158.80609158496205 158.80609158496205 158.80609158496205 158.80609158496205
 3072 262144 6664.038 6664.038 6664.038 241.6872076659827 241.6872076659827 241.6872076659827 241.6872076659827 241.6872076659827 241.6872076659827
 3264 262144 7982.969 7982.969 7982.969 214.3658621247308 214.3658621247308 214.3658621247308 214.3658621247308 214.3658621247308 214.3658621247308
 3456 262144 8172.989 8172.989 8172.989 221.69849096823694 221.69849096823694 221.69849096823694 221.69849096823694 221.69849096823694 221.69849096823694
 3648 262144 22611.856 22611.856 22611.856 84.58406174176946 84.58406174176946 84.58406174176946 84.58406174176946 84.58406174176946 84.58406174176946
 3840 262144 9685.04 9685.04 9685.04 207.87378472365626 207.87378472365626 207.87378472365626 207.87378472365626 207.87378472365626 207.87378472365626
 4224 131072 5398.035 5398.035 5398.035 205.12950657044647 205.12950657044647 205.12950657044647 205.12950657044647 205.12950657044647 205.12950657044647
 4608 131072 5909.92 5909.92 5909.92 204.39524595933617 204.39524595933617 204.39524595933617 204.39524595933617 204.39524595933617 204.39524595933617
 4992 131072 6484.032 6484.032 6484.032 201.8223919931302 201.8223919931302 201.8223919931302 201.8223919931302 201.8223919931302 201.8223919931302
 5376 131072 7113.934 7113.934 7113.934 198.10222360792213 198.10222360792213 198.10222360792213 198.10222360792213 198.10222360792213 198.10222360792213
 5760 131072 7679.939 7679.939 7679.939 196.6095616124034 196.6095616124034 196.6095616124034 196.6095616124034 196.6095616124034 196.6095616124034
 6336 131072 7237.911 7237.911 7237.911 229.47842050005866 229.47842050005866 229.47842050005866 229.47842050005866 229.47842050005866 229.47842050005866
 6912 131072 8055.925 8055.925 8055.925 224.92008403752516 224.92008403752516 224.92008403752516 224.92008403752516 224.92008403752516 224.92008403752516
 7488 131072 9136.915 9136.915 9136.915 214.83556233148715 214.83556233148715 214.83556233148715 214.83556233148715 214.83556233148715 214.83556233148715
 8064 131072 9761.095 9761.095 9761.095 216.56681099815134 216.56681099815134 216.56681099815134 216.56681099815134 216.56681099815134 216.56681099815134
 8832 65536 5500.793 5500.793 5500.793 210.4474580301422 210.4474580301422 210.4474580301422 210.4474580301422 210.4474580301422 210.4474580301422
 9600 65536 5542.04 5542.04 5542.04 227.0447705177155 227.0447705177155 227.0447705177155 227.0447705177155 227.0447705177155 227.0447705177155
 10560 65536 6156.921 6156.921 6156.921 224.80722426030803 224.80722426030803 224.80722426030803 224.80722426030803 224.80722426030803 224.80722426030803
 11520 65536 6759.167 6759.167 6759.167 223.39282932349505 223.39282932349505 223.39282932349505 223.39282932349505 223.39282932349505 223.39282932349505
 12672 65536 6938.934 6938.934 6938.934 239.36592911821901 239.36592911821901 239.36592911821901 239.36592911821901 239.36592911821901 239.36592911821901
 13824 65536 7845.879 7845.879 7845.879 230.9415335107768 230.9415335107768 230.9415335107768 230.9415335107768 230.9415335107768 230.9415335107768
 15168 65536 9043.932 9043.932 9043.932 219.82696198954167 219.82696198954167 219.82696198954167 219.82696198954167 219.82696198954167 219.82696198954167
 16512 32768 4601.002 4601.002 4601.002 235.19451458617056 235.19451458617056 235.19451458617056 235.19451458617056 235.19451458617056 235.19451458617056
 18048 32768 5162.001 5162.001 5162.001 229.13473437916807 229.13473437916807 229.13473437916807 229.13473437916807 229.13473437916807 229.13473437916807
 19776 32768 5549.908 5549.908 5549.908 233.5245802272758 233.5245802272758 233.5245802272758 233.5245802272758 233.5245802272758 233.5245802272758
 21696 32768 5879.879 5879.879 5879.879 241.81944152252112 241.81944152252112 241.81944152252112 241.81944152252112 241.81944152252112 241.81944152252112
 23808 32768 6642.103 6642.103 6642.103 234.90769233780324 234.90769233780324 234.90769233780324 234.90769233780324 234.90769233780324 234.90769233780324
 26112 32768 7184.982 7184.982 7184.982 238.1740179724876 238.1740179724876 238.1740179724876 238.1740179724876 238.1740179724876 238.1740179724876
 28608 32768 7880.926 7880.926 7880.926 237.89766431000623 237.89766431000623 237.89766431000623 237.89766431000623 237.89766431000623 237.89766431000623
 31296 32768 8592.129 8592.129 8592.129 238.70855011604223 238.70855011604223 238.70855011604223 238.70855011604223 238.70855011604223 238.70855011604223
 34368 16384 4698.038 4698.038 4698.038 239.7108375879463 239.7108375879463 239.7108375879463 239.7108375879463 239.7108375879463 239.7108375879463
 37632 16384 5095.959 5095.959 5095.959 241.98102378767177 241.98102378767177 241.98102378767177 241.98102378767177 241.98102378767177 241.98102378767177
 41280 16384 5625.963 5625.963 5625.963 240.4322673291666 240.4322673291666 240.4322673291666 240.4322673291666 240.4322673291666 240.4322673291666
 45312 16384 6196.976 6196.976 6196.976 239.59809042345816 239.59809042345816 239.59809042345816 239.59809042345816 239.59809042345816 239.59809042345816
 49728 16384 6758.928 6758.928 6758.928 241.08661965329415 241.08661965329415 241.08661965329415 241.08661965329415 241.08661965329415 241.08661965329415
 54528 16384 7401.943 7401.943 7401.943 241.39249707813204 241.39249707813204 241.39249707813204 241.39249707813204 241.39249707813204 241.39249707813204
 59904 16384 8069.038 8069.038 8069.038 243.26744675139716 243.26744675139716 243.26744675139716 243.26744675139716 243.26744675139716 243.26744675139716
 65856 8192 4449.844 4449.844 4449.844 242.47697312535004 242.47697312535004 242.47697312535004 242.47697312535004 242.47697312535004 242.47697312535004
 72384 8192 4895.926 4895.926 4895.926 242.2298572323193 242.2298572323193 242.2298572323193 242.2298572323193 242.2298572323193 242.2298572323193
 79488 8192 5375.862 5375.862 5375.862 242.2553614657519 242.2553614657519 242.2553614657519 242.2553614657519 242.2553614657519 242.2553614657519
 87360 8192 5890.846 5890.846 5890.846 242.97125404398622 242.97125404398622 242.97125404398622 242.97125404398622 242.97125404398622 242.97125404398622
 96000 8192 6417.99 6417.99 6417.99 245.07112039750763 245.07112039750763 245.07112039750763 245.07112039750763 245.07112039750763 245.07112039750763
 105600 8192 7081.985 7081.985 7081.985 244.30303085928594 244.30303085928594 244.30303085928594 244.30303085928594 244.30303085928594 244.30303085928594
 116160 8192 7866.859 7866.859 7866.859 241.92189538416793 241.92189538416793 241.92189538416793 241.92189538416793 241.92189538416793 241.92189538416793
 127680 8192 8620.977 8620.977 8620.977 242.6533697978779 242.6533697978779 242.6533697978779 242.6533697978779 242.6533697978779 242.6533697978779
 140352 4096 5226.851 5226.851 5226.851 219.97251959162412 219.97251959162412 219.97251959162412 219.97251959162412 219.97251959162412 219.97251959162412
 154368 4096 5162.954 5162.954 5162.954 244.93393820669328 244.93393820669328 244.93393820669328 244.93393820669328 244.93393820669328 244.93393820669328
 169728 4096 5656.958 5656.958 5656.958 245.7878909477497 245.7878909477497 245.7878909477497 245.7878909477497 245.7878909477497 245.7878909477497
 186624 4096 6253.958 6253.958 6253.958 244.45699955132417 244.45699955132417 244.45699955132417 244.45699955132417 244.45699955132417 244.45699955132417
 205248 4096 6886.005 6886.005 6886.005 244.17519534185644 244.17519534185644 244.17519534185644 244.17519534185644 244.17519534185644 244.17519534185644
 225600 4096 7541.895 7541.895 7541.895 245.0465300829566 245.0465300829566 245.0465300829566 245.0465300829566 245.0465300829566 245.0465300829566
 248064 4096 8315.802 8315.802 8315.802 244.37093235264624 244.37093235264624 244.37093235264624 244.37093235264624 244.37093235264624 244.37093235264624
 272832 2048 4567.862 4567.862 4567.862 244.64834357955647 244.64834357955647 244.64834357955647 244.64834357955647 244.64834357955647 244.64834357955647
 300096 2048 5032.063 5032.063 5032.063 244.2722231418804 244.2722231418804 244.2722231418804 244.2722231418804 244.2722231418804 244.2722231418804
 330048 2048 5518.198 5518.198 5518.198 244.9851578359457 244.9851578359457 244.9851578359457 244.9851578359457 244.9851578359457 244.9851578359457
 362880 2048 6058.931 6058.931 6058.931 245.3166210343046 245.3166210343046 245.3166210343046 245.3166210343046 245.3166210343046 245.3166210343046
 399168 2048 6695.986 6695.986 6695.986 244.17496213403072 244.17496213403072 244.17496213403072 244.17496213403072 244.17496213403072 244.17496213403072
 438912 2048 7357.836 7357.836 7357.836 244.33590963430007 244.33590963430007 244.33590963430007 244.33590963430007 244.33590963430007 244.33590963430007
 482688 2048 8073.807 8073.807 8073.807 244.8770509376803 244.8770509376803 244.8770509376803 244.8770509376803 244.8770509376803 244.8770509376803
 530880 1024 4451.99 4451.99 4451.99 244.21488817360327 244.21488817360327 244.21488817360327 244.21488817360327 244.21488817360327 244.21488817360327
 583872 1024 4888.058 4888.058 4888.058 244.63086485471328 244.63086485471328 244.63086485471328 244.63086485471328 244.63086485471328 244.63086485471328
 642240 1024 5375.862 5375.862 5375.862 244.66913771224034 244.66913771224034 244.66913771224034 244.66913771224034 244.66913771224034 244.66913771224034
 706368 1024 5913.973 5913.973 5913.973 244.61418136335757 244.61418136335757 244.61418136335757 244.61418136335757 244.61418136335757 244.61418136335757
 776832 1024 6518.126 6518.126 6518.126 244.08118775243068 244.08118775243068 244.08118775243068 244.08118775243068 244.08118775243068 244.08118775243068
 854400 1024 7144.928 7144.928 7144.928 244.9025658481093 244.9025658481093 244.9025658481093 244.9025658481093 244.9025658481093 244.9025658481093
 939840 1024 7864.952 7864.952 7864.952 244.73033274710386 244.73033274710386 244.73033274710386 244.73033274710386 244.73033274710386 244.73033274710386
 1033728 1024 8634.09 8634.09 8634.09 245.19954552245807 245.19954552245807 245.19954552245807 245.19954552245807 245.19954552245807 245.19954552245807
 1137024 512 4759.073 4759.073 4759.073 244.65112764607727 244.65112764607727 244.65112764607727 244.65112764607727 244.65112764607727 244.65112764607727
 1250688 512 5229.95 5229.95 5229.95 244.8789208309831 244.8789208309831 244.8789208309831 244.8789208309831 244.8789208309831 244.8789208309831
 1375680 512 5753.04 5753.04 5753.04 244.86120729214468 244.86120729214468 244.86120729214468 244.86120729214468 244.86120729214468 244.86120729214468
 1513152 512 6330.967 6330.967 6330.967 244.74423069967037 244.74423069967037 244.74423069967037 244.74423069967037 244.74423069967037 244.74423069967037
 1664448 512 6953.001 6953.001 6953.001 245.13080783391229 245.13080783391229 245.13080783391229 245.13080783391229 245.13080783391229 245.13080783391229
 1830720 512 7653.952 7653.952 7653.952 244.92670975726003 244.92670975726003 244.92670975726003 244.92670975726003 244.92670975726003 244.92670975726003
 2013696 512 8414.03 8414.03 8414.03 245.06980650175956 245.06980650175956 245.06980650175956 245.06980650175956 245.06980650175956 245.06980650175956
 2214912 256 4733.801 4733.801 4733.801 239.56117800473655 239.56117800473655 239.56117800473655 239.56117800473655 239.56117800473655 239.56117800473655
 2436288 256 5089.045 5089.045 5089.045 245.11071448572372 245.11071448572372 245.11071448572372 245.11071448572372 245.11071448572372 245.11071448572372
 2679744 256 5587.816 5587.816 5587.816 245.53938927122869 245.53938927122869 245.53938927122869 245.53938927122869 245.53938927122869 245.53938927122869
 2947584 256 6185.055 6185.055 6185.055 244.00155018831683 244.00155018831683 244.00155018831683 244.00155018831683 244.00155018831683 244.00155018831683
 3242304 256 6778.002 6778.002 6778.002 244.9187309180493 244.9187309180493 244.9187309180493 244.9187309180493 244.9187309180493 244.9187309180493
 3566400 256 7468.939 7468.939 7468.939 244.478740554716 244.478740554716 244.478740554716 244.478740554716 244.478740554716 244.478740554716
 3922944 256 8197.069 8197.069 8197.069 245.03238023249534 245.03238023249534 245.03238023249534 245.03238023249534 245.03238023249534 245.03238023249534
 4315200 128 4517.078 4517.078 4517.078 244.55880549328566 244.55880549328566 244.55880549328566 244.55880549328566 244.55880549328566 244.55880549328566
 4746624 128 4955.053 4955.053 4955.053 245.23163405113928 245.23163405113928 245.23163405113928 245.23163405113928 245.23163405113928 245.23163405113928
 5221248 128 5470.991 5470.991 5470.991 244.31396213227185 244.31396213227185 244.31396213227185 244.31396213227185 244.31396213227185 244.31396213227185
 5743296 128 6013.87 6013.87 6013.87 244.48213479839106 244.48213479839106 244.48213479839106 244.48213479839106 244.48213479839106 244.48213479839106
 6317568 128 6613.016 6613.016 6613.016 244.56275442249046 244.56275442249046 244.56275442249046 244.56275442249046 244.56275442249046 244.56275442249046
 6949248 128 7277.966 7277.966 7277.966 244.4374551900902 244.4374551900902 244.4374551900902 244.4374551900902 244.4374551900902 244.4374551900902
 7644096 128 7995.844 7995.844 7995.844 244.73821350191426 244.73821350191426 244.73821350191426 244.73821350191426 244.73821350191426 244.73821350191426
 8408448 64 4403.83 4403.83 4403.83 244.3966601798889 244.3966601798889 244.3966601798889 244.3966601798889 244.3966601798889 244.3966601798889
 9249216 64 4824.877 4824.877 4824.877 245.3740578257228 245.3740578257228 245.3740578257228 245.3740578257228 245.3740578257228 245.3740578257228
 10174080 64 5329.132 5329.132 5329.132 244.3704228005612 244.3704228005612 244.3704228005612 244.3704228005612 244.3704228005612 244.3704228005612
 11191488 64 5861.998 5861.998 5861.998 244.3723904375266 244.3723904375266 244.3723904375266 244.3723904375266 244.3723904375266 244.3723904375266
 12310464 64 6943.941 6943.941 6943.941 226.9229234522586 226.9229234522586 226.9229234522586 226.9229234522586 226.9229234522586 226.9229234522586
 13541376 64 7099.867 7099.867 7099.867 244.1307883654722 244.1307883654722 244.1307883654722 244.1307883654722 244.1307883654722 244.1307883654722
 14895360 64 7796.049 7796.049 7796.049 244.56055625099327 244.56055625099327 244.56055625099327 244.56055625099327 244.56055625099327 244.56055625099327
 16384896 64 8558.989 8558.989 8558.989 245.03673132422534 245.03673132422534 245.03673132422534 245.03673132422534 245.03673132422534 245.03673132422534
 18023232 32 4710.913 4710.913 4710.913 244.8542029963194 244.8542029963194 244.8542029963194 244.8542029963194 244.8542029963194 244.8542029963194
 19825536 32 5190.134 5190.134 5190.134 244.4704325553059 244.4704325553059 244.4704325553059 244.4704325553059 244.4704325553059 244.4704325553059
 21807936 32 5712.986 5712.986 5712.986 244.30445024720873 244.30445024720873 244.30445024720873 244.30445024720873 244.30445024720873 244.30445024720873
 23988672 32 6264.925 6264.925 6264.925 245.05880086353787 245.05880086353787 245.05880086353787 245.05880086353787 245.05880086353787 245.05880086353787
 26387520 32 6901.026 6901.026 6901.026 244.71742027924543 244.71742027924543 244.71742027924543 244.71742027924543 244.71742027924543 244.71742027924543
 29026176 32 7932.901 7932.901 7932.901 234.17350903534535 234.17350903534535 234.17350903534535 234.17350903534535 234.17350903534535 234.17350903534535
 31928640 32 8360.863 8360.863 8360.863 244.40455010445694 244.40455010445694 244.40455010445694 244.40455010445694 244.40455010445694 244.40455010445694
 35121408 16 4610.062 4610.062 4610.062 243.7895750642833 243.7895750642833 243.7895750642833 243.7895750642833 243.7895750642833 243.7895750642833
 38633472 16 5089.045 5089.045 5089.045 242.9279175169408 242.9279175169408 242.9279175169408 242.9279175169408 242.9279175169408 242.9279175169408
 42496704 16 5553.007 5553.007 5553.007 244.89335741878233 244.89335741878233 244.89335741878233 244.89335741878233 244.89335741878233 244.89335741878233
 46746240 16 6155.968 6155.968 6155.968 242.99666275068358 242.99666275068358 242.99666275068358 242.99666275068358 242.99666275068358 242.99666275068358
 51420864 16 6857.157 6857.157 6857.157 239.96353707520475 239.96353707520475 239.96353707520475 239.96353707520475 239.96353707520475 239.96353707520475
 56562816 16 7879.019 7879.019 7879.019 229.72531377319942 229.72531377319942 229.72531377319942 229.72531377319942 229.72531377319942 229.72531377319942
 62218944 16 9009.123 9009.123 9009.123 220.99889278900955 220.99889278900955 220.99889278900955 220.99889278900955 220.99889278900955 220.99889278900955
 68440704 8 5972.862 5972.862 5972.862 183.33778078247917 183.33778078247917 183.33778078247917 183.33778078247917 183.33778078247917 183.33778078247917
 75284736 8 8120.06 8120.06 8120.06 148.3432112570597 148.3432112570597 148.3432112570597 148.3432112570597 148.3432112570597 148.3432112570597
 82813056 8 10921.001 10921.001 10921.001 121.3266893758182 121.3266893758182 121.3266893758182 121.3266893758182 121.3266893758182 121.3266893758182
 91094208 8 13344.049 13344.049 13344.049 109.22526798275395 109.22526798275395 109.22526798275395 109.22526798275395 109.22526798275395 109.22526798275395
 100203456 8 15444.04 15444.04 15444.04 103.81061535712158 103.81061535712158 103.81061535712158 103.81061535712158 103.81061535712158 103.81061535712158
 110223744 8 17468.929 17468.929 17468.929 100.95523909908843 100.95523909908843 100.95523909908843 100.95523909908843 100.95523909908843 100.95523909908843
 121246080 8 19582.033 19582.033 19582.033 99.06720512625019 99.06720512625019 99.06720512625019 99.06720512625019 99.06720512625019 99.06720512625019
 133370688 8 21260.023 21260.023 21260.023 100.37293976586949 100.37293976586949 100.37293976586949 100.37293976586949 100.37293976586949 100.37293976586949
 146707584 4 11907.101 11907.101 11907.101 98.5681293876654 98.5681293876654 98.5681293876654 98.5681293876654 98.5681293876654 98.5681293876654
 161378304 4 13020.039 13020.039 13020.039 99.15687902317343 99.15687902317343 99.15687902317343 99.15687902317343 99.15687902317343 99.15687902317343
 177516096 4 14317.036 14317.036 14317.036 99.19153433713515 99.19153433713515 99.19153433713515 99.19153433713515 99.19153433713515 99.19153433713515
 195267648 4 15785.217 15785.217 15785.217 98.96228756310413 98.96228756310413 98.96228756310413 98.96228756310413 98.96228756310413 98.96228756310413
 214794240 4 17352.104 17352.104 17352.104 99.02856276103462 99.02856276103462 99.02856276103462 99.02856276103462 99.02856276103462 99.02856276103462
 236273664 4 19164.801 19164.801 19164.801 98.62817318061377 98.62817318061377 98.62817318061377 98.62817318061377 98.62817318061377 98.62817318061377
 259900992 4 20958.185 20958.185 20958.185 99.20744262921622 99.20744262921622 99.20744262921622 99.20744262921622 99.20744262921622 99.20744262921622
 285891072 2 11577.129 11577.129 11577.129 98.77788249573794 98.77788249573794 98.77788249573794 98.77788249573794 98.77788249573794 98.77788249573794
 314480064 2 12786.865 12786.865 12786.865 98.37597065426124 98.37597065426124 98.37597065426124 98.37597065426124 98.37597065426124 98.37597065426124
 345927936 2 14005.899 14005.899 14005.899 98.79492519544802 98.79492519544802 98.79492519544802 98.79492519544802 98.79492519544802 98.79492519544802
 380520576 2 15391.111 15391.111 15391.111 98.89359540061793 98.89359540061793 98.89359540061793 98.89359540061793 98.89359540061793 98.89359540061793
 418572480 2 17140.865 17140.865 17140.865 97.67826302814939 97.67826302814939 97.67826302814939 97.67826302814939 97.67826302814939 97.67826302814939
 460429632 2 18563.032 18563.032 18563.032 99.21431628195221 99.21431628195221 99.21431628195221 99.21431628195221 99.21431628195221 99.21431628195221
 506472576 2 20519.018 20519.018 20519.018 98.73232257021266 98.73232257021266 98.73232257021266 98.73232257021266 98.73232257021266 98.73232257021266
 557119680 1 11502.981 11502.981 11502.981 96.86526996784573 96.86526996784573 96.86526996784573 96.86526996784573 96.86526996784573 96.86526996784573
 612831552 1 12626.886 12626.886 12626.886 97.06772548671144 97.06772548671144 97.06772548671144 97.06772548671144 97.06772548671144 97.06772548671144
 674114688 1 13933.897 13933.897 13933.897 96.7589595358714 96.7589595358714 96.7589595358714 96.7589595358714 96.7589595358714 96.7589595358714
 741526080 1 15383.959 15383.959 15383.959 96.4025034128081 96.4025034128081 96.4025034128081 96.4025034128081 96.4025034128081 96.4025034128081
 815678592 1 16560.078 16560.078 16560.078 98.51144324320211 98.51144324320211 98.51144324320211 98.51144324320211 98.51144324320211 98.51144324320211
 897246336 1 18356.085 18356.085 18356.085 97.76009819087241 97.76009819087241 97.76009819087241 97.76009819087241 97.76009819087241 97.76009819087241
 986970816 1 20080.09 20080.09 20080.09 98.30342553245528 98.30342553245528 98.30342553245528 98.30342553245528 98.30342553245528 98.30342553245528
 
META_DATA
 MPI startup(): shm:tmi fabric is unknown or has been removed from the product, please use ofi or shm:ofi instead
 FLOPS          16
 MPI_PROCS      1
 OPENMP_THREADS 24
 ERT_VERSION  1.1.0
 HOSTNAME  ('shas0420.rc.int.colorado.edu', [], ['10.225.6.135'])
 UNAME  uname_result(system='Linux', node='shas0420.rc.int.colorado.edu', release='3.10.0-957.27.2.el7.x86_64', version='#1 SMP Mon Jul 29 17:46:05 UTC 2019', machine='x86_64', processor='x86_64')
 TIMESTAMP_DATA  1664555656.4598277
 CONFIG  {'ERT_RESULTS': ['lab5_results'], 'ERT_DRIVER': ['driver1'], 'ERT_KERNEL': ['kernel1'], 'ERT_MPI': ['True'], 'ERT_MPI_CFLAGS': ['-I/usr/include/mpi'], 'ERT_MPI_LDFLAGS': ['-lmpi'], 'ERT_OPENMP': ['True'], 'ERT_OPENMP_CFLAGS': ['-qopenmp'], 'ERT_OPENMP_LDFLAGS': ['-qopenmp'], 'ERT_FLOPS': ['1,2,4,8,16'], 'ERT_ALIGN': ['32'], 'ERT_CC': ['mpicc'], 'ERT_CFLAGS': ['-O3', '-msse3', '-axSSE3', '-xSSE3', '-fno-alias', '-fno-fnalias', '-DERT_INTEL', '-std=c++11'], 'ERT_LD': ['mpicc'], 'ERT_LDFLAGS': [], 'ERT_LDLIBS': [], 'ERT_PRECISION': ['FP64'], 'ERT_RUN': ['export', 'OMP_NUM_THREADS=ERT_OPENMP_THREADS;', 'mpirun', '-np', 'ERT_MPI_PROCS', 'ERT_CODE'], 'ERT_PROCS_THREADS': ['1-24'], 'ERT_MPI_PROCS': ['1,2,4,8,12,24'], 'ERT_OPENMP_THREADS': ['1,2,4,8,12,24'], 'ERT_NUM_EXPERIMENTS': ['1'], 'ERT_MEMORY_MAX': ['1073741824'], 'ERT_WORKING_SET_MIN': ['1'], 'ERT_TRIALS_MIN': ['1'], 'ERT_GNUPLOT': ['gnuplot'], 'ERT_GPU': [False], 'ERT_HIP': [False], 'ERT_OCL': [False], 'ERT_SYCL': [False], 'ERT_WSS_MULT': [1.1]}
 