fp64
 16 67108864 359715.223 359715.223 359715.223 5.969954871773665 5.969954871773665 5.969954871773665 1.4924887179434163 1.4924887179434163 1.4924887179434163
 32 33554432 184625.149 184625.149 184625.149 11.631587893803134 11.631587893803134 11.631587893803134 2.9078969734507836 2.9078969734507836 2.9078969734507836
 48 16777216 92274.189 92274.189 92274.189 17.454639845168405 17.454639845168405 17.454639845168405 4.363659961292101 4.363659961292101 4.363659961292101
 64 16777216 92471.123 92471.123 92471.123 23.223289372185953 23.223289372185953 23.223289372185953 5.805822343046488 5.805822343046488 5.805822343046488
 80 8388608 46535.969 46535.969 46535.969 28.841717682938977 28.841717682938977 28.841717682938977 7.210429420734744 7.210429420734744 7.210429420734744
 96 8388608 46278.954 46278.954 46278.954 34.80227180588395 34.80227180588395 34.80227180588395 8.700567951470987 8.700567951470987 8.700567951470987
 112 8388608 46185.017 46185.017 46185.017 40.68523330845586 40.68523330845586 40.68523330845586 10.171308327113964 10.171308327113964 10.171308327113964
 128 8388608 46793.938 46793.938 46793.938 45.892347166848836 45.892347166848836 45.892347166848836 11.473086791712209 11.473086791712209 11.473086791712209
 144 4194304 26858.091 26858.091 26858.091 44.97562957843876 44.97562957843876 44.97562957843876 11.24390739460969 11.24390739460969 11.24390739460969
 160 4194304 25954.962 25954.962 25954.962 51.71177981304693 51.71177981304693 51.71177981304693 12.927944953261733 12.927944953261733 12.927944953261733
 176 4194304 30701.876 30701.876 30701.876 48.08810406243579 48.08810406243579 48.08810406243579 12.022026015608947 12.022026015608947 12.022026015608947
 192 4194304 29918.909 29918.909 29918.909 53.83260251902902 53.83260251902902 53.83260251902902 13.458150629757254 13.458150629757254 13.458150629757254
 208 4194304 34839.153 34839.153 34839.153 50.0824593525566 50.0824593525566 50.0824593525566 12.52061483813915 12.52061483813915 12.52061483813915
 224 4194304 33761.024 33761.024 33761.024 55.657322242358525 55.657322242358525 55.657322242358525 13.914330560589631 13.914330560589631 13.914330560589631
 240 4194304 38362.026 38362.026 38362.026 52.48069849074186 52.48069849074186 52.48069849074186 13.120174622685465 13.120174622685465 13.120174622685465
 256 4194304 25671.005 25671.005 25671.005 83.65405436990099 83.65405436990099 83.65405436990099 20.913513592475248 20.913513592475248 20.913513592475248
 272 2097152 15369.892 15369.892 15369.892 74.22633080310518 74.22633080310518 74.22633080310518 18.556582700776296 18.556582700776296 18.556582700776296
 288 2097152 15182.972 15182.972 15182.972 79.56015146441685 79.56015146441685 79.56015146441685 19.890037866104212 19.890037866104212 19.890037866104212
 304 2097152 17782.927 17782.927 17782.927 71.70183041295734 71.70183041295734 71.70183041295734 17.925457603239334 17.925457603239334 17.925457603239334
 320 2097152 16925.097 16925.097 16925.097 79.30100961902907 79.30100961902907 79.30100961902907 19.82525240475727 19.82525240475727 19.82525240475727
 352 2097152 18971.92 18971.92 18971.92 77.82001020455493 77.82001020455493 77.82001020455493 19.455002551138733 19.455002551138733 19.455002551138733
 384 2097152 20952.94 20952.94 20952.94 76.8681023283606 76.8681023283606 76.8681023283606 19.21702558209015 19.21702558209015 19.21702558209015
 416 2097152 22697.926 22697.926 22697.926 76.87180159103524 76.87180159103524 76.87180159103524 19.21795039775881 19.21795039775881 19.21795039775881
 448 2097152 24349.928 24349.928 24349.928 77.1685317508947 77.1685317508947 77.1685317508947 19.292132937723675 19.292132937723675 19.292132937723675
 480 2097152 26347.16 26347.16 26347.16 76.41301453363474 76.41301453363474 76.41301453363474 19.103253633408684 19.103253633408684 19.103253633408684
 528 1048576 12784.004 12784.004 12784.004 86.61576263586899 86.61576263586899 86.61576263586899 21.653940658967247 21.653940658967247 21.653940658967247
 576 1048576 14045.0 14045.0 14045.0 86.00637607689569 86.00637607689569 86.00637607689569 21.501594019223923 21.501594019223923 21.501594019223923
 624 1048576 16562.939 16562.939 16562.939 79.0090966343594 79.0090966343594 79.0090966343594 19.75227415858985 19.75227415858985 19.75227415858985
 672 1048576 17101.049 17101.049 17101.049 82.40933898265538 82.40933898265538 82.40933898265538 20.602334745663846 20.602334745663846 20.602334745663846
 736 1048576 18547.058 18547.058 18547.058 83.22095461177724 83.22095461177724 83.22095461177724 20.80523865294431 20.80523865294431 20.80523865294431
 800 1048576 17935.991 17935.991 17935.991 93.53938681169052 93.53938681169052 93.53938681169052 23.38484670292263 23.38484670292263 23.38484670292263
 880 1048576 21566.153 21566.153 21566.153 85.57361899454206 85.57361899454206 85.57361899454206 21.393404748635515 21.393404748635515 21.393404748635515
 960 1048576 23159.981 23159.981 23159.981 86.92865162540504 86.92865162540504 86.92865162540504 21.73216290635126 21.73216290635126 21.73216290635126
 1056 524288 11581.182 11581.182 11581.182 95.61167901514715 95.61167901514715 95.61167901514715 23.902919753786787 23.902919753786787 23.902919753786787
 1152 524288 13467.073 13467.073 13467.073 89.69726027326057 89.69726027326057 89.69726027326057 22.424315068315142 22.424315068315142 22.424315068315142
 1264 524288 15043.974 15043.974 15043.974 88.10172524892693 88.10172524892693 88.10172524892693 22.02543131223173 22.02543131223173 22.02543131223173
 1376 524288 15788.078 15788.078 15788.078 91.38798123495462 91.38798123495462 91.38798123495462 22.846995308738656 22.846995308738656 22.846995308738656
 1504 524288 17275.095 17275.095 17275.095 91.29086143954635 91.29086143954635 91.29086143954635 22.822715359886587 22.822715359886587 22.822715359886587
 1648 524288 18693.924 18693.924 18693.924 92.43929995649923 92.43929995649923 92.43929995649923 23.109824989124807 23.109824989124807 23.109824989124807
 1808 524288 19395.828 19395.828 19395.828 97.74397916912854 97.74397916912854 97.74397916912854 24.435994792282134 24.435994792282134 24.435994792282134
 1984 524288 22025.108 22025.108 22025.108 94.45469161831124 94.45469161831124 94.45469161831124 23.61367290457781 23.61367290457781 23.61367290457781
 2176 262144 11939.049 11939.049 11939.049 95.55624472267431 95.55624472267431 95.55624472267431 23.889061180668577 23.889061180668577 23.889061180668577
 2384 262144 13103.962 13103.962 13103.962 95.38356353597484 95.38356353597484 95.38356353597484 23.84589088399371 23.84589088399371 23.84589088399371
 2608 262144 14028.072 14028.072 14028.072 97.47191944837465 97.47191944837465 97.47191944837465 24.367979862093662 24.367979862093662 24.367979862093662
 2864 262144 15291.929 15291.929 15291.929 98.19302927707813 98.19302927707813 98.19302927707813 24.54825731926953 24.54825731926953 24.54825731926953
 3136 262144 16555.071 16555.071 16555.071 99.3150176160525 99.3150176160525 99.3150176160525 24.828754404013125 24.828754404013125 24.828754404013125
 3440 262144 18434.048 18434.048 18434.048 97.83801799800024 97.83801799800024 97.83801799800024 24.45950449950006 24.45950449950006 24.45950449950006
 3776 262144 20178.08 20178.08 20178.08 98.1119852830398 98.1119852830398 98.1119852830398 24.52799632075995 24.52799632075995 24.52799632075995
 4144 131072 10935.068 10935.068 10935.068 99.34320810807944 99.34320810807944 99.34320810807944 24.83580202701986 24.83580202701986 24.83580202701986
 4544 131072 12029.171 12029.171 12029.171 99.02447442138781 99.02447442138781 99.02447442138781 24.756118605346952 24.756118605346952 24.756118605346952
 4992 131072 13128.996 13128.996 13128.996 99.67425140505794 99.67425140505794 99.67425140505794 24.918562851264486 24.918562851264486 24.918562851264486
 5488 131072 14441.967 14441.967 14441.967 99.61567368212377 99.61567368212377 99.61567368212377 24.903918420530943 24.903918420530943 24.903918420530943
 6032 131072 15831.947 15831.947 15831.947 99.87733081723935 99.87733081723935 99.87733081723935 24.96933270430984 24.96933270430984 24.96933270430984
 6624 131072 17357.111 17357.111 17357.111 100.0421012459965 100.0421012459965 100.0421012459965 25.010525311499126 25.010525311499126 25.010525311499126
 7280 131072 18960.953 18960.953 18960.953 100.64938824541149 100.64938824541149 100.64938824541149 25.16234706135287 25.16234706135287 25.16234706135287
 8000 131072 20716.906 20716.906 20716.906 101.22901556825136 101.22901556825136 101.22901556825136 25.30725389206284 25.30725389206284 25.30725389206284
 8800 65536 11440.039 11440.039 11440.039 100.82427166550744 100.82427166550744 100.82427166550744 25.20606791637686 25.20606791637686 25.20606791637686
 9680 65536 13010.025 13010.025 13010.025 97.52302243846573 97.52302243846573 97.52302243846573 24.380755609616433 24.380755609616433 24.380755609616433
 10640 65536 14119.864 14119.864 14119.864 98.76908729432522 98.76908729432522 98.76908729432522 24.692271823581304 24.692271823581304 24.692271823581304
 11696 65536 15157.938 15157.938 15157.938 101.13632289563395 101.13632289563395 101.13632289563395 25.284080723908488 25.284080723908488 25.284080723908488
 12864 65536 16592.979 16592.979 16592.979 101.61588271762413 101.61588271762413 101.61588271762413 25.403970679406033 25.403970679406033 25.403970679406033
 14144 65536 18168.926 18168.926 18168.926 102.03588082201448 102.03588082201448 102.03588082201448 25.50897020550362 25.50897020550362 25.50897020550362
 15552 65536 20107.031 20107.031 20107.031 101.37905213355468 101.37905213355468 101.37905213355468 25.34476303338867 25.34476303338867 25.34476303338867
 17104 32768 11062.145 11062.145 11062.145 101.33005343900301 101.33005343900301 101.33005343900301 25.332513359750752 25.332513359750752 25.332513359750752
 18800 32768 12120.008 12120.008 12120.008 101.65643455020822 101.65643455020822 101.65643455020822 25.414108637552054 25.414108637552054 25.414108637552054
 20672 32768 13429.88 13429.88 13429.88 100.87656717707084 100.87656717707084 100.87656717707084 25.21914179426771 25.21914179426771 25.21914179426771
 22736 32768 14616.013 14616.013 14616.013 101.94479821549146 101.94479821549146 101.94479821549146 25.486199553872865 25.486199553872865 25.486199553872865
 25008 32768 16215.086 16215.086 16215.086 101.0740422838337 101.0740422838337 101.0740422838337 25.268510570958426 25.268510570958426 25.268510570958426
 27504 32768 17771.006 17771.006 17771.006 101.42938131921174 101.42938131921174 101.42938131921174 25.357345329802936 25.357345329802936 25.357345329802936
 30240 32768 19500.017 19500.017 19500.017 101.63112370619983 101.63112370619983 101.63112370619983 25.407780926549957 25.407780926549957 25.407780926549957
 33264 16384 10777.95 10777.95 10777.95 101.13191766523316 101.13191766523316 101.13191766523316 25.28297941630829 25.28297941630829 25.28297941630829
 36576 16384 11818.171 11818.171 11818.171 101.41352397084115 101.41352397084115 101.41352397084115 25.35338099271029 25.35338099271029 25.35338099271029
 40224 16384 12989.044 12989.044 12989.044 101.4747530303231 101.4747530303231 101.4747530303231 25.368688257580775 25.368688257580775 25.368688257580775
 44240 16384 14336.109 14336.109 14336.109 101.11923116655991 101.11923116655991 101.11923116655991 25.27980779163998 25.27980779163998 25.27980779163998
 48656 16384 15684.843 15684.843 15684.843 101.64971418585446 101.64971418585446 101.64971418585446 25.412428546463616 25.412428546463616 25.412428546463616
 53520 16384 17240.047 17240.047 17240.047 101.72497557576266 101.72497557576266 101.72497557576266 25.431243893940664 25.431243893940664 25.431243893940664
 58864 16384 19104.004 19104.004 19104.004 100.96603581113152 100.96603581113152 100.96603581113152 25.24150895278288 25.24150895278288 25.24150895278288
 64736 16384 20936.012 20936.012 20936.012 101.32155292994673 101.32155292994673 101.32155292994673 25.330388232486683 25.330388232486683 25.330388232486683
 71200 8192 12629.032 12629.032 12629.032 92.36977149159175 92.36977149159175 92.36977149159175 23.092442872897937 23.092442872897937 23.092442872897937
 78320 8192 14168.978 14168.978 14168.978 90.56368638584942 90.56368638584942 90.56368638584942 22.640921596462356 22.640921596462356 22.640921596462356
 86144 8192 15537.977 15537.977 15537.977 90.83443076276917 90.83443076276917 90.83443076276917 22.708607690692293 22.708607690692293 22.708607690692293
 94752 8192 17093.897 17093.897 17093.897 90.81701896296673 90.81701896296673 90.81701896296673 22.704254740741682 22.704254740741682 22.704254740741682
 104224 8192 18829.823 18829.823 18829.823 90.68624893606275 90.68624893606275 90.68624893606275 22.67156223401569 22.67156223401569 22.67156223401569
 114640 8192 20813.942 20813.942 20813.942 90.24055894842026 90.24055894842026 90.24055894842026 22.560139737105064 22.560139737105064 22.560139737105064
 126096 8192 22868.872 22868.872 22868.872 90.33925521118839 90.33925521118839 90.33925521118839 22.584813802797097 22.584813802797097 22.584813802797097
 138704 4096 12548.208 12548.208 12548.208 90.55182763945258 90.55182763945258 90.55182763945258 22.637956909863146 22.637956909863146 22.637956909863146
 152560 4096 13838.053 13838.053 13838.053 90.31411572133739 90.31411572133739 90.31411572133739 22.578528930334347 22.578528930334347 22.578528930334347
 167808 4096 15178.919 15178.919 15178.919 90.56528570973994 90.56528570973994 90.56528570973994 22.641321427434985 22.641321427434985 22.641321427434985
 184576 4096 16757.011 16757.011 16757.011 90.23366947721166 90.23366947721166 90.23366947721166 22.558417369302916 22.558417369302916 22.558417369302916
 203024 4096 18329.859 18329.859 18329.859 90.73570113114346 90.73570113114346 90.73570113114346 22.683925282785864 22.683925282785864 22.683925282785864
 223312 4096 20248.89 20248.89 20248.89 90.34430549032565 90.34430549032565 90.34430549032565 22.586076372581413 22.586076372581413 22.586076372581413
 245632 4096 22242.069 22242.069 22242.069 90.46898217967043 90.46898217967043 90.46898217967043 22.61724554491761 22.61724554491761 22.61724554491761
 270192 2048 12256.145 12256.145 12256.145 90.29808573576764 90.29808573576764 90.29808573576764 22.57452143394191 22.57452143394191 22.57452143394191
 297200 2048 13494.015 13494.015 13494.015 90.21267576773852 90.21267576773852 90.21267576773852 22.55316894193463 22.55316894193463 22.55316894193463
 326912 2048 14822.96 14822.96 14822.96 90.33496359701437 90.33496359701437 90.33496359701437 22.58374089925359 22.58374089925359 22.58374089925359
 359600 2048 16358.137 16358.137 16358.137 90.04213621636742 90.04213621636742 90.04213621636742 22.510534054091856 22.510534054091856 22.510534054091856
 395552 2048 18193.96 18193.96 18193.96 89.05048664501847 89.05048664501847 89.05048664501847 22.262621661254617 22.262621661254617 22.262621661254617
 435104 2048 20474.911 20474.911 20474.911 87.0424288535369 87.0424288535369 87.0424288535369 21.760607213384226 21.760607213384226 21.760607213384226
 478608 2048 23957.014 23957.014 23957.014 81.82899454831892 81.82899454831892 81.82899454831892 20.45724863707973 20.45724863707973 20.45724863707973
 526464 1024 13842.106 13842.106 13842.106 77.89264668252072 77.89264668252072 77.89264668252072 19.47316167063018 19.47316167063018 19.47316167063018
 579104 1024 16876.936 16876.936 16876.936 70.27371508667213 70.27371508667213 70.27371508667213 17.56842877166803 17.56842877166803 17.56842877166803
 637008 1024 18666.983 18666.983 18666.983 69.88769336748203 69.88769336748203 69.88769336748203 17.471923341870507 17.471923341870507 17.471923341870507
 700704 1024 21151.066 21151.066 21151.066 67.84725611465635 67.84725611465635 67.84725611465635 16.961814028664087 16.961814028664087 16.961814028664087
 770768 1024 23276.091 23276.091 23276.091 67.81778194628987 67.81778194628987 67.81778194628987 16.954445486572467 16.954445486572467 16.954445486572467
 847840 1024 25590.897 25590.897 25590.897 67.85132697771398 67.85132697771398 67.85132697771398 16.962831744428495 16.962831744428495 16.962831744428495
 932624 1024 28167.963 28167.963 28167.963 67.80802545075765 67.80802545075765 67.80802545075765 16.952006362689414 16.952006362689414 16.952006362689414
 1025872 1024 30997.038 30997.038 30997.038 67.78021358040726 67.78021358040726 67.78021358040726 16.945053395101816 16.945053395101816 16.945053395101816
 1128448 512 18211.842 18211.842 18211.842 63.44941670370301 63.44941670370301 63.44941670370301 15.862354175925752 15.862354175925752 15.862354175925752
 1241280 512 18791.914 18791.914 18791.914 67.63923674831632 67.63923674831632 67.63923674831632 16.90980918707908 16.90980918707908 16.90980918707908
 1365408 512 20663.977 20663.977 20663.977 67.6625700851293 67.6625700851293 67.6625700851293 16.915642521282326 16.915642521282326 16.915642521282326
 1501936 512 22728.92 22728.92 22728.92 67.66632396083932 67.66632396083932 67.66632396083932 16.91658099020983 16.91658099020983 16.91658099020983
 1652128 512 24996.042 24996.042 24996.042 67.6818782749685 67.6818782749685 67.6818782749685 16.920469568742124 16.920469568742124 16.920469568742124
 1817328 512 27525.902 27525.902 27525.902 67.60700782848097 67.60700782848097 67.60700782848097 16.901751957120243 16.901751957120243 16.901751957120243
 1999056 512 30228.138 30228.138 30228.138 67.71946535377072 67.71946535377072 67.71946535377072 16.92986633844268 16.92986633844268 16.92986633844268
 2198960 256 16637.087 16637.087 16637.087 67.67215438616147 67.67215438616147 67.67215438616147 16.918038596540367 16.918038596540367 16.918038596540367
 2418848 256 18280.029 18280.029 18280.029 67.74880805714258 67.74880805714258 67.74880805714258 16.937202014285646 16.937202014285646 16.937202014285646
 2660720 256 20134.926 20134.926 20134.926 67.65799089601819 67.65799089601819 67.65799089601819 16.914497724004548 16.914497724004548 16.914497724004548
 2926784 256 22151.947 22151.947 22151.947 67.64702931078699 67.64702931078699 67.64702931078699 16.911757327696748 16.911757327696748 16.911757327696748
 3219456 256 24910.927 24910.927 24910.927 66.170218073378 66.170218073378 66.170218073378 16.5425545183445 16.5425545183445 16.5425545183445
 3541392 256 27014.971 27014.971 27014.971 67.11806960666365 67.11806960666365 67.11806960666365 16.779517401665913 16.779517401665913 16.779517401665913
 3895520 256 29505.014 29505.014 29505.014 67.59889149688253 67.59889149688253 67.59889149688253 16.899722874220632 16.899722874220632 16.899722874220632
 4285072 128 16227.961 16227.961 16227.961 67.5980446341965 67.5980446341965 67.5980446341965 16.899511158549124 16.899511158549124 16.899511158549124
 4713568 128 17858.982 17858.982 17858.982 67.56675201307667 67.56675201307667 67.56675201307667 16.891688003269167 16.891688003269167 16.891688003269167
 5184912 128 19684.076 19684.076 19684.076 67.43204364787049 67.43204364787049 67.43204364787049 16.85801091196762 16.85801091196762 16.85801091196762
 5703392 128 21643.162 21643.162 21643.162 67.46095381072321 67.46095381072321 67.46095381072321 16.865238452680803 16.865238452680803 16.865238452680803
 6273728 128 23864.031 23864.031 23864.031 67.30105102528572 67.30105102528572 67.30105102528572 16.82526275632143 16.82526275632143 16.82526275632143
 6901088 128 26268.005 26268.005 26268.005 67.2559080143315 67.2559080143315 67.2559080143315 16.813977003582874 16.813977003582874 16.813977003582874
 7591184 128 28881.073 28881.073 28881.073 67.28777369178769 67.28777369178769 67.28777369178769 16.821943422946923 16.821943422946923 16.821943422946923
 8350288 128 32005.072 32005.072 32005.072 66.79171751277423 66.79171751277423 66.79171751277423 16.697929378193557 16.697929378193557 16.697929378193557
 9185312 64 17607.212 17607.212 17607.212 66.77490655533653 66.77490655533653 66.77490655533653 16.693726638834132 16.693726638834132 16.693726638834132
 10103840 64 19294.024 19294.024 19294.024 67.03067851475669 67.03067851475669 67.03067851475669 16.75766962868917 16.75766962868917 16.75766962868917
 11114224 64 21318.913 21318.913 21318.913 66.73045065665403 66.73045065665403 66.73045065665403 16.682612664163507 16.682612664163507 16.682612664163507
 12225632 64 23710.966 23710.966 23710.966 65.99819239755985 65.99819239755985 65.99819239755985 16.499548099389962 16.499548099389962 16.499548099389962
 13448192 64 26891.947 26891.947 26891.947 64.01055959243115 64.01055959243115 64.01055959243115 16.002639898107788 16.002639898107788 16.002639898107788
 14793008 64 28384.209 28384.209 28384.209 66.70980417315839 66.70980417315839 66.70980417315839 16.677451043289597 16.677451043289597 16.677451043289597
 16272304 64 31381.845 31381.845 31381.845 66.37133387154262 66.37133387154262 66.37133387154262 16.592833467885654 16.592833467885654 16.592833467885654
 17899520 32 17886.877 17886.877 17886.877 64.04523718701705 64.04523718701705 64.04523718701705 16.011309296754263 16.011309296754263 16.011309296754263
 19689472 32 19739.151 19739.151 19739.151 63.83892640570001 63.83892640570001 63.83892640570001 15.959731601425002 15.959731601425002 15.959731601425002
 21658416 32 20910.025 20910.025 20910.025 66.29062490360484 66.29062490360484 66.29062490360484 16.57265622590121 16.57265622590121 16.57265622590121
 23824256 32 23025.036 23025.036 23025.036 66.22149837246725 66.22149837246725 66.22149837246725 16.555374593116813 16.555374593116813 16.555374593116813
 26206672 32 25528.908 25528.908 25528.908 65.699128533034 65.699128533034 65.699128533034 16.4247821332585 16.4247821332585 16.4247821332585
 28827328 32 28118.849 28118.849 28118.849 65.61253598964879 65.61253598964879 65.61253598964879 16.403133997412198 16.403133997412198 16.403133997412198
 31710048 32 31779.051 31779.051 31779.051 63.86103449092925 63.86103449092925 63.86103449092925 15.965258622732312 15.965258622732312 15.965258622732312
 34881040 16 16992.092 16992.092 16992.092 65.68898520558858 65.68898520558858 65.68898520558858 16.422246301397145 16.422246301397145 16.422246301397145
 38369136 16 18759.012 18759.012 18759.012 65.45186665481103 65.45186665481103 65.45186665481103 16.362966663702757 16.362966663702757 16.362966663702757
 42206048 16 20743.847 20743.847 20743.847 65.10815163648286 65.10815163648286 65.10815163648286 16.277037909120715 16.277037909120715 16.277037909120715
 46426640 16 22818.089 22818.089 22818.089 65.1085408598415 65.1085408598415 65.1085408598415 16.277135214960374 16.277135214960374 16.277135214960374
 51069296 16 25354.147 25354.147 25354.147 64.4556281857954 64.4556281857954 64.4556281857954 16.11390704644885 16.11390704644885 16.11390704644885
 56176224 16 29669.046 29669.046 29669.046 60.589719264987494 60.589719264987494 60.589719264987494 15.147429816246873 15.147429816246873 15.147429816246873
 61793840 16 40260.077 40260.077 40260.077 49.115725238180744 49.115725238180744 49.115725238180744 12.278931309545186 12.278931309545186 12.278931309545186
 67973216 8 25690.079 25690.079 25690.079 42.33429784314793 42.33429784314793 42.33429784314793 10.583574460786982 10.583574460786982 10.583574460786982
 74770528 8 30679.941 30679.941 30679.941 38.99383144185317 38.99383144185317 38.99383144185317 9.748457860463292 9.748457860463292 9.748457860463292
 82247568 8 34050.226 34050.226 34050.226 38.647646215329075 38.647646215329075 38.647646215329075 9.661911553832269 9.661911553832269 9.661911553832269
 90472320 8 39267.063 39267.063 39267.063 36.86441025650428 36.86441025650428 36.86441025650428 9.21610256412607 9.21610256412607 9.21610256412607
 99519552 8 42618.036 42618.036 42618.036 37.36241698233114 37.36241698233114 37.36241698233114 9.340604245582785 9.340604245582785 9.340604245582785
 109471504 8 48401.117 48401.117 48401.117 36.18809177482412 36.18809177482412 36.18809177482412 9.04702294370603 9.04702294370603 9.04702294370603
 120418640 8 51944.017 51944.017 51944.017 37.091822143828416 37.091822143828416 37.091822143828416 9.272955535957104 9.272955535957104 9.272955535957104
 132460496 8 59726.0 59726.0 59726.0 35.484846398553394 35.484846398553394 35.484846398553394 8.871211599638348 8.871211599638348 8.871211599638348
 145706544 4 31565.905 31565.905 31565.905 36.92757587656682 36.92757587656682 36.92757587656682 9.231893969141705 9.231893969141705 9.231893969141705
 160277184 4 36081.076 36081.076 36081.076 35.53711846065787 35.53711846065787 35.53711846065787 8.884279615164468 8.884279615164468 8.884279615164468
 176304896 4 39275.885 39275.885 39275.885 35.91107286315763 35.91107286315763 35.91107286315763 8.977768215789407 8.977768215789407 8.977768215789407
 193935376 4 43495.893 43495.893 43495.893 35.669643752342324 35.669643752342324 35.669643752342324 8.917410938085581 8.917410938085581 8.917410938085581
 213328912 4 47914.982 47914.982 47914.982 35.617905397522634 35.617905397522634 35.617905397522634 8.904476349380658 8.904476349380658 8.904476349380658
 234661792 4 51331.997 51331.997 51331.997 36.57162093265142 36.57162093265142 36.57162093265142 9.142905233162855 9.142905233162855 9.142905233162855
 258127968 4 57619.095 57619.095 57619.095 35.83922559005829 35.83922559005829 35.83922559005829 8.959806397514573 8.959806397514573 8.959806397514573
 283940752 2 30852.079 30852.079 30852.079 36.8131757992711 36.8131757992711 36.8131757992711 9.203293949817775 9.203293949817775 9.203293949817775
 312334816 2 35326.958 35326.958 35326.958 35.36503946929142 35.36503946929142 35.36503946929142 8.841259867322854 8.841259867322854 8.841259867322854
 343568288 2 39191.008 39191.008 39191.008 35.066032289855876 35.066032289855876 35.066032289855876 8.766508072463969 8.766508072463969 8.766508072463969
 377925104 2 41306.019 41306.019 41306.019 36.59758196499159 36.59758196499159 36.59758196499159 9.149395491247898 9.149395491247898 9.149395491247898
 415717600 2 47124.863 47124.863 47124.863 35.28647711930749 35.28647711930749 35.28647711930749 8.821619279826873 8.821619279826873 8.821619279826873
 457289360 2 50495.863 50495.863 50495.863 36.22390689708581 36.22390689708581 36.22390689708581 9.055976724271453 9.055976724271453 9.055976724271453
 503018288 2 57591.915 57591.915 57591.915 34.93672943502573 34.93672943502573 34.93672943502573 8.734182358756433 8.734182358756433 8.734182358756433
 553320112 1 31149.149 31149.149 31149.149 35.527141495904104 35.527141495904104 35.527141495904104 8.881785373976026 8.881785373976026 8.881785373976026
 608652112 1 33439.159 33439.159 33439.159 36.4035538094723 36.4035538094723 36.4035538094723 9.100888452368075 9.100888452368075 9.100888452368075
 669517312 1 37998.915 37998.915 37998.915 35.23875942247298 35.23875942247298 35.23875942247298 8.809689855618245 8.809689855618245 8.809689855618245
 736469040 1 41597.128 41597.128 41597.128 35.40961000961413 35.40961000961413 35.40961000961413 8.852402502403532 8.852402502403532 8.852402502403532
 810115936 1 44382.095 44382.095 44382.095 36.506430622529194 36.506430622529194 36.506430622529194 9.126607655632299 9.126607655632299 9.126607655632299
 891127520 1 50628.901 50628.901 50628.901 35.202325248971924 35.202325248971924 35.202325248971924 8.800581312242981 8.800581312242981 8.800581312242981
 980240272 1 54991.961 54991.961 54991.961 35.6503115791779 35.6503115791779 35.6503115791779 8.912577894794476 8.912577894794476 8.912577894794476
 
META_DATA
 MPI startup(): shm:tmi fabric is unknown or has been removed from the product, please use ofi or shm:ofi instead
 FLOPS          4
 MPI_PROCS      2
 OPENMP_THREADS 1
 ERT_VERSION  1.1.0
 HOSTNAME  ('shas0420.rc.int.colorado.edu', [], ['10.225.6.135'])
 UNAME  uname_result(system='Linux', node='shas0420.rc.int.colorado.edu', release='3.10.0-957.27.2.el7.x86_64', version='#1 SMP Mon Jul 29 17:46:05 UTC 2019', machine='x86_64', processor='x86_64')
 TIMESTAMP_DATA  1664552850.2920976
 CONFIG  {'ERT_RESULTS': ['lab5_results'], 'ERT_DRIVER': ['driver1'], 'ERT_KERNEL': ['kernel1'], 'ERT_MPI': ['True'], 'ERT_MPI_CFLAGS': ['-I/usr/include/mpi'], 'ERT_MPI_LDFLAGS': ['-lmpi'], 'ERT_OPENMP': ['True'], 'ERT_OPENMP_CFLAGS': ['-qopenmp'], 'ERT_OPENMP_LDFLAGS': ['-qopenmp'], 'ERT_FLOPS': ['1,2,4,8,16'], 'ERT_ALIGN': ['32'], 'ERT_CC': ['mpicc'], 'ERT_CFLAGS': ['-O3', '-msse3', '-axSSE3', '-xSSE3', '-fno-alias', '-fno-fnalias', '-DERT_INTEL', '-std=c++11'], 'ERT_LD': ['mpicc'], 'ERT_LDFLAGS': [], 'ERT_LDLIBS': [], 'ERT_PRECISION': ['FP64'], 'ERT_RUN': ['export', 'OMP_NUM_THREADS=ERT_OPENMP_THREADS;', 'mpirun', '-np', 'ERT_MPI_PROCS', 'ERT_CODE'], 'ERT_PROCS_THREADS': ['1-24'], 'ERT_MPI_PROCS': ['1,2,4'], 'ERT_OPENMP_THREADS': ['1,2,4'], 'ERT_NUM_EXPERIMENTS': ['1'], 'ERT_MEMORY_MAX': ['1073741824'], 'ERT_WORKING_SET_MIN': ['1'], 'ERT_TRIALS_MIN': ['1'], 'ERT_GNUPLOT': ['gnuplot'], 'ERT_GPU': [False], 'ERT_HIP': [False], 'ERT_OCL': [False], 'ERT_SYCL': [False], 'ERT_WSS_MULT': [1.1]}
 