fp64
 32 33554432 187236.071 187236.071 187236.071 11.469390681670522 11.469390681670522 11.469390681670522 2.8673476704176304 2.8673476704176304 2.8673476704176304
 64 16777216 98926.783 98926.783 98926.783 21.7078083697516 21.7078083697516 21.7078083697516 5.4269520924379 5.4269520924379 5.4269520924379
 96 8388608 49468.994 49468.994 49468.994 32.55802485087932 32.55802485087932 32.55802485087932 8.13950621271983 8.13950621271983 8.13950621271983
 128 8388608 49454.927 49454.927 49454.927 43.423047576230374 43.423047576230374 43.423047576230374 10.855761894057594 10.855761894057594 10.855761894057594
 160 4194304 24847.031 24847.031 24847.031 54.01761200362329 54.01761200362329 54.01761200362329 13.504403000905823 13.504403000905823 13.504403000905823
 192 4194304 24862.051 24862.051 24862.051 64.78197378003931 64.78197378003931 64.78197378003931 16.195493445009827 16.195493445009827 16.195493445009827
 224 4194304 24940.014 24940.014 24940.014 75.34270798725294 75.34270798725294 75.34270798725294 18.835676996813234 18.835676996813234 18.835676996813234
 256 4194304 25001.049 25001.049 25001.049 85.89574173467683 85.89574173467683 85.89574173467683 21.473935433669208 21.473935433669208 21.473935433669208
 288 2097152 14711.142 14711.142 14711.142 82.1118817288284 82.1118817288284 82.1118817288284 20.5279704322071 20.5279704322071 20.5279704322071
 320 2097152 14137.983 14137.983 14137.983 94.93414159572833 94.93414159572833 94.93414159572833 23.733535398932084 23.733535398932084 23.733535398932084
 352 2097152 16594.887 16594.887 16594.887 88.96686117838584 88.96686117838584 88.96686117838584 22.24171529459646 22.24171529459646 22.24171529459646
 384 2097152 16178.846 16178.846 16178.846 99.55053259051974 99.55053259051974 99.55053259051974 24.887633147629934 24.887633147629934 24.887633147629934
 416 2097152 18615.007 18615.007 18615.007 93.7324634903441 93.7324634903441 93.7324634903441 23.433115872586026 23.433115872586026 23.433115872586026
 448 2097152 18242.121 18242.121 18242.121 103.0060151448398 103.0060151448398 103.0060151448398 25.75150378620995 25.75150378620995 25.75150378620995
 480 2097152 20677.09 20677.09 20677.09 97.36698539301226 97.36698539301226 97.36698539301226 24.341746348253064 24.341746348253064 24.341746348253064
 512 2097152 13733.864 13733.864 13733.864 156.36412651239303 156.36412651239303 156.36412651239303 39.09103162809826 39.09103162809826 39.09103162809826
 544 1048576 7791.042 7791.042 7791.042 146.43107918042284 146.43107918042284 146.43107918042284 36.60776979510571 36.60776979510571 36.60776979510571
 576 1048576 7761.955 7761.955 7761.955 155.62568347793822 155.62568347793822 155.62568347793822 38.906420869484556 38.906420869484556 38.906420869484556
 608 1048576 8981.943 8981.943 8981.943 141.9590856900339 141.9590856900339 141.9590856900339 35.489771422508475 35.489771422508475 35.489771422508475
 640 1048576 8594.036 8594.036 8594.036 156.17543142709667 156.17543142709667 156.17543142709667 39.04385785677417 39.04385785677417 39.04385785677417
 704 1048576 9668.827 9668.827 9668.827 152.6963930578135 152.6963930578135 152.6963930578135 38.17409826445338 38.17409826445338 38.17409826445338
 768 1048576 10921.001 10921.001 10921.001 147.4784899296319 147.4784899296319 147.4784899296319 36.869622482407976 36.869622482407976 36.869622482407976
 832 1048576 12672.186 12672.186 12672.186 137.68977696507926 137.68977696507926 137.68977696507926 34.422444241269815 34.422444241269815 34.422444241269815
 896 1048576 12596.846 12596.846 12596.846 149.16814828092683 149.16814828092683 149.16814828092683 37.29203707023171 37.29203707023171 37.29203707023171
 960 1048576 13530.016 13530.016 13530.016 148.7999659423906 148.7999659423906 148.7999659423906 37.19999148559765 37.19999148559765 37.19999148559765
 1056 524288 6510.973 6510.973 6510.973 170.06617229099245 170.06617229099245 170.06617229099245 42.516543072748114 42.516543072748114 42.516543072748114
 1152 524288 7095.098 7095.098 7095.098 170.2526944659538 170.2526944659538 170.2526944659538 42.56317361648845 42.56317361648845 42.56317361648845
 1248 524288 8315.086 8315.086 8315.086 157.37935217988124 157.37935217988124 157.37935217988124 39.34483804497031 39.34483804497031 39.34483804497031
 1344 524288 8620.977 8620.977 8620.977 163.47174386383352 163.47174386383352 163.47174386383352 40.86793596595838 40.86793596595838 40.86793596595838
 1472 524288 9380.102 9380.102 9380.102 164.55086224009077 164.55086224009077 164.55086224009077 41.13771556002269 41.13771556002269 41.13771556002269
 1600 524288 9045.124 9045.124 9045.124 185.48353787079094 185.48353787079094 185.48353787079094 46.370884467697735 46.370884467697735 46.370884467697735
 1760 524288 10975.122 10975.122 10975.122 168.1524597175321 168.1524597175321 168.1524597175321 42.03811492938303 42.03811492938303 42.03811492938303
 1920 524288 11878.014 11878.014 11878.014 169.4951630802927 169.4951630802927 169.4951630802927 42.37379077007318 42.37379077007318 42.37379077007318
 2112 262144 5920.887 5920.887 5920.887 187.01526578703493 187.01526578703493 187.01526578703493 46.753816446758734 46.753816446758734 46.753816446758734
 2304 262144 6780.148 6780.148 6780.148 178.16123659837513 178.16123659837513 178.16123659837513 44.54030914959378 44.54030914959378 44.54030914959378
 2528 262144 7596.97 7596.97 7596.97 174.46430142543673 174.46430142543673 174.46430142543673 43.61607535635918 43.61607535635918 43.61607535635918
 2752 262144 7956.982 7956.982 7956.982 181.3301294385233 181.3301294385233 181.3301294385233 45.332532359630825 45.332532359630825 45.332532359630825
 3008 262144 8774.996 8774.996 8774.996 179.72182597006315 179.72182597006315 179.72182597006315 44.93045649251579 44.93045649251579 44.93045649251579
 3296 262144 9431.124 9431.124 9431.124 183.22876976275575 183.22876976275575 183.22876976275575 45.80719244068894 45.80719244068894 45.80719244068894
 3616 262144 9733.915 9733.915 9733.915 194.76494380729645 194.76494380729645 194.76494380729645 48.69123595182411 48.69123595182411 48.69123595182411
 3968 262144 11108.875 11108.875 11108.875 187.27141893306026 187.27141893306026 187.27141893306026 46.817854733265065 46.817854733265065 46.817854733265065
 4352 131072 6005.049 6005.049 6005.049 189.98191155476 189.98191155476 189.98191155476 47.49547788869 47.49547788869 47.49547788869
 4768 131072 6597.996 6597.996 6597.996 189.43670047693269 189.43670047693269 189.43670047693269 47.35917511923317 47.35917511923317 47.35917511923317
 5216 131072 7100.105 7100.105 7100.105 192.58068775039243 192.58068775039243 192.58068775039243 48.14517193759811 48.14517193759811 48.14517193759811
 5728 131072 7844.21 7844.21 7844.21 191.42282422321685 191.42282422321685 191.42282422321685 47.85570605580421 47.85570605580421 47.85570605580421
 6272 131072 8409.023 8409.023 8409.023 195.5241611302526 195.5241611302526 195.5241611302526 48.88104028256315 48.88104028256315 48.88104028256315
 6880 131072 9299.994 9299.994 9299.994 193.9303100625656 193.9303100625656 193.9303100625656 48.4825775156414 48.4825775156414 48.4825775156414
 7552 131072 10164.976 10164.976 10164.976 194.75810744658912 194.75810744658912 194.75810744658912 48.68952686164728 48.68952686164728 48.68952686164728
 8288 65536 5462.885 5462.885 5462.885 198.8555014429189 198.8555014429189 198.8555014429189 49.71387536072972 49.71387536072972 49.71387536072972
 9088 65536 6119.013 6119.013 6119.013 194.66903175397732 194.66903175397732 194.66903175397732 48.66725793849433 48.66725793849433 48.66725793849433
 9984 65536 6772.041 6772.041 6772.041 193.23906160639015 193.23906160639015 193.23906160639015 48.30976540159754 48.30976540159754 48.30976540159754
 10976 65536 7467.985 7467.985 7467.985 192.64182667747724 192.64182667747724 192.64182667747724 48.16045666936931 48.16045666936931 48.16045666936931
 12064 65536 8082.151 8082.151 8082.151 195.64749631626532 195.64749631626532 195.64749631626532 48.91187407906633 48.91187407906633 48.91187407906633
 13248 65536 8802.891 8802.891 8802.891 197.25813440152785 197.25813440152785 197.25813440152785 49.314533600381964 49.314533600381964 49.314533600381964
 14560 65536 9721.994 9721.994 9721.994 196.29803515616237 196.29803515616237 196.29803515616237 49.07450878904059 49.07450878904059 49.07450878904059
 16000 65536 10577.917 10577.917 10577.917 198.2575586478888 198.2575586478888 198.2575586478888 49.5643896619722 49.5643896619722 49.5643896619722
 17600 32768 5868.912 5868.912 5868.912 196.53278154451795 196.53278154451795 196.53278154451795 49.133195386129486 49.133195386129486 49.133195386129486
 19360 32768 6576.061 6576.061 6576.061 192.93874554995767 192.93874554995767 192.93874554995767 48.23468638748942 48.23468638748942 48.23468638748942
 21280 32768 7125.854 7125.854 7125.854 195.71072884737745 195.71072884737745 195.71072884737745 48.92768221184436 48.92768221184436 48.92768221184436
 23392 32768 7618.904 7618.904 7618.904 201.212420054118 201.212420054118 201.212420054118 50.3031050135295 50.3031050135295 50.3031050135295
 25728 32768 8322.001 8322.001 8322.001 202.60874854497132 202.60874854497132 202.60874854497132 50.65218713624283 50.65218713624283 50.65218713624283
 28288 32768 9125.948 9125.948 9125.948 203.14408629109 203.14408629109 203.14408629109 50.7860215727725 50.7860215727725 50.7860215727725
 31104 32768 10130.882 10130.882 10130.882 201.20970158373183 201.20970158373183 201.20970158373183 50.30242539593296 50.30242539593296 50.30242539593296
 34208 16384 5564.928 5564.928 5564.928 201.4271782132671 201.4271782132671 201.4271782132671 50.356794553316774 50.356794553316774 50.356794553316774
 37600 16384 6096.84 6096.84 6096.84 202.0844896700586 202.0844896700586 202.0844896700586 50.52112241751465 50.52112241751465 50.52112241751465
 41344 16384 6896.973 6896.973 6896.973 196.42822902163024 196.42822902163024 196.42822902163024 49.10705725540756 49.10705725540756 49.10705725540756
 45472 16384 7452.965 7452.965 7452.965 199.92398944581117 199.92398944581117 199.92398944581117 49.98099736145279 49.98099736145279 49.98099736145279
 50016 16384 8284.807 8284.807 8284.807 197.82286877654482 197.82286877654482 197.82286877654482 49.455717194136206 49.455717194136206 49.455717194136206
 55008 16384 9003.878 9003.878 9003.878 200.19175559686616 200.19175559686616 200.19175559686616 50.04793889921654 50.04793889921654 50.04793889921654
 60480 16384 9966.85 9966.85 9966.85 198.84001866186404 198.84001866186404 198.84001866186404 49.71000466546601 49.71000466546601 49.71000466546601
 66528 8192 5506.992 5506.992 5506.992 197.92924195277564 197.92924195277564 197.92924195277564 49.48231048819391 49.48231048819391 49.48231048819391
 73152 8192 5945.921 5945.921 5945.921 201.57051666175852 201.57051666175852 201.57051666175852 50.39262916543963 50.39262916543963 50.39262916543963
 80448 8192 6628.99 6628.99 6628.99 198.83270784840528 198.83270784840528 198.83270784840528 49.70817696210132 49.70817696210132 49.70817696210132
 88480 8192 7292.986 7292.986 7292.986 198.7740439924059 198.7740439924059 198.7740439924059 49.69351099810147 49.69351099810147 49.69351099810147
 97312 8192 7967.949 7967.949 7967.949 200.0966381687433 200.0966381687433 200.0966381687433 50.02415954218583 50.02415954218583 50.02415954218583
 107040 8192 8759.022 8759.022 8759.022 200.2213671800345 200.2213671800345 200.2213671800345 50.05534179500862 50.05534179500862 50.05534179500862
 117728 8192 9701.967 9701.967 9701.967 198.8107722897841 198.8107722897841 198.8107722897841 49.702693072446024 49.702693072446024 49.702693072446024
 129472 8192 10637.999 10637.999 10637.999 199.40491139358068 199.40491139358068 199.40491139358068 49.85122784839517 49.85122784839517 49.85122784839517
 142400 4096 6471.157 6471.157 6471.157 180.2677326481184 180.2677326481184 180.2677326481184 45.0669331620296 45.0669331620296 45.0669331620296
 156640 4096 7178.068 7178.068 7178.068 178.76605236952338 178.76605236952338 178.76605236952338 44.691513092380845 44.691513092380845 44.691513092380845
 172288 4096 7890.94 7890.94 7890.94 178.86123782464446 178.86123782464446 178.86123782464446 44.715309456161116 44.715309456161116 44.715309456161116
 189504 4096 8663.893 8663.893 8663.893 179.182356938157 179.182356938157 179.182356938157 44.79558923453925 44.79558923453925 44.79558923453925
 208448 4096 9635.925 9635.925 9635.925 177.21246439755393 177.21246439755393 177.21246439755393 44.30311609938848 44.30311609938848 44.30311609938848
 229280 4096 10597.944 10597.944 10597.944 177.22888137548188 177.22888137548188 177.22888137548188 44.30722034387047 44.30722034387047 44.30722034387047
 252192 4096 11518.002 11518.002 11518.002 179.3676424088136 179.3676424088136 179.3676424088136 44.8419106022034 44.8419106022034 44.8419106022034
 277408 2048 6392.956 6392.956 6392.956 177.73674150111466 177.73674150111466 177.73674150111466 44.434185375278666 44.434185375278666 44.434185375278666
 305120 2048 6994.963 6994.963 6994.963 178.6673524935014 178.6673524935014 178.6673524935014 44.66683812337535 44.66683812337535 44.66683812337535
 335616 2048 7714.987 7714.987 7714.987 178.18346758069714 178.18346758069714 178.18346758069714 44.545866895174285 44.545866895174285 44.545866895174285
 369152 2048 8395.91 8395.91 8395.91 180.09323492033622 180.09323492033622 180.09323492033622 45.023308730084054 45.023308730084054 45.023308730084054
 406048 2048 9299.994 9299.994 9299.994 178.83587967906215 178.83587967906215 178.83587967906215 44.708969919765536 44.708969919765536 44.708969919765536
 446624 2048 10215.998 10215.998 10215.998 179.0693287136509 179.0693287136509 179.0693287136509 44.76733217841272 44.76733217841272 44.76733217841272
 491264 2048 11306.047 11306.047 11306.047 177.97708995902815 177.97708995902815 177.97708995902815 44.49427248975704 44.49427248975704 44.49427248975704
 540384 1024 6215.096 6215.096 6215.096 178.06747184596986 178.06747184596986 178.06747184596986 44.516867961492466 44.516867961492466 44.516867961492466
 594400 1024 6818.056 6818.056 6818.056 178.54520408749946 178.54520408749946 178.54520408749946 44.636301021874864 44.636301021874864 44.636301021874864
 653824 1024 7533.073 7533.073 7533.073 177.75369387765124 177.75369387765124 177.75369387765124 44.43842346941281 44.43842346941281 44.43842346941281
 719200 1024 8213.043 8213.043 8213.043 179.33932648349705 179.33932648349705 179.33932648349705 44.83483162087426 44.83483162087426 44.83483162087426
 791104 1024 9075.165 9075.165 9075.165 178.52909473271282 178.52909473271282 178.52909473271282 44.632273683178205 44.632273683178205 44.632273683178205
 870208 1024 10255.098 10255.098 10255.098 173.7853684089611 173.7853684089611 173.7853684089611 43.44634210224027 43.44634210224027 43.44634210224027
 957216 1024 11532.068 11532.068 11532.068 169.99365317651615 169.99365317651615 169.99365317651615 42.49841329412904 42.49841329412904 42.49841329412904
 1052928 512 6775.141 6775.141 6775.141 159.14034438545266 159.14034438545266 159.14034438545266 39.785086096363166 39.785086096363166 39.785086096363166
 1158208 512 8626.938 8626.938 8626.938 137.47693468992125 137.47693468992125 137.47693468992125 34.36923367248031 34.36923367248031 34.36923367248031
 1274016 512 9577.036 9577.036 9577.036 136.22089172474656 136.22089172474656 136.22089172474656 34.05522293118664 34.05522293118664 34.05522293118664
 1401408 512 10822.058 10822.058 10822.058 132.60340981354932 132.60340981354932 132.60340981354932 33.15085245338733 33.15085245338733 33.15085245338733
 1541536 512 11862.04 11862.04 11862.04 133.07431639077257 133.07431639077257 133.07431639077257 33.26857909769314 33.26857909769314 33.26857909769314
 1695680 512 13086.081 13086.081 13086.081 132.68879506400734 132.68879506400734 132.68879506400734 33.172198766001834 33.172198766001834 33.172198766001834
 1865248 512 14425.993 14425.993 14425.993 132.40086502190871 132.40086502190871 132.40086502190871 33.10021625547718 33.10021625547718 33.10021625547718
 2051744 512 15865.088 15865.088 15865.088 132.42825101253771 132.42825101253771 132.42825101253771 33.10706275313443 33.10706275313443 33.10706275313443
 2256896 256 8775.949 8775.949 8775.949 131.67017629660336 131.67017629660336 131.67017629660336 32.91754407415084 32.91754407415084 32.91754407415084
 2482560 256 9524.107 9524.107 9524.107 133.45825703134162 133.45825703134162 133.45825703134162 33.364564257835404 33.364564257835404 33.364564257835404
 2730816 256 10591.984 10591.984 10591.984 132.00338973321712 132.00338973321712 132.00338973321712 33.00084743330428 33.00084743330428 33.00084743330428
 3003872 256 11620.998 11620.998 11620.998 132.34512767319984 132.34512767319984 132.34512767319984 33.08628191829996 33.08628191829996 33.08628191829996
 3304256 256 12739.897 12739.897 12739.897 132.79377941595604 132.79377941595604 132.79377941595604 33.19844485398901 33.19844485398901 33.19844485398901
 3634656 256 14087.2 14087.2 14087.2 132.10175705605087 132.10175705605087 132.10175705605087 33.02543926401272 33.02543926401272 33.02543926401272
 3998112 256 15472.889 15472.889 15472.889 132.29806948140066 132.29806948140066 132.29806948140066 33.074517370350165 33.074517370350165 33.074517370350165
 4397920 128 8499.861 8499.861 8499.861 132.4571684172247 132.4571684172247 132.4571684172247 33.11429210430617 33.11429210430617 33.11429210430617
 4837696 128 9346.008 9346.008 9346.008 132.51114015738057 132.51114015738057 132.51114015738057 33.12778503934514 33.12778503934514 33.12778503934514
 5321440 128 10303.974 10303.974 10303.974 132.2100230454774 132.2100230454774 132.2100230454774 33.05250576136935 33.05250576136935 33.05250576136935
 5853568 128 11320.114 11320.114 11320.114 132.376176423665 132.376176423665 132.376176423665 33.09404410591625 33.09404410591625 33.09404410591625
 6438912 128 12668.133 12668.133 12668.133 130.11873746510238 130.11873746510238 130.11873746510238 32.529684366275596 32.529684366275596 32.529684366275596
 7082784 128 13662.1 13662.1 13662.1 132.71698377262646 132.71698377262646 132.71698377262646 33.179245943156616 33.179245943156616 33.179245943156616
 7791040 128 15075.922 15075.922 15075.922 132.29746346525275 132.29746346525275 132.29746346525275 33.07436586631319 33.07436586631319 33.07436586631319
 8570144 64 8296.967 8296.967 8296.967 132.21439015003915 132.21439015003915 132.21439015003915 33.05359753750979 33.05359753750979 33.05359753750979
 9427136 64 9157.181 9157.181 9157.181 131.77345822912093 131.77345822912093 131.77345822912093 32.94336455728023 32.94336455728023 32.94336455728023
 10369824 64 10057.926 10057.926 10057.926 131.96930182226436 131.96930182226436 131.96930182226436 32.99232545556609 32.99232545556609 32.99232545556609
 11406784 64 11071.205 11071.205 11071.205 131.87980459218304 131.87980459218304 131.87980459218304 32.96995114804576 32.96995114804576 32.96995114804576
 12547456 64 12171.984 12171.984 12171.984 131.94844554511408 131.94844554511408 131.94844554511408 32.98711138627852 32.98711138627852 32.98711138627852
 13802176 64 13526.917 13526.917 13526.917 130.60466978543596 130.60466978543596 130.60466978543596 32.65116744635899 32.65116744635899 32.65116744635899
 15182368 64 15695.81 15695.81 15695.81 123.8128585909233 123.8128585909233 123.8128585909233 30.953214647730825 30.953214647730825 30.953214647730825
 16700576 64 16226.053 16226.053 16226.053 131.74329752281716 131.74329752281716 131.74329752281716 32.93582438070429 32.93582438070429 32.93582438070429
 18370624 32 8890.867 8890.867 8890.867 132.23906464915063 132.23906464915063 132.23906464915063 33.05976616228766 33.05976616228766 33.05976616228766
 20207680 32 9829.044 9829.044 9829.044 131.57856654217846 131.57856654217846 131.57856654217846 32.894641635544616 32.894641635544616 32.894641635544616
 22228448 32 10693.073 10693.073 10693.073 133.04133171072525 133.04133171072525 133.04133171072525 33.26033292768131 33.26033292768131 33.26033292768131
 24451264 32 12202.024 12202.024 12202.024 128.2476494063608 128.2476494063608 128.2476494063608 32.0619123515902 32.0619123515902 32.0619123515902
 26896384 32 13597.012 13597.012 13597.012 126.59903337586228 126.59903337586228 126.59903337586228 31.64975834396557 31.64975834396557 31.64975834396557
 29586016 32 14464.14 14464.14 14464.14 130.91030811372124 130.91030811372124 130.91030811372124 32.72757702843031 32.72757702843031 32.72757702843031
 32544608 32 16016.006 16016.006 16016.006 130.04833489697745 130.04833489697745 130.04833489697745 32.51208372424436 32.51208372424436 32.51208372424436
 35799040 16 9105.921 9105.921 9105.921 125.80487794699734 125.80487794699734 125.80487794699734 31.451219486749334 31.451219486749334 31.451219486749334
 39378944 16 9982.109 9982.109 9982.109 126.23847405392986 126.23847405392986 126.23847405392986 31.559618513482466 31.559618513482466 31.559618513482466
 43316832 16 10641.098 10641.098 10641.098 130.26274393864242 130.26274393864242 130.26274393864242 32.565685984660604 32.565685984660604 32.565685984660604
 47648512 16 11712.074 11712.074 11712.074 130.18636869951467 130.18636869951467 130.18636869951467 32.54659217487867 32.54659217487867 32.54659217487867
 52413344 16 13048.887 13048.887 13048.887 128.5341047094668 128.5341047094668 128.5341047094668 32.1335261773667 32.1335261773667 32.1335261773667
 57654656 16 16374.111 16374.111 16374.111 112.67475785402945 112.67475785402945 112.67475785402945 28.168689463507363 28.168689463507363 28.168689463507363
 63420096 16 21651.03 21651.03 21651.03 93.73425061070998 93.73425061070998 93.73425061070998 23.433562652677494 23.433562652677494 23.433562652677494
 69762080 8 13672.829 13672.829 13672.829 81.63586921185076 81.63586921185076 81.63586921185076 20.40896730296269 20.40896730296269 20.40896730296269
 76738272 8 16418.219 16418.219 16418.219 74.7835287128281 74.7835287128281 74.7835287128281 18.695882178207025 18.695882178207025 18.695882178207025
 84412096 8 18478.155 18478.155 18478.155 73.09136307169196 73.09136307169196 73.09136307169196 18.27284076792299 18.27284076792299 18.27284076792299
 92853280 8 21161.079 21161.079 21161.079 70.20683964177817 70.20683964177817 70.20683964177817 17.551709910444544 17.551709910444544 17.551709910444544
 102138592 8 23320.913 23320.913 23320.913 70.07519268220759 70.07519268220759 70.07519268220759 17.518798170551896 17.518798170551896 17.518798170551896
 112352448 8 26000.977 26000.977 26000.977 69.13737003036464 69.13737003036464 69.13737003036464 17.28434250759116 17.28434250759116 17.28434250759116
 123587680 8 28702.021 28702.021 28702.021 68.89420365207036 68.89420365207036 68.89420365207036 17.22355091301759 17.22355091301759 17.22355091301759
 135946432 4 15733.957 15733.957 15733.957 69.12256440004253 69.12256440004253 69.12256440004253 17.280641100010634 17.280641100010634 17.280641100010634
 149541056 4 17276.049 17276.049 17276.049 69.2478035921292 69.2478035921292 69.2478035921292 17.3119508980323 17.3119508980323 17.3119508980323
 164495136 4 21059.99 21059.99 21059.99 62.48631115209456 62.48631115209456 62.48631115209456 15.62157778802364 15.62157778802364 15.62157778802364
 180944640 4 21083.117 21083.117 21083.117 68.65954023781208 68.65954023781208 68.65954023781208 17.16488505945302 17.16488505945302 17.16488505945302
 199039104 4 24560.928 24560.928 24560.928 64.8311347193396 64.8311347193396 64.8311347193396 16.2077836798349 16.2077836798349 16.2077836798349
 218943008 4 25280.952 25280.952 25280.952 69.28315294455683 69.28315294455683 69.28315294455683 17.320788236139208 17.320788236139208 17.320788236139208
 240837280 4 27798.891 27798.891 27798.891 69.30845694527886 69.30845694527886 69.30845694527886 17.327114236319716 17.327114236319716 17.327114236319716
 264920992 4 31246.901 31246.901 31246.901 67.8265001703689 67.8265001703689 67.8265001703689 16.956625042592226 16.956625042592226 16.956625042592226
 291413088 2 17331.839 17331.839 17331.839 67.25497230847805 67.25497230847805 67.25497230847805 16.81374307711951 16.81374307711951 16.81374307711951
 320554368 2 18408.06 18408.06 18408.06 69.65522015899556 69.65522015899556 69.65522015899556 17.41380503974889 17.41380503974889 17.41380503974889
 352609792 2 20275.116 20275.116 20275.116 69.56503568216328 69.56503568216328 69.56503568216328 17.39125892054082 17.39125892054082 17.39125892054082
 387870752 2 22476.912 22476.912 22476.912 69.0256298552043 69.0256298552043 69.0256298552043 17.256407463801075 17.256407463801075 17.256407463801075
 426657824 2 25173.903 25173.903 25173.903 67.793670929772 67.793670929772 67.793670929772 16.948417732443 16.948417732443 16.948417732443
 469323584 2 27266.979 27266.979 27266.979 68.84863688052864 68.84863688052864 68.84863688052864 17.21215922013216 17.21215922013216 17.21215922013216
 516255936 2 29659.033 29659.033 29659.033 69.62545757982062 69.62545757982062 69.62545757982062 17.406364394955155 17.406364394955155 17.406364394955155
 567881504 1 16592.979 16592.979 16592.979 68.44840869141099 68.44840869141099 68.44840869141099 17.112102172852747 17.112102172852747 17.112102172852747
 624669632 1 18406.153 18406.153 18406.153 67.87617510296694 67.87617510296694 67.87617510296694 16.969043775741735 16.969043775741735 16.969043775741735
 687136576 1 20343.065 20343.065 20343.065 67.55487199200319 67.55487199200319 67.55487199200319 16.888717998000796 16.888717998000796 16.888717998000796
 755850208 1 22219.896 22219.896 22219.896 68.0336404814856 68.0336404814856 68.0336404814856 17.0084101203714 17.0084101203714 17.0084101203714
 831435200 1 24307.966 24307.966 24307.966 68.40845507188878 68.40845507188878 68.40845507188878 17.102113767972195 17.102113767972195 17.102113767972195
 914578720 1 26707.888 26707.888 26707.888 68.48753596690236 68.48753596690236 68.48753596690236 17.12188399172559 17.12188399172559 17.12188399172559
 1006036576 1 29696.226 29696.226 29696.226 67.7551804731012 67.7551804731012 67.7551804731012 16.9387951182753 16.9387951182753 16.9387951182753
 
META_DATA
 MPI startup(): shm:tmi fabric is unknown or has been removed from the product, please use ofi or shm:ofi instead
 FLOPS          4
 MPI_PROCS      2
 OPENMP_THREADS 2
 ERT_VERSION  1.1.0
 HOSTNAME  ('shas0420.rc.int.colorado.edu', [], ['10.225.6.135'])
 UNAME  uname_result(system='Linux', node='shas0420.rc.int.colorado.edu', release='3.10.0-957.27.2.el7.x86_64', version='#1 SMP Mon Jul 29 17:46:05 UTC 2019', machine='x86_64', processor='x86_64')
 TIMESTAMP_DATA  1664552870.7096093
 CONFIG  {'ERT_RESULTS': ['lab5_results'], 'ERT_DRIVER': ['driver1'], 'ERT_KERNEL': ['kernel1'], 'ERT_MPI': ['True'], 'ERT_MPI_CFLAGS': ['-I/usr/include/mpi'], 'ERT_MPI_LDFLAGS': ['-lmpi'], 'ERT_OPENMP': ['True'], 'ERT_OPENMP_CFLAGS': ['-qopenmp'], 'ERT_OPENMP_LDFLAGS': ['-qopenmp'], 'ERT_FLOPS': ['1,2,4,8,16'], 'ERT_ALIGN': ['32'], 'ERT_CC': ['mpicc'], 'ERT_CFLAGS': ['-O3', '-msse3', '-axSSE3', '-xSSE3', '-fno-alias', '-fno-fnalias', '-DERT_INTEL', '-std=c++11'], 'ERT_LD': ['mpicc'], 'ERT_LDFLAGS': [], 'ERT_LDLIBS': [], 'ERT_PRECISION': ['FP64'], 'ERT_RUN': ['export', 'OMP_NUM_THREADS=ERT_OPENMP_THREADS;', 'mpirun', '-np', 'ERT_MPI_PROCS', 'ERT_CODE'], 'ERT_PROCS_THREADS': ['1-24'], 'ERT_MPI_PROCS': ['1,2,4'], 'ERT_OPENMP_THREADS': ['1,2,4'], 'ERT_NUM_EXPERIMENTS': ['1'], 'ERT_MEMORY_MAX': ['1073741824'], 'ERT_WORKING_SET_MIN': ['1'], 'ERT_TRIALS_MIN': ['1'], 'ERT_GNUPLOT': ['gnuplot'], 'ERT_GPU': [False], 'ERT_HIP': [False], 'ERT_OCL': [False], 'ERT_SYCL': [False], 'ERT_WSS_MULT': [1.1]}
 