fp64
 64 16777216 380861.044 380861.044 380861.044 5.638496459091784 5.638496459091784 5.638496459091784 2.819248229545892 2.819248229545892 2.819248229545892
 128 8388608 190712.929 190712.929 190712.929 11.260293988773043 11.260293988773043 11.260293988773043 5.630146994386521 5.630146994386521 5.630146994386521
 192 4194304 107165.098 107165.098 107165.098 15.029265740978467 15.029265740978467 15.029265740978467 7.514632870489233 7.514632870489233 7.514632870489233
 256 4194304 116337.061 116337.061 116337.061 18.4591533389347 18.4591533389347 18.4591533389347 9.22957666946735 9.22957666946735 9.22957666946735
 320 2097152 52080.154 52080.154 52080.154 25.771376943317026 25.771376943317026 25.771376943317026 12.885688471658513 12.885688471658513 12.885688471658513
 384 2097152 67541.122 67541.122 67541.122 23.84640184094069 23.84640184094069 23.84640184094069 11.923200920470345 11.923200920470345 11.923200920470345
 448 2097152 60050.964 60050.964 60050.964 31.2908913835255 31.2908913835255 31.2908913835255 15.64544569176275 15.64544569176275 15.64544569176275
 512 2097152 47868.967 47868.967 47868.967 44.86170858878154 44.86170858878154 44.86170858878154 22.43085429439077 22.43085429439077 22.43085429439077
 576 1048576 46539.783 46539.783 46539.783 25.955418657624595 25.955418657624595 25.955418657624595 12.977709328812297 12.977709328812297 12.977709328812297
 640 1048576 31416.893 31416.893 31416.893 42.72151545985149 42.72151545985149 42.72151545985149 21.360757729925744 21.360757729925744 21.360757729925744
 704 1048576 27987.957 27987.957 27987.957 52.75108175991552 52.75108175991552 52.75108175991552 26.37554087995776 26.37554087995776 26.37554087995776
 768 1048576 30176.878 30176.878 30176.878 53.37241102277048 53.37241102277048 53.37241102277048 26.68620551138524 26.68620551138524 26.68620551138524
 832 1048576 47725.916 47725.916 47725.916 36.55939184069301 36.55939184069301 36.55939184069301 18.279695920346505 18.279695920346505 18.279695920346505
 896 1048576 45614.004 45614.004 45614.004 41.194546131052206 41.194546131052206 41.194546131052206 20.597273065526103 20.597273065526103 20.597273065526103
 960 1048576 36359.072 36359.072 36359.072 55.37176306369975 55.37176306369975 55.37176306369975 27.685881531849876 27.685881531849876 27.685881531849876
 1024 1048576 44872.999 44872.999 44872.999 47.85692277888536 47.85692277888536 47.85692277888536 23.92846138944268 23.92846138944268 23.92846138944268
 1088 524288 15318.871 15318.871 15318.871 74.4735488666234 74.4735488666234 74.4735488666234 37.2367744333117 37.2367744333117 37.2367744333117
 1152 524288 35081.148 35081.148 35081.148 34.433295968535575 34.433295968535575 34.433295968535575 17.216647984267787 17.216647984267787 17.216647984267787
 1216 524288 17183.065 17183.065 17183.065 74.2049463236041 74.2049463236041 74.2049463236041 37.10247316180205 37.10247316180205 37.10247316180205
 1280 524288 22490.978 22490.978 22490.978 59.676252406631676 59.676252406631676 59.676252406631676 29.838126203315838 29.838126203315838 29.838126203315838
 1408 524288 38121.939 38121.939 38121.939 38.72822439593117 38.72822439593117 38.72822439593117 19.364112197965586 19.364112197965586 19.364112197965586
 1536 524288 24145.842 24145.842 24145.842 66.70352336439541 66.70352336439541 66.70352336439541 33.351761682197704 33.351761682197704 33.351761682197704
 1664 524288 24582.148 24582.148 24582.148 70.97957688644621 70.97957688644621 70.97957688644621 35.489788443223105 35.489788443223105 35.489788443223105
 1792 524288 27386.904 27386.904 27386.904 68.61119431389542 68.61119431389542 68.61119431389542 34.30559715694771 34.30559715694771 34.30559715694771
 1920 524288 42833.09 42833.09 42833.09 47.0025842170154 47.0025842170154 47.0025842170154 23.5012921085077 23.5012921085077 23.5012921085077
 2112 262144 35264.015 35264.015 35264.015 31.400175391259328 31.400175391259328 31.400175391259328 15.700087695629664 15.700087695629664 15.700087695629664
 2304 262144 21601.915 21601.915 21601.915 55.919095691284774 55.919095691284774 55.919095691284774 27.959547845642387 27.959547845642387 27.959547845642387
 2496 262144 24739.981 24739.981 24739.981 52.895062773087815 52.895062773087815 52.895062773087815 26.447531386543908 26.447531386543908 26.447531386543908
 2688 262144 38335.085 38335.085 38335.085 36.762306487647024 36.762306487647024 36.762306487647024 18.381153243823512 18.381153243823512 18.381153243823512
 2944 262144 47581.911 47581.911 47581.911 32.438879388429775 32.438879388429775 32.438879388429775 16.219439694214888 16.219439694214888 16.219439694214888
 3200 262144 24105.072 24105.072 24105.072 69.60035630675569 69.60035630675569 69.60035630675569 34.80017815337784 34.80017815337784 34.80017815337784
 3520 262144 27844.906 27844.906 27844.906 66.27760783247034 66.27760783247034 66.27760783247034 33.13880391623517 33.13880391623517 33.13880391623517
 3840 262144 43076.992 43076.992 43076.992 46.736455507385465 46.736455507385465 46.736455507385465 23.368227753692732 23.368227753692732 23.368227753692732
 4224 131072 17229.08 17229.08 17229.08 64.26902980310034 64.26902980310034 64.26902980310034 32.13451490155017 32.13451490155017 32.13451490155017
 4608 131072 30261.993 30261.993 30261.993 39.9167216779146 39.9167216779146 39.9167216779146 19.9583608389573 19.9583608389573 19.9583608389573
 5056 131072 36274.91 36274.91 36274.91 36.53765271919352 36.53765271919352 36.53765271919352 18.26882635959676 18.26882635959676 18.26882635959676
 5504 131072 46941.996 46941.996 46941.996 30.736668632497008 30.736668632497008 30.736668632497008 15.368334316248504 15.368334316248504 15.368334316248504
 6016 131072 39415.836 39415.836 39415.836 40.010779017854645 40.010779017854645 40.010779017854645 20.005389508927323 20.005389508927323 20.005389508927323
 6592 131072 17859.221 17859.221 17859.221 96.75972137866482 96.75972137866482 96.75972137866482 48.37986068933241 48.37986068933241 48.37986068933241
 7232 131072 26671.171 26671.171 26671.171 71.08144625520943 71.08144625520943 71.08144625520943 35.540723127604714 35.540723127604714 35.540723127604714
 7936 131072 44771.91 44771.91 44771.91 46.466071784741814 46.466071784741814 46.466071784741814 23.233035892370907 23.233035892370907 23.233035892370907
 8704 65536 32855.034 32855.034 32855.034 34.72377134048926 34.72377134048926 34.72377134048926 17.36188567024463 17.36188567024463 17.36188567024463
 9536 65536 24230.003 24230.003 24230.003 51.58491280417918 51.58491280417918 51.58491280417918 25.79245640208959 25.79245640208959 25.79245640208959
 10432 65536 21442.175 21442.175 21442.175 63.768862253945784 63.768862253945784 63.768862253945784 31.884431126972892 31.884431126972892 31.884431126972892
 11456 65536 36931.992 36931.992 36931.992 40.65745579063269 40.65745579063269 40.65745579063269 20.328727895316344 20.328727895316344 20.328727895316344
 12544 65536 22825.003 22825.003 22825.003 72.03360139755513 72.03360139755513 72.03360139755513 36.016800698777566 36.016800698777566 36.016800698777566
 13760 65536 39848.089 39848.089 39848.089 45.2606577946561 45.2606577946561 45.2606577946561 22.63032889732805 22.63032889732805 22.63032889732805
 15104 65536 41239.977 41239.977 41239.977 48.004670031702496 48.004670031702496 48.004670031702496 24.002335015851248 24.002335015851248 24.002335015851248
 16576 32768 19096.851 19096.851 19096.851 56.885019210758884 56.885019210758884 56.885019210758884 28.442509605379442 28.442509605379442 28.442509605379442
 18176 32768 41280.985 41280.985 41280.985 28.855472707349403 28.855472707349403 28.855472707349403 14.427736353674701 14.427736353674701 14.427736353674701
 19968 32768 39479.971 39479.971 39479.971 33.146499727672044 33.146499727672044 33.146499727672044 16.573249863836022 16.573249863836022 16.573249863836022
 21952 32768 32725.096 32725.096 32725.096 43.96156002109206 43.96156002109206 43.96156002109206 21.98078001054603 21.98078001054603 21.98078001054603
 24128 32768 24211.168 24211.168 24211.168 65.31087669954626 65.31087669954626 65.31087669954626 32.65543834977313 32.65543834977313 32.65543834977313
 26496 32768 30906.916 30906.916 30906.916 56.18295452059985 56.18295452059985 56.18295452059985 28.091477260299925 28.091477260299925 28.091477260299925
 29120 32768 31190.872 31190.872 31190.872 61.18483381933022 61.18483381933022 61.18483381933022 30.59241690966511 30.59241690966511 30.59241690966511
 32000 32768 42243.958 42243.958 42243.958 49.64383308969297 49.64383308969297 49.64383308969297 24.821916544846484 24.821916544846484 24.821916544846484
 35200 16384 26015.043 26015.043 26015.043 44.33717830103144 44.33717830103144 44.33717830103144 22.16858915051572 22.16858915051572 22.16858915051572
 38720 16384 19442.081 19442.081 19442.081 65.25931869124504 65.25931869124504 65.25931869124504 32.62965934562252 32.62965934562252 32.62965934562252
 42560 16384 35047.054 35047.054 35047.054 39.79239110939254 39.79239110939254 39.79239110939254 19.89619555469627 19.89619555469627 19.89619555469627
 46784 16384 36362.171 36362.171 36362.171 42.159697010390275 42.159697010390275 42.159697010390275 21.079848505195137 21.079848505195137 21.079848505195137
 51456 16384 38251.877 38251.877 38251.877 44.07914958003237 44.07914958003237 44.07914958003237 22.039574790016186 22.039574790016186 22.039574790016186
 56576 16384 17951.012 17951.012 17951.012 103.27453226592463 103.27453226592463 103.27453226592463 51.63726613296232 51.63726613296232 51.63726613296232
 62208 16384 24730.921 24730.921 24730.921 82.4244169475128 82.4244169475128 82.4244169475128 41.2122084737564 41.2122084737564 41.2122084737564
 68416 8192 39627.075 39627.075 39627.075 28.286916054238173 28.286916054238173 28.286916054238173 14.143458027119086 14.143458027119086 14.143458027119086
 75200 8192 20003.796 20003.796 20003.796 61.592149809966074 61.592149809966074 61.592149809966074 30.796074904983037 30.796074904983037 30.796074904983037
 82688 8192 21345.854 21345.854 21345.854 63.46713474195036 63.46713474195036 63.46713474195036 31.73356737097518 31.73356737097518 31.73356737097518
 90944 8192 21748.066 21748.066 21748.066 68.51305748290446 68.51305748290446 68.51305748290446 34.25652874145223 34.25652874145223 34.25652874145223
 100032 8192 37215.948 37215.948 37215.948 44.03822490293677 44.03822490293677 44.03822490293677 22.019112451468384 22.019112451468384 22.019112451468384
 110016 8192 39919.853 39919.853 39919.853 45.15302558854612 45.15302558854612 45.15302558854612 22.57651279427306 22.57651279427306 22.57651279427306
 120960 8192 39199.114 39199.114 39199.114 50.55748555949504 50.55748555949504 50.55748555949504 25.27874277974752 25.27874277974752 25.27874277974752
 133056 4096 32117.844 32117.844 32117.844 33.937357439060975 33.937357439060975 33.937357439060975 16.968678719530487 16.968678719530487 16.968678719530487
 146304 4096 33141.136 33141.136 33141.136 36.16419087142939 36.16419087142939 36.16419087142939 18.082095435714695 18.082095435714695 18.082095435714695
 160896 4096 26004.076 26004.076 26004.076 50.68667050503929 50.68667050503929 50.68667050503929 25.343335252519644 25.343335252519644 25.343335252519644
 176960 4096 35529.137 35529.137 35529.137 40.80190070476522 40.80190070476522 40.80190070476522 20.40095035238261 20.40095035238261 20.40095035238261
 194624 4096 43309.212 43309.212 43309.212 36.813410689624185 36.813410689624185 36.813410689624185 18.406705344812092 18.406705344812092 18.406705344812092
 214080 4096 25135.994 25135.994 25135.994 69.77020125004805 69.77020125004805 69.77020125004805 34.88510062502402 34.88510062502402 34.88510062502402
 235456 4096 32681.942 32681.942 32681.942 59.01900052328592 59.01900052328592 59.01900052328592 29.50950026164296 29.50950026164296 29.50950026164296
 258944 4096 27945.995 27945.995 27945.995 75.90601973556498 75.90601973556498 75.90601973556498 37.95300986778249 37.95300986778249 37.95300986778249
 284800 2048 19199.133 19199.133 19199.133 60.76007703056174 60.76007703056174 60.76007703056174 30.38003851528087 30.38003851528087 30.38003851528087
 313280 2048 20157.814 20157.814 20157.814 63.65744222066936 63.65744222066936 63.65744222066936 31.82872111033468 31.82872111033468 31.82872111033468
 344576 2048 33454.18 33454.18 33454.18 42.18854851620933 42.18854851620933 42.18854851620933 21.094274258104665 21.094274258104665 21.094274258104665
 379008 2048 36892.891 36892.891 36892.891 42.07902189069433 42.07902189069433 42.07902189069433 21.039510945347164 21.039510945347164 21.039510945347164
 416896 2048 17251.968 17251.968 17251.968 98.98036073333779 98.98036073333779 98.98036073333779 49.490180366668895 49.490180366668895 49.490180366668895
 458560 2048 52621.126 52621.126 52621.126 35.69406249497588 35.69406249497588 35.69406249497588 17.84703124748794 17.84703124748794 17.84703124748794
 504384 2048 21151.066 21151.066 21151.066 97.67625253497862 97.67625253497862 97.67625253497862 48.83812626748931 48.83812626748931 48.83812626748931
 554816 1024 26003.122 26003.122 26003.122 43.69718251523798 43.69718251523798 43.69718251523798 21.84859125761899 21.84859125761899 21.84859125761899
 610240 1024 14972.925 14972.925 14972.925 83.46876244955477 83.46876244955477 83.46876244955477 41.73438122477739 41.73438122477739 41.73438122477739
 671232 1024 15336.99 15336.99 15336.99 89.63187274686885 89.63187274686885 89.63187274686885 44.815936373434425 44.815936373434425 44.815936373434425
 738304 1024 19913.912 19913.912 19913.912 75.92915907231085 75.92915907231085 75.92915907231085 37.964579536155426 37.964579536155426 37.964579536155426
 812096 1024 21078.11 21078.11 21078.11 78.90520582727768 78.90520582727768 78.90520582727768 39.45260291363884 39.45260291363884 39.45260291363884
 893248 1024 61405.897 61405.897 61405.897 29.79146944144469 29.79146944144469 29.79146944144469 14.895734720722345 14.895734720722345 14.895734720722345
 982528 1024 25230.885 25230.885 25230.885 79.75215074699125 79.75215074699125 79.75215074699125 39.876075373495624 39.876075373495624 39.876075373495624
 1080768 512 14212.132 14212.132 14212.132 77.87054271660297 77.87054271660297 77.87054271660297 38.935271358301485 38.935271358301485 38.935271358301485
 1188800 512 17977.953 17977.953 17977.953 67.71244757398131 67.71244757398131 67.71244757398131 33.856223786990654 33.856223786990654 33.856223786990654
 1307648 512 17024.994 17024.994 17024.994 78.6509265142766 78.6509265142766 78.6509265142766 39.3254632571383 39.3254632571383 39.3254632571383
 1438400 512 47452.211 47452.211 47452.211 31.04010474875449 31.04010474875449 31.04010474875449 15.520052374377245 15.520052374377245 15.520052374377245
 1582208 512 21347.046 21347.046 21347.046 75.89719870374572 75.89719870374572 75.89719870374572 37.94859935187286 37.94859935187286 37.94859935187286
 1740416 512 39133.787 39133.787 39133.787 45.540851540894835 45.540851540894835 45.540851540894835 22.770425770447417 22.770425770447417 22.770425770447417
 1914432 512 41224.003 41224.003 41224.003 47.554294229990234 47.554294229990234 47.554294229990234 23.777147114995117 23.777147114995117 23.777147114995117
 2105856 256 33483.028 33483.028 33483.028 32.20133710726521 32.20133710726521 32.20133710726521 16.100668553632605 16.100668553632605 16.100668553632605
 2316416 256 29989.958 29989.958 29989.958 39.54673734454713 39.54673734454713 39.54673734454713 19.773368672273566 19.773368672273566 19.773368672273566
 2548032 256 15028.0 15028.0 15028.0 86.81077881288262 86.81077881288262 86.81077881288262 43.40538940644131 43.40538940644131 43.40538940644131
 2802816 256 21429.062 21429.062 21429.062 66.96708386022682 66.96708386022682 66.96708386022682 33.48354193011341 33.48354193011341 33.48354193011341
 3083072 256 47261.953 47261.953 47261.953 33.39965371299827 33.39965371299827 33.39965371299827 16.699826856499136 16.699826856499136 16.699826856499136
 3391360 256 39597.988 39597.988 39597.988 43.850114808863516 43.850114808863516 43.850114808863516 21.925057404431758 21.925057404431758 21.925057404431758
 3730496 256 40838.957 40838.957 40838.957 46.769410687937004 46.769410687937004 46.769410687937004 23.384705343968502 23.384705343968502 23.384705343968502
 4103488 256 29276.848 29276.848 29276.848 71.76270669574811 71.76270669574811 71.76270669574811 35.881353347874054 35.881353347874054 35.881353347874054
 4513792 128 35274.982 35274.982 35274.982 32.75779848732453 32.75779848732453 32.75779848732453 16.378899243662264 16.378899243662264 16.378899243662264
 4965120 128 15466.928 15466.928 15466.928 82.17990799465802 82.17990799465802 82.17990799465802 41.08995399732901 41.08995399732901 41.08995399732901
 5461632 128 22829.056 22829.056 22829.056 61.24553691576209 61.24553691576209 61.24553691576209 30.622768457881044 30.622768457881044 30.622768457881044
 6007744 128 22338.867 22338.867 22338.867 68.84782760020909 68.84782760020909 68.84782760020909 34.42391380010454 34.42391380010454 34.42391380010454
 6608512 128 21945.0 21945.0 21945.0 77.0917781727045 77.0917781727045 77.0917781727045 38.54588908635225 38.54588908635225 38.54588908635225
 7269312 128 23993.015 23993.015 23993.015 77.56190174515375 77.56190174515375 77.56190174515375 38.780950872576874 38.780950872576874 38.780950872576874
 7996224 128 42655.945 42655.945 42655.945 47.98940321214311 47.98940321214311 47.98940321214311 23.994701606071555 23.994701606071555 23.994701606071555
 8795840 64 35188.913 35188.913 35188.913 31.99495022764698 31.99495022764698 31.99495022764698 15.99747511382349 15.99747511382349 15.99747511382349
 9675392 64 34069.061 34069.061 34069.061 36.35116846924545 36.35116846924545 36.35116846924545 18.175584234622725 18.175584234622725 18.175584234622725
 10642880 64 30658.007 30658.007 30658.007 44.43500322770492 44.43500322770492 44.43500322770492 22.21750161385246 22.21750161385246 22.21750161385246
 11707136 64 17774.105 17774.105 17774.105 84.30879687050347 84.30879687050347 84.30879687050347 42.154398435251736 42.154398435251736 42.154398435251736
 12877824 64 21525.145 21525.145 21525.145 76.57841431497906 76.57841431497906 76.57841431497906 38.28920715748953 38.28920715748953 38.28920715748953
 14165568 64 26592.016 26592.016 26592.016 68.1856051831497 68.1856051831497 68.1856051831497 34.09280259157485 34.09280259157485 34.09280259157485
 15582080 64 39900.064 39900.064 39900.064 49.98754488213353 49.98754488213353 49.98754488213353 24.993772441066763 24.993772441066763 24.993772441066763
 17140288 32 33529.997 33529.997 33529.997 32.71632956006527 32.71632956006527 32.71632956006527 16.358164780032634 16.358164780032634 16.358164780032634
 18854272 32 15671.968 15671.968 15671.968 76.99565287524833 76.99565287524833 76.99565287524833 38.49782643762416 38.49782643762416 38.49782643762416
 20739648 32 35428.047 35428.047 35428.047 37.465725164020476 37.465725164020476 37.465725164020476 18.732862582010238 18.732862582010238 18.732862582010238
 22813568 32 16844.034 16844.034 16844.034 86.68163172788655 86.68163172788655 86.68163172788655 43.34081586394328 43.34081586394328 43.34081586394328
 25094912 32 45471.907 45471.907 45471.907 35.320145425174275 35.320145425174275 35.320145425174275 17.660072712587137 17.660072712587137 17.660072712587137
 27604352 32 25094.032 25094.032 25094.032 70.40233821332498 70.40233821332498 70.40233821332498 35.20116910666249 35.20116910666249 35.20116910666249
 30364736 32 43287.039 43287.039 43287.039 44.89434132928334 44.89434132928334 44.89434132928334 22.44717066464167 22.44717066464167 22.44717066464167
 33401152 32 39778.948 39778.948 39778.948 53.73882004119366 53.73882004119366 53.73882004119366 26.86941002059683 26.86941002059683 26.86941002059683
 36741248 16 26006.937 26006.937 26006.937 45.20793571345983 45.20793571345983 45.20793571345983 22.603967856729916 22.603967856729916 22.603967856729916
 40415360 16 14802.933 14802.933 14802.933 87.36724809873826 87.36724809873826 87.36724809873826 43.68362404936913 43.68362404936913 43.68362404936913
 44456896 16 15552.998 15552.998 15552.998 91.46922490442036 91.46922490442036 91.46922490442036 45.73461245221018 45.73461245221018 45.73461245221018
 48902528 16 39965.868 39965.868 39965.868 39.155433731603175 39.155433731603175 39.155433731603175 19.577716865801587 19.577716865801587 19.577716865801587
 53792768 16 36076.069 36076.069 36076.069 47.714970719232184 47.714970719232184 47.714970719232184 23.857485359616092 23.857485359616092 23.857485359616092
 59172032 16 41082.144 41082.144 41082.144 46.09070607415231 46.09070607415231 46.09070607415231 23.045353037076154 23.045353037076154 23.045353037076154
 65089216 16 44085.026 44085.026 44085.026 47.246312432706745 47.246312432706745 47.246312432706745 23.623156216353372 23.623156216353372 23.623156216353372
 71598080 8 45474.052 45474.052 45474.052 25.191713287392993 25.191713287392993 25.191713287392993 12.595856643696496 12.595856643696496 12.595856643696496
 78757888 8 34354.925 34354.925 34354.925 36.67963786851521 36.67963786851521 36.67963786851521 18.339818934257604 18.339818934257604 18.339818934257604
 86633664 8 45598.03 45598.03 45598.03 30.399090136130884 30.399090136130884 30.399090136130884 15.199545068065442 15.199545068065442 15.199545068065442
 95297024 8 24831.057 24831.057 24831.057 61.40505351826142 61.40505351826142 61.40505351826142 30.70252675913071 30.70252675913071 30.70252675913071
 104826688 8 41312.933 41312.933 41312.933 40.59811023342255 40.59811023342255 40.59811023342255 20.299055116711276 20.299055116711276 20.299055116711276
 115309312 8 41458.845 41458.845 41458.845 44.500733004018805 44.500733004018805 44.500733004018805 22.250366502009403 22.250366502009403 22.250366502009403
 126840192 8 47641.993 47641.993 47641.993 42.59777864456677 42.59777864456677 42.59777864456677 21.298889322283387 21.298889322283387 21.298889322283387
 139524160 4 26006.222 26006.222 26006.222 42.92023962573264 42.92023962573264 42.92023962573264 21.46011981286632 21.46011981286632 21.46011981286632
 153476544 4 20078.897 20078.897 20078.897 61.14939241931466 61.14939241931466 61.14939241931466 30.57469620965733 30.57469620965733 30.57469620965733
 168824192 4 45032.978 45032.978 45032.978 29.991210796674384 29.991210796674384 29.991210796674384 14.995605398337192 14.995605398337192 14.995605398337192
 185706560 4 44718.981 44718.981 44718.981 33.22196630553813 33.22196630553813 33.22196630553813 16.610983152769066 16.610983152769066 16.610983152769066
 204277184 4 34003.973 34003.973 34003.973 48.05960385864322 48.05960385864322 48.05960385864322 24.02980192932161 24.02980192932161 24.02980192932161
 224704896 4 50805.092 50805.092 50805.092 35.38305113196134 35.38305113196134 35.38305113196134 17.69152556598067 17.69152556598067 17.69152556598067
 247175360 4 53935.051 53935.051 53935.051 36.66266821551722 36.66266821551722 36.66266821551722 18.33133410775861 18.33133410775861 18.33133410775861
 271892864 2 42561.054 42561.054 42561.054 25.55320777535256 25.55320777535256 25.55320777535256 12.77660388767628 12.77660388767628 12.77660388767628
 299082112 2 25817.156 25817.156 25817.156 46.338506379246425 46.338506379246425 46.338506379246425 23.169253189623213 23.169253189623213 23.169253189623213
 328990272 2 35936.117 35936.117 35936.117 36.619456910160885 36.619456910160885 36.619456910160885 18.309728455080442 18.309728455080442 18.309728455080442
 361889280 2 44605.017 44605.017 44605.017 32.452787093433905 32.452787093433905 32.452787093433905 16.226393546716952 16.226393546716952 16.226393546716952
 398078208 2 50982.952 50982.952 50982.952 31.232260383823988 31.232260383823988 31.232260383823988 15.616130191911994 15.616130191911994 15.616130191911994
 437886016 2 49487.114 49487.114 49487.114 35.393942431154905 35.393942431154905 35.393942431154905 17.696971215577452 17.696971215577452 17.696971215577452
 481674560 2 52441.835 52441.835 52441.835 36.73971820398733 36.73971820398733 36.73971820398733 18.369859101993665 18.369859101993665 18.369859101993665
 529841984 2 52716.017 52716.017 52716.017 40.20349139806978 40.20349139806978 40.20349139806978 20.10174569903489 20.10174569903489 20.10174569903489
 582826176 1 27503.014 27503.014 27503.014 42.382713109188686 42.382713109188686 42.382713109188686 21.191356554594343 21.191356554594343 21.191356554594343
 641108736 1 39525.032 39525.032 39525.032 32.44064348891608 32.44064348891608 32.44064348891608 16.22032174445804 16.22032174445804 16.22032174445804
 705219584 1 46149.015 46149.015 46149.015 30.56271445880264 30.56271445880264 30.56271445880264 15.28135722940132 15.28135722940132 15.28135722940132
 775741504 1 48488.14 48488.14 48488.14 31.997164832472436 31.997164832472436 31.997164832472436 15.998582416236218 15.998582416236218 15.998582416236218
 853315648 1 52019.119 52019.119 52019.119 32.80777008161173 32.80777008161173 32.80777008161173 16.403885040805864 16.403885040805864 16.403885040805864
 938647168 1 35246.849 35246.849 35246.849 53.2613379425775 53.2613379425775 53.2613379425775 26.63066897128875 26.63066897128875 26.63066897128875
 1032511872 1 51663.876 51663.876 51663.876 39.97036041198302 39.97036041198302 39.97036041198302 19.98518020599151 19.98518020599151 19.98518020599151
 
META_DATA
 MPI startup(): shm:tmi fabric is unknown or has been removed from the product, please use ofi or shm:ofi instead
 FLOPS          8
 MPI_PROCS      4
 OPENMP_THREADS 2
 ERT_VERSION  1.1.0
 HOSTNAME  ('shas0116.rc.int.colorado.edu', [], ['10.225.5.195'])
 UNAME  uname_result(system='Linux', node='shas0116.rc.int.colorado.edu', release='3.10.0-957.27.2.el7.x86_64', version='#1 SMP Mon Jul 29 17:46:05 UTC 2019', machine='x86_64', processor='x86_64')
 TIMESTAMP_DATA  1664508400.8511248
 CONFIG  {'ERT_RESULTS': ['lab5_results'], 'ERT_DRIVER': ['driver1'], 'ERT_KERNEL': ['kernel1'], 'ERT_MPI': ['True'], 'ERT_MPI_CFLAGS': ['-I/usr/include/mpi'], 'ERT_MPI_LDFLAGS': ['-lmpi'], 'ERT_OPENMP': ['True'], 'ERT_OPENMP_CFLAGS': ['-qopenmp'], 'ERT_OPENMP_LDFLAGS': ['-qopenmp'], 'ERT_FLOPS': ['1,2,4,8,16'], 'ERT_ALIGN': ['32'], 'ERT_CC': ['mpicc'], 'ERT_CFLAGS': ['-O3', '-msse3', '-axSSE3', '-xSSE3', '-fno-alias', '-fno-fnalias', '-DERT_INTEL', '-std=c++11'], 'ERT_LD': ['mpicc'], 'ERT_LDFLAGS': [], 'ERT_LDLIBS': [], 'ERT_PRECISION': ['FP64'], 'ERT_RUN': ['export', 'OMP_NUM_THREADS=ERT_OPENMP_THREADS;', 'mpirun', '-np', 'ERT_MPI_PROCS', 'ERT_CODE'], 'ERT_PROCS_THREADS': ['1-8'], 'ERT_MPI_PROCS': ['4'], 'ERT_OPENMP_THREADS': ['2'], 'ERT_NUM_EXPERIMENTS': ['1'], 'ERT_MEMORY_MAX': ['1073741824'], 'ERT_WORKING_SET_MIN': ['1'], 'ERT_TRIALS_MIN': ['1'], 'ERT_GNUPLOT': ['gnuplot'], 'ERT_GPU': [False], 'ERT_HIP': [False], 'ERT_OCL': [False], 'ERT_SYCL': [False], 'ERT_WSS_MULT': [1.1]}
 