fp64
 32 33554432 176345.11 176345.11 176345.11 12.177732901127795 12.177732901127795 12.177732901127795 3.044433225281949 3.044433225281949 3.044433225281949
 64 16777216 94594.002 94594.002 94594.002 22.702112212146393 22.702112212146393 22.702112212146393 5.675528053036598 5.675528053036598 5.675528053036598
 96 8388608 46820.879 46820.879 46820.879 34.399455337008945 34.399455337008945 34.399455337008945 8.599863834252236 8.599863834252236 8.599863834252236
 128 8388608 47024.012 47024.012 47024.012 45.667810054148504 45.667810054148504 45.667810054148504 11.416952513537126 11.416952513537126 11.416952513537126
 160 4194304 23545.027 23545.027 23545.027 57.00470337111952 57.00470337111952 57.00470337111952 14.25117584277988 14.25117584277988 14.25117584277988
 192 4194304 23618.937 23618.937 23618.937 68.19158440534389 68.19158440534389 68.19158440534389 17.047896101335972 17.047896101335972 17.047896101335972
 224 4194304 23397.923 23397.923 23397.923 80.30833300887434 80.30833300887434 80.30833300887434 20.077083252218586 20.077083252218586 20.077083252218586
 256 4194304 23624.182 23624.182 23624.182 90.90192617039608 90.90192617039608 90.90192617039608 22.72548154259902 22.72548154259902 22.72548154259902
 288 2097152 13644.934 13644.934 13644.934 88.5280611837331 88.5280611837331 88.5280611837331 22.132015295933275 22.132015295933275 22.132015295933275
 320 2097152 13414.145 13414.145 13414.145 100.05686385528112 100.05686385528112 100.05686385528112 25.01421596382028 25.01421596382028 25.01421596382028
 352 2097152 15676.022 15676.022 15676.022 94.18173870896582 94.18173870896582 94.18173870896582 23.545434677241456 23.545434677241456 23.545434677241456
 384 2097152 15249.968 15249.968 15249.968 105.61417151826154 105.61417151826154 105.61417151826154 26.403542879565386 26.403542879565386 26.403542879565386
 416 2097152 17625.093 17625.093 17625.093 98.99695076786261 98.99695076786261 98.99695076786261 24.749237691965654 24.749237691965654 24.749237691965654
 448 2097152 17277.956 17277.956 17277.956 108.75407901258693 108.75407901258693 108.75407901258693 27.188519753146732 27.188519753146732 27.188519753146732
 480 2097152 19562.96 19562.96 19562.96 102.91213190641906 102.91213190641906 102.91213190641906 25.728032976604766 25.728032976604766 25.728032976604766
 512 2097152 13194.084 13194.084 13194.084 162.7611017180124 162.7611017180124 162.7611017180124 40.6902754295031 40.6902754295031 40.6902754295031
 544 1048576 7815.838 7815.838 7815.838 145.96652182401937 145.96652182401937 145.96652182401937 36.49163045600484 36.49163045600484 36.49163045600484
 576 1048576 7740.974 7740.974 7740.974 156.04748859768807 156.04748859768807 156.04748859768807 39.01187214942202 39.01187214942202 39.01187214942202
 608 1048576 8940.935 8940.935 8940.935 142.6101874132851 142.6101874132851 142.6101874132851 35.652546853321276 35.652546853321276 35.652546853321276
 640 1048576 8758.068 8758.068 8758.068 153.2503835320758 153.2503835320758 153.2503835320758 38.31259588301895 38.31259588301895 38.31259588301895
 704 1048576 9707.928 9707.928 9707.928 152.08137184371373 152.08137184371373 152.08137184371373 38.02034296092843 38.02034296092843 38.02034296092843
 768 1048576 10753.87 10753.87 10753.87 149.7705231697984 149.7705231697984 149.7705231697984 37.4426307924496 37.4426307924496 37.4426307924496
 832 1048576 11739.969 11739.969 11739.969 148.62308954989575 148.62308954989575 148.62308954989575 37.15577238747394 37.15577238747394 37.15577238747394
 896 1048576 12617.111 12617.111 12617.111 148.92856153837434 148.92856153837434 148.92856153837434 37.232140384593585 37.232140384593585 37.232140384593585
 960 1048576 13427.019 13427.019 13427.019 149.9413920543346 149.9413920543346 149.9413920543346 37.48534801358365 37.48534801358365 37.48534801358365
 1056 524288 6554.842 6554.842 6554.842 168.9279857546528 168.9279857546528 168.9279857546528 42.2319964386632 42.2319964386632 42.2319964386632
 1152 524288 7147.789 7147.789 7147.789 168.99765116177883 168.99765116177883 168.99765116177883 42.24941279044471 42.24941279044471 42.24941279044471
 1248 524288 8416.891 8416.891 8416.891 155.47579836782964 155.47579836782964 155.47579836782964 38.86894959195741 38.86894959195741 38.86894959195741
 1344 524288 8669.138 8669.138 8669.138 162.5635840610681 162.5635840610681 162.5635840610681 40.640896015267025 40.640896015267025 40.640896015267025
 1472 524288 9409.904 9409.904 9409.904 164.02971507467026 164.02971507467026 164.02971507467026 41.007428768667566 41.007428768667566 41.007428768667566
 1600 524288 9101.868 9101.868 9101.868 184.32717327915543 184.32717327915543 184.32717327915543 46.08179331978886 46.08179331978886 46.08179331978886
 1760 524288 11101.961 11101.961 11101.961 166.23133156385617 166.23133156385617 166.23133156385617 41.55783289096404 41.55783289096404 41.55783289096404
 1920 524288 11878.967 11878.967 11878.967 169.48156518996979 169.48156518996979 169.48156518996979 42.370391297492446 42.370391297492446 42.370391297492446
 2112 262144 5998.135 5998.135 5998.135 184.60675793392446 184.60675793392446 184.60675793392446 46.151689483481114 46.151689483481114 46.151689483481114
 2304 262144 6830.931 6830.931 6830.931 176.83673748131844 176.83673748131844 176.83673748131844 44.20918437032961 44.20918437032961 44.20918437032961
 2528 262144 7829.189 7829.189 7829.189 169.2895731601319 169.2895731601319 169.2895731601319 42.32239329003298 42.32239329003298 42.32239329003298
 2752 262144 7977.962 7977.962 7977.962 180.853277566376 180.853277566376 180.853277566376 45.213319391594 45.213319391594 45.213319391594
 3008 262144 8795.977 8795.977 8795.977 179.29313639633207 179.29313639633207 179.29313639633207 44.82328409908302 44.82328409908302 44.82328409908302
 3296 262144 9412.05 9412.05 9412.05 183.6000922222045 183.6000922222045 183.6000922222045 45.900023055551124 45.900023055551124 45.900023055551124
 3616 262144 9802.103 9802.103 9802.103 193.41006802315792 193.41006802315792 193.41006802315792 48.35251700578948 48.35251700578948 48.35251700578948
 3968 262144 11258.841 11258.841 11258.841 184.77699294270164 184.77699294270164 184.77699294270164 46.19424823567541 46.19424823567541 46.19424823567541
 4352 131072 6124.02 6124.02 6124.02 186.2911433992704 186.2911433992704 186.2911433992704 46.5727858498176 46.5727858498176 46.5727858498176
 4768 131072 6620.884 6620.884 6620.884 188.78182913339066 188.78182913339066 188.78182913339066 47.195457283347665 47.195457283347665 47.195457283347665
 5216 131072 7147.074 7147.074 7147.074 191.31508978359534 191.31508978359534 191.31508978359534 47.828772445898835 47.828772445898835 47.828772445898835
 5728 131072 7859.945 7859.945 7859.945 191.0396105825168 191.0396105825168 191.0396105825168 47.7599026456292 47.7599026456292 47.7599026456292
 6272 131072 8515.12 8515.12 8515.12 193.08796211914805 193.08796211914805 193.08796211914805 48.27199052978701 48.27199052978701 48.27199052978701
 6880 131072 9462.118 9462.118 9462.118 190.60750669141942 190.60750669141942 190.60750669141942 47.651876672854854 47.651876672854854 47.651876672854854
 7552 131072 10334.015 10334.015 10334.015 191.5723451146529 191.5723451146529 191.5723451146529 47.893086278663226 47.893086278663226 47.893086278663226
 8288 65536 5561.113 5561.113 5561.113 195.343043020345 195.343043020345 195.343043020345 48.83576075508625 48.83576075508625 48.83576075508625
 9088 65536 6189.823 6189.823 6189.823 192.44206756800637 192.44206756800637 192.44206756800637 48.11051689200159 48.11051689200159 48.11051689200159
 9984 65536 6844.997 6844.997 6844.997 191.17946260604643 191.17946260604643 191.17946260604643 47.79486565151161 47.79486565151161 47.79486565151161
 10976 65536 7361.174 7361.174 7361.174 195.43706914141683 195.43706914141683 195.43706914141683 48.85926728535421 48.85926728535421 48.85926728535421
 12064 65536 8004.904 8004.904 8004.904 197.53548674662431 197.53548674662431 197.53548674662431 49.38387168665608 49.38387168665608 49.38387168665608
 13248 65536 8848.906 8848.906 8848.906 196.23237674804093 196.23237674804093 196.23237674804093 49.058094187010234 49.058094187010234 49.058094187010234
 14560 65536 10107.994 10107.994 10107.994 188.80188492395226 188.80188492395226 188.80188492395226 47.200471230988065 47.200471230988065 47.200471230988065
 16000 65536 11035.919 11035.919 11035.919 190.02966585746051 190.02966585746051 190.02966585746051 47.50741646436513 47.50741646436513 47.50741646436513
 17600 32768 6093.025 6093.025 6093.025 189.30393359620226 189.30393359620226 189.30393359620226 47.325983399050564 47.325983399050564 47.325983399050564
 19360 32768 6912.947 6912.947 6912.947 183.53633551653152 183.53633551653152 183.53633551653152 45.88408387913288 45.88408387913288 45.88408387913288
 21280 32768 7521.868 7521.868 7521.868 185.40688031217778 185.40688031217778 185.40688031217778 46.351720078044444 46.351720078044444 46.351720078044444
 23392 32768 8096.933 8096.933 8096.933 189.33318479972598 189.33318479972598 189.33318479972598 47.333296199931496 47.333296199931496 47.333296199931496
 25728 32768 8427.858 8427.858 8427.858 200.06390805350543 200.06390805350543 200.06390805350543 50.01597701337636 50.01597701337636 50.01597701337636
 28288 32768 9269.953 9269.953 9269.953 199.98832442839787 199.98832442839787 199.98832442839787 49.99708110709947 49.99708110709947 49.99708110709947
 31104 32768 10106.087 10106.087 10106.087 201.7033639231485 201.7033639231485 201.7033639231485 50.42584098078712 50.42584098078712 50.42584098078712
 34208 16384 5613.089 5613.089 5613.089 199.69890803441743 199.69890803441743 199.69890803441743 49.92472700860436 49.92472700860436 49.92472700860436
 37600 16384 6264.925 6264.925 6264.925 196.66265757371397 196.66265757371397 196.66265757371397 49.16566439342849 49.16566439342849 49.16566439342849
 41344 16384 6857.157 6857.157 6857.157 197.56878718104312 197.56878718104312 197.56878718104312 49.39219679526078 49.39219679526078 49.39219679526078
 45472 16384 7495.165 7495.165 7495.165 198.7983581415486 198.7983581415486 198.7983581415486 49.69958953538715 49.69958953538715 49.69958953538715
 50016 16384 8642.912 8642.912 8642.912 189.62639999111408 189.62639999111408 189.62639999111408 47.40659999777852 47.40659999777852 47.40659999777852
 55008 16384 9464.025 9464.025 9464.025 190.45830331175162 190.45830331175162 190.45830331175162 47.614575827937905 47.614575827937905 47.614575827937905
 60480 16384 10012.15 10012.15 10012.15 197.94036645475748 197.94036645475748 197.94036645475748 49.48509161368937 49.48509161368937 49.48509161368937
 66528 8192 5563.974 5563.974 5563.974 195.9022008370276 195.9022008370276 195.9022008370276 48.9755502092569 48.9755502092569 48.9755502092569
 73152 8192 5967.855 5967.855 5967.855 200.8296729729526 200.8296729729526 200.8296729729526 50.20741824323815 50.20741824323815 50.20741824323815
 80448 8192 6610.87 6610.87 6610.87 199.37769643027318 199.37769643027318 199.37769643027318 49.844424107568294 49.844424107568294 49.844424107568294
 88480 8192 7577.181 7577.181 7577.181 191.31868698926422 191.31868698926422 191.31868698926422 47.829671747316056 47.829671747316056 47.829671747316056
 97312 8192 8362.055 8362.055 8362.055 190.66602742986026 190.66602742986026 190.66602742986026 47.666506857465066 47.666506857465066 47.666506857465066
 107040 8192 9176.97 9176.97 9176.97 191.1026580668783 191.1026580668783 191.1026580668783 47.77566451671957 47.77566451671957 47.77566451671957
 117728 8192 9718.895 9718.895 9718.895 198.46449128218794 198.46449128218794 198.46449128218794 49.616122820546984 49.616122820546984 49.616122820546984
 129472 8192 10586.023 10586.023 10586.023 200.38396364716002 200.38396364716002 200.38396364716002 50.095990911790004 50.095990911790004 50.095990911790004
 142400 4096 6392.002 6392.002 6392.002 182.50006805379596 182.50006805379596 182.50006805379596 45.62501701344899 45.62501701344899 45.62501701344899
 156640 4096 7200.956 7200.956 7200.956 178.19785039653067 178.19785039653067 178.19785039653067 44.54946259913267 44.54946259913267 44.54946259913267
 172288 4096 7906.914 7906.914 7906.914 178.49989211973218 178.49989211973218 178.49989211973218 44.624973029933045 44.624973029933045 44.624973029933045
 189504 4096 8706.093 8706.093 8706.093 178.3138277985314 178.3138277985314 178.3138277985314 44.57845694963285 44.57845694963285 44.57845694963285
 208448 4096 9631.872 9631.872 9631.872 177.28703371473375 177.28703371473375 177.28703371473375 44.32175842868344 44.32175842868344 44.32175842868344
 229280 4096 10536.194 10536.194 10536.194 178.26757555906812 178.26757555906812 178.26757555906812 44.56689388976703 44.56689388976703 44.56689388976703
 252192 4096 11564.016 11564.016 11564.016 178.65392645599937 178.65392645599937 178.65392645599937 44.66348161399984 44.66348161399984 44.66348161399984
 277408 2048 6362.915 6362.915 6362.915 178.5758835376553 178.5758835376553 178.5758835376553 44.643970884413825 44.643970884413825 44.643970884413825
 305120 2048 7079.124 7079.124 7079.124 176.54324461614175 176.54324461614175 176.54324461614175 44.13581115403544 44.13581115403544 44.13581115403544
 335616 2048 7814.169 7814.169 7814.169 175.92185886944603 175.92185886944603 175.92185886944603 43.98046471736151 43.98046471736151 43.98046471736151
 369152 2048 8543.968 8543.968 8543.968 176.97240813636003 176.97240813636003 176.97240813636003 44.24310203409001 44.24310203409001 44.24310203409001
 406048 2048 9943.008 9943.008 9943.008 167.27056922814504 167.27056922814504 167.27056922814504 41.81764230703626 41.81764230703626 41.81764230703626
 446624 2048 10359.049 10359.049 10359.049 176.59651035534247 176.59651035534247 176.59651035534247 44.14912758883562 44.14912758883562 44.14912758883562
 491264 2048 11287.928 11287.928 11287.928 178.2627727604216 178.2627727604216 178.2627727604216 44.5656931901054 44.5656931901054 44.5656931901054
 540384 1024 6222.01 6222.01 6222.01 177.86960033815438 177.86960033815438 177.86960033815438 44.467400084538596 44.467400084538596 44.467400084538596
 594400 1024 6978.989 6978.989 6978.989 174.42801528989372 174.42801528989372 174.42801528989372 43.60700382247343 43.60700382247343 43.60700382247343
 653824 1024 7745.981 7745.981 7745.981 172.86791072686597 172.86791072686597 172.86791072686597 43.21697768171649 43.21697768171649 43.21697768171649
 719200 1024 8762.836 8762.836 8762.836 168.08731785006592 168.08731785006592 168.08731785006592 42.02182946251648 42.02182946251648 42.02182946251648
 791104 1024 10066.986 10066.986 10066.986 160.94002633956183 160.94002633956183 160.94002633956183 40.235006584890456 40.235006584890456 40.235006584890456
 870208 1024 10967.016 10967.016 10967.016 162.504183818096 162.504183818096 162.504183818096 40.626045954524 40.626045954524 40.626045954524
 957216 1024 12471.914 12471.914 12471.914 157.18344177164786 157.18344177164786 157.18344177164786 39.295860442911966 39.295860442911966 39.295860442911966
 1052928 512 7173.061 7173.061 7173.061 150.31215711116914 150.31215711116914 150.31215711116914 37.578039277792286 37.578039277792286 37.578039277792286
 1158208 512 8903.98 8903.98 8903.98 133.19942228082274 133.19942228082274 133.19942228082274 33.299855570205686 33.299855570205686 33.299855570205686
 1274016 512 9530.067 9530.067 9530.067 136.89225731571457 136.89225731571457 136.89225731571457 34.22306432892864 34.22306432892864 34.22306432892864
 1401408 512 10828.972 10828.972 10828.972 132.5187461930828 132.5187461930828 132.5187461930828 33.1296865482707 33.1296865482707 33.1296865482707
 1541536 512 11846.066 11846.066 11846.066 133.2537623882899 133.2537623882899 133.2537623882899 33.31344059707248 33.31344059707248 33.31344059707248
 1695680 512 13000.011 13000.011 13000.011 133.5672962122878 133.5672962122878 133.5672962122878 33.39182405307195 33.39182405307195 33.39182405307195
 1865248 512 14531.851 14531.851 14531.851 131.43638425689886 131.43638425689886 131.43638425689886 32.859096064224715 32.859096064224715 32.859096064224715
 2051744 512 16045.094 16045.094 16045.094 130.9425707322126 130.9425707322126 130.9425707322126 32.73564268305315 32.73564268305315 32.73564268305315
 2256896 256 8834.124 8834.124 8834.124 130.80309400230288 130.80309400230288 130.80309400230288 32.70077350057572 32.70077350057572 32.70077350057572
 2482560 256 9678.841 9678.841 9678.841 131.32468236641142 131.32468236641142 131.32468236641142 32.831170591602856 32.831170591602856 32.831170591602856
 2730816 256 10630.846 10630.846 10630.846 131.52083963966746 131.52083963966746 131.52083963966746 32.880209909916864 32.880209909916864 32.880209909916864
 3003872 256 11712.074 11712.074 11712.074 131.31597904862963 131.31597904862963 131.31597904862963 32.82899476215741 32.82899476215741 32.82899476215741
 3304256 256 12999.058 12999.058 12999.058 130.14628229214762 130.14628229214762 130.14628229214762 32.536570573036904 32.536570573036904 32.536570573036904
 3634656 256 14600.992 14600.992 14600.992 127.45324920388971 127.45324920388971 127.45324920388971 31.863312300972428 31.863312300972428 31.863312300972428
 3998112 256 15935.898 15935.898 15935.898 128.45421977475004 128.45421977475004 128.45421977475004 32.11355494368751 32.11355494368751 32.11355494368751
 4397920 128 8790.97 8790.97 8790.97 128.07090912606915 128.07090912606915 128.07090912606915 32.01772728151729 32.01772728151729 32.01772728151729
 4837696 128 9643.078 9643.078 9643.078 128.42892860557595 128.42892860557595 128.42892860557595 32.10723215139399 32.10723215139399 32.10723215139399
 5321440 128 10360.003 10360.003 10360.003 131.4950043933385 131.4950043933385 131.4950043933385 32.87375109833462 32.87375109833462 32.87375109833462
 5853568 128 11450.052 11450.052 11450.052 130.87393908778753 130.87393908778753 130.87393908778753 32.71848477194688 32.71848477194688 32.71848477194688
 6438912 128 12691.021 12691.021 12691.021 129.88407095063508 129.88407095063508 129.88407095063508 32.47101773765877 32.47101773765877 32.47101773765877
 7082784 128 13800.859 13800.859 13800.859 131.3825975614996 131.3825975614996 131.3825975614996 32.8456493903749 32.8456493903749 32.8456493903749
 7791040 128 15182.972 15182.972 15182.972 131.36467879938132 131.36467879938132 131.36467879938132 32.84116969984533 32.84116969984533 32.84116969984533
 8570144 64 8379.221 8379.221 8379.221 130.91651741850467 130.91651741850467 130.91651741850467 32.72912935462617 32.72912935462617 32.72912935462617
 9427136 64 9264.946 9264.946 9264.946 130.24073837019665 130.24073837019665 130.24073837019665 32.56018459254916 32.56018459254916 32.56018459254916
 10369824 64 10138.035 10138.035 10138.035 130.9265032129007 130.9265032129007 130.9265032129007 32.73162580322518 32.73162580322518 32.73162580322518
 11406784 64 11149.883 11149.883 11149.883 130.94920834595305 130.94920834595305 130.94920834595305 32.73730208648826 32.73730208648826 32.73730208648826
 12547456 64 12207.985 12207.985 12207.985 131.5593333379751 131.5593333379751 131.5593333379751 32.88983333449377 32.88983333449377 32.88983333449377
 13802176 64 13464.928 13464.928 13464.928 131.20593945990652 131.20593945990652 131.20593945990652 32.80148486497663 32.80148486497663 32.80148486497663
 15182368 64 14860.153 14860.153 14860.153 130.77544383291342 130.77544383291342 130.77544383291342 32.693860958228356 32.693860958228356 32.693860958228356
 16700576 64 16269.922 16269.922 16269.922 131.38807475536763 131.38807475536763 131.38807475536763 32.84701868884191 32.84701868884191 32.84701868884191
 18370624 32 9067.059 9067.059 9067.059 129.66938188005616 129.66938188005616 129.66938188005616 32.41734547001404 32.41734547001404 32.41734547001404
 20207680 32 9871.96 9871.96 9871.96 131.0065599941653 131.0065599941653 131.0065599941653 32.75163999854132 32.75163999854132 32.75163999854132
 22228448 32 10897.875 10897.875 10897.875 130.54110750949155 130.54110750949155 130.54110750949155 32.63527687737289 32.63527687737289 32.63527687737289
 24451264 32 12018.919 12018.919 12018.919 130.20146786911536 130.20146786911536 130.20146786911536 32.55036696727884 32.55036696727884 32.55036696727884
 26896384 32 13680.935 13680.935 13680.935 125.82243655130296 125.82243655130296 125.82243655130296 31.45560913782574 31.45560913782574 31.45560913782574
 29586016 32 14925.957 14925.957 14925.957 126.85987397658991 126.85987397658991 126.85987397658991 31.714968494147477 31.714968494147477 31.714968494147477
 32544608 32 16162.872 16162.872 16162.872 128.86663409819744 128.86663409819744 128.86663409819744 32.21665852454936 32.21665852454936 32.21665852454936
 35799040 16 9088.993 9088.993 9088.993 126.03918607924992 126.03918607924992 126.03918607924992 31.50979651981248 31.50979651981248 31.50979651981248
 39378944 16 10040.998 10040.998 10040.998 125.49810367455507 125.49810367455507 125.49810367455507 31.374525918638767 31.374525918638767 31.374525918638767
 43316832 16 10708.094 10708.094 10708.094 129.44774522898285 129.44774522898285 129.44774522898285 32.36193630724571 32.36193630724571 32.36193630724571
 47648512 16 12220.86 12220.86 12220.86 124.76637356127145 124.76637356127145 124.76637356127145 31.191593390317863 31.191593390317863 31.191593390317863
 52413344 16 15154.839 15154.839 15154.839 110.67270381427345 110.67270381427345 110.67270381427345 27.668175953568362 27.668175953568362 27.668175953568362
 57654656 16 19090.176 19090.176 19090.176 96.64389642086066 96.64389642086066 96.64389642086066 24.160974105215164 24.160974105215164 24.160974105215164
 63420096 16 22442.818 22442.818 22442.818 90.42728377514801 90.42728377514801 90.42728377514801 22.606820943787003 22.606820943787003 22.606820943787003
 69762080 8 13549.089 13549.089 13549.089 82.38142652985748 82.38142652985748 82.38142652985748 20.59535663246437 20.59535663246437 20.59535663246437
 76738272 8 15925.884 15925.884 15925.884 77.09539715346412 77.09539715346412 77.09539715346412 19.27384928836603 19.27384928836603 19.27384928836603
 84412096 8 19043.922 19043.922 19043.922 70.91992584300651 70.91992584300651 70.91992584300651 17.729981460751628 17.729981460751628 17.729981460751628
 92853280 8 21367.073 21367.073 21367.073 69.5299950536042 69.5299950536042 69.5299950536042 17.38249876340105 17.38249876340105 17.38249876340105
 102138592 8 24666.071 24666.071 24666.071 66.25365961202333 66.25365961202333 66.25365961202333 16.56341490300583 16.56341490300583 16.56341490300583
 112352448 8 26730.061 26730.061 26730.061 67.25159242996115 67.25159242996115 67.25159242996115 16.812898107490287 16.812898107490287 16.812898107490287
 123587680 8 28946.877 28946.877 28946.877 68.31144098895366 68.31144098895366 68.31144098895366 17.077860247238416 17.077860247238416 17.077860247238416
 135946432 4 15657.902 15657.902 15657.902 69.45831286975739 69.45831286975739 69.45831286975739 17.364578217439348 17.364578217439348 17.364578217439348
 149541056 4 17622.948 17622.948 17622.948 67.8846948875977 67.8846948875977 67.8846948875977 16.971173721899426 16.971173721899426 16.971173721899426
 164495136 4 19780.159 19780.159 19780.159 66.52934832323643 66.52934832323643 66.52934832323643 16.63233708080911 16.63233708080911 16.63233708080911
 180944640 4 21401.882 21401.882 21401.882 67.63690781960203 67.63690781960203 67.63690781960203 16.909226954900507 16.909226954900507 16.909226954900507
 199039104 4 23247.957 23247.957 23247.957 68.49259192969086 68.49259192969086 68.49259192969086 17.123147982422715 17.123147982422715 17.123147982422715
 218943008 4 25932.074 25932.074 25932.074 67.54353947933359 67.54353947933359 67.54353947933359 16.885884869833397 16.885884869833397 16.885884869833397
 240837280 4 28491.974 28491.974 28491.974 67.62249045994496 67.62249045994496 67.62249045994496 16.90562261498624 16.90562261498624 16.90562261498624
 264920992 4 31193.018 31193.018 31193.018 67.94366405969438 67.94366405969438 67.94366405969438 16.985916014923596 16.985916014923596 16.985916014923596
 291413088 2 16997.099 16997.099 16997.099 68.57948829973868 68.57948829973868 68.57948829973868 17.14487207493467 17.14487207493467 17.14487207493467
 320554368 2 18812.18 18812.18 18812.18 68.1588987560187 68.1588987560187 68.1588987560187 17.039724689004675 17.039724689004675 17.039724689004675
 352609792 2 20908.833 20908.833 20908.833 67.45661835837514 67.45661835837514 67.45661835837514 16.864154589593785 16.864154589593785 16.864154589593785
 387870752 2 23026.943 23026.943 23026.943 67.37685536460485 67.37685536460485 67.37685536460485 16.844213841151213 16.844213841151213 16.844213841151213
 426657824 2 25022.03 25022.03 25022.03 68.20514946229383 68.20514946229383 68.20514946229383 17.051287365573458 17.051287365573458 17.051287365573458
 469323584 2 27084.827 27084.827 27084.827 69.31166058398674 69.31166058398674 69.31166058398674 17.327915145996684 17.327915145996684 17.327915145996684
 516255936 2 30359.983 30359.983 30359.983 68.01794796788917 68.01794796788917 68.01794796788917 17.004486991972293 17.004486991972293 17.004486991972293
 567881504 1 16722.918 16722.918 16722.918 67.91655666792124 67.91655666792124 67.91655666792124 16.97913916698031 16.97913916698031 16.97913916698031
 624669632 1 18462.896 18462.896 18462.896 67.66756764485919 67.66756764485919 67.66756764485919 16.916891911214798 16.916891911214798 16.916891911214798
 687136576 1 20215.988 20215.988 20215.988 67.97951957628783 67.97951957628783 67.97951957628783 16.994879894071957 16.994879894071957 16.994879894071957
 755850208 1 22056.818 22056.818 22056.818 68.53665002812284 68.53665002812284 68.53665002812284 17.13416250703071 17.13416250703071 17.13416250703071
 831435200 1 23845.911 23845.911 23845.911 69.733985000615 69.733985000615 69.733985000615 17.43349625015375 17.43349625015375 17.43349625015375
 914578720 1 26600.838 26600.838 26600.838 68.76315099546864 68.76315099546864 68.76315099546864 17.19078774886716 17.19078774886716 17.19078774886716
 1006036576 1 29600.859 29600.859 29600.859 67.97347171580392 67.97347171580392 67.97347171580392 16.99336792895098 16.99336792895098 16.99336792895098
 
META_DATA
 MPI startup(): shm:tmi fabric is unknown or has been removed from the product, please use ofi or shm:ofi instead
 FLOPS          4
 MPI_PROCS      4
 OPENMP_THREADS 1
 ERT_VERSION  1.1.0
 HOSTNAME  ('shas0420.rc.int.colorado.edu', [], ['10.225.6.135'])
 UNAME  uname_result(system='Linux', node='shas0420.rc.int.colorado.edu', release='3.10.0-957.27.2.el7.x86_64', version='#1 SMP Mon Jul 29 17:46:05 UTC 2019', machine='x86_64', processor='x86_64')
 TIMESTAMP_DATA  1664555159.966003
 CONFIG  {'ERT_RESULTS': ['lab5_results'], 'ERT_DRIVER': ['driver1'], 'ERT_KERNEL': ['kernel1'], 'ERT_MPI': ['True'], 'ERT_MPI_CFLAGS': ['-I/usr/include/mpi'], 'ERT_MPI_LDFLAGS': ['-lmpi'], 'ERT_OPENMP': ['True'], 'ERT_OPENMP_CFLAGS': ['-qopenmp'], 'ERT_OPENMP_LDFLAGS': ['-qopenmp'], 'ERT_FLOPS': ['1,2,4,8,16'], 'ERT_ALIGN': ['32'], 'ERT_CC': ['mpicc'], 'ERT_CFLAGS': ['-O3', '-msse3', '-axSSE3', '-xSSE3', '-fno-alias', '-fno-fnalias', '-DERT_INTEL', '-std=c++11'], 'ERT_LD': ['mpicc'], 'ERT_LDFLAGS': [], 'ERT_LDLIBS': [], 'ERT_PRECISION': ['FP64'], 'ERT_RUN': ['export', 'OMP_NUM_THREADS=ERT_OPENMP_THREADS;', 'mpirun', '-np', 'ERT_MPI_PROCS', 'ERT_CODE'], 'ERT_PROCS_THREADS': ['1-24'], 'ERT_MPI_PROCS': ['1,2,4,8,12,24'], 'ERT_OPENMP_THREADS': ['1,2,4,8,12,24'], 'ERT_NUM_EXPERIMENTS': ['1'], 'ERT_MEMORY_MAX': ['1073741824'], 'ERT_WORKING_SET_MIN': ['1'], 'ERT_TRIALS_MIN': ['1'], 'ERT_GNUPLOT': ['gnuplot'], 'ERT_GPU': [False], 'ERT_HIP': [False], 'ERT_OCL': [False], 'ERT_SYCL': [False], 'ERT_WSS_MULT': [1.1]}
 