fp64
 192 4194304 164371.967 164371.967 164371.967 9.798585278230563 9.798585278230563 9.798585278230563 0.6124115798894102 0.6124115798894102 0.6124115798894102
 384 2097152 103238.106 103238.106 103238.106 15.600951997317734 15.600951997317734 15.600951997317734 0.9750594998323584 0.9750594998323584 0.9750594998323584
 576 1048576 56895.971 56895.971 56895.971 21.231020945226508 21.231020945226508 21.231020945226508 1.3269388090766567 1.3269388090766567 1.3269388090766567
 768 1048576 80867.052 80867.052 80867.052 19.91679795623068 19.91679795623068 19.91679795623068 1.2447998722644176 1.2447998722644176 1.2447998722644176
 960 1048576 80476.046 80476.046 80476.046 25.016958710918775 25.016958710918775 25.016958710918775 1.5635599194324235 1.5635599194324235 1.5635599194324235
 1152 524288 72323.084 72323.084 72323.084 16.702268282696572 16.702268282696572 16.702268282696572 1.0438917676685358 1.0438917676685358 1.0438917676685358
 1344 524288 38293.839 38293.839 38293.839 36.80190288573574 36.80190288573574 36.80190288573574 2.300118930358484 2.300118930358484 2.300118930358484
 1536 524288 43800.831 43800.831 43800.831 36.77128262703509 36.77128262703509 36.77128262703509 2.2982051641896932 2.2982051641896932 2.2982051641896932
 1728 524288 42884.827 42884.827 42884.827 42.25129153488249 42.25129153488249 42.25129153488249 2.6407057209301557 2.6407057209301557 2.6407057209301557
 1920 524288 57401.896 57401.896 57401.896 35.073160649606415 35.073160649606415 35.073160649606415 2.192072540600401 2.192072540600401 2.192072540600401
 2112 262144 34209.013 34209.013 34209.013 32.36855316462945 32.36855316462945 32.36855316462945 2.023034572789341 2.023034572789341 2.023034572789341
 2304 262144 46949.863 46949.863 46949.863 25.728713031601394 25.728713031601394 25.728713031601394 1.6080445644750871 1.6080445644750871 1.6080445644750871
 2496 262144 15224.934 15224.934 15224.934 85.9526122083682 85.9526122083682 85.9526122083682 5.372038263023012 5.372038263023012 5.372038263023012
 2688 262144 21811.962 21811.962 21811.962 64.61070049544374 64.61070049544374 64.61070049544374 4.038168780965234 4.038168780965234 4.038168780965234
 2880 262144 47619.104 47619.104 47619.104 31.708900696661573 31.708900696661573 31.708900696661573 1.9818062935413483 1.9818062935413483 1.9818062935413483
 3072 262144 31708.956 31708.956 31708.956 50.793622344425344 50.793622344425344 50.793622344425344 3.174601396526584 3.174601396526584 3.174601396526584
 3264 262144 11559.01 11559.01 11559.01 148.046937583755 148.046937583755 148.046937583755 9.252933598984688 9.252933598984688 9.252933598984688
 3456 262144 42634.01 42634.01 42634.01 42.4998569921056 42.4998569921056 42.4998569921056 2.6562410620066 2.6562410620066 2.6562410620066
 3648 262144 44871.092 44871.092 44871.092 42.624383288911275 42.624383288911275 42.624383288911275 2.6640239555569547 2.6640239555569547 2.6640239555569547
 3840 262144 34209.013 34209.013 34209.013 58.85191484478082 58.85191484478082 58.85191484478082 3.6782446777988014 3.6782446777988014 3.6782446777988014
 4224 131072 7570.028 7570.028 7570.028 146.27373320151523 146.27373320151523 146.27373320151523 9.142108325094702 9.142108325094702 9.142108325094702
 4608 131072 8287.907 8287.907 8287.907 145.74965090703841 145.74965090703841 145.74965090703841 9.109353181689901 9.109353181689901 9.109353181689901
 4992 131072 31197.071 31197.071 31197.071 41.94697790699646 41.94697790699646 41.94697790699646 2.6216861191872787 2.6216861191872787 2.6216861191872787
 5376 131072 7785.797 7785.797 7785.797 181.00730650953267 181.00730650953267 181.00730650953267 11.312956656845792 11.312956656845792 11.312956656845792
 5760 131072 31799.078 31799.078 31799.078 47.484063531653334 47.484063531653334 47.484063531653334 2.9677539707283334 2.9677539707283334 2.9677539707283334
 6336 131072 42432.07 42432.07 42432.07 39.14360963299693 39.14360963299693 39.14360963299693 2.446475602062308 2.446475602062308 2.446475602062308
 6912 131072 32612.801 32612.801 32612.801 55.55914464384706 55.55914464384706 55.55914464384706 3.4724465402404414 3.4724465402404414 3.4724465402404414
 7488 131072 33044.1 33044.1 33044.1 59.403472087301516 59.403472087301516 59.403472087301516 3.7127170054563448 3.7127170054563448 3.7127170054563448
 8064 131072 14840.841 14840.841 14840.841 142.43998813813852 142.43998813813852 142.43998813813852 8.902499258633657 8.902499258633657 8.902499258633657
 8832 65536 8394.957 8394.957 8394.957 137.8956323421311 137.8956323421311 137.8956323421311 8.618477021383194 8.618477021383194 8.618477021383194
 9600 65536 55342.913 55342.913 55342.913 22.736266159318355 22.736266159318355 22.736266159318355 1.4210166349573972 1.4210166349573972 1.4210166349573972
 10560 65536 41265.011 41265.011 41265.011 33.5422258823583 33.5422258823583 33.5422258823583 2.096389117647394 2.096389117647394 2.096389117647394
 11520 65536 30995.846 30995.846 30995.846 48.714574204556314 48.714574204556314 48.714574204556314 3.0446608877847696 3.0446608877847696 3.0446608877847696
 12672 65536 55400.848 55400.848 55400.848 29.980486652478678 29.980486652478678 29.980486652478678 1.8737804157799174 1.8737804157799174 1.8737804157799174
 13824 65536 45597.076 45597.076 45597.076 39.738059694880434 39.738059694880434 39.738059694880434 2.483628730930027 2.483628730930027 2.483628730930027
 15168 65536 32967.091 32967.091 32967.091 60.30559675404785 60.30559675404785 60.30559675404785 3.7690997971279905 3.7690997971279905 3.7690997971279905
 16512 32768 28288.126 28288.126 28288.126 38.25387485901329 38.25387485901329 38.25387485901329 2.3908671786883304 2.3908671786883304 2.3908671786883304
 18048 32768 29031.038 29031.038 29031.038 40.742385029429535 40.742385029429535 40.742385029429535 2.546399064339346 2.546399064339346 2.546399064339346
 19776 32768 5826.95 5826.95 5826.95 222.4216675962553 222.4216675962553 222.4216675962553 13.901354224765957 13.901354224765957 13.901354224765957
 21696 32768 29785.872 29785.872 29785.872 47.73635823050606 47.73635823050606 47.73635823050606 2.983522389406629 2.983522389406629 2.983522389406629
 23808 32768 8913.994 8913.994 8913.994 175.03726028983192 175.03726028983192 175.03726028983192 10.939828768114495 10.939828768114495 10.939828768114495
 26112 32768 31251.907 31251.907 31251.907 54.757491502838526 54.757491502838526 54.757491502838526 3.422343218927408 3.422343218927408 3.422343218927408
 28608 32768 31836.033 31836.033 31836.033 58.89093933279941 58.89093933279941 58.89093933279941 3.6806837082999633 3.6806837082999633 3.6806837082999633
 31296 32768 27549.028 27549.028 27549.028 74.44961963812298 74.44961963812298 74.44961963812298 4.653101227382686 4.653101227382686 4.653101227382686
 34368 16384 36289.93 36289.93 36289.93 31.032592898360512 31.032592898360512 31.032592898360512 1.939537056147532 1.939537056147532 1.939537056147532
 37632 16384 5516.052 5516.052 5516.052 223.5521666583274 223.5521666583274 223.5521666583274 13.972010416145462 13.972010416145462 13.972010416145462
 41280 16384 29258.013 29258.013 29258.013 46.23222499764423 46.23222499764423 46.23222499764423 2.8895140623527644 2.8895140623527644 2.8895140623527644
 45312 16384 30256.987 30256.987 30256.987 49.07242138815739 49.07242138815739 49.07242138815739 3.0670263367598367 3.0670263367598367 3.0670263367598367
 49728 16384 8949.995 8949.995 8949.995 182.06569992497202 182.06569992497202 182.06569992497202 11.379106245310751 11.379106245310751 11.379106245310751
 54528 16384 10323.048 10323.048 10323.048 173.0858467382889 173.0858467382889 173.0858467382889 10.817865421143056 10.817865421143056 10.817865421143056
 59904 16384 12753.01 12753.01 12753.01 153.9192921514215 153.9192921514215 153.9192921514215 9.619955759463844 9.619955759463844 9.619955759463844
 65856 8192 39231.062 39231.062 39231.062 27.503326420273815 27.503326420273815 27.503326420273815 1.7189579012671135 1.7189579012671135 1.7189579012671135
 72384 8192 28564.93 28564.93 28564.93 41.517324075360946 41.517324075360946 41.517324075360946 2.594832754710059 2.594832754710059 2.594832754710059
 79488 8192 29440.88 29440.88 29440.88 44.23547774387178 44.23547774387178 44.23547774387178 2.7647173589919865 2.7647173589919865 2.7647173589919865
 87360 8192 29575.109 29575.109 29575.109 48.39563702030651 48.39563702030651 48.39563702030651 3.024727313769157 3.024727313769157 3.024727313769157
 96000 8192 6654.024 6654.024 6654.024 236.37786698695405 236.37786698695405 236.37786698695405 14.773616686684628 14.773616686684628 14.773616686684628
 105600 8192 8026.838 8026.838 8026.838 215.54569806940168 215.54569806940168 215.54569806940168 13.471606129337605 13.471606129337605 13.471606129337605
 116160 8192 18049.002 18049.002 18049.002 105.44435864099299 105.44435864099299 105.44435864099299 6.590272415062062 6.590272415062062 6.590272415062062
 127680 8192 43735.981 43735.981 43735.981 47.8303920975272 47.8303920975272 47.8303920975272 2.98939950609545 2.98939950609545 2.98939950609545
 140352 4096 39606.094 39606.094 39606.094 29.02996655009707 29.02996655009707 29.02996655009707 1.8143729093810668 1.8143729093810668 1.8143729093810668
 154368 4096 29743.91 29743.91 29743.91 42.51568324406576 42.51568324406576 42.51568324406576 2.65723020275411 2.65723020275411 2.65723020275411
 169728 4096 40514.231 40514.231 40514.231 34.31909582585932 34.31909582585932 34.31909582585932 2.1449434891162076 2.1449434891162076 2.1449434891162076
 186624 4096 30962.944 30962.944 30962.944 49.375918775682315 49.375918775682315 49.375918775682315 3.0859949234801447 3.0859949234801447 3.0859949234801447
 205248 4096 31750.917 31750.917 31750.917 52.95568679166021 52.95568679166021 52.95568679166021 3.3097304244787633 3.3097304244787633 3.3097304244787633
 225600 4096 32397.032 32397.032 32397.032 57.045818271253985 57.045818271253985 57.045818271253985 3.565363641953374 3.565363641953374 3.565363641953374
 248064 4096 26982.069 26982.069 26982.069 75.31447228898568 75.31447228898568 75.31447228898568 4.707154518061605 4.707154518061605 4.707154518061605
 272832 2048 29021.025 29021.025 29021.025 38.5072502435734 38.5072502435734 38.5072502435734 2.4067031402233376 2.4067031402233376 2.4067031402233376
 300096 2048 29380.083 29380.083 29380.083 41.837635924990416 41.837635924990416 41.837635924990416 2.614852245311901 2.614852245311901 2.614852245311901
 330048 2048 29435.158 29435.158 29435.158 45.92727540310808 45.92727540310808 45.92727540310808 2.870454712694255 2.870454712694255 2.870454712694255
 362880 2048 30193.09 30193.09 30193.09 49.22836582807523 49.22836582807523 49.22836582807523 3.076772864254702 3.076772864254702 3.076772864254702
 399168 2048 30767.918 30767.918 30767.918 53.139511357252054 53.139511357252054 53.139511357252054 3.3212194598282534 3.3212194598282534 3.3212194598282534
 438912 2048 31262.875 31262.875 31262.875 57.5053814468439 57.5053814468439 57.5053814468439 3.5940863404277437 3.5940863404277437 3.5940863404277437
 482688 2048 31929.016 31929.016 31929.016 61.9214211925604 61.9214211925604 61.9214211925604 3.870088824535025 3.870088824535025 3.870088824535025
 530880 1024 4628.897 4628.897 4628.897 234.88149336656227 234.88149336656227 234.88149336656227 14.680093335410142 14.680093335410142 14.680093335410142
 583872 1024 28620.958 28620.958 28620.958 41.779518910582944 41.779518910582944 41.779518910582944 2.611219931911434 2.611219931911434 2.611219931911434
 642240 1024 29149.055 29149.055 29149.055 45.12350468994621 45.12350468994621 45.12350468994621 2.820219043121638 2.820219043121638 2.820219043121638
 706368 1024 40848.017 40848.017 40848.017 35.415223803887464 35.415223803887464 35.415223803887464 2.2134514877429665 2.2134514877429665 2.2134514877429665
 776832 1024 89633.942 89633.942 89633.942 17.749436212456214 17.749436212456214 17.749436212456214 1.1093397632785134 1.1093397632785134 1.1093397632785134
 854400 1024 12172.937 12172.937 12172.937 143.7460162654255 143.7460162654255 143.7460162654255 8.984126016589094 8.984126016589094 8.984126016589094
 939840 1024 43821.096 43821.096 43821.096 43.9238744736097 43.9238744736097 43.9238744736097 2.7452421546006063 2.7452421546006063 2.7452421546006063
 1033728 1024 55195.093 55195.093 55195.093 38.356216629619595 38.356216629619595 38.356216629619595 2.3972635393512247 2.3972635393512247 2.3972635393512247
 1137024 512 29259.92 29259.92 29259.92 39.79206286278295 39.79206286278295 39.79206286278295 2.4870039289239343 2.4870039289239343 2.4870039289239343
 1250688 512 30104.876 30104.876 30104.876 42.54143122861559 42.54143122861559 42.54143122861559 2.6588394517884746 2.6588394517884746 2.6588394517884746
 1375680 512 41704.893 41704.893 41704.893 33.777722916109624 33.777722916109624 33.777722916109624 2.1111076822568515 2.1111076822568515 2.1111076822568515
 1513152 512 31229.019 31229.019 31229.019 49.61627670725103 49.61627670725103 49.61627670725103 3.1010172942031895 3.1010172942031895 3.1010172942031895
 1664448 512 10890.961 10890.961 10890.961 156.4962680520112 156.4962680520112 156.4962680520112 9.7810167532507 9.7810167532507 9.7810167532507
 1830720 512 43475.151 43475.151 43475.151 43.120201698666904 43.120201698666904 43.120201698666904 2.6950126061666815 2.6950126061666815 2.6950126061666815
 2013696 512 9804.01 9804.01 9804.01 210.32462267990343 210.32462267990343 210.32462267990343 13.145288917493964 13.145288917493964 13.145288917493964
 2214912 256 29480.934 29480.934 29480.934 38.466723747626176 38.466723747626176 38.466723747626176 2.404170234226636 2.404170234226636 2.404170234226636
 2436288 256 29515.982 29515.982 29515.982 42.26115383862207 42.26115383862207 42.26115383862207 2.6413221149138795 2.6413221149138795 2.6413221149138795
 2679744 256 6604.91 6604.91 6604.91 207.72863339545884 207.72863339545884 207.72863339545884 12.983039587216178 12.983039587216178 12.983039587216178
 2947584 256 41769.981 41769.981 41769.981 36.1303254602869 36.1303254602869 36.1303254602869 2.258145341267931 2.258145341267931 2.258145341267931
 3242304 256 44147.015 44147.015 44147.015 37.6029873820461 37.6029873820461 37.6029873820461 2.3501867113778814 2.3501867113778814 2.3501867113778814
 3566400 256 32325.983 32325.983 32325.983 56.48696901189361 56.48696901189361 56.48696901189361 3.530435563243351 3.530435563243351 3.530435563243351
 3922944 256 9692.907 9692.907 9692.907 207.21826052803357 207.21826052803357 207.21826052803357 12.951141283002098 12.951141283002098 12.951141283002098
 4315200 128 7595.778 7595.778 7595.778 145.434898176329 145.434898176329 145.434898176329 9.089681136020562 9.089681136020562 9.089681136020562
 4746624 128 29913.902 29913.902 29913.902 40.621104662307175 40.621104662307175 40.621104662307175 2.5388190413941985 2.5388190413941985 2.5388190413941985
 5221248 128 6622.791 6622.791 6622.791 201.82419889137375 201.82419889137375 201.82419889137375 12.61401243071086 12.61401243071086 12.61401243071086
 5743296 128 41537.046 41537.046 41537.046 35.39692678193823 35.39692678193823 35.39692678193823 2.212307923871139 2.212307923871139 2.212307923871139
 6317568 128 21850.109 21850.109 21850.109 74.01781876694528 74.01781876694528 74.01781876694528 4.62611367293408 4.62611367293408 4.62611367293408
 6949248 128 24065.971 24065.971 24065.971 73.9221155049177 73.9221155049177 73.9221155049177 4.620132219057356 4.620132219057356 4.620132219057356
 7644096 128 48279.047 48279.047 48279.047 40.5328749757633 40.5328749757633 40.5328749757633 2.533304685985206 2.533304685985206 2.533304685985206
 8408448 64 32182.932 32182.932 32182.932 33.44261312176281 33.44261312176281 33.44261312176281 2.0901633201101757 2.0901633201101757 2.0901633201101757
 9249216 64 56001.186 56001.186 56001.186 21.14061741478118 21.14061741478118 21.14061741478118 1.3212885884238237 1.3212885884238237 1.3212885884238237
 10174080 64 33679.962 33679.962 33679.962 38.66638091812574 38.66638091812574 38.66638091812574 2.4166488073828587 2.4166488073828587 2.4166488073828587
 11191488 64 79005.003 79005.003 79005.003 18.13189557122098 18.13189557122098 18.13189557122098 1.1332434732013112 1.1332434732013112 1.1332434732013112
 12310464 64 16089.916 16089.916 16089.916 97.93335105043433 97.93335105043433 97.93335105043433 6.120834440652145 6.120834440652145 6.120834440652145
 13541376 64 13869.047 13869.047 13869.047 124.97586373454499 124.97586373454499 124.97586373454499 7.810991483409062 7.810991483409062 7.810991483409062
 14895360 64 25208.95 25208.95 25208.95 75.63211002441592 75.63211002441592 75.63211002441592 4.727006876525995 4.727006876525995 4.727006876525995
 16384896 64 50769.091 50769.091 50769.091 41.3099121274399 41.3099121274399 41.3099121274399 2.581869507964994 2.581869507964994 2.581869507964994
 18023232 32 9049.892 9049.892 9049.892 127.45863132952304 127.45863132952304 127.45863132952304 7.96616445809519 7.96616445809519 7.96616445809519
 19825536 32 33592.939 33592.939 33592.939 37.7708632162253 37.7708632162253 37.7708632162253 2.3606789510140813 2.3606789510140813 2.3606789510140813
 21807936 32 34520.149 34520.149 34520.149 40.4316882873246 40.4316882873246 40.4316882873246 2.5269805179577873 2.5269805179577873 2.5269805179577873
 23988672 32 46257.973 46257.973 46257.973 33.1894138119714 33.1894138119714 33.1894138119714 2.0743383632482124 2.0743383632482124 2.0743383632482124
 26387520 32 37220.955 37220.955 37220.955 45.37232534737489 45.37232534737489 45.37232534737489 2.8357703342109306 2.8357703342109306 2.8357703342109306
 29026176 32 48856.02 48856.02 48856.02 38.02346699546955 38.02346699546955 38.02346699546955 2.3764666872168467 2.3764666872168467 2.3764666872168467
 31928640 32 28316.975 28316.975 28316.975 72.1628267143648 72.1628267143648 72.1628267143648 4.5101766696478 4.5101766696478 4.5101766696478
 35121408 16 32302.141 32302.141 32302.141 34.7928967309009 34.7928967309009 34.7928967309009 2.1745560456813062 2.1745560456813062 2.1745560456813062
 38633472 16 33596.992 33596.992 33596.992 36.797077071661654 36.797077071661654 36.797077071661654 2.2998173169788534 2.2998173169788534 2.2998173169788534
 42496704 16 34139.872 34139.872 34139.872 39.833029485289224 39.833029485289224 39.833029485289224 2.4895643428305765 2.4895643428305765 2.4895643428305765
 46746240 16 11662.96 11662.96 11662.96 128.25900800482896 128.25900800482896 128.25900800482896 8.01618800030181 8.01618800030181 8.01618800030181
 51420864 16 47337.055 47337.055 47337.055 34.76066789537287 34.76066789537287 34.76066789537287 2.1725417434608043 2.1725417434608043 2.1725417434608043
 56562816 16 37935.019 37935.019 37935.019 47.71343628429447 47.71343628429447 47.71343628429447 2.982089767768404 2.982089767768404 2.982089767768404
 62218944 16 23433.924 23433.924 23433.924 84.96256145577668 84.96256145577668 84.96256145577668 5.3101600909860425 5.3101600909860425 5.3101600909860425
 68440704 8 43967.962 43967.962 43967.962 24.905663446488607 24.905663446488607 24.905663446488607 1.556603965405538 1.556603965405538 1.556603965405538
 75284736 8 34514.904 34514.904 34514.904 34.8995835538178 34.8995835538178 34.8995835538178 2.1812239721136124 2.1812239721136124 2.1812239721136124
 82813056 8 35696.03 35696.03 35696.03 37.11922295000313 37.11922295000313 37.11922295000313 2.3199514343751955 2.3199514343751955 2.3199514343751955
 91094208 8 47508.001 47508.001 47508.001 30.6791971314474 30.6791971314474 30.6791971314474 1.9174498207154624 1.9174498207154624 1.9174498207154624
 100203456 8 37817.001 37817.001 37817.001 42.39509357180386 42.39509357180386 42.39509357180386 2.6496933482377414 2.6496933482377414 2.6496933482377414
 110223744 8 86399.078 86399.078 86399.078 20.412022267182067 20.412022267182067 20.412022267182067 1.2757513916988792 1.2757513916988792 1.2757513916988792
 121246080 8 27570.963 27570.963 27570.963 70.36160760870051 70.36160760870051 70.36160760870051 4.397600475543782 4.397600475543782 4.397600475543782
 133370688 8 54427.862 54427.862 54427.862 39.20659253527173 39.20659253527173 39.20659253527173 2.450412033454483 2.450412033454483 2.450412033454483
 146707584 4 46214.819 46214.819 46214.819 25.395764765409986 25.395764765409986 25.395764765409986 1.5872352978381241 1.5872352978381241 1.5872352978381241
 161378304 4 47927.856 47927.856 47927.856 26.936870115784025 26.936870115784025 26.936870115784025 1.6835543822365016 1.6835543822365016 1.6835543822365016
 177516096 4 39047.956 39047.956 39047.956 36.36883753915314 36.36883753915314 36.36883753915314 2.2730523461970713 2.2730523461970713 2.2730523461970713
 195267648 4 40411.949 40411.949 40411.949 38.65542797750239 38.65542797750239 38.65542797750239 2.4159642485938995 2.4159642485938995 2.4159642485938995
 214794240 4 53570.986 53570.986 53570.986 32.07620483222019 32.07620483222019 32.07620483222019 2.004762802013762 2.004762802013762 2.004762802013762
 236273664 4 43736.935 43736.935 43736.935 43.21723303199001 43.21723303199001 43.21723303199001 2.701077064499376 2.701077064499376 2.701077064499376
 259900992 4 57777.166 57777.166 57777.166 35.98667224349495 35.98667224349495 35.98667224349495 2.2491670152184344 2.2491670152184344 2.2491670152184344
 285891072 2 14751.911 14751.911 14751.911 77.51973883248077 77.51973883248077 77.51973883248077 4.844983677030048 4.844983677030048 4.844983677030048
 314480064 2 24693.012 24693.012 24693.012 50.942357943210816 50.942357943210816 50.942357943210816 3.183897371450676 3.183897371450676 3.183897371450676
 345927936 2 56008.101 56008.101 56008.101 24.70556436112697 24.70556436112697 24.70556436112697 1.5440977725704357 1.5440977725704357 1.5440977725704357
 380520576 2 57763.815 57763.815 57763.815 26.350100041003177 26.350100041003177 26.350100041003177 1.6468812525626986 1.6468812525626986 1.6468812525626986
 418572480 2 27647.018 27647.018 27647.018 60.55951206021569 60.55951206021569 60.55951206021569 3.7849695037634805 3.7849695037634805 3.7849695037634805
 460429632 2 63818.932 63818.932 63818.932 28.858498102099233 28.858498102099233 28.858498102099233 1.803656131381202 1.803656131381202 1.803656131381202
 506472576 2 112723.112 112723.112 112723.112 17.97227088620477 17.97227088620477 17.97227088620477 1.1232669303877982 1.1232669303877982 1.1232669303877982
 557119680 1 77733.994 77733.994 77733.994 14.334003730723008 14.334003730723008 14.334003730723008 0.895875233170188 0.895875233170188 0.895875233170188
 612831552 1 27060.986 27060.986 27060.986 45.292625479352445 45.292625479352445 45.292625479352445 2.830789092459528 2.830789092459528 2.830789092459528
 674114688 1 59180.021 59180.021 59180.021 22.781833348791814 22.781833348791814 22.781833348791814 1.4238645842994884 1.4238645842994884 1.4238645842994884
 741526080 1 48398.018 48398.018 48398.018 30.642828390203917 30.642828390203917 30.642828390203917 1.9151767743877448 1.9151767743877448 1.9151767743877448
 815678592 1 62406.063 62406.063 62406.063 26.14100466488328 26.14100466488328 26.14100466488328 1.633812791555205 1.633812791555205 1.633812791555205
 897246336 1 57535.887 57535.887 57535.887 31.18910241185645 31.18910241185645 31.18910241185645 1.949318900741028 1.949318900741028 1.949318900741028
 986970816 1 69848.061 69848.061 69848.061 28.260507217229694 28.260507217229694 28.260507217229694 1.766281701076856 1.766281701076856 1.766281701076856
 
META_DATA
 MPI startup(): shm:tmi fabric is unknown or has been removed from the product, please use ofi or shm:ofi instead
 FLOPS          1
 MPI_PROCS      2
 OPENMP_THREADS 12
 ERT_VERSION  1.1.0
 HOSTNAME  ('shas0642.rc.int.colorado.edu', [], ['10.225.7.27'])
 UNAME  uname_result(system='Linux', node='shas0642.rc.int.colorado.edu', release='3.10.0-957.27.2.el7.x86_64', version='#1 SMP Mon Jul 29 17:46:05 UTC 2019', machine='x86_64', processor='x86_64')
 TIMESTAMP_DATA  1664551101.8508408
 CONFIG  {'ERT_RESULTS': ['lab5_results'], 'ERT_DRIVER': ['driver1'], 'ERT_KERNEL': ['kernel1'], 'ERT_MPI': ['True'], 'ERT_MPI_CFLAGS': ['-I/usr/include/mpi'], 'ERT_MPI_LDFLAGS': ['-lmpi'], 'ERT_OPENMP': ['True'], 'ERT_OPENMP_CFLAGS': ['-qopenmp'], 'ERT_OPENMP_LDFLAGS': ['-qopenmp'], 'ERT_FLOPS': ['1,2,4,8,16'], 'ERT_ALIGN': ['32'], 'ERT_CC': ['mpicc'], 'ERT_CFLAGS': ['-O3', '-msse3', '-axSSE3', '-xSSE3', '-fno-alias', '-fno-fnalias', '-DERT_INTEL', '-std=c++11'], 'ERT_LD': ['mpicc'], 'ERT_LDFLAGS': [], 'ERT_LDLIBS': [], 'ERT_PRECISION': ['FP64'], 'ERT_RUN': ['export', 'OMP_NUM_THREADS=ERT_OPENMP_THREADS;', 'mpirun', '-np', 'ERT_MPI_PROCS', 'ERT_CODE'], 'ERT_PROCS_THREADS': ['1-24'], 'ERT_MPI_PROCS': ['1,2,4,8,12,24'], 'ERT_OPENMP_THREADS': ['1,2,4,8,12,24'], 'ERT_NUM_EXPERIMENTS': ['1'], 'ERT_MEMORY_MAX': ['1073741824'], 'ERT_WORKING_SET_MIN': ['1'], 'ERT_TRIALS_MIN': ['1'], 'ERT_GNUPLOT': ['gnuplot'], 'ERT_GPU': [False], 'ERT_HIP': [False], 'ERT_OCL': [False], 'ERT_SYCL': [False], 'ERT_WSS_MULT': [1.1]}
 