fp64
 32 33554432 340971.947 340971.947 340971.947 6.298124132775064 6.298124132775064 6.298124132775064 3.149062066387532 3.149062066387532 3.149062066387532
 64 16777216 175730.944 175730.944 175730.944 12.220293131754872 12.220293131754872 12.220293131754872 6.110146565877436 6.110146565877436 6.110146565877436
 96 8388608 87970.972 87970.972 87970.972 18.308456748664778 18.308456748664778 18.308456748664778 9.154228374332389 9.154228374332389 9.154228374332389
 128 8388608 87852.001 87852.001 87852.001 24.444333920180146 24.444333920180146 24.444333920180146 12.222166960090073 12.222166960090073 12.222166960090073
 160 4194304 44119.12 44119.12 44119.12 30.42166933519979 30.42166933519979 30.42166933519979 15.210834667599896 15.210834667599896 15.210834667599896
 192 4194304 44066.191 44066.191 44066.191 36.549851472299935 36.549851472299935 36.549851472299935 18.274925736149967 18.274925736149967 18.274925736149967
 224 4194304 44656.992 44656.992 44656.992 42.07735693438555 42.07735693438555 42.07735693438555 21.038678467192774 21.038678467192774 21.038678467192774
 256 4194304 44735.909 44735.909 44735.909 48.003576902841075 48.003576902841075 48.003576902841075 24.001788451420538 24.001788451420538 24.001788451420538
 288 2097152 24027.824 24027.824 24027.824 50.27336441285736 50.27336441285736 50.27336441285736 25.13668220642868 25.13668220642868 25.13668220642868
 320 2097152 23923.159 23923.159 23923.159 56.103680956181414 56.103680956181414 56.103680956181414 28.051840478090707 28.051840478090707 28.051840478090707
 352 2097152 24769.783 24769.783 24769.783 59.604680751543114 59.604680751543114 59.604680751543114 29.802340375771557 29.802340375771557 29.802340375771557
 384 2097152 24356.842 24356.842 24356.842 66.12567983977561 66.12567983977561 66.12567983977561 33.06283991988781 33.06283991988781 33.06283991988781
 416 2097152 24883.032 24883.032 24883.032 70.12129647223055 70.12129647223055 70.12129647223055 35.06064823611528 35.06064823611528 35.06064823611528
 448 2097152 24938.822 24938.822 24938.822 75.34630914002273 75.34630914002273 75.34630914002273 37.67315457001136 37.67315457001136 37.67315457001136
 480 2097152 28400.898 28400.898 28400.898 70.88740363068801 70.88740363068801 70.88740363068801 35.443701815344006 35.443701815344006 35.443701815344006
 512 2097152 24718.046 24718.046 24718.046 86.87918324935556 86.87918324935556 86.87918324935556 43.43959162467778 43.43959162467778 43.43959162467778
 544 1048576 13142.109 13142.109 13142.109 86.80879819213186 86.80879819213186 86.80879819213186 43.40439909606593 43.40439909606593 43.40439909606593
 576 1048576 13237.953 13237.953 13237.953 91.24972357886449 91.24972357886449 91.24972357886449 45.624861789432245 45.624861789432245 45.624861789432245
 608 1048576 15500.069 15500.069 15500.069 82.26211225253256 82.26211225253256 82.26211225253256 41.13105612626628 41.13105612626628 41.13105612626628
 640 1048576 15555.143 15555.143 15555.143 86.28511354733287 86.28511354733287 86.28511354733287 43.142556773666435 43.142556773666435 43.142556773666435
 704 1048576 17166.138 17166.138 17166.138 86.00624135725812 86.00624135725812 86.00624135725812 43.00312067862906 43.00312067862906 43.00312067862906
 768 1048576 19094.944 19094.944 19094.944 84.34760196206912 84.34760196206912 84.34760196206912 42.17380098103456 42.17380098103456 42.17380098103456
 832 1048576 20627.022 20627.022 20627.022 84.58954782711726 84.58954782711726 84.58954782711726 42.29477391355863 42.29477391355863 42.29477391355863
 896 1048576 22140.98 22140.98 22140.98 84.86743549743507 84.86743549743507 84.86743549743507 42.433717748717534 42.433717748717534 42.433717748717534
 960 1048576 23648.977 23648.977 23648.977 85.13120546398265 85.13120546398265 85.13120546398265 42.565602731991326 42.565602731991326 42.565602731991326
 1056 524288 11847.973 11847.973 11847.973 93.45870859091255 93.45870859091255 93.45870859091255 46.729354295456275 46.729354295456275 46.729354295456275
 1152 524288 14270.782 14270.782 14270.782 84.64564534725567 84.64564534725567 84.64564534725567 42.32282267362783 42.32282267362783 42.32282267362783
 1248 524288 16313.076 16313.076 16313.076 80.21925772919835 80.21925772919835 80.21925772919835 40.10962886459917 40.10962886459917 40.10962886459917
 1344 524288 17079.83 17079.83 17079.83 82.51171961313432 82.51171961313432 82.51171961313432 41.25585980656716 41.25585980656716 41.25585980656716
 1472 524288 18151.045 18151.045 18151.045 85.03663959843635 85.03663959843635 85.03663959843635 42.518319799218176 42.518319799218176 42.518319799218176
 1600 524288 18043.041 18043.041 18043.041 92.98441432350565 92.98441432350565 92.98441432350565 46.49220716175282 46.49220716175282 46.49220716175282
 1760 524288 21270.99 21270.99 21270.99 86.76106565796891 86.76106565796891 86.76106565796891 43.38053282898446 43.38053282898446 43.38053282898446
 1920 524288 22562.981 22562.981 22562.981 89.22872026528763 89.22872026528763 89.22872026528763 44.61436013264382 44.61436013264382 44.61436013264382
 2112 262144 11754.99 11754.99 11754.99 94.19797515778406 94.19797515778406 94.19797515778406 47.09898757889203 47.09898757889203 47.09898757889203
 2304 262144 13284.206 13284.206 13284.206 90.93200993721416 90.93200993721416 90.93200993721416 45.46600496860708 45.46600496860708 45.46600496860708
 2528 262144 14952.898 14952.898 14952.898 88.63834047420107 88.63834047420107 88.63834047420107 44.319170237100536 44.319170237100536 44.319170237100536
 2752 262144 15721.083 15721.083 15721.083 91.7774288196303 91.7774288196303 91.7774288196303 45.88871440981515 45.88871440981515 45.88871440981515
 3008 262144 17242.908 17242.908 17242.908 91.46127230975193 91.46127230975193 91.46127230975193 45.73063615487597 45.73063615487597 45.73063615487597
 3296 262144 18849.134 18849.134 18849.134 91.67812420453906 91.67812420453906 91.67812420453906 45.83906210226953 45.83906210226953 45.83906210226953
 3616 262144 19917.011 19917.011 19917.011 95.18624094749961 95.18624094749961 95.18624094749961 47.593120473749806 47.593120473749806 47.593120473749806
 3968 262144 23683.071 23683.071 23683.071 87.8422728201085 87.8422728201085 87.8422728201085 43.92113641005425 43.92113641005425 43.92113641005425
 4352 131072 13051.033 13051.033 13051.033 87.41458917466534 87.41458917466534 87.41458917466534 43.70729458733267 43.70729458733267 43.70729458733267
 4768 131072 12870.789 12870.789 12870.789 97.11157505573279 97.11157505573279 97.11157505573279 48.55578752786639 48.55578752786639 48.55578752786639
 5216 131072 14601.946 14601.946 14601.946 93.64115604865269 93.64115604865269 93.64115604865269 46.820578024326345 46.820578024326345 46.820578024326345
 5728 131072 15723.944 15723.944 15723.944 95.49517805456443 95.49517805456443 95.49517805456443 47.74758902728222 47.74758902728222 47.74758902728222
 6272 131072 16592.026 16592.026 16592.026 99.0938157883793 99.0938157883793 99.0938157883793 49.54690789418965 49.54690789418965 49.54690789418965
 6880 131072 19124.985 19124.985 19124.985 94.30337958435 94.30337958435 94.30337958435 47.151689792175 47.151689792175 47.151689792175
 7552 131072 20724.773 20724.773 20724.773 95.52391661901434 95.52391661901434 95.52391661901434 47.76195830950717 47.76195830950717 47.76195830950717
 8288 65536 11201.859 11201.859 11201.859 96.97718351927121 96.97718351927121 96.97718351927121 48.488591759635604 48.488591759635604 48.488591759635604
 9088 65536 12037.039 12037.039 12037.039 98.95974716041046 98.95974716041046 98.95974716041046 49.47987358020523 49.47987358020523 49.47987358020523
 9984 65536 13134.956 13134.956 13134.956 99.62902410940698 99.62902410940698 99.62902410940698 49.81451205470349 49.81451205470349 49.81451205470349
 10976 65536 14446.02 14446.02 14446.02 99.58772533888227 99.58772533888227 99.58772533888227 49.79386266944113 49.79386266944113 49.79386266944113
 12064 65536 15826.941 15826.941 15826.941 99.90892162926494 99.90892162926494 99.90892162926494 49.95446081463247 49.95446081463247 49.95446081463247
 13248 65536 19047.976 19047.976 19047.976 91.16148907369477 91.16148907369477 91.16148907369477 45.580744536847384 45.580744536847384 45.580744536847384
 14560 65536 19329.071 19329.071 19329.071 98.73254229341907 98.73254229341907 98.73254229341907 49.366271146709536 49.366271146709536 49.366271146709536
 16000 65536 20667.076 20667.076 20667.076 101.47308695240682 101.47308695240682 101.47308695240682 50.73654347620341 50.73654347620341 50.73654347620341
 17600 32768 11435.986 11435.986 11435.986 100.86000455054771 100.86000455054771 100.86000455054771 50.43000227527386 50.43000227527386 50.43000227527386
 19360 32768 12570.858 12570.858 12570.858 100.93002084662797 100.93002084662797 100.93002084662797 50.465010423313984 50.465010423313984 50.465010423313984
 21280 32768 13932.943 13932.943 13932.943 100.09414952749034 100.09414952749034 100.09414952749034 50.04707476374517 50.04707476374517 50.04707476374517
 23392 32768 15094.995 15094.995 15094.995 101.55804039683352 101.55804039683352 101.55804039683352 50.77902019841676 50.77902019841676 50.77902019841676
 25728 32768 16494.036 16494.036 16494.036 102.22544730713575 102.22544730713575 102.22544730713575 51.112723653567876 51.112723653567876 51.112723653567876
 28288 32768 18148.899 18148.899 18148.899 102.14847567337281 102.14847567337281 102.14847567337281 51.07423783668641 51.07423783668641 51.07423783668641
 31104 32768 20806.074 20806.074 20806.074 97.97291617822756 97.97291617822756 97.97291617822756 48.98645808911378 48.98645808911378 48.98645808911378
 34208 16384 11627.913 11627.913 11627.913 96.39973604893673 96.39973604893673 96.39973604893673 48.199868024468365 48.199868024468365 48.199868024468365
 37600 16384 12084.007 12084.007 12084.007 101.95929214539515 101.95929214539515 101.95929214539515 50.97964607269758 50.97964607269758 50.97964607269758
 41344 16384 13403.893 13403.893 13403.893 101.07214314527877 101.07214314527877 101.07214314527877 50.536071572639386 50.536071572639386 50.536071572639386
 45472 16384 14647.961 14647.961 14647.961 101.72245106332548 101.72245106332548 101.72245106332548 50.86122553166274 50.86122553166274 50.86122553166274
 50016 16384 16174.793 16174.793 16174.793 101.32582766283315 101.32582766283315 101.32582766283315 50.662913831416574 50.662913831416574 50.662913831416574
 55008 16384 17768.145 17768.145 17768.145 101.44571332572984 101.44571332572984 101.44571332572984 50.72285666286492 50.72285666286492 50.72285666286492
 60480 16384 20385.027 20385.027 20385.027 97.21883812074422 97.21883812074422 97.21883812074422 48.60941906037211 48.60941906037211 48.60941906037211
 66528 8192 11252.88 11252.88 11252.88 96.86362531192015 96.86362531192015 96.86362531192015 48.43181265596007 48.43181265596007 48.43181265596007
 73152 8192 12337.208 12337.208 12337.208 97.14696939534454 97.14696939534454 97.14696939534454 48.57348469767227 48.57348469767227 48.57348469767227
 80448 8192 13531.923 13531.923 13531.923 97.4037490458673 97.4037490458673 97.4037490458673 48.70187452293365 48.70187452293365 48.70187452293365
 88480 8192 14962.912 14962.912 14962.912 96.88330185995882 96.88330185995882 96.88330185995882 48.44165092997941 48.44165092997941 48.44165092997941
 97312 8192 16433.001 16433.001 16433.001 97.02182869702254 97.02182869702254 97.02182869702254 48.51091434851127 48.51091434851127 48.51091434851127
 107040 8192 18052.816 18052.816 18052.816 97.14514123447556 97.14514123447556 97.14514123447556 48.57257061723778 48.57257061723778 48.57257061723778
 117728 8192 19889.832 19889.832 19889.832 96.97696551685303 96.97696551685303 96.97696551685303 48.488482758426514 48.488482758426514 48.488482758426514
 129472 8192 21800.041 21800.041 21800.041 97.30574580112027 97.30574580112027 97.30574580112027 48.65287290056013 48.65287290056013 48.65287290056013
 142400 4096 12054.92 12054.92 12054.92 96.76885454237771 96.76885454237771 96.76885454237771 48.384427271188855 48.384427271188855 48.384427271188855
 156640 4096 13237.0 13237.0 13237.0 96.94000755458184 96.94000755458184 96.94000755458184 48.47000377729092 48.47000377729092 48.47000377729092
 172288 4096 14554.977 14554.977 14554.977 96.96911894810962 96.96911894810962 96.96911894810962 48.48455947405481 48.48455947405481 48.48455947405481
 189504 4096 16016.006 16016.006 16016.006 96.92908256902501 96.92908256902501 96.92908256902501 48.46454128451251 48.46454128451251 48.46454128451251
 208448 4096 17627.001 17627.001 17627.001 96.87444937457029 96.87444937457029 96.87444937457029 48.437224687285145 48.437224687285145 48.437224687285145
 229280 4096 19273.996 19273.996 19273.996 97.45056292426335 97.45056292426335 97.45056292426335 48.725281462131676 48.725281462131676 48.725281462131676
 252192 4096 21219.969 21219.969 21219.969 97.35908963863235 97.35908963863235 97.35908963863235 48.67954481931618 48.67954481931618 48.67954481931618
 277408 2048 11615.038 11615.038 11615.038 97.82690060936518 97.82690060936518 97.82690060936518 48.91345030468259 48.91345030468259 48.91345030468259
 305120 2048 12771.845 12771.845 12771.845 97.85363978344554 97.85363978344554 97.85363978344554 48.92681989172277 48.92681989172277 48.92681989172277
 335616 2048 14081.001 14081.001 14081.001 97.62680479889178 97.62680479889178 97.62680479889178 48.81340239944589 48.81340239944589 48.81340239944589
 369152 2048 15484.095 15484.095 15484.095 97.65159617013458 97.65159617013458 97.65159617013458 48.82579808506729 48.82579808506729 48.82579808506729
 406048 2048 17034.054 17034.054 17034.054 97.6380964860156 97.6380964860156 97.6380964860156 48.8190482430078 48.8190482430078 48.8190482430078
 446624 2048 18720.15 18720.15 18720.15 97.72207509021028 97.72207509021028 97.72207509021028 48.86103754510514 48.86103754510514 48.86103754510514
 491264 2048 20632.982 20632.982 20632.982 97.52431054318761 97.52431054318761 97.52431054318761 48.762155271593805 48.762155271593805 48.762155271593805
 540384 1024 11310.816 11310.816 11310.816 97.84496821449486 97.84496821449486 97.84496821449486 48.92248410724743 48.92248410724743 48.92248410724743
 594400 1024 12449.98 12449.98 12449.98 97.77776349841527 97.77776349841527 97.77776349841527 48.888881749207634 48.888881749207634 48.888881749207634
 653824 1024 13263.941 13263.941 13263.941 100.95276750703277 100.95276750703277 100.95276750703277 50.47638375351639 50.47638375351639 50.47638375351639
 719200 1024 14550.924 14550.924 14550.924 101.22529675778665 101.22529675778665 101.22529675778665 50.612648378893326 50.612648378893326 50.612648378893326
 791104 1024 15948.057 15948.057 15948.057 101.59112122561388 101.59112122561388 101.59112122561388 50.79556061280694 50.79556061280694 50.79556061280694
 870208 1024 17972.946 17972.946 17972.946 99.1593689760154 99.1593689760154 99.1593689760154 49.5796844880077 49.5796844880077 49.5796844880077
 957216 1024 19889.116 19889.116 19889.116 98.56538460532886 98.56538460532886 98.56538460532886 49.28269230266443 49.28269230266443 49.28269230266443
 1052928 512 10996.103 10996.103 10996.103 98.05276214673509 98.05276214673509 98.05276214673509 49.026381073367546 49.026381073367546 49.026381073367546
 1158208 512 12318.85 12318.85 12318.85 96.2756257280509 96.2756257280509 96.2756257280509 48.13781286402545 48.13781286402545 48.13781286402545
 1274016 512 13528.109 13528.109 13528.109 96.4356795173664 96.4356795173664 96.4356795173664 48.2178397586832 48.2178397586832 48.2178397586832
 1401408 512 15094.042 15094.042 15094.042 95.07339332963298 95.07339332963298 95.07339332963298 47.53669666481649 47.53669666481649 47.53669666481649
 1541536 512 16596.079 16596.079 16596.079 95.1148077808017 95.1148077808017 95.1148077808017 47.55740389040085 47.55740389040085 47.55740389040085
 1695680 512 18431.187 18431.187 18431.187 94.20859980423398 94.20859980423398 94.20859980423398 47.10429990211699 47.10429990211699 47.10429990211699
 1865248 512 20033.121 20033.121 20033.121 95.34280514753543 95.34280514753543 95.34280514753543 47.671402573767715 47.671402573767715 47.671402573767715
 2051744 512 22090.912 22090.912 22090.912 95.10634309710707 95.10634309710707 95.10634309710707 47.553171548553536 47.553171548553536 47.553171548553536
 2256896 256 12356.997 12356.997 12356.997 93.51226289040937 93.51226289040937 93.51226289040937 46.75613144520469 46.75613144520469 46.75613144520469
 2482560 256 13300.896 13300.896 13300.896 95.56278915345251 95.56278915345251 95.56278915345251 47.78139457672626 47.78139457672626 47.78139457672626
 2730816 256 14617.92 14617.92 14617.92 95.64820384842714 95.64820384842714 95.64820384842714 47.82410192421357 47.82410192421357 47.82410192421357
 3003872 256 16040.087 16040.087 16040.087 95.88367344890337 95.88367344890337 95.88367344890337 47.94183672445168 47.94183672445168 47.94183672445168
 3304256 256 18313.885 18313.885 18313.885 92.37685351851889 92.37685351851889 92.37685351851889 46.18842675925944 46.18842675925944 46.18842675925944
 3634656 256 20168.066 20168.066 20168.066 92.27180593320153 92.27180593320153 92.27180593320153 46.13590296660077 46.13590296660077 46.13590296660077
 3998112 256 22183.895 22183.895 22183.895 92.27565060148363 92.27565060148363 92.27565060148363 46.13782530074182 46.13782530074182 46.13782530074182
 4397920 128 12181.997 12181.997 12181.997 92.42060394531372 92.42060394531372 92.42060394531372 46.21030197265686 46.21030197265686 46.21030197265686
 4837696 128 13443.232 13443.232 13443.232 92.12443674259285 92.12443674259285 92.12443674259285 46.062218371296424 46.062218371296424 46.062218371296424
 5321440 128 14768.124 14768.124 14768.124 92.24520595845485 92.24520595845485 92.24520595845485 46.12260297922742 46.12260297922742 46.12260297922742
 5853568 128 16252.995 16252.995 16252.995 92.1992166982147 92.1992166982147 92.1992166982147 46.09960834910735 46.09960834910735 46.09960834910735
 6438912 128 18492.937 18492.937 18492.937 89.13465027215524 89.13465027215524 89.13465027215524 44.56732513607762 44.56732513607762 44.56732513607762
 7082784 128 19659.996 19659.996 19659.996 92.22752151119461 92.22752151119461 92.22752151119461 46.113760755597305 46.113760755597305 46.113760755597305
 7791040 128 21600.008 21600.008 21600.008 92.33821765251197 92.33821765251197 92.33821765251197 46.169108826255986 46.169108826255986 46.169108826255986
 8570144 64 11915.922 11915.922 11915.922 92.0598869311162 92.0598869311162 92.0598869311162 46.0299434655581 46.0299434655581 46.0299434655581
 9427136 64 13150.215 13150.215 13150.215 91.76073607922 91.76073607922 91.76073607922 45.88036803961 45.88036803961 45.88036803961
 10369824 64 14405.966 14405.966 14405.966 92.13804003147028 92.13804003147028 92.13804003147028 46.06902001573514 46.06902001573514 46.06902001573514
 11406784 64 15884.161 15884.161 15884.161 91.9197653561935 91.9197653561935 91.9197653561935 45.95988267809675 45.95988267809675 45.95988267809675
 12547456 64 17680.883 17680.883 17680.883 90.83677370638107 90.83677370638107 90.83677370638107 45.41838685319053 45.41838685319053 45.41838685319053
 13802176 64 19257.784 19257.784 19257.784 91.73841227007219 91.73841227007219 91.73841227007219 45.869206135036094 45.869206135036094 45.869206135036094
 15182368 64 21262.884 21262.884 21262.884 91.39602623990235 91.39602623990235 91.39602623990235 45.69801311995118 45.69801311995118 45.69801311995118
 16700576 64 23304.939 23304.939 23304.939 91.72620996776692 91.72620996776692 91.72620996776692 45.86310498388346 45.86310498388346 45.86310498388346
 18370624 32 12776.852 12776.852 12776.852 92.01953157162656 92.01953157162656 92.01953157162656 46.00976578581328 46.00976578581328 46.00976578581328
 20207680 32 14112.949 14112.949 14112.949 91.63864476517274 91.63864476517274 91.63864476517274 45.81932238258637 45.81932238258637 45.81932238258637
 22228448 32 15569.925 15569.925 15569.925 91.36978321989349 91.36978321989349 91.36978321989349 45.684891609946746 45.684891609946746 45.684891609946746
 24451264 32 17125.13 17125.13 17125.13 91.3792126541521 91.3792126541521 91.3792126541521 45.68960632707605 45.68960632707605 45.68960632707605
 26896384 32 19303.799 19303.799 19303.799 89.1725289928682 89.1725289928682 89.1725289928682 44.5862644964341 44.5862644964341 44.5862644964341
 29586016 32 20744.085 20744.085 20744.085 91.27927426059043 91.27927426059043 91.27927426059043 45.63963713029521 45.63963713029521 45.63963713029521
 32544608 32 22867.918 22867.918 22867.918 91.08196522306929 91.08196522306929 91.08196522306929 45.540982611534645 45.540982611534645 45.540982611534645
 35799040 16 12835.026 12835.026 12835.026 89.25336652999378 89.25336652999378 89.25336652999378 44.62668326499689 44.62668326499689 44.62668326499689
 39378944 16 14111.042 14111.042 14111.042 89.30071981927345 89.30071981927345 89.30071981927345 44.65035990963673 44.65035990963673 44.65035990963673
 43316832 16 15380.144 15380.144 15380.144 90.12520454945025 90.12520454945025 90.12520454945025 45.06260227472512 45.06260227472512 45.06260227472512
 47648512 16 17342.091 17342.091 17342.091 87.92206107095159 87.92206107095159 87.92206107095159 43.96103053547579 43.96103053547579 43.96103053547579
 52413344 16 19955.873 19955.873 19955.873 84.04678702856047 84.04678702856047 84.04678702856047 42.02339351428024 42.02339351428024 42.02339351428024
 57654656 16 23546.934 23546.934 23546.934 78.35198382940216 78.35198382940216 78.35198382940216 39.17599191470108 39.17599191470108 39.17599191470108
 63420096 16 28575.182 28575.182 28575.182 71.02117746791603 71.02117746791603 71.02117746791603 35.510588733958016 35.510588733958016 35.510588733958016
 69762080 8 16762.018 16762.018 16762.018 66.59062649855167 66.59062649855167 66.59062649855167 33.295313249275836 33.295313249275836 33.295313249275836
 76738272 8 19446.85 19446.85 19446.85 63.136824318591444 63.136824318591444 63.136824318591444 31.568412159295722 31.568412159295722 31.568412159295722
 84412096 8 22407.77 22407.77 22407.77 60.273446933809126 60.273446933809126 60.273446933809126 30.136723466904563 30.136723466904563 30.136723466904563
 92853280 8 24531.126 24531.126 24531.126 60.56193588504661 60.56193588504661 60.56193588504661 30.280967942523304 30.280967942523304 30.280967942523304
 102138592 8 27432.203 27432.203 27432.203 59.5729578116639 59.5729578116639 59.5729578116639 29.78647890583195 29.78647890583195 29.78647890583195
 112352448 8 30436.039 30436.039 30436.039 59.062848749799535 59.062848749799535 59.062848749799535 29.531424374899768 29.531424374899768 29.531424374899768
 123587680 8 33622.98 33622.98 33622.98 58.811053630582414 58.811053630582414 58.811053630582414 29.405526815291207 29.405526815291207 29.405526815291207
 135946432 4 18628.836 18628.836 18628.836 58.38107415836395 58.38107415836395 58.38107415836395 29.190537079181976 29.190537079181976 29.190537079181976
 149541056 4 20349.026 20349.026 20349.026 58.790452574978275 58.790452574978275 58.790452574978275 29.395226287489137 29.395226287489137 29.395226287489137
 164495136 4 22501.945 22501.945 22501.945 58.48210401367526 58.48210401367526 58.48210401367526 29.24105200683763 29.24105200683763 29.24105200683763
 180944640 4 25008.917 25008.917 25008.917 57.88163957679574 57.88163957679574 57.88163957679574 28.94081978839787 28.94081978839787 28.94081978839787
 199039104 4 27331.829 27331.829 27331.829 58.25855386406815 58.25855386406815 58.25855386406815 29.129276932034074 29.129276932034074 29.129276932034074
 218943008 4 29733.181 29733.181 29733.181 58.90873445394221 58.90873445394221 58.90873445394221 29.454367226971105 29.454367226971105 29.454367226971105
 240837280 4 33032.894 33032.894 33032.894 58.32665584795567 58.32665584795567 58.32665584795567 29.163327923977835 29.163327923977835 29.163327923977835
 264920992 4 36216.974 36216.974 36216.974 58.518636482440535 58.518636482440535 58.518636482440535 29.259318241220267 29.259318241220267 29.259318241220267
 291413088 2 19997.12 19997.12 19997.12 58.29101150565681 58.29101150565681 58.29101150565681 29.145505752828406 29.145505752828406 29.145505752828406
 320554368 2 21991.014 21991.014 21991.014 58.3064278891369 58.3064278891369 58.3064278891369 29.15321394456845 29.15321394456845 29.15321394456845
 352609792 2 24330.854 24330.854 24330.854 57.96915998098546 57.96915998098546 57.96915998098546 28.98457999049273 28.98457999049273 28.98457999049273
 387870752 2 26676.178 26676.178 26676.178 58.159868628856806 58.159868628856806 58.159868628856806 29.079934314428403 29.079934314428403 29.079934314428403
 426657824 2 29229.164 29229.164 29229.164 58.38796128414757 58.38796128414757 58.38796128414757 29.193980642073786 29.193980642073786 29.193980642073786
 469323584 2 32244.205 32244.205 32244.205 58.2211388371957 58.2211388371957 58.2211388371957 29.11056941859785 29.11056941859785 29.11056941859785
 516255936 2 35595.894 35595.894 35595.894 58.01297599099491 58.01297599099491 58.01297599099491 29.006487995497455 29.006487995497455 29.006487995497455
 567881504 1 19551.992 19551.992 19551.992 58.08937565031738 58.08937565031738 58.08937565031738 29.04468782515869 29.04468782515869 29.04468782515869
 624669632 1 21377.087 21377.087 21377.087 58.4429143222367 58.4429143222367 58.4429143222367 29.22145716111835 29.22145716111835 29.22145716111835
 687136576 1 23648.977 23648.977 23648.977 58.11131500529601 58.11131500529601 58.11131500529601 29.055657502648003 29.055657502648003 29.055657502648003
 755850208 1 25988.102 25988.102 25988.102 58.16894269539192 58.16894269539192 58.16894269539192 29.08447134769596 29.08447134769596 29.08447134769596
 831435200 1 28586.149 28586.149 28586.149 58.17049368909397 58.17049368909397 58.17049368909397 29.085246844546987 29.085246844546987 29.085246844546987
 914578720 1 31801.939 31801.939 31801.939 57.5171671136153 57.5171671136153 57.5171671136153 28.75858355680765 28.75858355680765 28.75858355680765
 1006036576 1 34667.969 34667.969 34667.969 58.038391346202026 58.038391346202026 58.038391346202026 29.019195673101013 29.019195673101013 29.019195673101013
 
META_DATA
 MPI startup(): shm:tmi fabric is unknown or has been removed from the product, please use ofi or shm:ofi instead
 FLOPS          8
 MPI_PROCS      2
 OPENMP_THREADS 2
 ERT_VERSION  1.1.0
 HOSTNAME  ('shas0420.rc.int.colorado.edu', [], ['10.225.6.135'])
 UNAME  uname_result(system='Linux', node='shas0420.rc.int.colorado.edu', release='3.10.0-957.27.2.el7.x86_64', version='#1 SMP Mon Jul 29 17:46:05 UTC 2019', machine='x86_64', processor='x86_64')
 TIMESTAMP_DATA  1664555365.2464929
 CONFIG  {'ERT_RESULTS': ['lab5_results'], 'ERT_DRIVER': ['driver1'], 'ERT_KERNEL': ['kernel1'], 'ERT_MPI': ['True'], 'ERT_MPI_CFLAGS': ['-I/usr/include/mpi'], 'ERT_MPI_LDFLAGS': ['-lmpi'], 'ERT_OPENMP': ['True'], 'ERT_OPENMP_CFLAGS': ['-qopenmp'], 'ERT_OPENMP_LDFLAGS': ['-qopenmp'], 'ERT_FLOPS': ['1,2,4,8,16'], 'ERT_ALIGN': ['32'], 'ERT_CC': ['mpicc'], 'ERT_CFLAGS': ['-O3', '-msse3', '-axSSE3', '-xSSE3', '-fno-alias', '-fno-fnalias', '-DERT_INTEL', '-std=c++11'], 'ERT_LD': ['mpicc'], 'ERT_LDFLAGS': [], 'ERT_LDLIBS': [], 'ERT_PRECISION': ['FP64'], 'ERT_RUN': ['export', 'OMP_NUM_THREADS=ERT_OPENMP_THREADS;', 'mpirun', '-np', 'ERT_MPI_PROCS', 'ERT_CODE'], 'ERT_PROCS_THREADS': ['1-24'], 'ERT_MPI_PROCS': ['1,2,4,8,12,24'], 'ERT_OPENMP_THREADS': ['1,2,4,8,12,24'], 'ERT_NUM_EXPERIMENTS': ['1'], 'ERT_MEMORY_MAX': ['1073741824'], 'ERT_WORKING_SET_MIN': ['1'], 'ERT_TRIALS_MIN': ['1'], 'ERT_GNUPLOT': ['gnuplot'], 'ERT_GPU': [False], 'ERT_HIP': [False], 'ERT_OCL': [False], 'ERT_SYCL': [False], 'ERT_WSS_MULT': [1.1]}
 