fp64
 16 67108864 675345.182 675345.182 675345.182 3.179831151886414 3.179831151886414 3.179831151886414 1.589915575943207 1.589915575943207 1.589915575943207
 32 33554432 347809.076 347809.076 347809.076 6.17431745225648 6.17431745225648 6.17431745225648 3.08715872612824 3.08715872612824 3.08715872612824
 48 16777216 173985.004 173985.004 173985.004 9.257192855540584 9.257192855540584 9.257192855540584 4.628596427770292 4.628596427770292 4.628596427770292
 64 16777216 173892.021 173892.021 173892.021 12.349523777172042 12.349523777172042 12.349523777172042 6.174761888586021 6.174761888586021 6.174761888586021
 80 8388608 87301.016 87301.016 87301.016 15.374131270133212 15.374131270133212 15.374131270133212 7.687065635066606 7.687065635066606 7.687065635066606
 96 8388608 86990.118 86990.118 86990.118 18.514893105444457 18.514893105444457 18.514893105444457 9.257446552722229 9.257446552722229 9.257446552722229
 112 8388608 88355.064 88355.064 88355.064 21.267011837601068 21.267011837601068 21.267011837601068 10.633505918800534 10.633505918800534 10.633505918800534
 128 8388608 87657.928 87657.928 87657.928 24.49845321463679 24.49845321463679 24.49845321463679 12.249226607318395 12.249226607318395 12.249226607318395
 144 4194304 47374.964 47374.964 47374.964 25.497846330817264 25.497846330817264 25.497846330817264 12.748923165408632 12.748923165408632 12.748923165408632
 160 4194304 47305.107 47305.107 47305.107 28.372777594605164 28.372777594605164 28.372777594605164 14.186388797302582 14.186388797302582 14.186388797302582
 176 4194304 48563.004 48563.004 48563.004 30.401640886959957 30.401640886959957 30.401640886959957 15.200820443479978 15.200820443479978 15.200820443479978
 192 4194304 51141.024 51141.024 51141.024 31.49355664055534 31.49355664055534 31.49355664055534 15.74677832027767 15.74677832027767 15.74677832027767
 208 4194304 52494.049 52494.049 52494.049 33.23863365921726 33.23863365921726 33.23863365921726 16.61931682960863 16.61931682960863 16.61931682960863
 224 4194304 53573.132 53573.132 53573.132 35.07445097665748 35.07445097665748 35.07445097665748 17.53722548832874 17.53722548832874 17.53722548832874
 240 4194304 56365.967 56365.967 56365.967 35.71775713525859 35.71775713525859 35.71775713525859 17.858878567629294 17.858878567629294 17.858878567629294
 256 4194304 47205.925 47205.925 47205.925 45.49182434196555 45.49182434196555 45.49182434196555 22.745912170982773 22.745912170982773 22.745912170982773
 272 2097152 25800.943 25800.943 25800.943 44.217402751519586 44.217402751519586 44.217402751519586 22.108701375759793 22.108701375759793 22.108701375759793
 288 2097152 26224.136 26224.136 26224.136 46.06289229128464 46.06289229128464 46.06289229128464 23.03144614564232 23.03144614564232 23.03144614564232
 304 2097152 30454.159 30454.159 30454.159 41.86844942918963 41.86844942918963 41.86844942918963 20.934224714594816 20.934224714594816 20.934224714594816
 320 2097152 31057.835 31057.835 31057.835 43.215416657342665 43.215416657342665 43.215416657342665 21.607708328671333 21.607708328671333 21.607708328671333
 352 2097152 33828.02 33828.02 33828.02 43.64414494256537 43.64414494256537 43.64414494256537 21.822072471282684 21.822072471282684 21.822072471282684
 384 2097152 37573.814 37573.814 37573.814 42.86529805039223 42.86529805039223 42.86529805039223 21.432649025196113 21.432649025196113 21.432649025196113
 416 2097152 40613.89 40613.89 40613.89 42.961421917477004 42.961421917477004 42.961421917477004 21.480710958738502 21.480710958738502 21.480710958738502
 448 2097152 43807.983 43807.983 43807.983 42.89282599475077 42.89282599475077 42.89282599475077 21.446412997375386 21.446412997375386 21.446412997375386
 480 2097152 46694.994 46694.994 46694.994 43.115241004207 43.115241004207 43.115241004207 21.5576205021035 21.5576205021035 21.5576205021035
 528 1048576 23313.999 23313.999 23313.999 47.49490878849227 47.49490878849227 47.49490878849227 23.747454394246134 23.747454394246134 23.747454394246134
 576 1048576 25906.801 25906.801 25906.801 46.627121272132364 46.627121272132364 46.627121272132364 23.313560636066182 23.313560636066182 23.313560636066182
 624 1048576 30528.784 30528.784 30528.784 42.865213629209734 42.865213629209734 42.865213629209734 21.432606814604867 21.432606814604867 21.432606814604867
 672 1048576 31090.975 31090.975 31090.975 45.32782082260206 45.32782082260206 45.32782082260206 22.66391041130103 22.66391041130103 22.66391041130103
 736 1048576 34081.936 34081.936 34081.936 45.2880338722542 45.2880338722542 45.2880338722542 22.6440169361271 22.6440169361271 22.6440169361271
 800 1048576 33849.001 33849.001 33849.001 49.56487785267282 49.56487785267282 49.56487785267282 24.78243892633641 24.78243892633641 24.78243892633641
 880 1048576 39771.795 39771.795 39771.795 46.40207363032018 46.40207363032018 46.40207363032018 23.20103681516009 23.20103681516009 23.20103681516009
 960 1048576 42463.064 42463.064 42463.064 47.41216790196769 47.41216790196769 47.41216790196769 23.706083950983846 23.706083950983846 23.706083950983846
 1056 524288 22408.962 22408.962 22408.962 49.41309891997674 49.41309891997674 49.41309891997674 24.70654945998837 24.70654945998837 24.70654945998837
 1152 524288 24949.074 24949.074 24949.074 48.4170094649605 48.4170094649605 48.4170094649605 24.20850473248025 24.20850473248025 24.20850473248025
 1264 524288 28171.062 28171.062 28171.062 47.04828181486378 47.04828181486378 47.04828181486378 23.52414090743189 23.52414090743189 23.52414090743189
 1376 524288 29201.031 29201.031 29201.031 49.410603892718726 49.410603892718726 49.410603892718726 24.705301946359363 24.705301946359363 24.705301946359363
 1504 524288 32371.998 32371.998 32371.998 48.71674290848529 48.71674290848529 48.71674290848529 24.358371454242643 24.358371454242643 24.358371454242643
 1648 524288 35454.035 35454.035 35454.035 48.74066514573023 48.74066514573023 48.74066514573023 24.370332572865117 24.370332572865117 24.370332572865117
 1808 524288 37384.987 37384.987 37384.987 50.71087514354358 50.71087514354358 50.71087514354358 25.35543757177179 25.35543757177179 25.35543757177179
 1984 524288 41841.984 41841.984 41841.984 49.71979301937499 49.71979301937499 49.71979301937499 24.859896509687495 24.859896509687495 24.859896509687495
 2176 262144 22751.093 22751.093 22751.093 50.14487383089683 50.14487383089683 50.14487383089683 25.072436915448414 25.072436915448414 25.072436915448414
 2384 262144 24852.991 24852.991 24852.991 50.2918377912743 50.2918377912743 50.2918377912743 25.14591889563715 25.14591889563715 25.14591889563715
 2608 262144 27019.024 27019.024 27019.024 50.60668009325577 50.60668009325577 50.60668009325577 25.303340046627884 25.303340046627884 25.303340046627884
 2864 262144 29740.095 29740.095 29740.095 50.48944302296277 50.48944302296277 50.48944302296277 25.244721511481384 25.244721511481384 25.244721511481384
 3136 262144 32104.969 32104.969 32104.969 51.21223347077519 51.21223347077519 51.21223347077519 25.606116735387594 25.606116735387594 25.606116735387594
 3440 262144 35660.982 35660.982 35660.982 50.57490340563252 50.57490340563252 50.57490340563252 25.28745170281626 25.28745170281626 25.28745170281626
 3776 262144 38865.089 38865.089 38865.089 50.93804076969951 50.93804076969951 50.93804076969951 25.469020384849756 25.469020384849756 25.469020384849756
 4144 131072 21153.927 21153.927 21153.927 51.35333671142951 51.35333671142951 51.35333671142951 25.676668355714757 25.676668355714757 25.676668355714757
 4544 131072 23253.918 23253.918 23253.918 51.22501661870485 51.22501661870485 51.22501661870485 25.612508309352425 25.612508309352425 25.612508309352425
 4992 131072 25480.986 25480.986 25480.986 51.35683713338251 51.35683713338251 51.35683713338251 25.678418566691256 25.678418566691256 25.678418566691256
 5488 131072 28066.158 28066.158 28066.158 51.25910970785527 51.25910970785527 51.25910970785527 25.629554853927637 25.629554853927637 25.629554853927637
 6032 131072 30820.847 30820.847 30820.847 51.304644807457755 51.304644807457755 51.304644807457755 25.652322403728878 25.652322403728878 25.652322403728878
 6624 131072 33714.056 33714.056 33714.056 51.50498225428586 51.50498225428586 51.50498225428586 25.75249112714293 25.75249112714293 25.75249112714293
 7280 131072 37035.942 37035.942 37035.942 51.528548133054095 51.528548133054095 51.528548133054095 25.764274066527047 25.764274066527047 25.764274066527047
 8000 131072 40334.94 40334.94 40334.94 51.99343298886772 51.99343298886772 51.99343298886772 25.99671649443386 25.99671649443386 25.99671649443386
 8800 65536 22215.843 22215.843 22215.843 51.91941624722501 51.91941624722501 51.91941624722501 25.959708123612504 25.959708123612504 25.959708123612504
 9680 65536 24796.009 24796.009 24796.009 51.168595720383884 51.168595720383884 51.168595720383884 25.584297860191942 25.584297860191942 25.584297860191942
 10640 65536 27181.864 27181.864 27181.864 51.30649171079658 51.30649171079658 51.30649171079658 25.65324585539829 25.65324585539829 25.65324585539829
 11696 65536 29654.026 29654.026 29654.026 51.69679530192629 51.69679530192629 51.69679530192629 25.848397650963143 25.848397650963143 25.848397650963143
 12864 65536 34609.079 34609.079 34609.079 48.71872516457315 48.71872516457315 48.71872516457315 24.359362582286575 24.359362582286575 24.359362582286575
 14144 65536 37883.997 37883.997 37883.997 48.93576482967201 48.93576482967201 48.93576482967201 24.467882414836005 24.467882414836005 24.467882414836005
 15552 65536 39169.788 39169.788 39169.788 52.04091847522892 52.04091847522892 52.04091847522892 26.02045923761446 26.02045923761446 26.02045923761446
 17104 32768 21699.905 21699.905 21699.905 51.65588254879457 51.65588254879457 51.65588254879457 25.827941274397286 25.827941274397286 25.827941274397286
 18800 32768 23643.97 23643.97 23643.97 52.10955689759376 52.10955689759376 52.10955689759376 26.05477844879688 26.05477844879688 26.05477844879688
 20672 32768 26098.967 26098.967 26098.967 51.90857523211551 51.90857523211551 51.90857523211551 25.954287616057755 25.954287616057755 25.954287616057755
 22736 32768 28610.945 28610.945 28610.945 52.078898337681615 52.078898337681615 52.078898337681615 26.039449168840807 26.039449168840807 26.039449168840807
 25008 32768 31538.01 31538.01 31538.01 51.96663606866762 51.96663606866762 51.96663606866762 25.98331803433381 25.98331803433381 25.98331803433381
 27504 32768 34654.14 34654.14 34654.14 52.014049230481554 52.014049230481554 52.014049230481554 26.007024615240777 26.007024615240777 26.007024615240777
 30240 32768 38023.949 38023.949 38023.949 52.12001099622766 52.12001099622766 52.12001099622766 26.06000549811383 26.06000549811383 26.06000549811383
 33264 16384 21010.876 21010.876 21010.876 51.877644320969765 51.877644320969765 51.877644320969765 25.938822160484882 25.938822160484882 25.938822160484882
 36576 16384 22991.896 22991.896 22991.896 52.1280353738552 52.1280353738552 52.1280353738552 26.0640176869276 26.0640176869276 26.0640176869276
 40224 16384 25243.998 25243.998 25243.998 52.212808446585996 52.212808446585996 52.212808446585996 26.106404223292998 26.106404223292998 26.106404223292998
 44240 16384 27919.054 27919.054 27919.054 51.92354726632214 51.92354726632214 51.92354726632214 25.96177363316107 25.96177363316107 25.96177363316107
 48656 16384 30744.076 30744.076 30744.076 51.859090121947396 51.859090121947396 51.859090121947396 25.929545060973698 25.929545060973698 25.929545060973698
 53520 16384 33729.792 33729.792 33729.792 51.99389785741934 51.99389785741934 51.99389785741934 25.99694892870967 25.99694892870967 25.99694892870967
 58864 16384 37141.085 37141.085 37141.085 51.93320421307025 51.93320421307025 51.93320421307025 25.966602106535124 25.966602106535124 25.966602106535124
 64736 16384 40844.917 40844.917 40844.917 51.93471804582195 51.93471804582195 51.93471804582195 25.967359022910976 25.967359022910976 25.967359022910976
 71200 8192 22500.992 22500.992 22500.992 51.84397203465519 51.84397203465519 51.84397203465519 25.921986017327594 25.921986017327594 25.921986017327594
 78320 8192 24724.96 24724.96 24724.96 51.89876464916424 51.89876464916424 51.89876464916424 25.94938232458212 25.94938232458212 25.94938232458212
 86144 8192 27164.936 27164.936 27164.936 51.956069250448444 51.956069250448444 51.956069250448444 25.978034625224222 25.978034625224222 25.978034625224222
 94752 8192 29908.895 29908.895 29908.895 51.904851984668774 51.904851984668774 51.904851984668774 25.952425992334387 25.952425992334387 25.952425992334387
 104224 8192 32913.923 32913.923 32913.923 51.88096283752015 51.88096283752015 51.88096283752015 25.940481418760076 25.940481418760076 25.940481418760076
 114640 8192 36107.063 36107.063 36107.063 52.019234020778704 52.019234020778704 52.019234020778704 26.009617010389352 26.009617010389352 26.009617010389352
 126096 8192 39782.047 39782.047 39782.047 51.93188937713536 51.93188937713536 51.93188937713536 25.96594468856768 25.96594468856768 25.96594468856768
 138704 4096 21824.837 21824.837 21824.837 52.0628478462405 52.0628478462405 52.0628478462405 26.03142392312025 26.03142392312025 26.03142392312025
 152560 4096 23993.969 23993.969 23993.969 52.08690233783331 52.08690233783331 52.08690233783331 26.043451168916654 26.043451168916654 26.043451168916654
 167808 4096 26412.964 26412.964 26412.964 52.04577328012108 52.04577328012108 52.04577328012108 26.02288664006054 26.02288664006054 26.02288664006054
 184576 4096 29084.921 29084.921 29084.921 51.987302698879596 51.987302698879596 51.987302698879596 25.993651349439798 25.993651349439798 25.993651349439798
 203024 4096 31939.03 31939.03 31939.03 52.07336002377029 52.07336002377029 52.07336002377029 26.036680011885146 26.036680011885146 26.036680011885146
 223312 4096 35134.077 35134.077 35134.077 52.06830690329506 52.06830690329506 52.06830690329506 26.03415345164753 26.03415345164753 26.03415345164753
 245632 4096 38705.111 38705.111 38705.111 51.98841424327656 51.98841424327656 51.98841424327656 25.99420712163828 25.99420712163828 25.99420712163828
 270192 2048 21229.029 21229.029 21229.029 52.131749973114644 52.131749973114644 52.131749973114644 26.065874986557322 26.065874986557322 26.065874986557322
 297200 2048 23365.974 23365.974 23365.974 52.09845735512674 52.09845735512674 52.09845735512674 26.04922867756337 26.04922867756337 26.04922867756337
 326912 2048 26093.96 26093.96 26093.96 51.31576625395302 51.31576625395302 51.31576625395302 25.65788312697651 25.65788312697651 25.65788312697651
 359600 2048 28306.961 28306.961 28306.961 52.03390077797472 52.03390077797472 52.03390077797472 26.01695038898736 26.01695038898736 26.01695038898736
 395552 2048 31100.988 31100.988 31100.988 52.09419687889015 52.09419687889015 52.09419687889015 26.047098439445076 26.047098439445076 26.047098439445076
 435104 2048 34279.823 34279.823 34279.823 51.98935782136333 51.98935782136333 51.98935782136333 25.994678910681664 25.994678910681664 25.994678910681664
 478608 2048 37946.939 37946.939 37946.939 51.66104090767374 51.66104090767374 51.66104090767374 25.83052045383687 25.83052045383687 25.83052045383687
 526464 1024 21212.101 21212.101 21212.101 50.82939554172405 50.82939554172405 50.82939554172405 25.414697770862023 25.414697770862023 25.414697770862023
 579104 1024 24049.997 24049.997 24049.997 49.31414303294923 49.31414303294923 49.31414303294923 24.657071516474616 24.657071516474616 24.657071516474616
 637008 1024 26496.172 26496.172 26496.172 49.23701370899917 49.23701370899917 49.23701370899917 24.618506854499586 24.618506854499586 24.618506854499586
 700704 1024 29348.85 29348.85 29348.85 48.89601439238676 48.89601439238676 48.89601439238676 24.44800719619338 24.44800719619338 24.44800719619338
 770768 1024 32250.881 32250.881 32250.881 48.94541839027591 48.94541839027591 48.94541839027591 24.472709195137956 24.472709195137956 24.472709195137956
 847840 1024 36279.202 36279.202 36279.202 47.86148052539855 47.86148052539855 47.86148052539855 23.930740262699274 23.930740262699274 23.930740262699274
 932624 1024 39067.984 39067.984 39067.984 48.889493555643924 48.889493555643924 48.889493555643924 24.444746777821962 24.444746777821962 24.444746777821962
 1025872 1024 42953.968 42953.968 42953.968 48.91249758345957 48.91249758345957 48.91249758345957 24.456248791729784 24.456248791729784 24.456248791729784
 1128448 512 24359.226 24359.226 24359.226 47.43708818991212 47.43708818991212 47.43708818991212 23.71854409495606 23.71854409495606 23.71854409495606
 1241280 512 26762.962 26762.962 26762.962 47.4936488718999 47.4936488718999 47.4936488718999 23.74682443594995 23.74682443594995 23.74682443594995
 1365408 512 28638.84 28638.84 28638.84 48.82103437150388 48.82103437150388 48.82103437150388 24.41051718575194 24.41051718575194 24.41051718575194
 1501936 512 31436.92 31436.92 31436.92 48.92280999538122 48.92280999538122 48.92280999538122 24.46140499769061 24.46140499769061 24.46140499769061
 1652128 512 35101.891 35101.891 35101.891 48.19623740498767 48.19623740498767 48.19623740498767 24.098118702493835 24.098118702493835 24.098118702493835
 1817328 512 38100.004 38100.004 38100.004 48.84366605315842 48.84366605315842 48.84366605315842 24.42183302657921 24.42183302657921 24.42183302657921
 1999056 512 42437.077 42437.077 42437.077 48.23690717435605 48.23690717435605 48.23690717435605 24.118453587178024 24.118453587178024 24.118453587178024
 2198960 256 23036.957 23036.957 23036.957 48.87223256092374 48.87223256092374 48.87223256092374 24.43611628046187 24.43611628046187 24.43611628046187
 2418848 256 25570.154 25570.154 25570.154 48.43342656442351 48.43342656442351 48.43342656442351 24.216713282211757 24.216713282211757 24.216713282211757
 2660720 256 27884.96 27884.96 27884.96 48.85388539198192 48.85388539198192 48.85388539198192 24.42694269599096 24.42694269599096 24.42694269599096
 2926784 256 31317.949 31317.949 31317.949 47.84838904999814 47.84838904999814 47.84838904999814 23.92419452499907 23.92419452499907 23.92419452499907
 3219456 256 34984.112 34984.112 34984.112 47.11743067824617 47.11743067824617 47.11743067824617 23.558715339123086 23.558715339123086 23.558715339123086
 3541392 256 37218.809 37218.809 37218.809 48.71710709496374 48.71710709496374 48.71710709496374 24.35855354748187 24.35855354748187 24.35855354748187
 3895520 256 41343.927 41343.927 41343.927 48.24181892542525 48.24181892542525 48.24181892542525 24.120909462712625 24.120909462712625 24.120909462712625
 4285072 128 22622.108 22622.108 22622.108 48.49143289387531 48.49143289387531 48.49143289387531 24.245716446937656 24.245716446937656 24.245716446937656
 4713568 128 24974.108 24974.108 24974.108 48.31697724699516 48.31697724699516 48.31697724699516 24.15848862349758 24.15848862349758 24.15848862349758
 5184912 128 27425.051 27425.051 27425.051 48.39872392580054 48.39872392580054 48.39872392580054 24.19936196290027 24.19936196290027 24.19936196290027
 5703392 128 30426.979 30426.979 30426.979 47.98597823333036 47.98597823333036 47.98597823333036 23.99298911666518 23.99298911666518 23.99298911666518
 6273728 128 33571.959 33571.959 33571.959 47.8397572211976 47.8397572211976 47.8397572211976 23.9198786105988 23.9198786105988 23.9198786105988
 6901088 128 36822.081 36822.081 36822.081 47.978780123806686 47.978780123806686 47.978780123806686 23.989390061903343 23.989390061903343 23.989390061903343
 7591184 128 39946.079 39946.079 39946.079 48.64915788105261 48.64915788105261 48.64915788105261 24.324578940526305 24.324578940526305 24.324578940526305
 8350288 128 44049.025 44049.025 44049.025 48.529422115472485 48.529422115472485 48.529422115472485 24.264711057736243 24.264711057736243 24.264711057736243
 9185312 64 24279.118 24279.118 24279.118 48.42515020520926 48.42515020520926 48.42515020520926 24.21257510260463 24.21257510260463 24.21257510260463
 10103840 64 26665.926 26665.926 26665.926 48.49977908136398 48.49977908136398 48.49977908136398 24.24988954068199 24.24988954068199 24.24988954068199
 11114224 64 29308.081 29308.081 29308.081 48.540219061084215 48.540219061084215 48.540219061084215 24.270109530542108 24.270109530542108 24.270109530542108
 12225632 64 32630.92 32630.92 32630.92 47.95699587998132 47.95699587998132 47.95699587998132 23.97849793999066 23.97849793999066 23.97849793999066
 13448192 64 36526.918 36526.918 36526.918 47.126028426488105 47.126028426488105 47.126028426488105 23.563014213244053 23.563014213244053 23.563014213244053
 14793008 64 39385.08 39385.08 39385.08 48.07670884507534 48.07670884507534 48.07670884507534 24.03835442253767 24.03835442253767 24.03835442253767
 16272304 64 43176.174 43176.174 43176.174 48.24084023748839 48.24084023748839 48.24084023748839 24.120420118744196 24.120420118744196 24.120420118744196
 17899520 32 24307.966 24307.966 24307.966 47.12731949682667 47.12731949682667 47.12731949682667 23.563659748413336 23.563659748413336 23.563659748413336
 19689472 32 26700.02 26700.02 26700.02 47.19570277475447 47.19570277475447 47.19570277475447 23.597851387377236 23.597851387377236 23.597851387377236
 21658416 32 28893.948 28893.948 28893.948 47.973320364527545 47.973320364527545 47.973320364527545 23.986660182263773 23.986660182263773 23.986660182263773
 23824256 32 32198.906 32198.906 32198.906 47.354167374506446 47.354167374506446 47.354167374506446 23.677083687253223 23.677083687253223 23.677083687253223
 26206672 32 34959.078 34959.078 34959.078 47.97686620911455 47.97686620911455 47.97686620911455 23.988433104557274 23.988433104557274 23.988433104557274
 28827328 32 38574.934 38574.934 38574.934 47.82766425472044 47.82766425472044 47.82766425472044 23.91383212736022 23.91383212736022 23.91383212736022
 31710048 32 42652.845 42652.845 42652.845 47.58048547523617 47.58048547523617 47.58048547523617 23.790242737618087 23.790242737618087 23.790242737618087
 34881040 16 24626.017 24626.017 24626.017 45.32577395686847 45.32577395686847 45.32577395686847 22.662886978434233 22.662886978434233 22.662886978434233
 38369136 16 27138.948 27138.948 27138.948 45.241707674151556 45.241707674151556 45.241707674151556 22.620853837075778 22.620853837075778 22.620853837075778
 42206048 16 29497.147 29497.147 29497.147 45.78725990008458 45.78725990008458 45.78725990008458 22.89362995004229 22.89362995004229 22.89362995004229
 46426640 16 31428.099 31428.099 31428.099 47.271471303434545 47.271471303434545 47.271471303434545 23.635735651717273 23.635735651717273 23.635735651717273
 51069296 16 35069.942 35069.942 35069.942 46.59880737755426 46.59880737755426 46.59880737755426 23.29940368877713 23.29940368877713 23.29940368877713
 56176224 16 42566.061 42566.061 42566.061 42.23174815259509 42.23174815259509 42.23174815259509 21.115874076297544 21.115874076297544 21.115874076297544
 61793840 16 53151.131 53151.131 53151.131 37.20340174887341 37.20340174887341 37.20340174887341 18.601700874436705 18.601700874436705 18.601700874436705
 67973216 8 31940.937 31940.937 31940.937 34.049453715149305 34.049453715149305 34.049453715149305 17.024726857574652 17.024726857574652 17.024726857574652
 74770528 8 36132.812 36132.812 36132.812 33.10919858659216 33.10919858659216 33.10919858659216 16.55459929329608 16.55459929329608 16.55459929329608
 82247568 8 41443.11 41443.11 41443.11 31.753434720512047 31.753434720512047 31.753434720512047 15.876717360256023 15.876717360256023 15.876717360256023
 90472320 8 47857.046 47857.046 47857.046 30.247523426330993 30.247523426330993 30.247523426330993 15.123761713165496 15.123761713165496 15.123761713165496
 99519552 8 52531.004 52531.004 52531.004 30.311867483058194 30.311867483058194 30.311867483058194 15.155933741529097 15.155933741529097 15.155933741529097
 109471504 8 58343.887 58343.887 58343.887 30.021038262329004 30.021038262329004 30.021038262329004 15.010519131164502 15.010519131164502 15.010519131164502
 120418640 8 64065.933 64065.933 64065.933 30.07367800294113 30.07367800294113 30.07367800294113 15.036839001470565 15.036839001470565 15.036839001470565
 132460496 8 70552.111 70552.111 70552.111 30.039752261984056 30.039752261984056 30.039752261984056 15.019876130992028 15.019876130992028 15.019876130992028
 145706544 4 38769.96 38769.96 38769.96 30.065864189697383 30.065864189697383 30.065864189697383 15.032932094848691 15.032932094848691 15.032932094848691
 160277184 4 42381.048 42381.048 42381.048 30.254501304450983 30.254501304450983 30.254501304450983 15.127250652225491 15.127250652225491 15.127250652225491
 176304896 4 48157.93 48157.93 48157.93 29.28778641440776 29.28778641440776 29.28778641440776 14.64389320720388 14.64389320720388 14.64389320720388
 193935376 4 52332.878 52332.878 52332.878 29.64643007021322 29.64643007021322 29.64643007021322 14.82321503510661 14.82321503510661 14.82321503510661
 213328912 4 56805.849 56805.849 56805.849 30.043231921417107 30.043231921417107 30.043231921417107 15.021615960708553 15.021615960708553 15.021615960708553
 234661792 4 62483.072 62483.072 62483.072 30.044846962710157 30.044846962710157 30.044846962710157 15.022423481355078 15.022423481355078 15.022423481355078
 258127968 4 68065.166 68065.166 68065.166 30.33892173274065 30.33892173274065 30.33892173274065 15.169460866370326 15.169460866370326 15.169460866370326
 283940752 2 36482.096 36482.096 36482.096 31.132065657631077 31.132065657631077 31.132065657631077 15.566032828815539 15.566032828815539 15.566032828815539
 312334816 2 41448.116 41448.116 41448.116 30.14224492133732 30.14224492133732 30.14224492133732 15.07112246066866 15.07112246066866 15.07112246066866
 343568288 2 46494.007 46494.007 46494.007 29.55807082835429 29.55807082835429 29.55807082835429 14.779035414177145 14.779035414177145 14.779035414177145
 377925104 2 48933.983 48933.983 48933.983 30.892650124147874 30.892650124147874 30.892650124147874 15.446325062073937 15.446325062073937 15.446325062073937
 415717600 2 55958.033 55958.033 55958.033 29.71638406232042 29.71638406232042 29.71638406232042 14.85819203116021 14.85819203116021 14.85819203116021
 457289360 2 60783.863 60783.863 60783.863 30.09281328499967 30.09281328499967 30.09281328499967 15.046406642499836 15.046406642499836 15.046406642499836
 503018288 2 68135.023 68135.023 68135.023 29.53067399713067 29.53067399713067 29.53067399713067 14.765336998565335 14.765336998565335 14.765336998565335
 553320112 1 37152.767 37152.767 37152.767 29.786212800785467 29.786212800785467 29.786212800785467 14.893106400392734 14.893106400392734 14.893106400392734
 608652112 1 40021.896 40021.896 40021.896 30.4159559057372 30.4159559057372 30.4159559057372 15.2079779528686 15.2079779528686 15.2079779528686
 669517312 1 45387.03 45387.03 45387.03 29.50258309477399 29.50258309477399 29.50258309477399 14.751291547386995 14.751291547386995 14.751291547386995
 736469040 1 49808.025 49808.025 49808.025 29.572304462985635 29.572304462985635 29.572304462985635 14.786152231492817 14.786152231492817 14.786152231492817
 810115936 1 55150.032 55150.032 55150.032 29.378620705061422 29.378620705061422 29.378620705061422 14.689310352530711 14.689310352530711 14.689310352530711
 891127520 1 59858.799 59858.799 59858.799 29.774320062786426 29.774320062786426 29.774320062786426 14.887160031393213 14.887160031393213 14.887160031393213
 980240272 1 65196.991 65196.991 65196.991 30.07010774469638 30.07010774469638 30.07010774469638 15.03505387234819 15.03505387234819 15.03505387234819
 
META_DATA
 MPI startup(): shm:tmi fabric is unknown or has been removed from the product, please use ofi or shm:ofi instead
 FLOPS          8
 MPI_PROCS      1
 OPENMP_THREADS 2
 ERT_VERSION  1.1.0
 HOSTNAME  ('shas0816.rc.int.colorado.edu', [], ['10.225.7.65'])
 UNAME  uname_result(system='Linux', node='shas0816.rc.int.colorado.edu', release='3.10.0-957.27.2.el7.x86_64', version='#1 SMP Mon Jul 29 17:46:05 UTC 2019', machine='x86_64', processor='x86_64')
 TIMESTAMP_DATA  1664513544.6998258
 CONFIG  {'ERT_RESULTS': ['lab5_results'], 'ERT_DRIVER': ['driver1'], 'ERT_KERNEL': ['kernel1'], 'ERT_MPI': ['True'], 'ERT_MPI_CFLAGS': ['-I/usr/include/mpi'], 'ERT_MPI_LDFLAGS': ['-lmpi'], 'ERT_OPENMP': ['True'], 'ERT_OPENMP_CFLAGS': ['-qopenmp'], 'ERT_OPENMP_LDFLAGS': ['-qopenmp'], 'ERT_FLOPS': ['1,2,4,8,16'], 'ERT_ALIGN': ['32'], 'ERT_CC': ['mpicc'], 'ERT_CFLAGS': ['-O3', '-msse3', '-axSSE3', '-xSSE3', '-fno-alias', '-fno-fnalias', '-DERT_INTEL', '-std=c++11'], 'ERT_LD': ['mpicc'], 'ERT_LDFLAGS': [], 'ERT_LDLIBS': [], 'ERT_PRECISION': ['FP64'], 'ERT_RUN': ['export', 'OMP_NUM_THREADS=ERT_OPENMP_THREADS;', 'mpirun', '-np', 'ERT_MPI_PROCS', 'ERT_CODE'], 'ERT_PROCS_THREADS': ['1-24'], 'ERT_MPI_PROCS': ['1'], 'ERT_OPENMP_THREADS': ['2'], 'ERT_NUM_EXPERIMENTS': ['1'], 'ERT_MEMORY_MAX': ['1073741824'], 'ERT_WORKING_SET_MIN': ['1'], 'ERT_TRIALS_MIN': ['1'], 'ERT_GNUPLOT': ['gnuplot'], 'ERT_GPU': [False], 'ERT_HIP': [False], 'ERT_OCL': [False], 'ERT_SYCL': [False], 'ERT_WSS_MULT': [1.1]}
 