fp64
 16 67108864 686441.898 686441.898 686441.898 3.128427408433044 3.128427408433044 3.128427408433044 1.564213704216522 1.564213704216522 1.564213704216522
 32 33554432 350732.088 350732.088 350732.088 6.122860500861844 6.122860500861844 6.122860500861844 3.061430250430922 3.061430250430922 3.061430250430922
 48 16777216 174030.066 174030.066 174030.066 9.254795869582674 9.254795869582674 9.254795869582674 4.627397934791337 4.627397934791337 4.627397934791337
 64 16777216 174067.02 174067.02 174067.02 12.337108132258484 12.337108132258484 12.337108132258484 6.168554066129242 6.168554066129242 6.168554066129242
 80 8388608 87291.002 87291.002 87291.002 15.375894986289653 15.375894986289653 15.375894986289653 7.687947493144827 7.687947493144827 7.687947493144827
 96 8388608 86996.078 86996.078 86996.078 18.51362467167773 18.51362467167773 18.51362467167773 9.256812335838864 9.256812335838864 9.256812335838864
 112 8388608 88526.964 88526.964 88526.964 21.225715952486517 21.225715952486517 21.225715952486517 10.612857976243259 10.612857976243259 10.612857976243259
 128 8388608 87805.986 87805.986 87805.986 24.45714404938178 24.45714404938178 24.45714404938178 12.22857202469089 12.22857202469089 12.22857202469089
 144 4194304 47330.856 47330.856 47330.856 25.52160797598928 25.52160797598928 25.52160797598928 12.76080398799464 12.76080398799464 12.76080398799464
 160 4194304 47333.002 47333.002 47333.002 28.35605652056466 28.35605652056466 28.35605652056466 14.17802826028233 14.17802826028233 14.17802826028233
 176 4194304 50101.042 50101.042 50101.042 29.4683493409179 29.4683493409179 29.4683493409179 14.73417467045895 14.73417467045895 14.73417467045895
 192 4194304 48084.974 48084.974 48084.974 33.495135840148315 33.495135840148315 33.495135840148315 16.747567920074157 16.747567920074157 16.747567920074157
 208 4194304 49229.145 49229.145 49229.145 35.44303814336 35.44303814336 35.44303814336 17.72151907168 17.72151907168 17.72151907168
 224 4194304 49308.062 49308.062 49308.062 38.10833595528455 38.10833595528455 38.10833595528455 19.054167977642276 19.054167977642276 19.054167977642276
 240 4194304 56029.797 56029.797 56029.797 35.93205807973925 35.93205807973925 35.93205807973925 17.966029039869625 17.966029039869625 17.966029039869625
 256 4194304 47271.013 47271.013 47271.013 45.42918612723616 45.42918612723616 45.42918612723616 22.71459306361808 22.71459306361808 22.71459306361808
 272 2097152 25867.939 25867.939 25867.939 44.10288303215807 44.10288303215807 44.10288303215807 22.051441516079034 22.051441516079034 22.051441516079034
 288 2097152 26187.181 26187.181 26187.181 46.12789562954485 46.12789562954485 46.12789562954485 23.063947814772426 23.063947814772426 23.063947814772426
 304 2097152 30497.789 30497.789 30497.789 41.808552613436994 41.808552613436994 41.808552613436994 20.904276306718497 20.904276306718497 20.904276306718497
 320 2097152 30815.125 30815.125 30815.125 43.5557954089104 43.5557954089104 43.5557954089104 21.7778977044552 21.7778977044552 21.7778977044552
 352 2097152 33823.013 33823.013 33823.013 43.650605816814725 43.650605816814725 43.650605816814725 21.825302908407362 21.825302908407362 21.825302908407362
 384 2097152 37602.186 37602.186 37602.186 42.832954871293914 42.832954871293914 42.832954871293914 21.416477435646957 21.416477435646957 21.416477435646957
 416 2097152 40606.976 40606.976 40606.976 42.96873680029756 42.96873680029756 42.96873680029756 21.48436840014878 21.48436840014878 21.48436840014878
 448 2097152 43810.129 43810.129 43810.129 42.89072492801835 42.89072492801835 42.89072492801835 21.445362464009175 21.445362464009175 21.445362464009175
 480 2097152 46731.949 46731.949 46731.949 43.08114604849885 43.08114604849885 43.08114604849885 21.540573024249426 21.540573024249426 21.540573024249426
 528 1048576 23358.107 23358.107 23358.107 47.405222349567964 47.405222349567964 47.405222349567964 23.702611174783982 23.702611174783982 23.702611174783982
 576 1048576 25934.935 25934.935 25934.935 46.57654056198714 46.57654056198714 46.57654056198714 23.28827028099357 23.28827028099357 23.28827028099357
 624 1048576 29701.948 29701.948 29701.948 44.05848559158477 44.05848559158477 44.05848559158477 22.029242795792385 22.029242795792385 22.029242795792385
 672 1048576 31084.061 31084.061 31084.061 45.337903049411715 45.337903049411715 45.337903049411715 22.668951524705857 22.668951524705857 22.668951524705857
 736 1048576 34117.937 34117.937 34117.937 45.24024626694164 45.24024626694164 45.24024626694164 22.62012313347082 22.62012313347082 22.62012313347082
 800 1048576 33898.83 33898.83 33898.83 49.492020816057654 49.492020816057654 49.492020816057654 24.746010408028827 24.746010408028827 24.746010408028827
 880 1048576 39830.923 39830.923 39830.923 46.33319092304238 46.33319092304238 46.33319092304238 23.16659546152119 23.16659546152119 23.16659546152119
 960 1048576 42562.008 42562.008 42562.008 47.3019487238478 47.3019487238478 47.3019487238478 23.6509743619239 23.6509743619239 23.6509743619239
 1056 524288 22135.973 22135.973 22135.973 50.02247951784183 50.02247951784183 50.02247951784183 25.011239758920915 25.011239758920915 25.011239758920915
 1152 524288 24992.228 24992.228 24992.228 48.333407969869675 48.333407969869675 48.333407969869675 24.166703984934838 24.166703984934838 24.166703984934838
 1264 524288 28015.852 28015.852 28015.852 47.30893295695595 47.30893295695595 47.30893295695595 23.654466478477975 23.654466478477975 23.654466478477975
 1376 524288 29149.055 29149.055 29149.055 49.49870848300228 49.49870848300228 49.49870848300228 24.74935424150114 24.74935424150114 24.74935424150114
 1504 524288 32382.011 32382.011 32382.011 48.70167896613957 48.70167896613957 48.70167896613957 24.350839483069784 24.350839483069784 24.350839483069784
 1648 524288 35466.909 35466.909 35466.909 48.72297295487464 48.72297295487464 48.72297295487464 24.36148647743732 24.36148647743732 24.36148647743732
 1808 524288 37425.995 37425.995 37425.995 50.655310780648584 50.655310780648584 50.655310780648584 25.327655390324292 25.327655390324292 25.327655390324292
 1984 524288 41774.035 41774.035 41774.035 49.80066646662215 49.80066646662215 49.80066646662215 24.900333233311073 24.900333233311073 24.900333233311073
 2176 262144 22767.067 22767.067 22767.067 50.109690809097195 50.109690809097195 50.109690809097195 25.054845404548598 25.054845404548598 25.054845404548598
 2384 262144 24888.039 24888.039 24888.039 50.22101548458679 50.22101548458679 50.22101548458679 25.110507742293397 25.110507742293397 25.110507742293397
 2608 262144 27052.879 27052.879 27052.879 50.54334897221105 50.54334897221105 50.54334897221105 25.271674486105525 25.271674486105525 25.271674486105525
 2864 262144 29580.116 29580.116 29580.116 50.762506543246815 50.762506543246815 50.762506543246815 25.381253271623407 25.381253271623407 25.381253271623407
 3136 262144 32066.822 32066.822 32066.822 51.27315603647907 51.27315603647907 51.27315603647907 25.636578018239536 25.636578018239536 25.636578018239536
 3440 262144 35691.023 35691.023 35691.023 50.53233469940046 50.53233469940046 50.53233469940046 25.26616734970023 25.26616734970023 25.26616734970023
 3776 262144 38938.999 38938.999 38938.999 50.84135542364609 50.84135542364609 50.84135542364609 25.420677711823046 25.420677711823046 25.420677711823046
 4144 131072 21235.228 21235.228 21235.228 51.156725795456495 51.156725795456495 51.156725795456495 25.578362897728248 25.578362897728248 25.578362897728248
 4544 131072 23292.065 23292.065 23292.065 51.14112192285227 51.14112192285227 51.14112192285227 25.570560961426136 25.570560961426136 25.570560961426136
 4992 131072 25521.04 25521.04 25521.04 51.276235137753 51.276235137753 51.276235137753 25.6381175688765 25.6381175688765 25.6381175688765
 5488 131072 28103.113 28103.113 28103.113 51.191705061286264 51.191705061286264 51.191705061286264 25.595852530643132 25.595852530643132 25.595852530643132
 6032 131072 30900.955 30900.955 30900.955 51.17164204148383 51.17164204148383 51.17164204148383 25.585821020741914 25.585821020741914 25.585821020741914
 6624 131072 33779.144 33779.144 33779.144 51.40573887840379 51.40573887840379 51.40573887840379 25.702869439201894 25.702869439201894 25.702869439201894
 7280 131072 37179.947 37179.947 37179.947 51.32896827421513 51.32896827421513 51.32896827421513 25.664484137107564 25.664484137107564 25.664484137107564
 8000 131072 40807.962 40807.962 40807.962 51.39075555892745 51.39075555892745 51.39075555892745 25.695377779463726 25.695377779463726 25.695377779463726
 8800 65536 22327.9 22327.9 22327.9 51.65884834668733 51.65884834668733 51.65884834668733 25.829424173343664 25.829424173343664 25.829424173343664
 9680 65536 26521.921 26521.921 26521.921 47.8388032299772 47.8388032299772 47.8388032299772 23.9194016149886 23.9194016149886 23.9194016149886
 10640 65536 29027.939 29027.939 29027.939 48.04357898092593 48.04357898092593 48.04357898092593 24.021789490462965 24.021789490462965 24.021789490462965
 11696 65536 31542.778 31542.778 31542.778 48.6012396244871 48.6012396244871 48.6012396244871 24.30061981224355 24.30061981224355 24.30061981224355
 12864 65536 34557.104 34557.104 34557.104 48.791999699974866 48.791999699974866 48.791999699974866 24.395999849987433 24.395999849987433 24.395999849987433
 14144 65536 37972.927 37972.927 37972.927 48.82116061266491 48.82116061266491 48.82116061266491 24.410580306332456 24.410580306332456 24.410580306332456
 15552 65536 41809.082 41809.082 41809.082 48.755716377604266 48.755716377604266 48.755716377604266 24.377858188802133 24.377858188802133 24.377858188802133
 17104 32768 23189.068 23189.068 23189.068 48.33862852961577 48.33862852961577 48.33862852961577 24.169314264807884 24.169314264807884 24.169314264807884
 18800 32768 25305.033 25305.033 25305.033 48.68900190724904 48.68900190724904 48.68900190724904 24.34450095362452 24.34450095362452 24.34450095362452
 20672 32768 27904.034 27904.034 27904.034 48.55069313634007 48.55069313634007 48.55069313634007 24.275346568170036 24.275346568170036 24.275346568170036
 22736 32768 28769.97 28769.97 28769.97 51.79103405391107 51.79103405391107 51.79103405391107 25.895517026955535 25.895517026955535 25.895517026955535
 25008 32768 32322.884 32322.884 32322.884 50.704766567240725 50.704766567240725 50.704766567240725 25.352383283620362 25.352383283620362 25.352383283620362
 27504 32768 34760.952 34760.952 34760.952 51.85422263463901 51.85422263463901 51.85422263463901 25.927111317319504 25.927111317319504 25.927111317319504
 30240 32768 38208.961 38208.961 38208.961 51.867640159071584 51.867640159071584 51.867640159071584 25.933820079535792 25.933820079535792 25.933820079535792
 33264 16384 21656.036 21656.036 21656.036 50.332145365846266 50.332145365846266 50.332145365846266 25.166072682923133 25.166072682923133 25.166072682923133
 36576 16384 23096.085 23096.085 23096.085 51.89288002706952 51.89288002706952 51.89288002706952 25.94644001353476 25.94644001353476 25.94644001353476
 40224 16384 25441.885 25441.885 25441.885 51.80669718458362 51.80669718458362 51.80669718458362 25.90334859229181 25.90334859229181 25.90334859229181
 44240 16384 27935.982 27935.982 27935.982 51.89208383653741 51.89208383653741 51.89208383653741 25.946041918268705 25.946041918268705 25.946041918268705
 48656 16384 30745.983 30745.983 30745.983 51.85587359493434 51.85587359493434 51.85587359493434 25.92793679746717 25.92793679746717 25.92793679746717
 53520 16384 33768.177 33768.177 33768.177 51.93479529558258 51.93479529558258 51.93479529558258 25.96739764779129 25.96739764779129 25.96739764779129
 58864 16384 37161.112 37161.112 37161.112 51.90521618405821 51.90521618405821 51.90521618405821 25.952608092029106 25.952608092029106 25.952608092029106
 64736 16384 40833.95 40833.95 40833.95 51.94866644054764 51.94866644054764 51.94866644054764 25.97433322027382 25.97433322027382 25.97433322027382
 71200 8192 22528.172 22528.172 22528.172 51.78142283359697 51.78142283359697 51.78142283359697 25.890711416798485 25.890711416798485 25.890711416798485
 78320 8192 24724.96 24724.96 24724.96 51.89876464916424 51.89876464916424 51.89876464916424 25.94938232458212 25.94938232458212 25.94938232458212
 86144 8192 27215.958 27215.958 27215.958 51.858666742504525 51.858666742504525 51.858666742504525 25.929333371252262 25.929333371252262 25.929333371252262
 94752 8192 29957.056 29957.056 29957.056 51.82140621561745 51.82140621561745 51.82140621561745 25.910703107808725 25.910703107808725 25.910703107808725
 104224 8192 32989.025 32989.025 32989.025 51.76285191817582 51.76285191817582 51.76285191817582 25.88142595908791 25.88142595908791 25.88142595908791
 114640 8192 36153.078 36153.078 36153.078 51.953024857247286 51.953024857247286 51.953024857247286 25.976512428623643 25.976512428623643 25.976512428623643
 126096 8192 39726.019 39726.019 39726.019 52.005132052119286 52.005132052119286 52.005132052119286 26.002566026059643 26.002566026059643 26.002566026059643
 138704 4096 21860.123 21860.123 21860.123 51.978809451346635 51.978809451346635 51.978809451346635 25.989404725673317 25.989404725673317 25.989404725673317
 152560 4096 24065.018 24065.018 24065.018 51.93312217759404 51.93312217759404 51.93312217759404 25.96656108879702 25.96656108879702 25.96656108879702
 167808 4096 26439.905 26439.905 26439.905 51.99274112369164 51.99274112369164 51.99274112369164 25.99637056184582 25.99637056184582 25.99637056184582
 184576 4096 29136.181 29136.181 29136.181 51.895840158324106 51.895840158324106 51.895840158324106 25.947920079162053 25.947920079162053 25.947920079162053
 203024 4096 32079.22 32079.22 32079.22 51.845793258065505 51.845793258065505 51.845793258065505 25.922896629032753 25.922896629032753 25.922896629032753
 223312 4096 35176.039 35176.039 35176.039 52.006193875325195 52.006193875325195 52.006193875325195 26.003096937662598 26.003096937662598 26.003096937662598
 245632 4096 38646.936 38646.936 38646.936 52.06667209012379 52.06667209012379 52.06667209012379 26.033336045061894 26.033336045061894 26.033336045061894
 270192 2048 21261.93 21261.93 21261.93 52.05108059334218 52.05108059334218 52.05108059334218 26.02554029667109 26.02554029667109 26.02554029667109
 297200 2048 23406.982 23406.982 23406.982 52.007183155863494 52.007183155863494 52.007183155863494 26.003591577931747 26.003591577931747 26.003591577931747
 326912 2048 25804.043 25804.043 25804.043 51.892315944443276 51.892315944443276 51.892315944443276 25.946157972221638 25.946157972221638 25.946157972221638
 359600 2048 30193.09 30193.09 30193.09 48.783400440299424 48.783400440299424 48.783400440299424 24.391700220149712 24.391700220149712 24.391700220149712
 395552 2048 32911.062 32911.062 32911.062 49.2290705173841 49.2290705173841 49.2290705173841 24.61453525869205 24.61453525869205 24.61453525869205
 435104 2048 34390.211 34390.211 34390.211 51.82247890249931 51.82247890249931 51.82247890249931 25.911239451249656 25.911239451249656 25.911239451249656
 478608 2048 37776.947 37776.947 37776.947 51.893509764036786 51.893509764036786 51.893509764036786 25.946754882018393 25.946754882018393 25.946754882018393
 526464 1024 20930.052 20930.052 20930.052 51.514361837228115 51.514361837228115 51.514361837228115 25.757180918614058 25.757180918614058 25.757180918614058
 579104 1024 24270.058 24270.058 24270.058 48.86700279002217 48.86700279002217 48.86700279002217 24.433501395011085 24.433501395011085 24.433501395011085
 637008 1024 26784.897 26784.897 26784.897 48.7062684616633 48.7062684616633 48.7062684616633 24.35313423083165 24.35313423083165 24.35313423083165
 700704 1024 29594.898 29594.898 29594.898 48.48949950765162 48.48949950765162 48.48949950765162 24.24474975382581 24.24474975382581 24.24474975382581
 770768 1024 32563.925 32563.925 32563.925 48.47489557846605 48.47489557846605 48.47489557846605 24.237447789233023 24.237447789233023 24.237447789233023
 847840 1024 35859.108 35859.108 35859.108 48.42218384238671 48.42218384238671 48.42218384238671 24.211091921193354 24.211091921193354 24.211091921193354
 932624 1024 39430.141 39430.141 39430.141 48.44045452437007 48.44045452437007 48.44045452437007 24.220227262185034 24.220227262185034 24.220227262185034
 1025872 1024 43218.851 43218.851 43218.851 48.61271892674795 48.61271892674795 48.61271892674795 24.306359463373976 24.306359463373976 24.306359463373976
 1128448 512 24590.015 24590.015 24590.015 46.99186852875039 46.99186852875039 46.99186852875039 23.495934264375194 23.495934264375194 23.495934264375194
 1241280 512 26327.848 26327.848 26327.848 48.27856496284846 48.27856496284846 48.27856496284846 24.13928248142423 24.13928248142423 24.13928248142423
 1365408 512 28943.062 28943.062 28943.062 48.307873990664845 48.307873990664845 48.307873990664845 24.153936995332423 24.153936995332423 24.153936995332423
 1501936 512 31693.22 31693.22 31693.22 48.527175970128624 48.527175970128624 48.527175970128624 24.263587985064312 24.263587985064312 24.263587985064312
 1652128 512 34898.043 34898.043 34898.043 48.47776340925479 48.47776340925479 48.47776340925479 24.238881704627396 24.238881704627396 24.238881704627396
 1817328 512 38326.025 38326.025 38326.025 48.55561911260038 48.55561911260038 48.55561911260038 24.27780955630019 24.27780955630019 24.27780955630019
 1999056 512 42152.882 42152.882 42152.882 48.562120710987216 48.562120710987216 48.562120710987216 24.281060355493608 24.281060355493608 24.281060355493608
 2198960 256 23284.197 23284.197 23284.197 48.353289572322375 48.353289572322375 48.353289572322375 24.176644786161187 24.176644786161187 24.176644786161187
 2418848 256 25756.121 25756.121 25756.121 48.08372254502143 48.08372254502143 48.08372254502143 24.041861272510715 24.041861272510715 24.041861272510715
 2660720 256 28154.85 28154.85 28154.85 48.38557619735144 48.38557619735144 48.38557619735144 24.19278809867572 24.19278809867572 24.19278809867572
 2926784 256 31615.019 31615.019 31615.019 47.39878245842585 47.39878245842585 47.39878245842585 23.699391229212925 23.699391229212925 23.699391229212925
 3219456 256 35207.987 35207.987 35207.987 46.817827784360404 46.817827784360404 46.817827784360404 23.408913892180202 23.408913892180202 23.408913892180202
 3541392 256 37384.033 37384.033 37384.033 48.50179497755097 48.50179497755097 48.50179497755097 24.250897488775486 24.250897488775486 24.250897488775486
 3895520 256 42147.16 42147.16 42147.16 47.32243501104226 47.32243501104226 47.32243501104226 23.66121750552113 23.66121750552113 23.66121750552113
 4285072 128 22643.089 22643.089 22643.089 48.44650091690228 48.44650091690228 48.44650091690228 24.22325045845114 24.22325045845114 24.22325045845114
 4713568 128 25197.983 25197.983 25197.983 47.88769831299592 47.88769831299592 47.88769831299592 23.94384915649796 23.94384915649796 23.94384915649796
 5184912 128 27428.865 27428.865 27428.865 48.391994054438634 48.391994054438634 48.391994054438634 24.195997027219317 24.195997027219317 24.195997027219317
 5703392 128 30462.98 30462.98 30462.98 47.929268640165866 47.929268640165866 47.929268640165866 23.964634320082933 23.964634320082933 23.964634320082933
 6273728 128 33398.151 33398.151 33398.151 48.088721079199864 48.088721079199864 48.088721079199864 24.044360539599932 24.044360539599932 24.044360539599932
 6901088 128 36769.867 36769.867 36769.867 48.046911020918294 48.046911020918294 48.046911020918294 24.023455510459147 24.023455510459147 24.023455510459147
 7591184 128 40219.784 40219.784 40219.784 48.318089028026606 48.318089028026606 48.318089028026606 24.159044514013303 24.159044514013303 24.159044514013303
 8350288 128 44227.123 44227.123 44227.123 48.333999206776355 48.333999206776355 48.333999206776355 24.166999603388177 24.166999603388177 24.166999603388177
 9185312 64 24935.961 24935.961 24935.961 47.14957390252575 47.14957390252575 47.14957390252575 23.574786951262876 23.574786951262876 23.574786951262876
 10103840 64 27440.071 27440.071 27440.071 47.131493209328795 47.131493209328795 47.131493209328795 23.565746604664398 23.565746604664398 23.565746604664398
 11114224 64 29551.983 29551.983 29551.983 48.13960105485984 48.13960105485984 48.13960105485984 24.06980052742992 24.06980052742992 24.06980052742992
 12225632 64 33201.933 33201.933 33201.933 47.13222257270383 47.13222257270383 47.13222257270383 23.566111286351916 23.566111286351916 23.566111286351916
 13448192 64 36786.079 36786.079 36786.079 46.794021618884685 46.794021618884685 46.794021618884685 23.397010809442342 23.397010809442342 23.397010809442342
 14793008 64 39424.896 39424.896 39424.896 48.028155204264834 48.028155204264834 48.028155204264834 24.014077602132417 24.014077602132417 24.014077602132417
 16272304 64 43437.004 43437.004 43437.004 47.951164219337045 47.951164219337045 47.951164219337045 23.975582109668522 23.975582109668522 23.975582109668522
 17899520 32 24475.098 24475.098 24475.098 46.805503291549634 46.805503291549634 46.805503291549634 23.402751645774817 23.402751645774817 23.402751645774817
 19689472 32 26928.902 26928.902 26928.902 46.79456325400865 46.79456325400865 46.79456325400865 23.397281627004325 23.397281627004325 23.397281627004325
 21658416 32 29119.968 29119.968 29119.968 47.60096659446879 47.60096659446879 47.60096659446879 23.800483297234393 23.800483297234393 23.800483297234393
 23824256 32 31869.888 31869.888 31869.888 47.84304180799129 47.84304180799129 47.84304180799129 23.921520903995646 23.921520903995646 23.921520903995646
 26206672 32 35180.807 35180.807 35180.807 47.6744893316404 47.6744893316404 47.6744893316404 23.8372446658202 23.8372446658202 23.8372446658202
 28827328 32 38803.816 38803.816 38803.816 47.54555562267381 47.54555562267381 47.54555562267381 23.772777811336905 23.772777811336905 23.772777811336905
 31710048 32 42813.063 42813.063 42813.063 47.4024264977257 47.4024264977257 47.4024264977257 23.70121324886285 23.70121324886285 23.70121324886285
 34881040 16 23561.001 23561.001 23561.001 47.374611970009255 47.374611970009255 47.374611970009255 23.687305985004627 23.687305985004627 23.687305985004627
 38369136 16 25950.909 25950.909 25950.909 47.31288418451931 47.31288418451931 47.31288418451931 23.656442092259656 23.656442092259656 23.656442092259656
 42206048 16 28580.904 28580.904 28580.904 47.25510207794688 47.25510207794688 47.25510207794688 23.62755103897344 23.62755103897344 23.62755103897344
 46426640 16 31492.949 31492.949 31492.949 47.174130310883235 47.174130310883235 47.174130310883235 23.587065155441618 23.587065155441618 23.587065155441618
 51069296 16 34645.796 34645.796 34645.796 47.16928633996459 47.16928633996459 47.16928633996459 23.584643169982296 23.584643169982296 23.584643169982296
 56176224 16 40326.118 40326.118 40326.118 44.57754073923009 44.57754073923009 44.57754073923009 22.288770369615044 22.288770369615044 22.288770369615044
 61793840 16 49508.095 49508.095 49508.095 39.94100116354709 39.94100116354709 39.94100116354709 19.970500581773546 19.970500581773546 19.970500581773546
 67973216 8 31822.92 31822.92 31822.92 34.175727934457306 34.175727934457306 34.175727934457306 17.087863967228653 17.087863967228653 17.087863967228653
 74770528 8 36607.027 36607.027 36607.027 32.68029517939274 32.68029517939274 32.68029517939274 16.34014758969637 16.34014758969637 16.34014758969637
 82247568 8 40498.018 40498.018 40498.018 32.49445659291277 32.49445659291277 32.49445659291277 16.247228296456385 16.247228296456385 16.247228296456385
 90472320 8 47163.01 47163.01 47163.01 30.692636453865006 30.692636453865006 30.692636453865006 15.346318226932503 15.346318226932503 15.346318226932503
 99519552 8 50802.946 50802.946 50802.946 31.342923144653852 31.342923144653852 31.342923144653852 15.671461572326926 15.671461572326926 15.671461572326926
 109471504 8 56855.917 56855.917 56855.917 30.806715578960763 30.806715578960763 30.806715578960763 15.403357789480381 15.403357789480381 15.403357789480381
 120418640 8 62288.046 62288.046 62288.046 30.9320706576668 30.9320706576668 30.9320706576668 15.4660353288334 15.4660353288334 15.4660353288334
 132460496 8 68989.038 68989.038 68989.038 30.72035786323039 30.72035786323039 30.72035786323039 15.360178931615195 15.360178931615195 15.360178931615195
 145706544 4 37463.903 37463.903 37463.903 31.114012653726974 31.114012653726974 31.114012653726974 15.557006326863487 15.557006326863487 15.557006326863487
 160277184 4 42232.037 42232.037 42232.037 30.361250914797218 30.361250914797218 30.361250914797218 15.180625457398609 15.180625457398609 15.180625457398609
 176304896 4 46648.026 46648.026 46648.026 30.235773921065814 30.235773921065814 30.235773921065814 15.117886960532907 15.117886960532907 15.117886960532907
 193935376 4 51445.007 51445.007 51445.007 30.15808721728816 30.15808721728816 30.15808721728816 15.07904360864408 15.07904360864408 15.07904360864408
 213328912 4 56097.984 56097.984 56097.984 30.4223284744065 30.4223284744065 30.4223284744065 15.21116423720325 15.21116423720325 15.21116423720325
 234661792 4 62073.946 62073.946 62073.946 30.242870913990227 30.242870913990227 30.242870913990227 15.121435456995114 15.121435456995114 15.121435456995114
 258127968 4 68077.803 68077.803 68077.803 30.33329004462732 30.33329004462732 30.33329004462732 15.16664502231366 15.16664502231366 15.16664502231366
 283940752 2 37811.995 37811.995 37811.995 30.037108806345714 30.037108806345714 30.037108806345714 15.018554403172857 15.018554403172857 15.018554403172857
 312334816 2 41536.093 41536.093 41536.093 30.07840106675416 30.07840106675416 30.07840106675416 15.03920053337708 15.03920053337708 15.03920053337708
 343568288 2 45856.953 45856.953 45856.953 29.968697484108898 29.968697484108898 29.968697484108898 14.984348742054449 14.984348742054449 14.984348742054449
 377925104 2 50400.019 50400.019 50400.019 29.99404456573717 29.99404456573717 29.99404456573717 14.997022282868585 14.997022282868585 14.997022282868585
 415717600 2 53231.001 53231.001 53231.001 31.238758782687555 31.238758782687555 31.238758782687555 15.619379391343777 15.619379391343777 15.619379391343777
 457289360 2 60496.092 60496.092 60496.092 30.235960365836526 30.235960365836526 30.235960365836526 15.117980182918263 15.117980182918263 15.117980182918263
 503018288 2 64488.888 64488.888 64488.888 31.200307749142773 31.200307749142773 31.200307749142773 15.600153874571387 15.600153874571387 15.600153874571387
 553320112 1 36929.131 36929.131 36929.131 29.96659260679597 29.96659260679597 29.96659260679597 14.983296303397985 14.983296303397985 14.983296303397985
 608652112 1 40343.046 40343.046 40343.046 30.17383030522782 30.17383030522782 30.17383030522782 15.08691515261391 15.08691515261391 15.08691515261391
 669517312 1 44012.07 44012.07 44012.07 30.424259163452206 30.424259163452206 30.424259163452206 15.212129581726103 15.212129581726103 15.212129581726103
 736469040 1 49620.867 49620.867 49620.867 29.6838440972827 29.6838440972827 29.6838440972827 14.84192204864135 14.84192204864135 14.84192204864135
 810115936 1 53912.163 53912.163 53912.163 30.053178760421837 30.053178760421837 30.053178760421837 15.026589380210918 15.026589380210918 15.026589380210918
 891127520 1 58526.039 58526.039 58526.039 30.452343443232166 30.452343443232166 30.452343443232166 15.226171721616083 15.226171721616083 15.226171721616083
 980240272 1 65446.854 65446.854 65446.854 29.95530608698166 29.95530608698166 29.95530608698166 14.97765304349083 14.97765304349083 14.97765304349083
 
META_DATA
 MPI startup(): shm:tmi fabric is unknown or has been removed from the product, please use ofi or shm:ofi instead
 FLOPS          8
 MPI_PROCS      1
 OPENMP_THREADS 2
 ERT_VERSION  1.1.0
 HOSTNAME  ('shas0420.rc.int.colorado.edu', [], ['10.225.6.135'])
 UNAME  uname_result(system='Linux', node='shas0420.rc.int.colorado.edu', release='3.10.0-957.27.2.el7.x86_64', version='#1 SMP Mon Jul 29 17:46:05 UTC 2019', machine='x86_64', processor='x86_64')
 TIMESTAMP_DATA  1664555278.5719073
 CONFIG  {'ERT_RESULTS': ['lab5_results'], 'ERT_DRIVER': ['driver1'], 'ERT_KERNEL': ['kernel1'], 'ERT_MPI': ['True'], 'ERT_MPI_CFLAGS': ['-I/usr/include/mpi'], 'ERT_MPI_LDFLAGS': ['-lmpi'], 'ERT_OPENMP': ['True'], 'ERT_OPENMP_CFLAGS': ['-qopenmp'], 'ERT_OPENMP_LDFLAGS': ['-qopenmp'], 'ERT_FLOPS': ['1,2,4,8,16'], 'ERT_ALIGN': ['32'], 'ERT_CC': ['mpicc'], 'ERT_CFLAGS': ['-O3', '-msse3', '-axSSE3', '-xSSE3', '-fno-alias', '-fno-fnalias', '-DERT_INTEL', '-std=c++11'], 'ERT_LD': ['mpicc'], 'ERT_LDFLAGS': [], 'ERT_LDLIBS': [], 'ERT_PRECISION': ['FP64'], 'ERT_RUN': ['export', 'OMP_NUM_THREADS=ERT_OPENMP_THREADS;', 'mpirun', '-np', 'ERT_MPI_PROCS', 'ERT_CODE'], 'ERT_PROCS_THREADS': ['1-24'], 'ERT_MPI_PROCS': ['1,2,4,8,12,24'], 'ERT_OPENMP_THREADS': ['1,2,4,8,12,24'], 'ERT_NUM_EXPERIMENTS': ['1'], 'ERT_MEMORY_MAX': ['1073741824'], 'ERT_WORKING_SET_MIN': ['1'], 'ERT_TRIALS_MIN': ['1'], 'ERT_GNUPLOT': ['gnuplot'], 'ERT_GPU': [False], 'ERT_HIP': [False], 'ERT_OCL': [False], 'ERT_SYCL': [False], 'ERT_WSS_MULT': [1.1]}
 