fp64
 64 16777216 115458.965 115458.965 115458.965 18.59954008768397 18.59954008768397 18.59954008768397 2.324942510960496 2.324942510960496 2.324942510960496
 128 8388608 75894.117 75894.117 75894.117 28.29578540323488 28.29578540323488 28.29578540323488 3.53697317540436 3.53697317540436 3.53697317540436
 192 4194304 46395.779 46395.779 46395.779 34.714639364068006 34.714639364068006 34.714639364068006 4.339329920508501 4.339329920508501 4.339329920508501
 256 4194304 41610.956 41610.956 41610.956 51.608611155196726 51.608611155196726 51.608611155196726 6.451076394399591 6.451076394399591 6.451076394399591
 320 2097152 34870.148 34870.148 34870.148 38.49072507521333 38.49072507521333 38.49072507521333 4.811340634401666 4.811340634401666 4.811340634401666
 384 2097152 42144.06 42144.06 42144.06 38.216838529557904 38.216838529557904 38.216838529557904 4.777104816194738 4.777104816194738 4.777104816194738
 448 2097152 26000.977 26000.977 26000.977 72.26836868476136 72.26836868476136 72.26836868476136 9.03354608559517 9.03354608559517 9.03354608559517
 512 2097152 24997.95 24997.95 24997.95 85.90639024400001 85.90639024400001 85.90639024400001 10.738298780500001 10.738298780500001 10.738298780500001
 576 1048576 54644.108 54644.108 54644.108 22.105943279374237 22.105943279374237 22.105943279374237 2.7632429099217797 2.7632429099217797 2.7632429099217797
 640 1048576 20602.942 20602.942 20602.942 65.14493318478497 65.14493318478497 65.14493318478497 8.143116648098122 8.143116648098122 8.143116648098122
 704 1048576 36561.012 36561.012 36561.012 40.38167783758283 40.38167783758283 40.38167783758283 5.0477097296978535 5.0477097296978535 5.0477097296978535
 768 1048576 36004.782 36004.782 36004.782 44.733300593237864 44.733300593237864 44.733300593237864 5.591662574154733 5.591662574154733 5.591662574154733
 832 1048576 33337.116 33337.116 33337.116 52.33897449317452 52.33897449317452 52.33897449317452 6.542371811646815 6.542371811646815 6.542371811646815
 896 1048576 40899.038 40899.038 40899.038 45.943579210836205 45.943579210836205 45.943579210836205 5.742947401354526 5.742947401354526 5.742947401354526
 960 1048576 39175.987 39175.987 39175.987 51.39030498453044 51.39030498453044 51.39030498453044 6.423788123066305 6.423788123066305 6.423788123066305
 1024 1048576 44275.045 44275.045 44275.045 48.5032516172485 48.5032516172485 48.5032516172485 6.062906452156063 6.062906452156063 6.062906452156063
 1088 524288 26813.984 26813.984 26813.984 42.54685495448942 42.54685495448942 42.54685495448942 5.318356869311177 5.318356869311177 5.318356869311177
 1152 524288 29012.918 29012.918 29012.918 41.63523131316884 41.63523131316884 41.63523131316884 5.204403914146105 5.204403914146105 5.204403914146105
 1216 524288 11927.843 11927.843 11927.843 106.89849086712493 106.89849086712493 106.89849086712493 13.362311358390617 13.362311358390617 13.362311358390617
 1280 524288 51287.889 51287.889 51287.889 26.16947794439346 26.16947794439346 26.16947794439346 3.2711847430491825 3.2711847430491825 3.2711847430491825
 1408 524288 30960.083 30960.083 30960.083 47.68704941779387 47.68704941779387 47.68704941779387 5.960881177224234 5.960881177224234 5.960881177224234
 1536 524288 46454.906 46454.906 46454.906 34.67045517216201 34.67045517216201 34.67045517216201 4.333806896520251 4.333806896520251 4.333806896520251
 1664 524288 18435.955 18435.955 18435.955 94.64280336982814 94.64280336982814 94.64280336982814 11.830350421228518 11.830350421228518 11.830350421228518
 1792 524288 31125.069 31125.069 31125.069 60.370892414728466 60.370892414728466 60.370892414728466 7.546361551841058 7.546361551841058 7.546361551841058
 1920 524288 26021.004 26021.004 26021.004 77.3708009114483 77.3708009114483 77.3708009114483 9.671350113931037 9.671350113931037 9.671350113931037
 2112 262144 25702.0 25702.0 25702.0 43.08210473893082 43.08210473893082 43.08210473893082 5.385263092366353 5.385263092366353 5.385263092366353
 2304 262144 15038.013 15038.013 15038.013 80.32707193430407 80.32707193430407 80.32707193430407 10.040883991788009 10.040883991788009 10.040883991788009
 2496 262144 26911.02 26911.02 26911.02 48.62776840119772 48.62776840119772 48.62776840119772 6.078471050149715 6.078471050149715 6.078471050149715
 2688 262144 8167.982 8167.982 8167.982 172.53786112653037 172.53786112653037 172.53786112653037 21.567232640816297 21.567232640816297 21.567232640816297
 2944 262144 28879.881 28879.881 28879.881 53.445645153454755 53.445645153454755 53.445645153454755 6.680705644181844 6.680705644181844 6.680705644181844
 3200 262144 31802.177 31802.177 31802.177 52.754929324492466 52.754929324492466 52.754929324492466 6.594366165561558 6.594366165561558 6.594366165561558
 3520 262144 12577.057 12577.057 12577.057 146.73494443095868 146.73494443095868 146.73494443095868 18.341868053869835 18.341868053869835 18.341868053869835
 3840 262144 11689.901 11689.901 11689.901 172.22266638528419 172.22266638528419 172.22266638528419 21.527833298160523 21.527833298160523 21.527833298160523
 4224 131072 25325.06 25325.06 25325.06 43.723341859802105 43.723341859802105 43.723341859802105 5.465417732475263 5.465417732475263 5.465417732475263
 4608 131072 48622.131 48622.131 48622.131 24.843821674537466 24.843821674537466 24.843821674537466 3.1054777093171833 3.1054777093171833 3.1054777093171833
 5056 131072 26951.075 26951.075 26951.075 49.1780036232321 49.1780036232321 49.1780036232321 6.147250452904013 6.147250452904013 6.147250452904013
 5504 131072 26014.805 26014.805 26014.805 55.4622868016885 55.4622868016885 55.4622868016885 6.932785850211062 6.932785850211062 6.932785850211062
 6016 131072 29484.034 29484.034 29484.034 53.488552618003354 53.488552618003354 53.488552618003354 6.686069077250419 6.686069077250419 6.686069077250419
 6592 131072 31005.144 31005.144 31005.144 55.73440484585396 55.73440484585396 55.73440484585396 6.966800605731745 6.966800605731745 6.966800605731745
 7232 131072 28270.006 28270.006 28270.006 67.06137267887387 67.06137267887387 67.06137267887387 8.382671584859233 8.382671584859233 8.382671584859233
 7936 131072 12073.04 12073.04 12073.04 172.3157368815145 172.3157368815145 172.3157368815145 21.539467110189314 21.539467110189314 21.539467110189314
 8704 65536 26225.09 26225.09 26225.09 43.50226016383547 43.50226016383547 43.50226016383547 5.437782520479434 5.437782520479434 5.437782520479434
 9536 65536 26433.945 26433.945 26433.945 47.28399760232534 47.28399760232534 47.28399760232534 5.910499700290668 5.910499700290668 5.910499700290668
 10432 65536 10809.183 10809.183 10809.183 126.49828428291016 126.49828428291016 126.49828428291016 15.81228553536377 15.81228553536377 15.81228553536377
 11456 65536 13584.137 13584.137 13584.137 110.53781568899076 110.53781568899076 110.53781568899076 13.817226961123845 13.817226961123845 13.817226961123845
 12544 65536 27322.054 27322.054 27322.054 60.17729003829654 60.17729003829654 60.17729003829654 7.5221612547870675 7.5221612547870675 7.5221612547870675
 13760 65536 11752.129 11752.129 11752.129 153.4658715880331 153.4658715880331 153.4658715880331 19.18323394850414 19.18323394850414 19.18323394850414
 15104 65536 50479.174 50479.174 50479.174 39.21838118825003 39.21838118825003 39.21838118825003 4.9022976485312535 4.9022976485312535 4.9022976485312535
 16576 32768 16639.948 16639.948 16639.948 65.28414247448369 65.28414247448369 65.28414247448369 8.160517809310461 8.160517809310461 8.160517809310461
 18176 32768 28119.087 28119.087 28119.087 42.36205592308171 42.36205592308171 42.36205592308171 5.295256990385214 5.295256990385214 5.295256990385214
 19968 32768 10834.932 10834.932 10834.932 120.77813206395757 120.77813206395757 120.77813206395757 15.097266507994696 15.097266507994696 15.097266507994696
 21952 32768 9624.958 9624.958 9624.958 149.47039477990447 149.47039477990447 149.47039477990447 18.68379934748806 18.68379934748806 18.68379934748806
 24128 32768 12321.949 12321.949 12321.949 128.32812471468597 128.32812471468597 128.32812471468597 16.041015589335746 16.041015589335746 16.041015589335746
 26496 32768 14435.053 14435.053 14435.053 120.29341741938876 120.29341741938876 120.29341741938876 15.036677177423595 15.036677177423595 15.036677177423595
 29120 32768 26001.215 26001.215 26001.215 73.39689010686615 73.39689010686615 73.39689010686615 9.174611263358269 9.174611263358269 9.174611263358269
 32000 32768 25629.044 25629.044 25629.044 81.82716452474777 81.82716452474777 81.82716452474777 10.228395565593472 10.228395565593472 10.228395565593472
 35200 16384 48334.122 48334.122 48334.122 23.863754057640687 23.863754057640687 23.863754057640687 2.982969257205086 2.982969257205086 2.982969257205086
 38720 16384 47321.796 47321.796 47321.796 26.811682295405696 26.811682295405696 26.811682295405696 3.351460286925712 3.351460286925712 3.351460286925712
 42560 16384 26690.006 26690.006 26690.006 52.251995747022306 52.251995747022306 52.251995747022306 6.531499468377788 6.531499468377788 6.531499468377788
 46784 16384 27620.792 27620.792 27620.792 55.50232274295393 55.50232274295393 55.50232274295393 6.937790342869241 6.937790342869241 6.937790342869241
 51456 16384 24198.055 24198.055 24198.055 69.6795758171473 69.6795758171473 69.6795758171473 8.709946977143412 8.709946977143412 8.709946977143412
 56576 16384 43534.04 43534.04 43534.04 42.58466174974801 42.58466174974801 42.58466174974801 5.323082718718501 5.323082718718501 5.323082718718501
 62208 16384 17621.04 17621.04 17621.04 115.68169324852562 115.68169324852562 115.68169324852562 14.460211656065702 14.460211656065702 14.460211656065702
 68416 8192 26222.944 26222.944 26222.944 42.74606787094539 42.74606787094539 42.74606787094539 5.343258483868174 5.343258483868174 5.343258483868174
 75200 8192 26589.87 26589.87 26589.87 46.33632281767455 46.33632281767455 46.33632281767455 5.792040352209319 5.792040352209319 5.792040352209319
 82688 8192 27513.027 27513.027 27513.027 49.24068122348007 49.24068122348007 49.24068122348007 6.155085152935008 6.155085152935008 6.155085152935008
 90944 8192 39513.111 39513.111 39513.111 37.70967302473349 37.70967302473349 37.70967302473349 4.713709128091686 4.713709128091686 4.713709128091686
 100032 8192 12687.206 12687.206 12687.206 129.1792919575831 129.1792919575831 129.1792919575831 16.147411494697888 16.147411494697888 16.147411494697888
 110016 8192 27838.945 27838.945 27838.945 64.74750188988843 64.74750188988843 64.74750188988843 8.093437736236053 8.093437736236053 8.093437736236053
 120960 8192 17010.927 17010.927 17010.927 116.50209538845237 116.50209538845237 116.50209538845237 14.562761923556547 14.562761923556547 14.562761923556547
 133056 4096 9977.102 9977.102 9977.102 109.24963501425562 109.24963501425562 109.24963501425562 13.656204376781952 13.656204376781952 13.656204376781952
 146304 4096 27629.137 27629.137 27629.137 43.37892884602223 43.37892884602223 43.37892884602223 5.422366105752778 5.422366105752778 5.422366105752778
 160896 4096 54650.068 54650.068 54650.068 24.118177346092235 24.118177346092235 24.118177346092235 3.0147721682615294 3.0147721682615294 3.0147721682615294
 176960 4096 13525.963 13525.963 13525.963 107.17583065989461 107.17583065989461 107.17583065989461 13.396978832486827 13.396978832486827 13.396978832486827
 194624 4096 13104.916 13104.916 13104.916 121.66120011757421 121.66120011757421 121.66120011757421 15.207650014696776 15.207650014696776 15.207650014696776
 214080 4096 21321.058 21321.058 21321.058 82.25404949416675 82.25404949416675 82.25404949416675 10.281756186770844 10.281756186770844 10.281756186770844
 235456 4096 28298.14 28298.14 28298.14 68.16191990003583 68.16191990003583 68.16191990003583 8.520239987504478 8.520239987504478 8.520239987504478
 258944 4096 29289.007 29289.007 29289.007 72.42544098541818 72.42544098541818 72.42544098541818 9.053180123177272 9.053180123177272 9.053180123177272
 284800 2048 50976.038 50976.038 50976.038 22.88410095739492 22.88410095739492 22.88410095739492 2.860512619674365 2.860512619674365 2.860512619674365
 313280 2048 19163.847 19163.847 19163.847 66.95914865110329 66.95914865110329 66.95914865110329 8.369893581387911 8.369893581387911 8.369893581387911
 344576 2048 11240.005 11240.005 11240.005 125.56785303921129 125.56785303921129 125.56785303921129 15.69598162990141 15.69598162990141 15.69598162990141
 379008 2048 14739.037 14739.037 14739.037 105.32687908986185 105.32687908986185 105.32687908986185 13.165859886232731 13.165859886232731 13.165859886232731
 416896 2048 28364.897 28364.897 28364.897 60.2013825750892 60.2013825750892 60.2013825750892 7.52517282188615 7.52517282188615 7.52517282188615
 458560 2048 26607.037 26607.037 26607.037 70.59266914989445 70.59266914989445 70.59266914989445 8.824083643736806 8.824083643736806 8.824083643736806
 504384 2048 42531.967 42531.967 42531.967 48.57421393184096 48.57421393184096 48.57421393184096 6.07177674148012 6.07177674148012 6.07177674148012
 554816 1024 26661.158 26661.158 26661.158 42.61867275232381 42.61867275232381 42.61867275232381 5.327334094040476 5.327334094040476 5.327334094040476
 610240 1024 8255.005 8255.005 8255.005 151.39561029944863 151.39561029944863 151.39561029944863 18.92445128743108 18.92445128743108 18.92445128743108
 671232 1024 14349.937 14349.937 14349.937 95.79715478890256 95.79715478890256 95.79715478890256 11.97464434861282 11.97464434861282 11.97464434861282
 738304 1024 11723.042 11723.042 11723.042 128.9807365699108 128.9807365699108 128.9807365699108 16.12259207123885 16.12259207123885 16.12259207123885
 812096 1024 26174.068 26174.068 26174.068 63.542763318258366 63.542763318258366 63.542763318258366 7.942845414782296 7.942845414782296 7.942845414782296
 893248 1024 9999.99 9999.99 9999.99 182.93737333737334 182.93737333737334 182.93737333737334 22.867171667171668 22.867171667171668 22.867171667171668
 982528 1024 30283.928 30283.928 30283.928 66.44505772170639 66.44505772170639 66.44505772170639 8.305632215213299 8.305632215213299 8.305632215213299
 1080768 512 26171.923 26171.923 26171.923 42.28601895244763 42.28601895244763 42.28601895244763 5.285752369055953 5.285752369055953 5.285752369055953
 1188800 512 13336.182 13336.182 13336.182 91.28033795579574 91.28033795579574 91.28033795579574 11.410042244474468 11.410042244474468 11.410042244474468
 1307648 512 22156.0 22156.0 22156.0 60.43652067160138 60.43652067160138 60.43652067160138 7.554565083950172 7.554565083950172 7.554565083950172
 1438400 512 9335.995 9335.995 9335.995 157.76803650816007 157.76803650816007 157.76803650816007 19.721004563520008 19.721004563520008 19.721004563520008
 1582208 512 15350.103 15350.103 15350.103 105.54854205212827 105.54854205212827 105.54854205212827 13.193567756516034 13.193567756516034 13.193567756516034
 1740416 512 14219.999 14219.999 14219.999 125.32954355341376 125.32954355341376 125.32954355341376 15.66619294417672 15.66619294417672 15.66619294417672
 1914432 512 32146.931 32146.931 32146.931 60.98182025525235 60.98182025525235 60.98182025525235 7.622727531906544 7.622727531906544 7.622727531906544
 2105856 256 40019.989 40019.989 40019.989 26.941493462179615 26.941493462179615 26.941493462179615 3.367686682772452 3.367686682772452 3.367686682772452
 2316416 256 28645.992 28645.992 28645.992 41.40212676174733 41.40212676174733 41.40212676174733 5.175265845218417 5.175265845218417 5.175265845218417
 2548032 256 15954.018 15954.018 15954.018 81.77202658289592 81.77202658289592 81.77202658289592 10.22150332286199 10.22150332286199 10.22150332286199
 2802816 256 32526.97 32526.97 32526.97 44.11852047700723 44.11852047700723 44.11852047700723 5.514815059625904 5.514815059625904 5.514815059625904
 3083072 256 13775.11 13775.11 13775.11 114.59312223278071 114.59312223278071 114.59312223278071 14.32414027909759 14.32414027909759 14.32414027909759
 3391360 256 32943.964 32943.964 32943.964 52.70696386142239 52.70696386142239 52.70696386142239 6.5883704826777985 6.5883704826777985 6.5883704826777985
 3730496 256 34054.995 34054.995 34054.995 56.08616157482918 56.08616157482918 56.08616157482918 7.010770196853647 7.010770196853647 7.010770196853647
 4103488 256 21116.972 21116.972 21116.972 99.4927613674915 99.4927613674915 99.4927613674915 12.436595170936437 12.436595170936437 12.436595170936437
 4513792 128 29474.02 29474.02 29474.02 39.205060999483614 39.205060999483614 39.205060999483614 4.900632624935452 4.900632624935452 4.900632624935452
 4965120 128 16079.903 16079.903 16079.903 79.04716340639617 79.04716340639617 79.04716340639617 9.88089542579952 9.88089542579952 9.88089542579952
 5461632 128 32417.059 32417.059 32417.059 43.13092659022523 43.13092659022523 43.13092659022523 5.391365823778154 5.391365823778154 5.391365823778154
 6007744 128 17569.065 17569.065 17569.065 87.53923239512177 87.53923239512177 87.53923239512177 10.942404049390221 10.942404049390221 10.942404049390221
 6608512 128 14054.06 14054.06 14054.06 120.37653688684979 120.37653688684979 120.37653688684979 15.047067110856224 15.047067110856224 15.047067110856224
 7269312 128 12335.062 12335.062 12335.062 150.86619524085086 150.86619524085086 150.86619524085086 18.858274405106357 18.858274405106357 18.858274405106357
 7996224 128 15470.028 15470.028 15470.028 132.32253645565476 132.32253645565476 132.32253645565476 16.540317056956845 16.540317056956845 16.540317056956845
 8795840 64 28588.772 28588.772 28588.772 39.3814578674453 39.3814578674453 39.3814578674453 4.922682233430662 4.922682233430662 4.922682233430662
 9675392 64 31614.065 31614.065 31614.065 39.17402510559778 39.17402510559778 39.17402510559778 4.896753138199722 4.896753138199722 4.896753138199722
 10642880 64 30065.775 30065.775 30065.775 45.31027854761768 45.31027854761768 45.31027854761768 5.66378481845221 5.66378481845221 5.66378481845221
 11707136 64 36245.108 36245.108 36245.108 41.343880338279035 41.343880338279035 41.343880338279035 5.167985042284879 5.167985042284879 5.167985042284879
 12877824 64 19235.134 19235.134 19235.134 85.69534644260862 85.69534644260862 85.69534644260862 10.711918305326078 10.711918305326078 10.711918305326078
 14165568 64 18794.06 18794.06 18794.06 96.47690302148656 96.47690302148656 96.47690302148656 12.05961287768582 12.05961287768582 12.05961287768582
 15582080 64 34983.873 34983.873 34983.873 57.01216214682691 57.01216214682691 57.01216214682691 7.126520268353364 7.126520268353364 7.126520268353364
 17140288 32 28300.047 28300.047 28300.047 38.76242438749307 38.76242438749307 38.76242438749307 4.845303048436634 4.845303048436634 4.845303048436634
 18854272 32 29660.94 29660.94 29660.94 40.682237582490636 40.682237582490636 40.682237582490636 5.0852796978113295 5.0852796978113295 5.0852796978113295
 20739648 32 12055.874 12055.874 12055.874 110.09881755565793 110.09881755565793 110.09881755565793 13.762352194457241 13.762352194457241 13.762352194457241
 22813568 32 30941.963 30941.963 30941.963 47.18732137324319 47.18732137324319 47.18732137324319 5.898415171655399 5.898415171655399 5.898415171655399
 25094912 32 32038.927 32038.927 32038.927 50.12884382800959 50.12884382800959 50.12884382800959 6.266105478501199 6.266105478501199 6.266105478501199
 27604352 32 33177.137 33177.137 33177.137 53.24987891510952 53.24987891510952 53.24987891510952 6.65623486438869 6.65623486438869 6.65623486438869
 30364736 32 34402.132 34402.132 34402.132 56.48903108679428 56.48903108679428 56.48903108679428 7.061128885849285 7.061128885849285 7.061128885849285
 33401152 32 43069.839 43069.839 43069.839 49.63273087693688 49.63273087693688 49.63273087693688 6.20409135961711 6.20409135961711 6.20409135961711
 36741248 16 12042.046 12042.046 12042.046 97.63456608619498 97.63456608619498 97.63456608619498 12.204320760774372 12.204320760774372 12.204320760774372
 40415360 16 13126.135 13126.135 13126.135 98.52797643784707 98.52797643784707 98.52797643784707 12.315997054730884 12.315997054730884 12.315997054730884
 44456896 16 17688.036 17688.036 17688.036 80.42841342023502 80.42841342023502 80.42841342023502 10.053551677529377 10.053551677529377 10.053551677529377
 48902528 16 16633.034 16633.034 16633.034 94.08270890325844 94.08270890325844 94.08270890325844 11.760338612907304 11.760338612907304 11.760338612907304
 53792768 16 19927.979 19927.979 19927.979 86.37948564678837 86.37948564678837 86.37948564678837 10.797435705848546 10.797435705848546 10.797435705848546
 59172032 16 19863.844 19863.844 19863.844 95.32419928388482 95.32419928388482 95.32419928388482 11.915524910485603 11.915524910485603 11.915524910485603
 65089216 16 37569.046 37569.046 37569.046 55.44071872360028 55.44071872360028 55.44071872360028 6.930089840450035 6.930089840450035 6.930089840450035
 71598080 8 17211.914 17211.914 17211.914 66.55676294919901 66.55676294919901 66.55676294919901 8.319595368649876 8.319595368649876 8.319595368649876
 78757888 8 17379.999 17379.999 17379.999 72.50438898184056 72.50438898184056 72.50438898184056 9.06304862273007 9.06304862273007 9.06304862273007
 86633664 8 25237.799 25237.799 25237.799 54.9231184541885 54.9231184541885 54.9231184541885 6.865389806773562 6.865389806773562 6.865389806773562
 95297024 8 33426.046 33426.046 33426.046 45.615696932864864 45.615696932864864 45.615696932864864 5.701962116608108 5.701962116608108 5.701962116608108
 104826688 8 18627.882 18627.882 18627.882 90.03852440121747 90.03852440121747 90.03852440121747 11.254815550152184 11.254815550152184 11.254815550152184
 115309312 8 37764.072 37764.072 37764.072 48.85460953469212 48.85460953469212 48.85460953469212 6.106826191836515 6.106826191836515 6.106826191836515
 126840192 8 44875.145 44875.145 44875.145 45.22421202204472 45.22421202204472 45.22421202204472 5.65302650275559 5.65302650275559 5.65302650275559
 139524160 4 36000.013 36000.013 36000.013 31.005357692509726 31.005357692509726 31.005357692509726 3.8756697115637158 3.8756697115637158 3.8756697115637158
 153476544 4 20389.08 20389.08 20389.08 60.21911493799622 60.21911493799622 60.21911493799622 7.527389367249527 7.527389367249527 7.527389367249527
 168824192 4 40636.063 40636.063 40636.063 33.236328430734055 33.236328430734055 33.236328430734055 4.154541053841757 4.154541053841757 4.154541053841757
 185706560 4 42433.023 42433.023 42433.023 35.01170491671074 35.01170491671074 35.01170491671074 4.376463114588843 4.376463114588843 4.376463114588843
 204277184 4 47104.12 47104.12 47104.12 34.69372683323667 34.69372683323667 34.69372683323667 4.336715854154583 4.336715854154583 4.336715854154583
 224704896 4 46518.803 46518.803 46518.803 38.643280825605075 38.643280825605075 38.643280825605075 4.830410103200634 4.830410103200634 4.830410103200634
 247175360 4 30002.832 30002.832 30002.832 65.90720769292713 65.90720769292713 65.90720769292713 8.238400961615891 8.238400961615891 8.238400961615891
 271892864 2 15515.804 15515.804 15515.804 70.09443120060037 70.09443120060037 70.09443120060037 8.761803900075046 8.761803900075046 8.761803900075046
 299082112 2 40280.104 40280.104 40280.104 29.700232352925408 29.700232352925408 29.700232352925408 3.712529044115676 3.712529044115676 3.712529044115676
 328990272 2 25861.025 25861.025 25861.025 50.885882829470205 50.885882829470205 50.885882829470205 6.360735353683776 6.360735353683776 6.360735353683776
 361889280 2 37128.925 37128.925 37128.925 38.98731568446972 38.98731568446972 38.98731568446972 4.873414460558715 4.873414460558715 4.873414460558715
 398078208 2 46819.925 46819.925 46819.925 34.00929907512666 34.00929907512666 34.00929907512666 4.251162384390833 4.251162384390833 4.251162384390833
 437886016 2 32503.128 32503.128 32503.128 53.888476949049334 53.888476949049334 53.888476949049334 6.736059618631167 6.736059618631167 6.736059618631167
 481674560 2 49985.886 49985.886 49985.886 38.544845238914036 38.544845238914036 38.544845238914036 4.8181056548642545 4.8181056548642545 4.8181056548642545
 529841984 2 38934.946 38934.946 38934.946 54.433565568576874 54.433565568576874 54.433565568576874 6.804195696072109 6.804195696072109 6.804195696072109
 582826176 1 36618.948 36618.948 36618.948 31.83194536336762 31.83194536336762 31.83194536336762 3.9789931704209525 3.9789931704209525 3.9789931704209525
 641108736 1 36207.914 36207.914 36207.914 35.41263028850544 35.41263028850544 35.41263028850544 4.42657878606318 4.42657878606318 4.42657878606318
 705219584 1 44286.013 44286.013 44286.013 31.84841155152079 31.84841155152079 31.84841155152079 3.981051443940099 3.981051443940099 3.981051443940099
 775741504 1 35826.921 35826.921 35826.921 43.304949593630994 43.304949593630994 43.304949593630994 5.413118699203874 5.413118699203874 5.413118699203874
 853315648 1 45498.133 45498.133 45498.133 37.50991927514916 37.50991927514916 37.50991927514916 4.688739909393645 4.688739909393645 4.688739909393645
 938647168 1 56411.028 56411.028 56411.028 33.27885348942764 33.27885348942764 33.27885348942764 4.159856686178455 4.159856686178455 4.159856686178455
 1032511872 1 54279.089 54279.089 54279.089 38.0445542112912 38.0445542112912 38.0445542112912 4.7555692764114 4.7555692764114 4.7555692764114
 
META_DATA
 MPI startup(): shm:tmi fabric is unknown or has been removed from the product, please use ofi or shm:ofi instead
 FLOPS          2
 MPI_PROCS      4
 OPENMP_THREADS 2
 ERT_VERSION  1.1.0
 HOSTNAME  ('shas0420.rc.int.colorado.edu', [], ['10.225.6.135'])
 UNAME  uname_result(system='Linux', node='shas0420.rc.int.colorado.edu', release='3.10.0-957.27.2.el7.x86_64', version='#1 SMP Mon Jul 29 17:46:05 UTC 2019', machine='x86_64', processor='x86_64')
 TIMESTAMP_DATA  1664552598.297068
 CONFIG  {'ERT_RESULTS': ['lab5_results'], 'ERT_DRIVER': ['driver1'], 'ERT_KERNEL': ['kernel1'], 'ERT_MPI': ['True'], 'ERT_MPI_CFLAGS': ['-I/usr/include/mpi'], 'ERT_MPI_LDFLAGS': ['-lmpi'], 'ERT_OPENMP': ['True'], 'ERT_OPENMP_CFLAGS': ['-qopenmp'], 'ERT_OPENMP_LDFLAGS': ['-qopenmp'], 'ERT_FLOPS': ['1,2,4,8,16'], 'ERT_ALIGN': ['32'], 'ERT_CC': ['mpicc'], 'ERT_CFLAGS': ['-O3', '-msse3', '-axSSE3', '-xSSE3', '-fno-alias', '-fno-fnalias', '-DERT_INTEL', '-std=c++11'], 'ERT_LD': ['mpicc'], 'ERT_LDFLAGS': [], 'ERT_LDLIBS': [], 'ERT_PRECISION': ['FP64'], 'ERT_RUN': ['export', 'OMP_NUM_THREADS=ERT_OPENMP_THREADS;', 'mpirun', '-np', 'ERT_MPI_PROCS', 'ERT_CODE'], 'ERT_PROCS_THREADS': ['1-24'], 'ERT_MPI_PROCS': ['1,2,4'], 'ERT_OPENMP_THREADS': ['1,2,4'], 'ERT_NUM_EXPERIMENTS': ['1'], 'ERT_MEMORY_MAX': ['1073741824'], 'ERT_WORKING_SET_MIN': ['1'], 'ERT_TRIALS_MIN': ['1'], 'ERT_GNUPLOT': ['gnuplot'], 'ERT_GPU': [False], 'ERT_HIP': [False], 'ERT_OCL': [False], 'ERT_SYCL': [False], 'ERT_WSS_MULT': [1.1]}
 