fp64
 192 4194304 24959.087 24959.087 24959.087 64.53011426259302 64.53011426259302 64.53011426259302 16.132528565648254 16.132528565648254 16.132528565648254
 384 2097152 13220.787 13220.787 13220.787 121.82427082442219 121.82427082442219 121.82427082442219 30.456067706105546 30.456067706105546 30.456067706105546
 576 1048576 6591.797 6591.797 6591.797 183.251934487667 183.251934487667 183.251934487667 45.81298362191675 45.81298362191675 45.81298362191675
 768 1048576 6596.088 6596.088 6596.088 244.1769630726576 244.1769630726576 244.1769630726576 61.0442407681644 61.0442407681644 61.0442407681644
 960 1048576 6695.986 6695.986 6695.986 300.66758204094214 300.66758204094214 300.66758204094214 75.16689551023553 75.16689551023553 75.16689551023553
 1152 524288 3392.935 3392.935 3392.935 356.0220139790476 356.0220139790476 356.0220139790476 89.0055034947619 89.0055034947619 89.0055034947619
 1344 524288 3299.952 3299.952 3299.952 427.06261909264134 427.06261909264134 427.06261909264134 106.76565477316034 106.76565477316034 106.76565477316034
 1536 524288 3463.03 3463.03 3463.03 465.08772260130576 465.08772260130576 465.08772260130576 116.27193065032644 116.27193065032644 116.27193065032644
 1728 524288 3850.937 3850.937 3850.937 470.5190783437901 470.5190783437901 470.5190783437901 117.62976958594753 117.62976958594753 117.62976958594753
 1920 524288 3797.054 3797.054 3797.054 530.2178794402186 530.2178794402186 530.2178794402186 132.55446986005464 132.55446986005464 132.55446986005464
 2112 262144 2201.08 2201.08 2201.08 503.06951859996 503.06951859996 503.06951859996 125.76737964999 125.76737964999 125.76737964999
 2304 262144 2141.953 2141.953 2141.953 563.9524079193147 563.9524079193147 563.9524079193147 140.98810197982868 140.98810197982868 140.98810197982868
 2496 262144 2475.023 2475.023 2475.023 528.7315907771361 528.7315907771361 528.7315907771361 132.18289769428404 132.18289769428404 132.18289769428404
 2688 262144 2432.823 2432.823 2432.823 579.2801794458537 579.2801794458537 579.2801794458537 144.82004486146343 144.82004486146343 144.82004486146343
 2880 262144 2744.913 2744.913 2744.913 550.0900902870146 550.0900902870146 550.0900902870146 137.52252257175365 137.52252257175365 137.52252257175365
 3072 262144 1869.202 1869.202 1869.202 861.6579353114324 861.6579353114324 861.6579353114324 215.4144838278581 215.4144838278581 215.4144838278581
 3264 262144 2199.888 2199.888 2199.888 777.8923436102201 777.8923436102201 777.8923436102201 194.47308590255503 194.47308590255503 194.47308590255503
 3456 262144 2260.923 2260.923 2260.923 801.4157616159418 801.4157616159418 801.4157616159418 200.35394040398546 200.35394040398546 200.35394040398546
 3648 262144 2547.979 2547.979 2547.979 750.6351598659173 750.6351598659173 750.6351598659173 187.65878996647933 187.65878996647933 187.65878996647933
 3840 262144 2537.012 2537.012 2537.012 793.5579019728718 793.5579019728718 793.5579019728718 198.38947549321796 198.38947549321796 198.38947549321796
 4224 131072 1429.796 1429.796 1429.796 774.4435262093333 774.4435262093333 774.4435262093333 193.61088155233332 193.61088155233332 193.61088155233332
 4608 131072 1523.972 1523.972 1523.972 792.6389408729294 792.6389408729294 792.6389408729294 198.15973521823236 198.15973521823236 198.15973521823236
 4992 131072 1648.188 1648.188 1648.188 793.9766871254977 793.9766871254977 793.9766871254977 198.49417178137443 198.49417178137443 198.49417178137443
 5376 131072 1787.901 1787.901 1787.901 788.2349995889033 788.2349995889033 788.2349995889033 197.05874989722582 197.05874989722582 197.05874989722582
 5760 131072 1925.945 1925.945 1925.945 784.0044445713663 784.0044445713663 784.0044445713663 196.00111114284158 196.00111114284158 196.00111114284158
 6336 131072 1902.103 1902.103 1902.103 873.2147438913665 873.2147438913665 873.2147438913665 218.30368597284163 218.30368597284163 218.30368597284163
 6912 131072 2090.931 2090.931 2090.931 866.5705984559032 866.5705984559032 866.5705984559032 216.6426496139758 216.6426496139758 216.6426496139758
 7488 131072 2404.928 2404.928 2404.928 816.2133219788701 816.2133219788701 816.2133219788701 204.05333049471753 204.05333049471753 204.05333049471753
 8064 131072 2455.95 2455.95 2455.95 860.7378879863189 860.7378879863189 860.7378879863189 215.18447199657973 215.18447199657973 215.18447199657973
 8832 65536 1356.84 1356.84 1356.84 853.1793756080303 853.1793756080303 853.1793756080303 213.29484390200759 213.29484390200759 213.29484390200759
 9600 65536 1342.058 1342.058 1342.058 937.5833235225303 937.5833235225303 937.5833235225303 234.3958308806326 234.3958308806326 234.3958308806326
 10560 65536 1578.093 1578.093 1578.093 877.0841262206981 877.0841262206981 877.0841262206981 219.27103155517452 219.27103155517452 219.27103155517452
 11520 65536 1805.067 1805.067 1805.067 836.5060355100392 836.5060355100392 836.5060355100392 209.1265088775098 209.1265088775098 209.1265088775098
 12672 65536 1702.07 1702.07 1702.07 975.8378821082564 975.8378821082564 975.8378821082564 243.9594705270641 243.9594705270641 243.9594705270641
 13824 65536 2141.953 2141.953 2141.953 845.9286118789722 845.9286118789722 845.9286118789722 211.48215296974305 211.48215296974305 211.48215296974305
 15168 65536 2201.796 2201.796 2201.796 902.9447305744947 902.9447305744947 902.9447305744947 225.73618264362366 225.73618264362366 225.73618264362366
 16512 32768 1152.039 1152.039 1152.039 939.3175335210008 939.3175335210008 939.3175335210008 234.8293833802502 234.8293833802502 234.8293833802502
 18048 32768 1245.975 1245.975 1245.975 949.2917016794079 949.2917016794079 949.2917016794079 237.32292541985197 237.32292541985197 237.32292541985197
 19776 32768 1352.072 1352.072 1352.072 958.5583726310433 958.5583726310433 958.5583726310433 239.63959315776083 239.63959315776083 239.63959315776083
 21696 32768 1407.862 1407.862 1407.862 1009.9491683133715 1009.9491683133715 1009.9491683133715 252.48729207834288 252.48729207834288 252.48729207834288
 23808 32768 1585.96 1585.96 1585.96 983.8086004691165 983.8086004691165 983.8086004691165 245.95215011727913 245.95215011727913 245.95215011727913
 26112 32768 1721.144 1721.144 1721.144 994.2666226649252 994.2666226649252 994.2666226649252 248.5666556662313 248.5666556662313 248.5666556662313
 28608 32768 1888.99 1888.99 1888.99 992.5165765832535 992.5165765832535 992.5165765832535 248.12914414581337 248.12914414581337 248.12914414581337
 31296 32768 2027.988 2027.988 2027.988 1011.3544340499055 1011.3544340499055 1011.3544340499055 252.83860851247638 252.83860851247638 252.83860851247638
 34368 16384 1120.806 1120.806 1120.806 1004.7863983597518 1004.7863983597518 1004.7863983597518 251.19659958993796 251.19659958993796 251.19659958993796
 37632 16384 1195.192 1195.192 1195.192 1031.7383115014156 1031.7383115014156 1031.7383115014156 257.9345778753539 257.9345778753539 257.9345778753539
 41280 16384 1338.005 1338.005 1338.005 1010.9551459075263 1010.9551459075263 1010.9551459075263 252.7387864768816 252.7387864768816 252.7387864768816
 45312 16384 1464.844 1464.844 1464.844 1013.6121088662001 1013.6121088662001 1013.6121088662001 253.40302721655002 253.40302721655002 253.40302721655002
 49728 16384 1574.039 1574.039 1574.039 1035.2266392382908 1035.2266392382908 1035.2266392382908 258.8066598095727 258.8066598095727 258.8066598095727
 54528 16384 1734.972 1734.972 1734.972 1029.8572564859835 1029.8572564859835 1029.8572564859835 257.4643141214959 257.4643141214959 257.4643141214959
 59904 16384 1887.083 1887.083 1887.083 1040.1949845343315 1040.1949845343315 1040.1949845343315 260.0487461335829 260.0487461335829 260.0487461335829
 65856 8192 1049.995 1049.995 1049.995 1027.6093733779685 1027.6093733779685 1027.6093733779685 256.9023433444921 256.9023433444921 256.9023433444921
 72384 8192 1151.085 1151.085 1151.085 1030.2796544130103 1030.2796544130103 1030.2796544130103 257.5699136032526 257.5699136032526 257.5699136032526
 79488 8192 1264.095 1264.095 1264.095 1030.248036737745 1030.248036737745 1030.248036737745 257.56200918443625 257.56200918443625 257.56200918443625
 87360 8192 1364.946 1364.946 1364.946 1048.6174837685887 1048.6174837685887 1048.6174837685887 262.1543709421472 262.1543709421472 262.1543709421472
 96000 8192 1488.924 1488.924 1488.924 1056.3762824697567 1056.3762824697567 1056.3762824697567 264.0940706174392 264.0940706174392 264.0940706174392
 105600 8192 1639.128 1639.128 1639.128 1055.5309896481544 1055.5309896481544 1055.5309896481544 263.8827474120386 263.8827474120386 263.8827474120386
 116160 8192 1864.91 1864.91 1864.91 1020.5132901855853 1020.5132901855853 1020.5132901855853 255.12832254639633 255.12832254639633 255.12832254639633
 127680 8192 2026.796 2026.796 2026.796 1032.1261340559188 1032.1261340559188 1032.1261340559188 258.0315335139797 258.0315335139797 258.0315335139797
 140352 4096 1091.003 1091.003 1091.003 1053.859232284421 1053.859232284421 1053.859232284421 263.46480807110527 263.46480807110527 263.46480807110527
 154368 4096 1185.894 1185.894 1185.894 1066.3538697387792 1066.3538697387792 1066.3538697387792 266.5884674346948 266.5884674346948 266.5884674346948
 169728 4096 1311.064 1311.064 1311.064 1060.5216648462624 1060.5216648462624 1060.5216648462624 265.1304162115656 265.1304162115656 265.1304162115656
 186624 4096 1446.009 1446.009 1446.009 1057.2712949919398 1057.2712949919398 1057.2712949919398 264.31782374798496 264.31782374798496 264.31782374798496
 205248 4096 1589.06 1589.06 1589.06 1058.1045498596654 1058.1045498596654 1058.1045498596654 264.52613746491636 264.52613746491636 264.52613746491636
 225600 4096 1734.972 1734.972 1734.972 1065.2132714533723 1065.2132714533723 1065.2132714533723 266.30331786334307 266.30331786334307 266.30331786334307
 248064 4096 1938.105 1938.105 1938.105 1048.5191916846609 1048.5191916846609 1048.5191916846609 262.1297979211652 262.1297979211652 262.1297979211652
 272832 2048 1050.949 1050.949 1050.949 1063.3435799453637 1063.3435799453637 1063.3435799453637 265.8358949863409 265.8358949863409 265.8358949863409
 300096 2048 1161.814 1161.814 1161.814 1057.9948391050546 1057.9948391050546 1057.9948391050546 264.49870977626364 264.49870977626364 264.49870977626364
 330048 2048 1276.016 1276.016 1276.016 1059.4511416784742 1059.4511416784742 1059.4511416784742 264.86278541961855 264.86278541961855 264.86278541961855
 362880 2048 1408.1 1408.1 1408.1 1055.5759392088632 1055.5759392088632 1055.5759392088632 263.8939848022158 263.8939848022158 263.8939848022158
 399168 2048 1553.059 1553.059 1553.059 1052.7559661287821 1052.7559661287821 1052.7559661287821 263.18899153219553 263.18899153219553 263.18899153219553
 438912 2048 1705.17 1705.17 1705.17 1054.3133834163164 1054.3133834163164 1054.3133834163164 263.5783458540791 263.5783458540791 263.5783458540791
 482688 2048 1868.963 1868.963 1868.963 1057.85403349344 1057.85403349344 1057.85403349344 264.46350837336 264.46350837336 264.46350837336
 530880 1024 1024.961 1024.961 1024.961 1060.7644973808758 1060.7644973808758 1060.7644973808758 265.19112434521895 265.19112434521895 265.19112434521895
 583872 1024 1123.905 1123.905 1123.905 1063.94210898608 1063.94210898608 1063.94210898608 265.98552724652 265.98552724652 265.98552724652
 642240 1024 1240.969 1240.969 1240.969 1059.9036075840734 1059.9036075840734 1059.9036075840734 264.97590189601834 264.97590189601834 264.97590189601834
 706368 1024 1372.099 1372.099 1372.099 1054.3274676244207 1054.3274676244207 1054.3274676244207 263.5818669061052 263.5818669061052 263.5818669061052
 776832 1024 1501.083 1501.083 1501.083 1059.8693982944314 1059.8693982944314 1059.8693982944314 264.96734957360786 264.96734957360786 264.96734957360786
 854400 1024 1842.976 1842.976 1842.976 949.4487177261125 949.4487177261125 949.4487177261125 237.36217943152812 237.36217943152812 237.36217943152812
 939840 1024 2090.931 2090.931 2090.931 920.5432030038294 920.5432030038294 920.5432030038294 230.13580075095734 230.13580075095734 230.13580075095734
 1033728 1024 2288.103 2288.103 2288.103 925.253340430916 925.253340430916 925.253340430916 231.313335107729 231.313335107729 231.313335107729
 1137024 512 1257.896 1257.896 1257.896 925.6032104402908 925.6032104402908 925.6032104402908 231.4008026100727 231.4008026100727 231.4008026100727
 1250688 512 1385.927 1385.927 1385.927 924.0779002068653 924.0779002068653 924.0779002068653 231.0194750517163 231.0194750517163 231.0194750517163
 1375680 512 1528.978 1528.978 1528.978 921.3319746915913 921.3319746915913 921.3319746915913 230.33299367289783 230.33299367289783 230.33299367289783
 1513152 512 1679.897 1679.897 1679.897 922.3587208025255 922.3587208025255 922.3587208025255 230.58968020063136 230.58968020063136 230.58968020063136
 1664448 512 1848.936 1848.936 1848.936 921.8246342761458 921.8246342761458 921.8246342761458 230.45615856903646 230.45615856903646 230.45615856903646
 1830720 512 2032.042 2032.042 2032.042 922.5484906315913 922.5484906315913 922.5484906315913 230.63712265789783 230.63712265789783 230.63712265789783
 2013696 512 2238.035 2238.035 2238.035 921.3549850650237 921.3549850650237 921.3549850650237 230.33874626625592 230.33874626625592 230.33874626625592
 2214912 256 1235.962 1235.962 1235.962 917.5322089190444 917.5322089190444 917.5322089190444 229.3830522297611 229.3830522297611 229.3830522297611
 2436288 256 1357.079 1357.079 1357.079 919.1649535509723 919.1649535509723 919.1649535509723 229.79123838774308 229.79123838774308 229.79123838774308
 2679744 256 1487.017 1487.017 1487.017 922.6719855926327 922.6719855926327 922.6719855926327 230.66799639815818 230.66799639815818 230.66799639815818
 2947584 256 1629.829 1629.829 1629.829 925.9640170840008 925.9640170840008 925.9640170840008 231.4910042710002 231.4910042710002 231.4910042710002
 3242304 256 1807.928 1807.928 1807.928 918.2111500015487 918.2111500015487 918.2111500015487 229.55278750038718 229.55278750038718 229.55278750038718
 3566400 256 1983.166 1983.166 1983.166 920.7483387674054 920.7483387674054 920.7483387674054 230.18708469185134 230.18708469185134 230.18708469185134
 3922944 256 2177.954 2177.954 2177.954 922.2175160724239 922.2175160724239 922.2175160724239 230.55437901810598 230.55437901810598 230.55437901810598
 4315200 128 1201.868 1201.868 1201.868 919.1451973095214 919.1451973095214 919.1451973095214 229.78629932738036 229.78629932738036 229.78629932738036
 4746624 128 1327.991 1327.991 1327.991 915.0180565982752 915.0180565982752 915.0180565982752 228.7545141495688 228.7545141495688 228.7545141495688
 5221248 128 1464.844 1464.844 1464.844 912.479068078239 912.479068078239 912.479068078239 228.11976701955976 228.11976701955976 228.11976701955976
 5743296 128 1751.9 1751.9 1751.9 839.2509709458302 839.2509709458302 839.2509709458302 209.81274273645755 209.81274273645755 209.81274273645755
 6317568 128 1899.004 1899.004 1899.004 851.6556089402656 851.6556089402656 851.6556089402656 212.9139022350664 212.9139022350664 212.9139022350664
 6949248 128 2480.03 2480.03 2480.03 717.333051616311 717.333051616311 717.333051616311 179.33326290407774 179.33326290407774 179.33326290407774
 7644096 128 2720.118 2720.118 2720.118 719.4131195779007 719.4131195779007 719.4131195779007 179.85327989447518 179.85327989447518 179.85327989447518
 8408448 64 1559.019 1559.019 1559.019 690.358067477048 690.358067477048 690.358067477048 172.589516869262 172.589516869262 172.589516869262
 9249216 64 1712.084 1712.084 1712.084 691.4962396704834 691.4962396704834 691.4962396704834 172.87405991762085 172.87405991762085 172.87405991762085
 10174080 64 1885.891 1885.891 1885.891 690.5395062599058 690.5395062599058 690.5395062599058 172.63487656497645 172.63487656497645 172.63487656497645
 11191488 64 2072.096 2072.096 2072.096 691.3340231340633 691.3340231340633 691.3340231340633 172.83350578351582 172.83350578351582 172.83350578351582
 12310464 64 2290.964 2290.964 2290.964 687.806264960951 687.806264960951 687.806264960951 171.95156624023775 171.95156624023775 171.95156624023775
 13541376 64 2585.888 2585.888 2585.888 670.2904874457054 670.2904874457054 670.2904874457054 167.57262186142634 167.57262186142634 167.57262186142634
 14895360 64 2758.98 2758.98 2758.98 691.0546941260901 691.0546941260901 691.0546941260901 172.76367353152253 172.76367353152253 172.76367353152253
 16384896 64 3036.976 3036.976 3036.976 690.5773005779432 690.5773005779432 690.5773005779432 172.6443251444858 172.6443251444858 172.6443251444858
 18023232 32 1676.798 1676.798 1676.798 687.9104388244738 687.9104388244738 687.9104388244738 171.97760970611844 171.97760970611844 171.97760970611844
 19825536 32 1841.068 1841.068 1841.068 689.1838346003516 689.1838346003516 689.1838346003516 172.2959586500879 172.2959586500879 172.2959586500879
 21807936 32 2026.796 2026.796 2026.796 688.6277178364276 688.6277178364276 688.6277178364276 172.1569294591069 172.1569294591069 172.1569294591069
 23988672 32 2223.015 2223.015 2223.015 690.6273722849373 690.6273722849373 690.6273722849373 172.65684307123433 172.65684307123433 172.65684307123433
 26387520 32 2444.029 2444.029 2444.029 690.9906879173693 690.9906879173693 690.9906879173693 172.74767197934233 172.74767197934233 172.74767197934233
 29026176 32 2696.037 2696.037 2696.037 689.0392320283439 689.0392320283439 689.0392320283439 172.25980800708598 172.25980800708598 172.25980800708598
 31928640 32 2963.066 2963.066 2963.066 689.6346419553261 689.6346419553261 689.6346419553261 172.40866048883152 172.40866048883152 172.40866048883152
 35121408 16 1621.962 1621.962 1621.962 692.9170079200376 692.9170079200376 692.9170079200376 173.2292519800094 173.2292519800094 173.2292519800094
 38633472 16 1827.955 1827.955 1827.955 676.3137517061416 676.3137517061416 676.3137517061416 169.0784379265354 169.0784379265354 169.0784379265354
 42496704 16 1976.013 1976.013 1976.013 688.2012051540147 688.2012051540147 688.2012051540147 172.05030128850368 172.05030128850368 172.05030128850368
 46746240 16 2234.221 2234.221 2234.221 669.5307581479182 669.5307581479182 669.5307581479182 167.38268953697954 167.38268953697954 167.38268953697954
 51420864 16 2680.063 2680.063 2680.063 613.9660328880328 613.9660328880328 613.9660328880328 153.4915082220082 153.4915082220082 153.4915082220082
 56562816 16 3637.075 3637.075 3637.075 497.65542695710155 497.65542695710155 497.65542695710155 124.41385673927539 124.41385673927539 124.41385673927539
 62218944 16 5196.095 5196.095 5196.095 383.1735578352589 383.1735578352589 383.1735578352589 95.79338945881473 95.79338945881473 95.79338945881473
 68440704 8 3733.873 3733.873 3733.873 293.27490892164786 293.27490892164786 293.27490892164786 73.31872723041197 73.31872723041197 73.31872723041197
 75284736 8 5318.88 5318.88 5318.88 226.46793610684958 226.46793610684958 226.46793610684958 56.616984026712394 56.616984026712394 56.616984026712394
 82813056 8 9670.973 9670.973 9670.973 137.00885071233267 137.00885071233267 137.00885071233267 34.25221267808317 34.25221267808317 34.25221267808317
 91094208 8 12301.207 12301.207 12301.207 118.48490379846466 118.48490379846466 118.48490379846466 29.621225949616164 29.621225949616164 29.621225949616164
 100203456 8 15615.94 15615.94 15615.94 102.66786988167219 102.66786988167219 102.66786988167219 25.666967470418047 25.666967470418047 25.666967470418047
 110223744 8 18051.147 18051.147 18051.147 97.6990494842239 97.6990494842239 97.6990494842239 24.424762371055976 24.424762371055976 24.424762371055976
 121246080 8 20466.089 20466.089 20466.089 94.78788448540413 94.78788448540413 94.78788448540413 23.696971121351034 23.696971121351034 23.696971121351034
 133370688 8 22673.845 22673.845 22673.845 94.11420991896168 94.11420991896168 94.11420991896168 23.52855247974042 23.52855247974042 23.52855247974042
 146707584 4 12766.123 12766.123 12766.123 91.93556038900769 91.93556038900769 91.93556038900769 22.983890097251923 22.983890097251923 22.983890097251923
 161378304 4 14304.876 14304.876 14304.876 90.25079504359213 90.25079504359213 90.25079504359213 22.562698760898034 22.562698760898034 22.562698760898034
 177516096 4 16021.967 16021.967 16021.967 88.63635582322695 88.63635582322695 88.63635582322695 22.159088955806737 22.159088955806737 22.159088955806737
 195267648 4 17154.932 17154.932 17154.932 91.06076223444079 91.06076223444079 91.06076223444079 22.765190558610197 22.765190558610197 22.765190558610197
 214794240 4 19008.875 19008.875 19008.875 90.39745487305271 90.39745487305271 90.39745487305271 22.599363718263177 22.599363718263177 22.599363718263177
 236273664 4 20708.799 20708.799 20708.799 91.2746949738611 91.2746949738611 91.2746949738611 22.818673743465276 22.818673743465276 22.818673743465276
 259900992 4 22755.146 22755.146 22755.146 91.3730870371036 91.3730870371036 91.3730870371036 22.8432717592759 22.8432717592759 22.8432717592759
 285891072 2 12601.137 12601.137 12601.137 90.75088128952174 90.75088128952174 90.75088128952174 22.687720322380436 22.687720322380436 22.687720322380436
 314480064 2 13892.889 13892.889 13892.889 90.5441809835233 90.5441809835233 90.5441809835233 22.636045245880826 22.636045245880826 22.636045245880826
 345927936 2 15225.172 15225.172 15225.172 90.88316007201757 90.88316007201757 90.88316007201757 22.720790018004394 22.720790018004394 22.720790018004394
 380520576 2 32027.006 32027.006 32027.006 47.52496390077798 47.52496390077798 47.52496390077798 11.881240975194496 11.881240975194496 11.881240975194496
 418572480 2 18331.051 18331.051 18331.051 91.33627526321322 91.33627526321322 91.33627526321322 22.834068815803306 22.834068815803306 22.834068815803306
 460429632 2 20081.043 20081.043 20081.043 91.7142863545484 91.7142863545484 91.7142863545484 22.9285715886371 22.9285715886371 22.9285715886371
 506472576 2 21888.018 21888.018 21888.018 92.55704669102519 92.55704669102519 92.55704669102519 23.139261672756298 23.139261672756298 23.139261672756298
 557119680 1 12058.973 12058.973 12058.973 92.39919187148027 92.39919187148027 92.39919187148027 23.099797967870067 23.099797967870067 23.099797967870067
 612831552 1 13207.912 13207.912 13207.912 92.79764310967546 92.79764310967546 92.79764310967546 23.199410777418866 23.199410777418866 23.199410777418866
 674114688 1 14511.108 14511.108 14511.108 92.91016068517993 92.91016068517993 92.91016068517993 23.227540171294983 23.227540171294983 23.227540171294983
 741526080 1 15958.071 15958.071 15958.071 92.93430014191564 92.93430014191564 92.93430014191564 23.23357503547891 23.23357503547891 23.23357503547891
 815678592 1 17481.089 17481.089 17481.089 93.32125612998139 93.32125612998139 93.32125612998139 23.330314032495348 23.330314032495348 23.330314032495348
 897246336 1 19073.963 19073.963 19073.963 94.08074619836476 94.08074619836476 94.08074619836476 23.52018654959119 23.52018654959119 23.52018654959119
 986970816 1 20819.902 20819.902 20819.902 94.81032293043455 94.81032293043455 94.81032293043455 23.702580732608638 23.702580732608638 23.702580732608638
 
META_DATA
 MPI startup(): shm:tmi fabric is unknown or has been removed from the product, please use ofi or shm:ofi instead
 FLOPS          4
 MPI_PROCS      1
 OPENMP_THREADS 24
 ERT_VERSION  1.1.0
 HOSTNAME  ('shas0420.rc.int.colorado.edu', [], ['10.225.6.135'])
 UNAME  uname_result(system='Linux', node='shas0420.rc.int.colorado.edu', release='3.10.0-957.27.2.el7.x86_64', version='#1 SMP Mon Jul 29 17:46:05 UTC 2019', machine='x86_64', processor='x86_64')
 TIMESTAMP_DATA  1664555106.003146
 CONFIG  {'ERT_RESULTS': ['lab5_results'], 'ERT_DRIVER': ['driver1'], 'ERT_KERNEL': ['kernel1'], 'ERT_MPI': ['True'], 'ERT_MPI_CFLAGS': ['-I/usr/include/mpi'], 'ERT_MPI_LDFLAGS': ['-lmpi'], 'ERT_OPENMP': ['True'], 'ERT_OPENMP_CFLAGS': ['-qopenmp'], 'ERT_OPENMP_LDFLAGS': ['-qopenmp'], 'ERT_FLOPS': ['1,2,4,8,16'], 'ERT_ALIGN': ['32'], 'ERT_CC': ['mpicc'], 'ERT_CFLAGS': ['-O3', '-msse3', '-axSSE3', '-xSSE3', '-fno-alias', '-fno-fnalias', '-DERT_INTEL', '-std=c++11'], 'ERT_LD': ['mpicc'], 'ERT_LDFLAGS': [], 'ERT_LDLIBS': [], 'ERT_PRECISION': ['FP64'], 'ERT_RUN': ['export', 'OMP_NUM_THREADS=ERT_OPENMP_THREADS;', 'mpirun', '-np', 'ERT_MPI_PROCS', 'ERT_CODE'], 'ERT_PROCS_THREADS': ['1-24'], 'ERT_MPI_PROCS': ['1,2,4,8,12,24'], 'ERT_OPENMP_THREADS': ['1,2,4,8,12,24'], 'ERT_NUM_EXPERIMENTS': ['1'], 'ERT_MEMORY_MAX': ['1073741824'], 'ERT_WORKING_SET_MIN': ['1'], 'ERT_TRIALS_MIN': ['1'], 'ERT_GNUPLOT': ['gnuplot'], 'ERT_GPU': [False], 'ERT_HIP': [False], 'ERT_OCL': [False], 'ERT_SYCL': [False], 'ERT_WSS_MULT': [1.1]}
 