fp64
 64 16777216 98994.017 98994.017 98994.017 21.693065026343966 21.693065026343966 21.693065026343966 5.4232662565859915 5.4232662565859915 5.4232662565859915
 128 8388608 52407.026 52407.026 52407.026 40.97701800518122 40.97701800518122 40.97701800518122 10.244254501295305 10.244254501295305 10.244254501295305
 192 4194304 26206.017 26206.017 26206.017 61.45965394130669 61.45965394130669 61.45965394130669 15.364913485326673 15.364913485326673 15.364913485326673
 256 4194304 26204.109 26204.109 26204.109 81.95217200477987 81.95217200477987 81.95217200477987 20.488043001194967 20.488043001194967 20.488043001194967
 320 2097152 13210.058 13210.058 13210.058 101.60267880731485 101.60267880731485 101.60267880731485 25.40066970182871 25.40066970182871 25.40066970182871
 384 2097152 13234.854 13234.854 13234.854 121.69478681064409 121.69478681064409 121.69478681064409 30.423696702661022 30.423696702661022 30.423696702661022
 448 2097152 13106.108 13106.108 13106.108 143.3719447451524 143.3719447451524 143.3719447451524 35.8429861862881 35.8429861862881 35.8429861862881
 512 2097152 13345.003 13345.003 13345.003 160.92043201488977 160.92043201488977 160.92043201488977 40.23010800372244 40.23010800372244 40.23010800372244
 576 1048576 7652.044 7652.044 7652.044 157.86103059522395 157.86103059522395 157.86103059522395 39.46525764880599 39.46525764880599 39.46525764880599
 640 1048576 7425.07 7425.07 7425.07 180.76291267287718 180.76291267287718 180.76291267287718 45.190728168219295 45.190728168219295 45.190728168219295
 704 1048576 8741.856 8741.856 8741.856 168.8880494027813 168.8880494027813 168.8880494027813 42.22201235069532 42.22201235069532 42.22201235069532
 768 1048576 8395.91 8395.91 8395.91 191.83301583747325 191.83301583747325 191.83301583747325 47.958253959368314 47.958253959368314 47.958253959368314
 832 1048576 9628.057 9628.057 9628.057 181.22352869327634 181.22352869327634 181.22352869327634 45.305882173319084 45.305882173319084 45.305882173319084
 896 1048576 9597.063 9597.063 9597.063 195.79408742028681 195.79408742028681 195.79408742028681 48.948521855071704 48.948521855071704 48.948521855071704
 960 1048576 10727.882 10727.882 10727.882 187.6666726945729 187.6666726945729 187.6666726945729 46.916668173643224 46.916668173643224 46.916668173643224
 1024 1048576 7161.14 7161.14 7161.14 299.8801375200038 299.8801375200038 299.8801375200038 74.97003438000095 74.97003438000095 74.97003438000095
 1088 524288 4301.071 4301.071 4301.071 265.24804821868787 265.24804821868787 265.24804821868787 66.31201205467197 66.31201205467197 66.31201205467197
 1152 524288 4264.116 4264.116 4264.116 283.2848712370864 283.2848712370864 283.2848712370864 70.8212178092716 70.8212178092716 70.8212178092716
 1216 524288 4887.104 4887.104 4887.104 260.9047026623538 260.9047026623538 260.9047026623538 65.22617566558846 65.22617566558846 65.22617566558846
 1280 524288 4797.22 4797.22 4797.22 279.78230725295066 279.78230725295066 279.78230725295066 69.94557681323766 69.94557681323766 69.94557681323766
 1408 524288 5338.907 5338.907 5338.907 276.5350675709466 276.5350675709466 276.5350675709466 69.13376689273665 69.13376689273665 69.13376689273665
 1536 524288 5840.063 5840.063 5840.063 275.7868769566355 275.7868769566355 275.7868769566355 68.94671923915888 68.94671923915888 68.94671923915888
 1664 524288 6424.904 6424.904 6424.904 271.57300155768866 271.57300155768866 271.57300155768866 67.89325038942216 67.89325038942216 67.89325038942216
 1792 524288 6804.943 6804.943 6804.943 276.1298944017606 276.1298944017606 276.1298944017606 69.03247360044016 69.03247360044016 69.03247360044016
 1920 524288 7317.066 7317.066 7317.066 275.1466120436798 275.1466120436798 275.1466120436798 68.78665301091995 68.78665301091995 68.78665301091995
 2112 262144 3592.014 3592.014 3592.014 308.26613036586156 308.26613036586156 308.26613036586156 77.06653259146539 77.06653259146539 77.06653259146539
 2304 262144 3895.044 3895.044 3895.044 310.1273187157834 310.1273187157834 310.1273187157834 77.53182967894585 77.53182967894585 77.53182967894585
 2496 262144 4661.083 4661.083 4661.083 280.7551051976547 280.7551051976547 280.7551051976547 70.18877629941368 70.18877629941368 70.18877629941368
 2688 262144 4783.869 4783.869 4783.869 294.59129085683577 294.59129085683577 294.59129085683577 73.64782271420894 73.64782271420894 73.64782271420894
 2944 262144 5171.061 5171.061 5171.061 298.48881535143374 298.48881535143374 298.48881535143374 74.62220383785844 74.62220383785844 74.62220383785844
 3200 262144 5089.045 5089.045 5089.045 329.67317050645056 329.67317050645056 329.67317050645056 82.41829262661264 82.41829262661264 82.41829262661264
 3520 262144 6092.072 6092.072 6092.072 302.9336751108654 302.9336751108654 302.9336751108654 75.73341877771635 75.73341877771635 75.73341877771635
 3840 262144 6583.929 6583.929 6583.929 305.7848770847923 305.7848770847923 305.7848770847923 76.44621927119807 76.44621927119807 76.44621927119807
 4224 131072 3242.97 3242.97 3242.97 341.44511235071553 341.44511235071553 341.44511235071553 85.36127808767888 85.36127808767888 85.36127808767888
 4608 131072 3782.988 3782.988 3782.988 319.31360924221804 319.31360924221804 319.31360924221804 79.82840231055451 79.82840231055451 79.82840231055451
 5056 131072 4211.903 4211.903 4211.903 314.67962676253467 314.67962676253467 314.67962676253467 78.66990669063367 78.66990669063367 78.66990669063367
 5504 131072 4410.028 4410.028 4410.028 327.17265650014014 327.17265650014014 327.17265650014014 81.79316412503503 81.79316412503503 81.79316412503503
 6016 131072 4832.029 4832.029 4832.029 326.3760014685342 326.3760014685342 326.3760014685342 81.59400036713355 81.59400036713355 81.59400036713355
 6592 131072 5221.844 5221.844 5221.844 330.92778106737774 330.92778106737774 330.92778106737774 82.73194526684443 82.73194526684443 82.73194526684443
 7232 131072 5432.129 5432.129 5432.129 349.00228032139887 349.00228032139887 349.00228032139887 87.25057008034972 87.25057008034972 87.25057008034972
 7936 131072 6201.029 6201.029 6201.029 335.4886397080226 335.4886397080226 335.4886397080226 83.87215992700565 83.87215992700565 83.87215992700565
 8704 65536 3361.94 3361.94 3361.94 339.3429650737372 339.3429650737372 339.3429650737372 84.8357412684343 84.8357412684343 84.8357412684343
 9536 65536 3677.845 3677.845 3677.845 339.8464568245807 339.8464568245807 339.8464568245807 84.96161420614517 84.96161420614517 84.96161420614517
 10432 65536 3994.942 3994.942 3994.942 342.26857461259766 342.26857461259766 342.26857461259766 85.56714365314942 85.56714365314942 85.56714365314942
 11456 65536 4284.143 4284.143 4284.143 350.49269643893774 350.49269643893774 350.49269643893774 87.62317410973444 87.62317410973444 87.62317410973444
 12544 65536 4635.096 4635.096 4635.096 354.72127610733423 354.72127610733423 354.72127610733423 88.68031902683356 88.68031902683356 88.68031902683356
 13760 65536 5255.938 5255.938 5255.938 343.1453567374653 343.1453567374653 343.1453567374653 85.78633918436633 85.78633918436633 85.78633918436633
 15104 65536 5638.123 5638.123 5638.123 351.12953158347204 351.12953158347204 351.12953158347204 87.78238289586801 87.78238289586801 87.78238289586801
 16576 32768 3079.891 3079.891 3079.891 352.71531882134786 352.71531882134786 352.71531882134786 88.17882970533697 88.17882970533697 88.17882970533697
 18176 32768 3346.92 3346.92 3346.92 355.9040359494699 355.9040359494699 355.9040359494699 88.97600898736748 88.97600898736748 88.97600898736748
 19968 32768 3740.072 3740.072 3740.072 349.89242132237024 349.89242132237024 349.89242132237024 87.47310533059256 87.47310533059256 87.47310533059256
 21952 32768 4076.004 4076.004 4076.004 352.9550687388923 352.9550687388923 352.9550687388923 88.23876718472307 88.23876718472307 88.23876718472307
 24128 32768 4432.201 4432.201 4432.201 356.7646431197502 356.7646431197502 356.7646431197502 89.19116077993755 89.19116077993755 89.19116077993755
 26496 32768 4827.976 4827.976 4827.976 359.66248713746717 359.66248713746717 359.66248713746717 89.91562178436679 89.91562178436679 89.91562178436679
 29120 32768 6066.084 6066.084 6066.084 314.60301571821293 314.60301571821293 314.60301571821293 78.65075392955323 78.65075392955323 78.65075392955323
 32000 32768 5805.969 5805.969 5805.969 361.2062000331038 361.2062000331038 361.2062000331038 90.30155000827595 90.30155000827595 90.30155000827595
 35200 16384 3249.168 3249.168 3249.168 354.9935244961172 354.9935244961172 354.9935244961172 88.7483811240293 88.7483811240293 88.7483811240293
 38720 16384 3619.909 3619.909 3619.909 350.49968383183113 350.49968383183113 350.49968383183113 87.62492095795778 87.62492095795778 87.62492095795778
 42560 16384 3944.874 3944.874 3944.874 353.5236055701652 353.5236055701652 353.5236055701652 88.3809013925413 88.3809013925413 88.3809013925413
 46784 16384 4206.896 4206.896 4206.896 364.40599244668755 364.40599244668755 364.40599244668755 91.10149811167189 91.10149811167189 91.10149811167189
 51456 16384 4667.044 4667.044 4667.044 361.28011820758496 361.28011820758496 361.28011820758496 90.32002955189624 90.32002955189624 90.32002955189624
 56576 16384 5119.085 5119.085 5119.085 362.15112036623736 362.15112036623736 362.15112036623736 90.53778009155934 90.53778009155934 90.53778009155934
 62208 16384 5587.101 5587.101 5587.101 364.8460523623969 364.8460523623969 364.8460523623969 91.21151309059923 91.21151309059923 91.21151309059923
 68416 8192 3152.847 3152.847 3152.847 355.52874719261666 355.52874719261666 355.52874719261666 88.88218679815417 88.88218679815417 88.88218679815417
 75200 8192 3387.928 3387.928 3387.928 363.6667603325691 363.6667603325691 363.6667603325691 90.91669008314227 90.91669008314227 90.91669008314227
 82688 8192 3777.981 3777.981 3777.981 358.5937017682196 358.5937017682196 358.5937017682196 89.6484254420549 89.6484254420549 89.6484254420549
 90944 8192 4090.071 4090.071 4090.071 364.303332631634 364.303332631634 364.303332631634 91.0758331579085 91.0758331579085 91.0758331579085
 100032 8192 4535.913 4535.913 4535.913 361.3218084209287 361.3218084209287 361.3218084209287 90.33045210523217 90.33045210523217 90.33045210523217
 110016 8192 4982.948 4982.948 4982.948 361.7340867293819 361.7340867293819 361.7340867293819 90.43352168234547 90.43352168234547 90.43352168234547
 120960 8192 5468.845 5468.845 5468.845 362.3815705144322 362.3815705144322 362.3815705144322 90.59539262860805 90.59539262860805 90.59539262860805
 133056 4096 3004.074 3004.074 3004.074 362.8388488432708 362.8388488432708 362.8388488432708 90.7097122108177 90.7097122108177 90.7097122108177
 146304 4096 3319.025 3319.025 3319.025 361.1067611723322 361.1067611723322 361.1067611723322 90.27669029308305 90.27669029308305 90.27669029308305
 160896 4096 3669.977 3669.977 3669.977 359.1466736712519 359.1466736712519 359.1466736712519 89.78666841781298 89.78666841781298 89.78666841781298
 176960 4096 4050.97 4050.97 4050.97 357.85412382713275 357.85412382713275 357.85412382713275 89.46353095678319 89.46353095678319 89.46353095678319
 194624 4096 4400.015 4400.015 4400.015 362.35326652295504 362.35326652295504 362.35326652295504 90.58831663073876 90.58831663073876 90.58831663073876
 214080 4096 4856.11 4856.11 4856.11 361.1416051119106 361.1416051119106 361.1416051119106 90.28540127797766 90.28540127797766 90.28540127797766
 235456 4096 5374.193 5374.193 5374.193 358.9107335743245 358.9107335743245 358.9107335743245 89.72768339358113 89.72768339358113 89.72768339358113
 258944 4096 5833.149 5833.149 5833.149 363.65764838168883 363.65764838168883 363.65764838168883 90.91441209542221 90.91441209542221 90.91441209542221
 284800 2048 3535.986 3535.986 3535.986 329.9053785846437 329.9053785846437 329.9053785846437 82.47634464616092 82.47634464616092 82.47634464616092
 313280 2048 3993.988 3993.988 3993.988 321.2816062542001 321.2816062542001 321.2816062542001 80.32040156355002 80.32040156355002 80.32040156355002
 344576 2048 4372.835 4372.835 4372.835 322.76161712024344 322.76161712024344 322.76161712024344 80.69040428006086 80.69040428006086 80.69040428006086
 379008 2048 4760.027 4760.027 4760.027 326.13612653877806 326.13612653877806 326.13612653877806 81.53403163469451 81.53403163469451 81.53403163469451
 416896 2048 5295.992 5295.992 5295.992 322.4336471807359 322.4336471807359 322.4336471807359 80.60841179518397 80.60841179518397 80.60841179518397
 458560 2048 5777.121 5777.121 5777.121 325.12072362687223 325.12072362687223 325.12072362687223 81.28018090671806 81.28018090671806 81.28018090671806
 504384 2048 6368.876 6368.876 6368.876 324.3832764211456 324.3832764211456 324.3832764211456 81.0958191052864 81.0958191052864 81.0958191052864
 554816 1024 3524.78 3524.78 3524.78 322.3642803238783 322.3642803238783 322.3642803238783 80.59107008096957 80.59107008096957 80.59107008096957
 610240 1024 3885.984 3885.984 3885.984 321.6100529492659 321.6100529492659 321.6100529492659 80.40251323731647 80.40251323731647 80.40251323731647
 671232 1024 4231.93 4231.93 4231.93 324.83598169156863 324.83598169156863 324.83598169156863 81.20899542289216 81.20899542289216 81.20899542289216
 738304 1024 4696.846 4696.846 4696.846 321.9280751380821 321.9280751380821 321.9280751380821 80.48201878452052 80.48201878452052 80.48201878452052
 812096 1024 5089.998 5089.998 5089.998 326.7530965631028 326.7530965631028 326.7530965631028 81.6882741407757 81.6882741407757 81.6882741407757
 893248 1024 5599.976 5599.976 5599.976 326.67495432123286 326.67495432123286 326.67495432123286 81.66873858030822 81.66873858030822 81.66873858030822
 982528 1024 6248.951 6248.951 6248.951 322.0088210005168 322.0088210005168 322.0088210005168 80.5022052501292 80.5022052501292 80.5022052501292
 1080768 512 3427.029 3427.029 3427.029 322.93465622847077 322.93465622847077 322.93465622847077 80.73366405711769 80.73366405711769 80.73366405711769
 1188800 512 3738.88 3738.88 3738.88 325.5871276959945 325.5871276959945 325.5871276959945 81.39678192399863 81.39678192399863 81.39678192399863
 1307648 512 4106.998 4106.998 4106.998 326.03657269859883 326.03657269859883 326.03657269859883 81.50914317464971 81.50914317464971 81.50914317464971
 1438400 512 4595.041 4595.041 4595.041 320.5459102541196 320.5459102541196 320.5459102541196 80.1364775635299 80.1364775635299 80.1364775635299
 1582208 512 5028.009 5028.009 5028.009 322.2311240890778 322.2311240890778 322.2311240890778 80.55778102226945 80.55778102226945 80.55778102226945
 1740416 512 5698.204 5698.204 5698.204 312.76275542258577 312.76275542258577 312.76275542258577 78.19068885564644 78.19068885564644 78.19068885564644
 1914432 512 6550.074 6550.074 6550.074 299.2910260250495 299.2910260250495 299.2910260250495 74.82275650626238 74.82275650626238 74.82275650626238
 2105856 256 3692.865 3692.865 3692.865 291.9679630855718 291.9679630855718 291.9679630855718 72.99199077139295 72.99199077139295 72.99199077139295
 2316416 256 4657.03 4657.03 4657.03 254.6698200355162 254.6698200355162 254.6698200355162 63.66745500887905 63.66745500887905 63.66745500887905
 2548032 256 5192.995 5192.995 5192.995 251.22157521815447 251.22157521815447 251.22157521815447 62.80539380453862 62.80539380453862 62.80539380453862
 2802816 256 5844.116 5844.116 5844.116 245.5532696476251 245.5532696476251 245.5532696476251 61.38831741190627 61.38831741190627 61.38831741190627
 3083072 256 6367.922 6367.922 6367.922 247.88822224895344 247.88822224895344 247.88822224895344 61.97205556223836 61.97205556223836 61.97205556223836
 3391360 256 7030.01 7030.01 7030.01 246.994857759804 246.994857759804 246.994857759804 61.748714439951 61.748714439951 61.748714439951
 3730496 256 7702.827 7702.827 7702.827 247.96272225768536 247.96272225768536 247.96272225768536 61.99068056442134 61.99068056442134 61.99068056442134
 4103488 256 8517.027 8517.027 8517.027 246.68066169098677 246.68066169098677 246.68066169098677 61.67016542274669 61.67016542274669 61.67016542274669
 4513792 128 4693.031 4693.031 4693.031 246.22269744222868 246.22269744222868 246.22269744222868 61.55567436055717 61.55567436055717 61.55567436055717
 4965120 128 5175.829 5175.829 5175.829 245.57819046958468 245.57819046958468 245.57819046958468 61.39454761739617 61.39454761739617 61.39454761739617
 5461632 128 5653.858 5653.858 5653.858 247.29623418203994 247.29623418203994 247.29623418203994 61.824058545509985 61.824058545509985 61.824058545509985
 6007744 128 6211.996 6211.996 6211.996 247.5826552367387 247.5826552367387 247.5826552367387 61.895663809184676 61.895663809184676 61.895663809184676
 6608512 128 6860.971 6860.971 6860.971 246.58012284267056 246.58012284267056 246.58012284267056 61.64503071066764 61.64503071066764 61.64503071066764
 7269312 128 7493.019 7493.019 7493.019 248.35702031450873 248.35702031450873 248.35702031450873 62.08925507862718 62.08925507862718 62.08925507862718
 7996224 128 8297.205 8297.205 8297.205 246.71360343633788 246.71360343633788 246.71360343633788 61.67840085908447 61.67840085908447 61.67840085908447
 8795840 64 4530.907 4530.907 4530.907 248.48612430138158 248.48612430138158 248.48612430138158 62.121531075345395 62.121531075345395 62.121531075345395
 9675392 64 5011.082 5011.082 5011.082 247.14226907482256 247.14226907482256 247.14226907482256 61.78556726870564 61.78556726870564 61.78556726870564
 10642880 64 5548.0 5548.0 5548.0 245.54589762076424 245.54589762076424 245.54589762076424 61.38647440519106 61.38647440519106 61.38647440519106
 11707136 64 6010.056 6010.056 6010.056 249.3343502955713 249.3343502955713 249.3343502955713 62.33358757389283 62.33358757389283 62.33358757389283
 12877824 64 6761.074 6761.074 6761.074 243.80172025923693 243.80172025923693 243.80172025923693 60.95043006480923 60.95043006480923 60.95043006480923
 14165568 64 7348.061 7348.061 7348.061 246.7579820036878 246.7579820036878 246.7579820036878 61.68949550092195 61.68949550092195 61.68949550092195
 15582080 64 8095.98 8095.98 8095.98 246.3576046383514 246.3576046383514 246.3576046383514 61.58940115958785 61.58940115958785 61.58940115958785
 17140288 32 4448.175 4448.175 4448.175 246.61314629033254 246.61314629033254 246.61314629033254 61.653286572583134 61.653286572583134 61.653286572583134
 18854272 32 4940.987 4940.987 4940.987 244.21707808581561 244.21707808581561 244.21707808581561 61.054269521453904 61.054269521453904 61.054269521453904
 20739648 32 5626.917 5626.917 5626.917 235.8907145778052 235.8907145778052 235.8907145778052 58.9726786444513 58.9726786444513 58.9726786444513
 22813568 32 5894.899 5894.899 5894.899 247.6833533534671 247.6833533534671 247.6833533534671 61.92083833836678 61.92083833836678 61.92083833836678
 25094912 32 6607.056 6607.056 6607.056 243.08472154617732 243.08472154617732 243.08472154617732 60.77118038654433 60.77118038654433 60.77118038654433
 27604352 32 7262.945 7262.945 7262.945 243.24547797071298 243.24547797071298 243.24547797071298 60.811369492678246 60.811369492678246 60.811369492678246
 30364736 32 7905.006 7905.006 7905.006 245.83701821352187 245.83701821352187 245.83701821352187 61.45925455338047 61.45925455338047 61.45925455338047
 33401152 32 8702.04 8702.04 8702.04 245.6520227440922 245.6520227440922 245.6520227440922 61.41300568602305 61.41300568602305 61.41300568602305
 36741248 16 4740.953 4740.953 4740.953 247.9923205313362 247.9923205313362 247.9923205313362 61.99808013283405 61.99808013283405 61.99808013283405
 40415360 16 5321.98 5321.98 5321.98 243.00946640160242 243.00946640160242 243.00946640160242 60.752366600400606 60.752366600400606 60.752366600400606
 44456896 16 5815.983 5815.983 5815.983 244.60536971995964 244.60536971995964 244.60536971995964 61.15134242998991 61.15134242998991 61.15134242998991
 48902528 16 6636.858 6636.858 6636.858 235.78640615785363 235.78640615785363 235.78640615785363 58.94660153946341 58.94660153946341 58.94660153946341
 53792768 16 8136.034 8136.034 8136.034 211.57342459483328 211.57342459483328 211.57342459483328 52.89335614870832 52.89335614870832 52.89335614870832
 59172032 16 9914.16 9914.16 9914.16 190.98996021851573 190.98996021851573 190.98996021851573 47.74749005462893 47.74749005462893 47.74749005462893
 65089216 16 12005.806 12005.806 12005.806 173.4873037262138 173.4873037262138 173.4873037262138 43.37182593155345 43.37182593155345 43.37182593155345
 71598080 8 9083.986 9083.986 9083.986 126.10865758709886 126.10865758709886 126.10865758709886 31.527164396774715 31.527164396774715 31.527164396774715
 78757888 8 11825.085 11825.085 11825.085 106.56381818819908 106.56381818819908 106.56381818819908 26.64095454704977 26.64095454704977 26.64095454704977
 86633664 8 13431.072 13431.072 13431.072 103.20387114297354 103.20387114297354 103.20387114297354 25.800967785743385 25.800967785743385 25.800967785743385
 95297024 8 15069.008 15069.008 15069.008 101.18465555264154 101.18465555264154 101.18465555264154 25.296163888160386 25.296163888160386 25.296163888160386
 104826688 8 16917.944 16917.944 16917.944 99.13893839582398 99.13893839582398 99.13893839582398 24.784734598955996 24.784734598955996 24.784734598955996
 115309312 8 18997.908 18997.908 18997.908 97.11327120859833 97.11327120859833 97.11327120859833 24.278317802149584 24.278317802149584 24.278317802149584
 126840192 8 20915.985 20915.985 20915.985 97.02832890729266 97.02832890729266 97.02832890729266 24.257082226823165 24.257082226823165 24.257082226823165
 139524160 4 11430.025 11430.025 11430.025 97.65449156935352 97.65449156935352 97.65449156935352 24.41362289233838 24.41362289233838 24.41362289233838
 153476544 4 12742.043 12742.043 12742.043 96.35914366322575 96.35914366322575 96.35914366322575 24.089785915806438 24.089785915806438 24.089785915806438
 168824192 4 14083.862 14083.862 14083.862 95.89653292541493 95.89653292541493 95.89653292541493 23.974133231353733 23.974133231353733 23.974133231353733
 185706560 4 15362.024 15362.024 15362.024 96.70942318538233 96.70942318538233 96.70942318538233 24.177355796345584 24.177355796345584 24.177355796345584
 204277184 4 16984.94 16984.94 16984.94 96.2156752982348 96.2156752982348 96.2156752982348 24.0539188245587 24.0539188245587 24.0539188245587
 224704896 4 18648.148 18648.148 18648.148 96.39773172113391 96.39773172113391 96.39773172113391 24.099432930283477 24.099432930283477 24.099432930283477
 247175360 4 20486.116 20486.116 20486.116 96.5240497515488 96.5240497515488 96.5240497515488 24.1310124378872 24.1310124378872 24.1310124378872
 271892864 2 11284.113 11284.113 11284.113 96.3807661266774 96.3807661266774 96.3807661266774 24.09519153166935 24.09519153166935 24.09519153166935
 299082112 2 12460.947 12460.947 12460.947 96.00622232002111 96.00622232002111 96.00622232002111 24.001555580005277 24.001555580005277 24.001555580005277
 328990272 2 13750.076 13750.076 13750.076 95.70573195377247 95.70573195377247 95.70573195377247 23.926432988443118 23.926432988443118 23.926432988443118
 361889280 2 15110.016 15110.016 15110.016 95.80116394317517 95.80116394317517 95.80116394317517 23.950290985793792 23.950290985793792 23.950290985793792
 398078208 2 16513.824 16513.824 16513.824 96.42302303815276 96.42302303815276 96.42302303815276 24.10575575953819 24.10575575953819 24.10575575953819
 437886016 2 18152.952 18152.952 18152.952 96.48811190598641 96.48811190598641 96.48811190598641 24.122027976496604 24.122027976496604 24.122027976496604
 481674560 2 20010.948 20010.948 20010.948 96.2822071198226 96.2822071198226 96.2822071198226 24.07055177995565 24.07055177995565 24.07055177995565
 529841984 2 21893.024 21893.024 21893.024 96.80562794797102 96.80562794797102 96.80562794797102 24.201406986992755 24.201406986992755 24.201406986992755
 582826176 1 12166.023 12166.023 12166.023 95.81211148458293 95.81211148458293 95.81211148458293 23.953027871145732 23.953027871145732 23.953027871145732
 641108736 1 16130.924 16130.924 16130.924 79.48816025665981 79.48816025665981 79.48816025665981 19.872040064164953 19.872040064164953 19.872040064164953
 705219584 1 15283.108 15283.108 15283.108 92.2874567136475 92.2874567136475 92.2874567136475 23.071864178411875 23.071864178411875 23.071864178411875
 775741504 1 15973.091 15973.091 15973.091 97.1310442042808 97.1310442042808 97.1310442042808 24.2827610510702 24.2827610510702 24.2827610510702
 853315648 1 17554.045 17554.045 17554.045 97.22154044836961 97.22154044836961 97.22154044836961 24.305385112092402 24.305385112092402 24.305385112092402
 938647168 1 19218.922 19218.922 19218.922 97.6794815026566 97.6794815026566 97.6794815026566 24.41987037566415 24.41987037566415 24.41987037566415
 1032511872 1 21383.047 21383.047 21383.047 96.57294135863799 96.57294135863799 96.57294135863799 24.143235339659498 24.143235339659498 24.143235339659498
 
META_DATA
 MPI startup(): shm:tmi fabric is unknown or has been removed from the product, please use ofi or shm:ofi instead
 FLOPS          4
 MPI_PROCS      4
 OPENMP_THREADS 2
 ERT_VERSION  1.1.0
 HOSTNAME  ('shas0420.rc.int.colorado.edu', [], ['10.225.6.135'])
 UNAME  uname_result(system='Linux', node='shas0420.rc.int.colorado.edu', release='3.10.0-957.27.2.el7.x86_64', version='#1 SMP Mon Jul 29 17:46:05 UTC 2019', machine='x86_64', processor='x86_64')
 TIMESTAMP_DATA  1664555170.9583106
 CONFIG  {'ERT_RESULTS': ['lab5_results'], 'ERT_DRIVER': ['driver1'], 'ERT_KERNEL': ['kernel1'], 'ERT_MPI': ['True'], 'ERT_MPI_CFLAGS': ['-I/usr/include/mpi'], 'ERT_MPI_LDFLAGS': ['-lmpi'], 'ERT_OPENMP': ['True'], 'ERT_OPENMP_CFLAGS': ['-qopenmp'], 'ERT_OPENMP_LDFLAGS': ['-qopenmp'], 'ERT_FLOPS': ['1,2,4,8,16'], 'ERT_ALIGN': ['32'], 'ERT_CC': ['mpicc'], 'ERT_CFLAGS': ['-O3', '-msse3', '-axSSE3', '-xSSE3', '-fno-alias', '-fno-fnalias', '-DERT_INTEL', '-std=c++11'], 'ERT_LD': ['mpicc'], 'ERT_LDFLAGS': [], 'ERT_LDLIBS': [], 'ERT_PRECISION': ['FP64'], 'ERT_RUN': ['export', 'OMP_NUM_THREADS=ERT_OPENMP_THREADS;', 'mpirun', '-np', 'ERT_MPI_PROCS', 'ERT_CODE'], 'ERT_PROCS_THREADS': ['1-24'], 'ERT_MPI_PROCS': ['1,2,4,8,12,24'], 'ERT_OPENMP_THREADS': ['1,2,4,8,12,24'], 'ERT_NUM_EXPERIMENTS': ['1'], 'ERT_MEMORY_MAX': ['1073741824'], 'ERT_WORKING_SET_MIN': ['1'], 'ERT_TRIALS_MIN': ['1'], 'ERT_GNUPLOT': ['gnuplot'], 'ERT_GPU': [False], 'ERT_HIP': [False], 'ERT_OCL': [False], 'ERT_SYCL': [False], 'ERT_WSS_MULT': [1.1]}
 