fp64
 96 8388608 88417.053 88417.053 88417.053 18.216087070895703 18.216087070895703 18.216087070895703 1.1385054419309815 1.1385054419309815 1.1385054419309815
 192 4194304 51275.969 51275.969 51275.969 31.410673799260625 31.410673799260625 31.410673799260625 1.963167112453789 1.963167112453789 1.963167112453789
 288 2097152 25858.164 25858.164 25858.164 46.714822908540604 46.714822908540604 46.714822908540604 2.9196764317837878 2.9196764317837878 2.9196764317837878
 384 2097152 34623.861 34623.861 34623.861 46.517421497273226 46.517421497273226 46.517421497273226 2.9073388435795766 2.9073388435795766 2.9073388435795766
 480 2097152 28288.841 28288.841 28288.841 71.16820091710366 71.16820091710366 71.16820091710366 4.448012557318979 4.448012557318979 4.448012557318979
 576 1048576 20613.909 20613.909 20613.909 58.5992473334388 58.5992473334388 58.5992473334388 3.662452958339925 3.662452958339925 3.662452958339925
 672 1048576 16672.85 16672.85 16672.85 84.52580956465151 84.52580956465151 84.52580956465151 5.282863097790719 5.282863097790719 5.282863097790719
 768 1048576 23026.943 23026.943 23026.943 69.94470503531451 69.94470503531451 69.94470503531451 4.371544064707157 4.371544064707157 4.371544064707157
 864 1048576 22123.098 22123.098 22123.098 81.90260369501596 81.90260369501596 81.90260369501596 5.118912730938497 5.118912730938497 5.118912730938497
 960 1048576 26271.105 26271.105 26271.105 76.63423064998598 76.63423064998598 76.63423064998598 4.789639415624124 4.789639415624124 4.789639415624124
 1056 524288 46734.095 46734.095 46734.095 23.693542284278745 23.693542284278745 23.693542284278745 1.4808463927674216 1.4808463927674216 1.4808463927674216
 1152 524288 14232.159 14232.159 14232.159 84.87535531327327 84.87535531327327 84.87535531327327 5.30470970707958 5.30470970707958 5.30470970707958
 1248 524288 13604.879 13604.879 13604.879 96.18776087607982 96.18776087607982 96.18776087607982 6.011735054754989 6.011735054754989 6.011735054754989
 1344 524288 15560.15 15560.15 15560.15 90.5702158398216 90.5702158398216 90.5702158398216 5.66063848998885 5.66063848998885 5.66063848998885
 1440 524288 14760.971 14760.971 14760.971 102.29336809888726 102.29336809888726 102.29336809888726 6.3933355061804535 6.3933355061804535 6.3933355061804535
 1536 524288 8272.171 8272.171 8272.171 194.7025437457712 194.7025437457712 194.7025437457712 12.1689089841107 12.1689089841107 12.1689089841107
 1632 524288 10282.04 10282.04 10282.04 166.43351241582408 166.43351241582408 166.43351241582408 10.402094525989005 10.402094525989005 10.402094525989005
 1728 524288 10412.931 10412.931 10412.931 174.00857914068575 174.00857914068575 174.00857914068575 10.87553619629286 10.87553619629286 10.87553619629286
 1824 524288 11520.863 11520.863 11520.863 166.0120968368429 166.0120968368429 166.0120968368429 10.37575605230268 10.37575605230268 10.37575605230268
 1920 524288 13162.136 13162.136 13162.136 152.95890575815352 152.95890575815352 152.95890575815352 9.559931609884595 9.559931609884595 9.559931609884595
 2112 262144 7164.001 7164.001 7164.001 154.56394492407244 154.56394492407244 154.56394492407244 9.660246557754528 9.660246557754528 9.660246557754528
 2304 262144 8114.1 8114.1 8114.1 148.87166192183975 148.87166192183975 148.87166192183975 9.304478870114984 9.304478870114984 9.304478870114984
 2496 262144 9030.104 9030.104 9030.104 144.91780471188372 144.91780471188372 144.91780471188372 9.057362794492732 9.057362794492732 9.057362794492732
 2688 262144 9423.971 9423.971 9423.971 149.54270805799382 149.54270805799382 149.54270805799382 9.346419253624614 9.346419253624614 9.346419253624614
 2880 262144 10139.942 10139.942 10139.942 148.9110529429064 148.9110529429064 148.9110529429064 9.30694080893165 9.30694080893165 9.30694080893165
 3168 262144 9323.835 9323.835 9323.835 178.13961572679054 178.13961572679054 178.13961572679054 11.133725982924409 11.133725982924409 11.133725982924409
 3456 262144 10197.878 10197.878 10197.878 177.67807459551878 177.67807459551878 177.67807459551878 11.104879662219924 11.104879662219924 11.104879662219924
 3744 262144 11523.008 11523.008 11523.008 170.34911995201253 170.34911995201253 170.34911995201253 10.646819997000783 10.646819997000783 10.646819997000783
 4032 262144 12566.09 12566.09 12566.09 168.22489859614245 168.22489859614245 168.22489859614245 10.514056162258903 10.514056162258903 10.514056162258903
 4416 131072 6433.01 6433.01 6433.01 179.95120542327774 179.95120542327774 179.95120542327774 11.246950338954859 11.246950338954859 11.246950338954859
 4800 131072 6437.063 6437.063 6437.063 195.47598027236955 195.47598027236955 195.47598027236955 12.217248767023097 12.217248767023097 12.217248767023097
 5280 131072 7463.932 7463.932 7463.932 185.4411749731911 185.4411749731911 185.4411749731911 11.590073435824443 11.590073435824443 11.590073435824443
 5760 131072 8054.972 8054.972 8054.972 187.45557898897724 187.45557898897724 187.45557898897724 11.715973686811077 11.715973686811077 11.715973686811077
 6336 131072 8331.06 8331.06 8331.06 199.367713592268 199.367713592268 199.367713592268 12.46048209951675 12.46048209951675 12.46048209951675
 6912 131072 9438.992 9438.992 9438.992 191.96322319162894 191.96322319162894 191.96322319162894 11.997701449476809 11.997701449476809 11.997701449476809
 7584 131072 10699.034 10699.034 10699.034 185.82052323602298 185.82052323602298 185.82052323602298 11.613782702251436 11.613782702251436 11.613782702251436
 8256 65536 5444.05 5444.05 5444.05 198.77305168027482 198.77305168027482 198.77305168027482 12.423315730017176 12.423315730017176 12.423315730017176
 9024 65536 6089.926 6089.926 6089.926 194.2213629525219 194.2213629525219 194.2213629525219 12.138835184532619 12.138835184532619 12.138835184532619
 9888 65536 6695.986 6695.986 6695.986 193.5547559388565 193.5547559388565 193.5547559388565 12.09717224617853 12.09717224617853 12.09717224617853
 10848 65536 7004.023 7004.023 7004.023 203.00747955853373 203.00747955853373 203.00747955853373 12.687967472408358 12.687967472408358 12.687967472408358
 11904 65536 7898.808 7898.808 7898.808 197.53374028081197 197.53374028081197 197.53374028081197 12.345858767550748 12.345858767550748 12.345858767550748
 13056 65536 8552.79 8552.79 8552.79 200.08395295570216 200.08395295570216 200.08395295570216 12.505247059731385 12.505247059731385 12.505247059731385
 14304 65536 9358.883 9358.883 9358.883 200.328809324788 200.328809324788 200.328809324788 12.52055058279925 12.52055058279925 12.52055058279925
 15648 65536 10393.858 10393.858 10393.858 197.3294859329423 197.3294859329423 197.3294859329423 12.333092870808894 12.333092870808894 12.333092870808894
 17184 32768 5566.835 5566.835 5566.835 202.29998266519485 202.29998266519485 202.29998266519485 12.643748916574678 12.643748916574678 12.643748916574678
 18816 32768 6052.971 6052.971 6052.971 203.72233337975683 203.72233337975683 203.72233337975683 12.732645836234802 12.732645836234802 12.732645836234802
 20640 32768 6824.97 6824.97 6824.97 198.1932579923428 198.1932579923428 198.1932579923428 12.387078624521425 12.387078624521425 12.387078624521425
 22656 32768 7592.916 7592.916 7592.916 195.54853708377652 195.54853708377652 195.54853708377652 12.221783567736033 12.221783567736033 12.221783567736033
 24864 32768 7967.949 7967.949 7967.949 204.5052125710142 204.5052125710142 204.5052125710142 12.781575785688387 12.781575785688387 12.781575785688387
 27264 32768 8737.087 8737.087 8737.087 204.50448805191022 204.50448805191022 204.50448805191022 12.781530503244388 12.781530503244388 12.781530503244388
 29952 32768 9696.96 9696.96 9696.96 202.42779922779926 202.42779922779926 202.42779922779926 12.651737451737453 12.651737451737453 12.651737451737453
 32928 16384 5906.105 5906.105 5906.105 182.68972596999208 182.68972596999208 182.68972596999208 11.418107873124505 11.418107873124505 11.418107873124505
 36192 16384 6572.008 6572.008 6572.008 180.4531363930172 180.4531363930172 180.4531363930172 11.278321024563574 11.278321024563574 11.278321024563574
 39744 16384 6481.171 6481.171 6481.171 200.94075468769455 200.94075468769455 200.94075468769455 12.55879716798091 12.55879716798091 12.55879716798091
 43680 16384 7431.03 7431.03 7431.03 192.61209280543883 192.61209280543883 192.61209280543883 12.038255800339927 12.038255800339927 12.038255800339927
 48000 16384 8152.962 8152.962 8152.962 192.9193341021337 192.9193341021337 192.9193341021337 12.057458381383356 12.057458381383356 12.057458381383356
 52800 16384 9579.182 9579.182 9579.182 180.61567261171152 180.61567261171152 180.61567261171152 11.28847953823197 11.28847953823197 11.28847953823197
 58080 16384 10264.874 10264.874 10264.874 185.4056308923032 185.4056308923032 185.4056308923032 11.58785193076895 11.58785193076895 11.58785193076895
 63840 16384 11204.958 11204.958 11204.958 186.6949541444064 186.6949541444064 186.6949541444064 11.6684346340254 11.6684346340254 11.6684346340254
 70176 8192 5717.993 5717.993 5717.993 201.07817270850103 201.07817270850103 201.07817270850103 12.567385794281314 12.567385794281314 12.567385794281314
 77184 8192 6250.143 6250.143 6250.143 202.3285956817308 202.3285956817308 202.3285956817308 12.645537230108175 12.645537230108175 12.645537230108175
 84864 8192 7014.99 7014.99 7014.99 198.20581012945138 198.20581012945138 198.20581012945138 12.387863133090711 12.387863133090711 12.387863133090711
 93312 8192 7669.926 7669.926 7669.926 199.32706104335296 199.32706104335296 199.32706104335296 12.45794131520956 12.45794131520956 12.45794131520956
 102624 8192 8404.97 8404.97 8404.97 200.04730724797352 200.04730724797352 200.04730724797352 12.502956702998345 12.502956702998345 12.502956702998345
 112800 8192 9722.948 9722.948 9722.948 190.07765957403043 190.07765957403043 190.07765957403043 11.879853723376902 11.879853723376902 11.879853723376902
 124032 8192 10738.134 10738.134 10738.134 189.24519734993063 189.24519734993063 189.24519734993063 11.827824834370665 11.827824834370665 11.827824834370665
 136416 4096 5899.906 5899.906 5899.906 189.41316556568867 189.41316556568867 189.41316556568867 11.838322847855542 11.838322847855542 11.838322847855542
 150048 4096 6553.173 6553.173 6553.173 187.57222127357238 187.57222127357238 187.57222127357238 11.723263829598274 11.723263829598274 11.723263829598274
 165024 4096 7123.947 7123.947 7123.947 189.76511307565875 189.76511307565875 189.76511307565875 11.860319567228672 11.860319567228672 11.860319567228672
 181440 4096 7740.021 7740.021 7740.021 192.03519990449638 192.03519990449638 192.03519990449638 12.002199994031024 12.002199994031024 12.002199994031024
 199584 4096 8531.094 8531.094 8531.094 191.65093339728762 191.65093339728762 191.65093339728762 11.978183337330476 11.978183337330476 11.978183337330476
 219456 4096 9413.958 9413.958 9413.958 190.9699992288047 190.9699992288047 190.9699992288047 11.935624951800294 11.935624951800294 11.935624951800294
 241344 4096 10312.08 10312.08 10312.08 191.72563129843834 191.72563129843834 191.72563129843834 11.982851956152397 11.982851956152397 11.982851956152397
 265440 2048 5740.166 5740.166 5740.166 189.40954669255206 189.40954669255206 189.40954669255206 11.838096668284503 11.838096668284503 11.838096668284503
 291936 2048 6307.84 6307.84 6307.84 189.56883116883117 189.56883116883117 189.56883116883117 11.848051948051948 11.848051948051948 11.848051948051948
 321120 2048 6844.997 6844.997 6844.997 192.15604038979126 192.15604038979126 192.15604038979126 12.009752524361954 12.009752524361954 12.009752524361954
 353184 2048 7463.217 7463.217 7463.217 193.83620548618646 193.83620548618646 193.83620548618646 12.114762842886654 12.114762842886654 12.114762842886654
 388416 2048 8163.929 8163.929 8163.929 194.87576827285 194.87576827285 194.87576827285 12.179735517053125 12.179735517053125 12.179735517053125
 427200 2048 10228.872 10228.872 10228.872 171.06590052158242 171.06590052158242 171.06590052158242 10.691618782598901 10.691618782598901 10.691618782598901
 469920 2048 11279.106 11279.106 11279.106 170.65114203200145 170.65114203200145 170.65114203200145 10.66569637700009 10.66569637700009 10.66569637700009
 516864 2048 12502.909 12502.909 12502.909 169.32658983601337 169.32658983601337 169.32658983601337 10.582911864750836 10.582911864750836 10.582911864750836
 568512 1024 6782.055 6782.055 6782.055 171.6754842005852 171.6754842005852 171.6754842005852 10.729717762536575 10.729717762536575 10.729717762536575
 625344 1024 7529.02 7529.02 7529.02 170.1024186414699 170.1024186414699 170.1024186414699 10.63140116509187 10.63140116509187 10.63140116509187
 687840 1024 8191.109 8191.109 8191.109 171.9787052034102 171.9787052034102 171.9787052034102 10.748669075213137 10.748669075213137 10.748669075213137
 756576 1024 8920.908 8920.908 8920.908 173.68945492992418 173.68945492992418 173.68945492992418 10.855590933120261 10.855590933120261 10.855590933120261
 832224 1024 9829.998 9829.998 9829.998 173.38709041446398 173.38709041446398 173.38709041446398 10.836693150903999 10.836693150903999 10.836693150903999
 915360 1024 10834.932 10834.932 10834.932 173.01975499246328 173.01975499246328 173.01975499246328 10.813734687028955 10.813734687028955 10.813734687028955
 1006848 1024 11935.949 11935.949 11935.949 172.75749955030807 172.75749955030807 172.75749955030807 10.797343721894254 10.797343721894254 10.797343721894254
 1107456 512 6553.888 6553.888 6553.888 173.03239603728352 173.03239603728352 173.03239603728352 10.81452475233022 10.81452475233022 10.81452475233022
 1218144 512 7215.977 7215.977 7215.977 172.86355763051904 172.86355763051904 172.86355763051904 10.80397235190744 10.80397235190744 10.80397235190744
 1339872 512 7868.767 7868.767 7868.767 174.36390326464107 174.36390326464107 174.36390326464107 10.897743954040067 10.897743954040067 10.897743954040067
 1473792 512 8778.095 8778.095 8778.095 171.92374974296817 171.92374974296817 171.92374974296817 10.74523435893551 10.74523435893551 10.74523435893551
 1621152 512 9638.071 9638.071 9638.071 172.23982350825182 172.23982350825182 172.23982350825182 10.764988969265739 10.764988969265739 10.764988969265739
 1783200 512 10607.004 10607.004 10607.004 172.1501000659564 172.1501000659564 172.1501000659564 10.759381254122275 10.759381254122275 10.759381254122275
 1961472 512 11574.03 11574.03 11574.03 173.5391499762831 173.5391499762831 173.5391499762831 10.846196873517695 10.846196873517695 10.846196873517695
 2157600 256 6483.078 6483.078 6483.078 170.39609889006422 170.39609889006422 170.39609889006422 10.649756180629014 10.649756180629014 10.649756180629014
 2373312 256 7261.992 7261.992 7261.992 167.32815789386711 167.32815789386711 167.32815789386711 10.458009868366695 10.458009868366695 10.458009868366695
 2610624 256 7750.034 7750.034 7750.034 172.46885471728257 172.46885471728257 172.46885471728257 10.77930341983016 10.77930341983016 10.77930341983016
 2871648 256 8586.884 8586.884 8586.884 171.22436683667792 171.22436683667792 171.22436683667792 10.70152292729237 10.70152292729237 10.70152292729237
 3158784 256 9622.097 9622.097 9622.097 168.08159468772763 168.08159468772763 168.08159468772763 10.505099667982977 10.505099667982977 10.505099667982977
 3474624 256 15068.054 15068.054 15068.054 118.06484686078241 118.06484686078241 118.06484686078241 7.379052928798901 7.379052928798901 7.379052928798901
 3822048 256 16643.047 16643.047 16643.047 117.57994650859307 117.57994650859307 117.57994650859307 7.348746656787067 7.348746656787067 7.348746656787067
 4204224 128 41822.91 41822.91 41822.91 25.734252925011674 25.734252925011674 25.734252925011674 1.6083908078132296 1.6083908078132296 1.6083908078132296
 4624608 128 10851.86 10851.86 10851.86 109.0964726784164 109.0964726784164 109.0964726784164 6.818529542401025 6.818529542401025 6.818529542401025
 5087040 128 11739.969 11739.969 11739.969 110.9272298759903 110.9272298759903 110.9272298759903 6.932951867249394 6.932951867249394 6.932951867249394
 5595744 128 13014.078 13014.078 13014.078 110.07391103695551 110.07391103695551 110.07391103695551 6.879619439809719 6.879619439809719 6.879619439809719
 6155232 128 14311.79 14311.79 14311.79 110.10079046716028 110.10079046716028 110.10079046716028 6.8812994041975175 6.8812994041975175 6.8812994041975175
 6770688 128 16108.036 16108.036 16108.036 107.60443594737436 107.60443594737436 107.60443594737436 6.725277246710897 6.725277246710897 6.725277246710897
 7447680 128 17178.774 17178.774 17178.774 110.9861553566046 110.9861553566046 110.9861553566046 6.936634709787787 6.936634709787787 6.936634709787787
 8192448 128 19011.974 19011.974 19011.974 110.31293688914155 110.31293688914155 110.31293688914155 6.894558555571347 6.894558555571347 6.894558555571347
 9011616 64 10417.938 10417.938 10417.938 110.72122410404056 110.72122410404056 110.72122410404056 6.920076506502535 6.920076506502535 6.920076506502535
 9912768 64 11552.095 11552.095 11552.095 109.83586128749808 109.83586128749808 109.83586128749808 6.86474133046863 6.86474133046863 6.86474133046863
 10903968 64 12603.045 12603.045 12603.045 110.74370550926383 110.74370550926383 110.74370550926383 6.92148159432899 6.92148159432899 6.92148159432899
 11994336 64 14095.068 14095.068 14095.068 108.92285216360787 108.92285216360787 108.92285216360787 6.807678260225492 6.807678260225492 6.807678260225492
 13193760 64 15215.158 15215.158 15215.158 110.99465940478568 110.99465940478568 110.99465940478568 6.937166212799105 6.937166212799105 6.937166212799105
 14513088 64 16728.878 16728.878 16728.878 111.04601659477702 111.04601659477702 111.04601659477702 6.940376037173563 6.940376037173563 6.940376037173563
 15964320 64 18497.229 18497.229 18497.229 110.47238264715217 110.47238264715217 110.47238264715217 6.904523915447011 6.904523915447011 6.904523915447011
 17560704 32 10317.087 10317.087 10317.087 108.93433931496362 108.93433931496362 108.93433931496362 6.808396207185226 6.808396207185226 6.808396207185226
 19316736 32 11455.059 11455.059 11455.059 107.92359113994961 107.92359113994961 107.92359113994961 6.7452244462468505 6.7452244462468505 6.7452244462468505
 21248352 32 12327.909 12327.909 12327.909 110.31023411999554 110.31023411999554 110.31023411999554 6.894389632499721 6.894389632499721 6.894389632499721
 23373120 32 13756.99 13756.99 13756.99 108.73597204039547 108.73597204039547 108.73597204039547 6.795998252524717 6.795998252524717 6.795998252524717
 25710432 32 14734.03 14734.03 14734.03 111.67804382100483 111.67804382100483 111.67804382100483 6.979877738812802 6.979877738812802 6.979877738812802
 28281408 32 16189.098 16189.098 16189.098 111.80425938492682 111.80425938492682 111.80425938492682 6.987766211557926 6.987766211557926 6.987766211557926
 31109472 32 17714.977 17714.977 17714.977 112.39112576889036 112.39112576889036 112.39112576889036 7.024445360555648 7.024445360555648 7.024445360555648
 34220352 16 9767.056 9767.056 9767.056 112.11682046258362 112.11682046258362 112.11682046258362 7.007301278911476 7.007301278911476 7.007301278911476
 37642368 16 10638.952 10638.952 10638.952 113.22128119386196 113.22128119386196 113.22128119386196 7.076330074616372 7.076330074616372 7.076330074616372
 41406528 16 11740.923 11740.923 11740.923 112.85389538795202 112.85389538795202 112.85389538795202 7.053368461747001 7.053368461747001 7.053368461747001
 45547104 16 12998.104 12998.104 12998.104 112.13230237271527 112.13230237271527 112.13230237271527 7.008268898294705 7.008268898294705 7.008268898294705
 50101728 16 14216.185 14216.185 14216.185 112.77676085391404 112.77676085391404 112.77676085391404 7.048547553369628 7.048547553369628 7.048547553369628
 55111872 16 15861.034 15861.034 15861.034 111.18946621008442 111.18946621008442 111.18946621008442 6.949341638130276 6.949341638130276 6.949341638130276
 60623040 16 17878.056 17878.056 17878.056 108.50940840547764 108.50940840547764 108.50940840547764 6.781838025342353 6.781838025342353 6.781838025342353
 66685344 16 19418.955 19418.955 19418.955 109.88907528752189 109.88907528752189 109.88907528752189 6.868067205470118 6.868067205470118 6.868067205470118
 73353792 8 11263.132 11263.132 11263.132 104.20375717873145 104.20375717873145 104.20375717873145 6.512734823670716 6.512734823670716 6.512734823670716
 80689152 8 12982.13 12982.13 12982.13 99.44642612575903 99.44642612575903 99.44642612575903 6.2154016328599395 6.2154016328599395 6.2154016328599395
 88758048 8 14706.135 14706.135 14706.135 96.56709720127009 96.56709720127009 96.56709720127009 6.0354435750793805 6.0354435750793805 6.0354435750793805
 97633824 8 16292.81 16292.81 16292.81 95.87917516990625 95.87917516990625 95.87917516990625 5.9924484481191405 5.9924484481191405 5.9924484481191405
 107397120 8 17477.989 17477.989 17477.989 98.31531076029397 98.31531076029397 98.31531076029397 6.144706922518373 6.144706922518373 6.144706922518373
 118136832 8 28870.106 28870.106 28870.106 65.47219854336524 65.47219854336524 65.47219854336524 4.092012408960327 4.092012408960327 4.092012408960327
 129950496 8 22330.999 22330.999 22330.999 93.10859473864112 93.10859473864112 93.10859473864112 5.81928717116507 5.81928717116507 5.81928717116507
 142945536 4 14756.918 14756.918 14756.918 77.49343650212057 77.49343650212057 77.49343650212057 4.843339781382536 4.843339781382536 4.843339781382536
 157240032 4 19092.083 19092.083 19092.083 65.88700960497606 65.88700960497606 65.88700960497606 4.117938100311004 4.117938100311004 4.117938100311004
 172963968 4 21241.903 21241.903 21241.903 65.14066766993523 65.14066766993523 65.14066766993523 4.071291729370952 4.071291729370952 4.071291729370952
 190260288 4 22746.801 22746.801 22746.801 66.91412581487832 66.91412581487832 66.91412581487832 4.182132863429895 4.182132863429895 4.182132863429895
 209286240 4 27417.183 27417.183 27417.183 61.067175282012016 61.067175282012016 61.067175282012016 3.816698455125751 3.816698455125751 3.816698455125751
 230214816 4 33261.776 33261.776 33261.776 55.370420629373484 55.370420629373484 55.370420629373484 3.4606512893358428 3.4606512893358428 3.4606512893358428
 253236288 4 36674.023 36674.023 36674.023 55.24047100041356 55.24047100041356 55.24047100041356 3.4525294375258473 3.4525294375258473 3.4525294375258473
 278559840 2 22041.082 22041.082 22041.082 50.552843095452396 50.552843095452396 50.552843095452396 3.1595526934657747 3.1595526934657747 3.1595526934657747
 306415776 2 25824.07 25824.07 25824.07 47.462042350411835 47.462042350411835 47.462042350411835 2.9663776469007397 2.9663776469007397 2.9663776469007397
 337057344 2 25445.938 25445.938 25445.938 52.98407062062322 52.98407062062322 52.98407062062322 3.3115044137889513 3.3115044137889513 3.3115044137889513
 370763040 2 30334.949 30334.949 30334.949 48.88922542774013 48.88922542774013 48.88922542774013 3.055576589233758 3.055576589233758 3.055576589233758
 407839296 2 33409.119 33409.119 33409.119 48.82969778400921 48.82969778400921 48.82969778400921 3.051856111500576 3.051856111500576 3.051856111500576
 448623168 2 78901.052 78901.052 78901.052 22.74358359632518 22.74358359632518 22.74358359632518 1.4214739747703238 1.4214739747703238 1.4214739747703238
 493485408 2 40862.083 40862.083 40862.083 48.30741575264286 48.30741575264286 48.30741575264286 3.019213484540179 3.019213484540179 3.019213484540179
 542833920 1 27687.073 27687.073 27687.073 39.21208428207633 39.21208428207633 39.21208428207633 2.450755267629771 2.450755267629771 2.450755267629771
 597117312 1 27488.947 27488.947 27488.947 43.44417499877314 43.44417499877314 43.44417499877314 2.7152609374233214 2.7152609374233214 2.7152609374233214
 656829024 1 28748.989 28748.989 28748.989 45.69406068505574 45.69406068505574 45.69406068505574 2.8558787928159837 2.8558787928159837 2.8558787928159837
 722511840 1 30321.121 30321.121 30321.121 47.657330347383926 47.657330347383926 47.657330347383926 2.9785831467114954 2.9785831467114954 2.9785831467114954
 794762976 1 46967.03 46967.03 46967.03 33.84344192085384 33.84344192085384 33.84344192085384 2.115215120053365 2.115215120053365 2.115215120053365
 874239264 1 39961.1 39961.1 39961.1 43.75451446531752 43.75451446531752 43.75451446531752 2.734657154082345 2.734657154082345 2.734657154082345
 961663104 1 52983.999 52983.999 52983.999 36.30013295145955 36.30013295145955 36.30013295145955 2.268758309466222 2.268758309466222 2.268758309466222
 1057829376 1 52428.961 52428.961 52428.961 40.352864364411104 40.352864364411104 40.352864364411104 2.522054022775694 2.522054022775694 2.522054022775694
 
META_DATA
 MPI startup(): shm:tmi fabric is unknown or has been removed from the product, please use ofi or shm:ofi instead
 FLOPS          1
 MPI_PROCS      1
 OPENMP_THREADS 12
 ERT_VERSION  1.1.0
 HOSTNAME  ('shas0642.rc.int.colorado.edu', [], ['10.225.7.27'])
 UNAME  uname_result(system='Linux', node='shas0642.rc.int.colorado.edu', release='3.10.0-957.27.2.el7.x86_64', version='#1 SMP Mon Jul 29 17:46:05 UTC 2019', machine='x86_64', processor='x86_64')
 TIMESTAMP_DATA  1664550985.1574357
 CONFIG  {'ERT_RESULTS': ['lab5_results'], 'ERT_DRIVER': ['driver1'], 'ERT_KERNEL': ['kernel1'], 'ERT_MPI': ['True'], 'ERT_MPI_CFLAGS': ['-I/usr/include/mpi'], 'ERT_MPI_LDFLAGS': ['-lmpi'], 'ERT_OPENMP': ['True'], 'ERT_OPENMP_CFLAGS': ['-qopenmp'], 'ERT_OPENMP_LDFLAGS': ['-qopenmp'], 'ERT_FLOPS': ['1,2,4,8,16'], 'ERT_ALIGN': ['32'], 'ERT_CC': ['mpicc'], 'ERT_CFLAGS': ['-O3', '-msse3', '-axSSE3', '-xSSE3', '-fno-alias', '-fno-fnalias', '-DERT_INTEL', '-std=c++11'], 'ERT_LD': ['mpicc'], 'ERT_LDFLAGS': [], 'ERT_LDLIBS': [], 'ERT_PRECISION': ['FP64'], 'ERT_RUN': ['export', 'OMP_NUM_THREADS=ERT_OPENMP_THREADS;', 'mpirun', '-np', 'ERT_MPI_PROCS', 'ERT_CODE'], 'ERT_PROCS_THREADS': ['1-24'], 'ERT_MPI_PROCS': ['1,2,4,8,12,24'], 'ERT_OPENMP_THREADS': ['1,2,4,8,12,24'], 'ERT_NUM_EXPERIMENTS': ['1'], 'ERT_MEMORY_MAX': ['1073741824'], 'ERT_WORKING_SET_MIN': ['1'], 'ERT_TRIALS_MIN': ['1'], 'ERT_GNUPLOT': ['gnuplot'], 'ERT_GPU': [False], 'ERT_HIP': [False], 'ERT_OCL': [False], 'ERT_SYCL': [False], 'ERT_WSS_MULT': [1.1]}
 