fp64
 16 67108864 184170.961 184170.961 184170.961 11.66027280489675 11.66027280489675 11.66027280489675 0.7287670503060468 0.7287670503060468 0.7287670503060468
 32 33554432 102271.08 102271.08 102271.08 20.997956098635118 20.997956098635118 20.997956098635118 1.3123722561646949 1.3123722561646949 1.3123722561646949
 48 16777216 51131.01 51131.01 51131.01 31.499724648505865 31.499724648505865 31.499724648505865 1.9687327905316165 1.9687327905316165 1.9687327905316165
 64 16777216 71692.944 71692.944 71692.944 29.953905198815658 29.953905198815658 29.953905198815658 1.8721190749259786 1.8721190749259786 1.8721190749259786
 80 8388608 28126.001 28126.001 28126.001 47.72016043091231 47.72016043091231 47.72016043091231 2.9825100269320193 2.9825100269320193 2.9825100269320193
 96 8388608 41652.918 41652.918 41652.918 38.667464689988826 38.667464689988826 38.667464689988826 2.4167165431243016 2.4167165431243016 2.4167165431243016
 112 8388608 33253.908 33253.908 33253.908 56.50608620195857 56.50608620195857 56.50608620195857 3.5316303876224104 3.5316303876224104 3.5316303876224104
 128 8388608 46096.087 46096.087 46096.087 46.58711373917704 46.58711373917704 46.58711373917704 2.911694608698565 2.911694608698565 2.911694608698565
 144 4194304 21737.099 21737.099 21737.099 55.57133231071911 55.57133231071911 55.57133231071911 3.473208269419944 3.473208269419944 3.473208269419944
 160 4194304 25572.777 25572.777 25572.777 52.4846120544515 52.4846120544515 52.4846120544515 3.280288253403219 3.280288253403219 3.280288253403219
 176 4194304 24291.992 24291.992 24291.992 60.77702512004779 60.77702512004779 60.77702512004779 3.798564070002987 3.798564070002987 3.798564070002987
 192 4194304 28126.955 28126.955 28126.955 57.26225025069368 57.26225025069368 57.26225025069368 3.578890640668355 3.578890640668355 3.578890640668355
 208 4194304 26901.96 26901.96 26901.96 64.858860246614 64.858860246614 64.858860246614 4.053678765413375 4.053678765413375 4.053678765413375
 224 4194304 30750.036 30750.036 30750.036 61.1071867363017 61.1071867363017 61.1071867363017 3.819199171018856 3.819199171018856 3.819199171018856
 240 4194304 29496.908 29496.908 29496.908 68.25345626056806 68.25345626056806 68.25345626056806 4.265841016285504 4.265841016285504 4.265841016285504
 256 4194304 16551.018 16551.018 16551.018 129.74933916451545 129.74933916451545 129.74933916451545 8.109333697782215 8.109333697782215 8.109333697782215
 272 2097152 10298.967 10298.967 10298.967 110.77331231374951 110.77331231374951 110.77331231374951 6.923332019609345 6.923332019609345 6.923332019609345
 288 2097152 10851.86 10851.86 10851.86 111.31359527306837 111.31359527306837 111.31359527306837 6.957099704566773 6.957099704566773 6.957099704566773
 304 2097152 11538.029 11538.029 11538.029 110.51007204090058 110.51007204090058 110.51007204090058 6.906879502556286 6.906879502556286 6.906879502556286
 320 2097152 12366.772 12366.772 12366.772 108.5309311112067 108.5309311112067 108.5309311112067 6.783183194450419 6.783183194450419 6.783183194450419
 352 2097152 13653.994 13653.994 13653.994 108.1291677731805 108.1291677731805 108.1291677731805 6.758072985823781 6.758072985823781 6.758072985823781
 384 2097152 15028.954 15028.954 15028.954 107.16732089272482 107.16732089272482 107.16732089272482 6.697957555795301 6.697957555795301 6.697957555795301
 416 2097152 16126.156 16126.156 16126.156 108.19878364068909 108.19878364068909 108.19878364068909 6.762423977543068 6.762423977543068 6.762423977543068
 448 2097152 17389.059 17389.059 17389.059 108.05922229604258 108.05922229604258 108.05922229604258 6.753701393502661 6.753701393502661 6.753701393502661
 480 2097152 18688.917 18688.917 18688.917 107.7251250032305 107.7251250032305 107.7251250032305 6.732820312701906 6.732820312701906 6.732820312701906
 528 1048576 8640.051 8640.051 8640.051 128.15853239755182 128.15853239755182 128.15853239755182 8.009908274846989 8.009908274846989 8.009908274846989
 576 1048576 9554.148 9554.148 9554.148 126.43299559521165 126.43299559521165 126.43299559521165 7.902062224700728 7.902062224700728 7.902062224700728
 624 1048576 10818.958 10818.958 10818.958 120.9564588382726 120.9564588382726 120.9564588382726 7.559778677392037 7.559778677392037 7.559778677392037
 672 1048576 11487.961 11487.961 11487.961 122.6750459894493 122.6750459894493 122.6750459894493 7.667190374340581 7.667190374340581 7.667190374340581
 736 1048576 12828.112 12828.112 12828.112 120.3219828451763 120.3219828451763 120.3219828451763 7.520123927823518 7.520123927823518 7.520123927823518
 800 1048576 12835.026 12835.026 12835.026 130.714312538206 130.714312538206 130.714312538206 8.169644533637875 8.169644533637875 8.169644533637875
 880 1048576 14474.154 14474.154 14474.154 127.50270309408066 127.50270309408066 127.50270309408066 7.968918943380041 7.968918943380041 7.968918943380041
 960 1048576 16048.193 16048.193 16048.193 125.45125298530495 125.45125298530495 125.45125298530495 7.840703311581559 7.840703311581559 7.840703311581559
 1056 524288 8321.047 8321.047 8321.047 133.0717463799928 133.0717463799928 133.0717463799928 8.31698414874955 8.31698414874955 8.31698414874955
 1152 524288 9309.053 9309.053 9309.053 129.76180842455187 129.76180842455187 129.76180842455187 8.110113026534492 8.110113026534492 8.110113026534492
 1264 524288 10686.874 10686.874 10686.874 124.02130538827352 124.02130538827352 124.02130538827352 7.751331586767095 7.751331586767095 7.751331586767095
 1376 524288 10868.073 10868.073 10868.073 132.75955875526415 132.75955875526415 132.75955875526415 8.29747242220401 8.29747242220401 8.29747242220401
 1504 524288 12153.864 12153.864 12153.864 129.75777119112078 129.75777119112078 129.75777119112078 8.109860699445049 8.109860699445049 8.109860699445049
 1648 524288 13098.955 13098.955 13098.955 131.92298530684317 131.92298530684317 131.92298530684317 8.245186581677698 8.245186581677698 8.245186581677698
 1808 524288 13955.116 13955.116 13955.116 135.8516409322574 135.8516409322574 135.8516409322574 8.490727558266087 8.490727558266087 8.490727558266087
 1984 524288 15805.006 15805.006 15805.006 131.627585842106 131.627585842106 131.627585842106 8.226724115131624 8.226724115131624 8.226724115131624
 2176 262144 8535.862 8535.862 8535.862 133.65383460979103 133.65383460979103 133.65383460979103 8.35336466311194 8.35336466311194 8.35336466311194
 2384 262144 9304.047 9304.047 9304.047 134.3396687484489 134.3396687484489 134.3396687484489 8.396229296778056 8.396229296778056 8.396229296778056
 2608 262144 10114.908 10114.908 10114.908 135.18097287686652 135.18097287686652 135.18097287686652 8.448810804804157 8.448810804804157 8.448810804804157
 2864 262144 11177.063 11177.063 11177.063 134.3430588160772 134.3430588160772 134.3430588160772 8.396441176004824 8.396441176004824 8.396441176004824
 3136 262144 12017.012 12017.012 12017.012 136.81996556215472 136.81996556215472 136.81996556215472 8.55124784763467 8.55124784763467 8.55124784763467
 3440 262144 13242.006 13242.006 13242.006 136.1992072802263 136.1992072802263 136.1992072802263 8.512450455014143 8.512450455014143 8.512450455014143
 3776 262144 14561.892 14561.892 14561.892 135.95152937544105 135.95152937544105 135.95152937544105 8.496970585965066 8.496970585965066 8.496970585965066
 4144 131072 7930.04 7930.04 7930.04 136.98855693035597 136.98855693035597 136.98855693035597 8.561784808147248 8.561784808147248 8.561784808147248
 4544 131072 8748.055 8748.055 8748.055 136.16539173564865 136.16539173564865 136.16539173564865 8.510336983478041 8.510336983478041 8.510336983478041
 4992 131072 9580.851 9580.851 9580.851 136.58732903789024 136.58732903789024 136.58732903789024 8.53670806486814 8.53670806486814 8.53670806486814
 5488 131072 10478.02 10478.02 10478.02 137.3013481554721 137.3013481554721 137.3013481554721 8.581334259717007 8.581334259717007 8.581334259717007
 6032 131072 11507.034 11507.034 11507.034 137.41617587990095 137.41617587990095 137.41617587990095 8.58851099249381 8.58851099249381 8.58851099249381
 6624 131072 12666.941 12666.941 12666.941 137.0845459847014 137.0845459847014 137.0845459847014 8.567784124043838 8.567784124043838 8.567784124043838
 7280 131072 13888.836 13888.836 13888.836 137.40592228175205 137.40592228175205 137.40592228175205 8.587870142609503 8.587870142609503 8.587870142609503
 8000 131072 15244.961 15244.961 15244.961 137.56361856222526 137.56361856222526 137.56361856222526 8.597726160139079 8.597726160139079 8.597726160139079
 8800 65536 8714.914 8714.914 8714.914 132.351690446974 132.351690446974 132.351690446974 8.271980652935875 8.271980652935875 8.271980652935875
 9680 65536 9594.917 9594.917 9594.917 132.2342819640858 132.2342819640858 132.2342819640858 8.264642622755362 8.264642622755362 8.264642622755362
 10640 65536 10431.051 10431.051 10431.051 133.69756125245672 133.69756125245672 133.69756125245672 8.356097578278545 8.356097578278545 8.356097578278545
 11696 65536 11472.225 11472.225 11472.225 133.6286650584346 133.6286650584346 133.6286650584346 8.351791566152162 8.351791566152162 8.351791566152162
 12864 65536 12575.865 12575.865 12575.865 134.07508811521117 134.07508811521117 134.07508811521117 8.379693007200698 8.379693007200698 8.379693007200698
 14144 65536 13765.097 13765.097 13765.097 134.67993491073838 134.67993491073838 134.67993491073838 8.417495931921149 8.417495931921149 8.417495931921149
 15552 65536 15020.132 15020.132 15020.132 135.71330425058846 135.71330425058846 135.71330425058846 8.482081515661779 8.482081515661779 8.482081515661779
 17104 32768 8237.839 8237.839 8237.839 136.070605895551 136.070605895551 136.070605895551 8.504412868471938 8.504412868471938 8.504412868471938
 18800 32768 9015.083 9015.083 9015.083 136.6683812007055 136.6683812007055 136.6683812007055 8.541773825044094 8.541773825044094 8.541773825044094
 20672 32768 9964.943 9964.943 9964.943 135.95262832913346 135.95262832913346 135.95262832913346 8.497039270570841 8.497039270570841 8.497039270570841
 22736 32768 10873.079 10873.079 10873.079 137.03813758733844 137.03813758733844 137.03813758733844 8.564883599208652 8.564883599208652 8.564883599208652
 25008 32768 11936.903 11936.903 11936.903 137.29895333823185 137.29895333823185 137.29895333823185 8.58118458363949 8.58118458363949 8.58118458363949
 27504 32768 13091.803 13091.803 13091.803 137.68173444100864 137.68173444100864 137.68173444100864 8.60510840256304 8.60510840256304 8.60510840256304
 30240 32768 14349.937 14349.937 14349.937 138.10573802519133 138.10573802519133 138.10573802519133 8.631608626574458 8.631608626574458 8.631608626574458
 33264 16384 7905.96 7905.96 7905.96 137.8700059195847 137.8700059195847 137.8700059195847 8.616875369974045 8.616875369974045 8.616875369974045
 36576 16384 8939.028 8939.028 8939.028 134.07748224974796 134.07748224974796 134.07748224974796 8.379842640609247 8.379842640609247 8.379842640609247
 40224 16384 9533.882 9533.882 9533.882 138.25008868370722 138.25008868370722 138.25008868370722 8.640630542731701 8.640630542731701 8.640630542731701
 44240 16384 10490.894 10490.894 10490.894 138.18234365917718 138.18234365917718 138.18234365917718 8.636396478698574 8.636396478698574 8.636396478698574
 48656 16384 11518.955 11518.955 11518.955 138.4118444772117 138.4118444772117 138.4118444772117 8.650740279825731 8.650740279825731 8.650740279825731
 53520 16384 12640.953 12640.953 12640.953 138.7350589785438 138.7350589785438 138.7350589785438 8.670941186158988 8.670941186158988 8.670941186158988
 58864 16384 13921.022 13921.022 13921.022 138.55703640149406 138.55703640149406 138.55703640149406 8.659814775093379 8.659814775093379 8.659814775093379
 64736 16384 15299.082 15299.082 15299.082 138.65336809097434 138.65336809097434 138.65336809097434 8.665835505685896 8.665835505685896 8.665835505685896
 71200 8192 8960.962 8960.962 8960.962 130.18030876595617 130.18030876595617 130.18030876595617 8.13626929787226 8.13626929787226 8.13626929787226
 78320 8192 10280.848 10280.848 10280.848 124.81410871943636 124.81410871943636 124.81410871943636 7.800881794964773 7.800881794964773 7.800881794964773
 86144 8192 11395.216 11395.216 11395.216 123.85752898409297 123.85752898409297 123.85752898409297 7.74109556150581 7.74109556150581 7.74109556150581
 94752 8192 12445.927 12445.927 12445.927 124.73291607768552 124.73291607768552 124.73291607768552 7.795807254855345 7.795807254855345 7.795807254855345
 104224 8192 13710.976 13710.976 13710.976 124.54299504280367 124.54299504280367 124.54299504280367 7.783937190175229 7.783937190175229 7.783937190175229
 114640 8192 15105.963 15105.963 15105.963 124.33909443575362 124.33909443575362 124.33909443575362 7.771193402234601 7.771193402234601 7.771193402234601
 126096 8192 16563.892 16563.892 16563.892 124.72653552679526 124.72653552679526 124.72653552679526 7.795408470424704 7.795408470424704 7.795408470424704
 138704 4096 9154.081 9154.081 9154.081 124.12640526121628 124.12640526121628 124.12640526121628 7.757900328826017 7.757900328826017 7.757900328826017
 152560 4096 10020.971 10020.971 10020.971 124.71561089239755 124.71561089239755 124.71561089239755 7.794725680774847 7.794725680774847 7.794725680774847
 167808 4096 10998.011 10998.011 10998.011 124.99379533262878 124.99379533262878 124.99379533262878 7.812112208289299 7.812112208289299 7.812112208289299
 184576 4096 12073.994 12073.994 12073.994 125.23168323588696 125.23168323588696 125.23168323588696 7.826980202242935 7.826980202242935 7.826980202242935
 203024 4096 13306.856 13306.856 13306.856 124.98614308293409 124.98614308293409 124.98614308293409 7.811633942683381 7.811633942683381 7.811633942683381
 223312 4096 14671.803 14671.803 14671.803 124.68623685855106 124.68623685855106 124.68623685855106 7.792889803659441 7.792889803659441 7.792889803659441
 245632 4096 16331.911 16331.911 16331.911 123.20770937338564 123.20770937338564 123.20770937338564 7.7004818358366025 7.7004818358366025 7.7004818358366025
 270192 2048 8877.039 8877.039 8877.039 124.67067363340409 124.67067363340409 124.67067363340409 7.791917102087756 7.791917102087756 7.791917102087756
 297200 2048 9789.944 9789.944 9789.944 124.34506264795795 124.34506264795795 124.34506264795795 7.771566415497372 7.771566415497372 7.771566415497372
 326912 2048 10786.057 10786.057 10786.057 124.14467603870442 124.14467603870442 124.14467603870442 7.759042252419026 7.759042252419026 7.759042252419026
 359600 2048 11934.042 11934.042 11934.042 123.421854892081 123.421854892081 123.421854892081 7.7138659307550625 7.7138659307550625 7.7138659307550625
 395552 2048 13111.115 13111.115 13111.115 123.57308985543946 123.57308985543946 123.57308985543946 7.723318115964966 7.723318115964966 7.723318115964966
 435104 2048 14439.821 14439.821 14439.821 123.42161194380456 123.42161194380456 123.42161194380456 7.713850746487785 7.713850746487785 7.713850746487785
 478608 2048 15872.002 15872.002 15872.002 123.51172637201029 123.51172637201029 123.51172637201029 7.719482898250643 7.719482898250643 7.719482898250643
 526464 1024 9016.991 9016.991 9016.991 119.57406545043685 119.57406545043685 119.57406545043685 7.473379090652303 7.473379090652303 7.473379090652303
 579104 1024 14160.872 14160.872 14160.872 83.75225706439547 83.75225706439547 83.75225706439547 5.234516066524717 5.234516066524717 5.234516066524717
 637008 1024 15664.101 15664.101 15664.101 83.28549362647752 83.28549362647752 83.28549362647752 5.205343351654845 5.205343351654845 5.205343351654845
 700704 1024 18433.809 18433.809 18433.809 77.84835960923756 77.84835960923756 77.84835960923756 4.865522475577348 4.865522475577348 4.865522475577348
 770768 1024 20225.048 20225.048 20225.048 78.04841125716983 78.04841125716983 78.04841125716983 4.8780257035731145 4.8780257035731145 4.8780257035731145
 847840 1024 22342.92 22342.92 22342.92 77.714834050339 77.714834050339 77.714834050339 4.857177128146187 4.857177128146187 4.857177128146187
 932624 1024 24629.116 24629.116 24629.116 77.5510559128472 77.5510559128472 77.5510559128472 4.84694099455295 4.84694099455295 4.84694099455295
 1025872 1024 26937.008 26937.008 26937.008 77.99625912425017 77.99625912425017 77.99625912425017 4.874766195265636 4.874766195265636 4.874766195265636
 1128448 512 15291.929 15291.929 15291.929 75.56474739060063 75.56474739060063 75.56474739060063 4.722796711912539 4.722796711912539 4.722796711912539
 1241280 512 16328.096 16328.096 16328.096 77.84561776216896 77.84561776216896 77.84561776216896 4.86535111013556 4.86535111013556 4.86535111013556
 1365408 512 17966.032 17966.032 17966.032 77.82340541305949 77.82340541305949 77.82340541305949 4.863962838316218 4.863962838316218 4.863962838316218
 1501936 512 19756.079 19756.079 19756.079 77.8485682305684 77.8485682305684 77.8485682305684 4.865535514410525 4.865535514410525 4.865535514410525
 1652128 512 21780.968 21780.968 21780.968 77.67235469057206 77.67235469057206 77.67235469057206 4.854522168160754 4.854522168160754 4.854522168160754
 1817328 512 23948.908 23948.908 23948.908 77.70474845867712 77.70474845867712 77.70474845867712 4.85654677866732 4.85654677866732 4.85654677866732
 1999056 512 26376.009 26376.009 26376.009 77.60966960543576 77.60966960543576 77.60966960543576 4.850604350339735 4.850604350339735 4.850604350339735
 2198960 256 14508.009 14508.009 14508.009 77.60317215132689 77.60317215132689 77.60317215132689 4.8501982594579305 4.8501982594579305 4.8501982594579305
 2418848 256 15962.124 15962.124 15962.124 77.58680336025455 77.58680336025455 77.58680336025455 4.849175210015909 4.849175210015909 4.849175210015909
 2660720 256 17548.8 17548.8 17548.8 77.62859226841722 77.62859226841722 77.62859226841722 4.851787016776076 4.851787016776076 4.851787016776076
 2926784 256 19355.059 19355.059 19355.059 77.42231155172402 77.42231155172402 77.42231155172402 4.838894471982751 4.838894471982751 4.838894471982751
 3219456 256 21860.838 21860.838 21860.838 75.40248328998183 75.40248328998183 75.40248328998183 4.712655205623864 4.712655205623864 4.712655205623864
 3541392 256 23365.021 23365.021 23365.021 77.60287071858399 77.60287071858399 77.60287071858399 4.850179419911499 4.850179419911499 4.850179419911499
 3895520 256 25741.816 25741.816 25741.816 77.48117848406656 77.48117848406656 77.48117848406656 4.84257365525416 4.84257365525416 4.84257365525416
 4285072 128 14140.129 14140.129 14140.129 77.57909648490477 77.57909648490477 77.57909648490477 4.848693530306548 4.848693530306548 4.848693530306548
 4713568 128 15573.025 15573.025 15573.025 77.48484369607061 77.48484369607061 77.48484369607061 4.842802731004413 4.842802731004413 4.842802731004413
 5184912 128 17099.142 17099.142 17099.142 77.62596930302117 77.62596930302117 77.62596930302117 4.851623081438823 4.851623081438823 4.851623081438823
 5703392 128 18950.939 18950.939 18950.939 77.04464417304071 77.04464417304071 77.04464417304071 4.815290260815044 4.815290260815044 4.815290260815044
 6273728 128 20720.005 20720.005 20720.005 77.51322299391337 77.51322299391337 77.51322299391337 4.844576437119586 4.844576437119586 4.844576437119586
 6901088 128 22818.089 22818.089 22818.089 77.42447353939237 77.42447353939237 77.42447353939237 4.839029596212023 4.839029596212023 4.839029596212023
 7591184 128 25425.911 25425.911 25425.911 76.4316017624698 76.4316017624698 76.4316017624698 4.776975110154362 4.776975110154362 4.776975110154362
 8350288 128 27897.12 27897.12 27897.12 76.62703992383445 76.62703992383445 76.62703992383445 4.789189995239653 4.789189995239653 4.789189995239653
 9185312 64 15578.985 15578.985 15578.985 75.46832710860174 75.46832710860174 75.46832710860174 4.716770444287609 4.716770444287609 4.716770444287609
 10103840 64 17083.168 17083.168 17083.168 75.70560214592514 75.70560214592514 75.70560214592514 4.731600134120321 4.731600134120321 4.731600134120321
 11114224 64 18398.046 18398.046 18398.046 77.3245524008365 77.3245524008365 77.3245524008365 4.832784525052281 4.832784525052281 4.832784525052281
 12225632 64 20244.122 20244.122 20244.122 77.30050708052441 77.30050708052441 77.30050708052441 4.831281692532776 4.831281692532776 4.831281692532776
 13448192 64 22882.938 22882.938 22882.938 75.22498098801823 75.22498098801823 75.22498098801823 4.7015613117511394 4.7015613117511394 4.7015613117511394
 14793008 64 25285.959 25285.959 25285.959 74.88365475875366 74.88365475875366 74.88365475875366 4.680228422422104 4.680228422422104 4.680228422422104
 16272304 64 27038.097 27038.097 27038.097 77.03407943243936 77.03407943243936 77.03407943243936 4.81462996452746 4.81462996452746 4.81462996452746
 17899520 32 15158.176 15158.176 15158.176 75.57434878708362 75.57434878708362 75.57434878708362 4.723396799192726 4.723396799192726 4.723396799192726
 19689472 32 16845.942 16845.942 16845.942 74.80295301978364 74.80295301978364 74.80295301978364 4.675184563736478 4.675184563736478 4.675184563736478
 21658416 32 18502.951 18502.951 18502.951 74.91446223902338 74.91446223902338 74.91446223902338 4.682153889938961 4.682153889938961 4.682153889938961
 23824256 32 19945.86 19945.86 19945.86 76.44455460932745 76.44455460932745 76.44455460932745 4.777784663082966 4.777784663082966 4.777784663082966
 26206672 32 21939.993 21939.993 21939.993 76.44610497368892 76.44610497368892 76.44610497368892 4.777881560855557 4.777881560855557 4.777881560855557
 28827328 32 24266.005 24266.005 24266.005 76.03019087814414 76.03019087814414 76.03019087814414 4.751886929884009 4.751886929884009 4.751886929884009
 31710048 32 26641.846 26641.846 26641.846 76.17501700144952 76.17501700144952 76.17501700144952 4.760938562590595 4.760938562590595 4.760938562590595
 34881040 16 14895.201 14895.201 14895.201 74.93643623875906 74.93643623875906 74.93643623875906 4.683527264922441 4.683527264922441 4.683527264922441
 38369136 16 16015.053 16015.053 16015.053 76.66614353383656 76.66614353383656 76.66614353383656 4.791633970864785 4.791633970864785 4.791633970864785
 42206048 16 17754.078 17754.078 17754.078 76.07229933314476 76.07229933314476 76.07229933314476 4.754518708321547 4.754518708321547 4.754518708321547
 46426640 16 19703.865 19703.865 19703.865 75.39903871651576 75.39903871651576 75.39903871651576 4.712439919782235 4.712439919782235 4.712439919782235
 51069296 16 23303.032 23303.032 23303.032 70.1289631323512 70.1289631323512 70.1289631323512 4.38306019577195 4.38306019577195 4.38306019577195
 56176224 16 29321.194 29321.194 29321.194 61.30852543044461 61.30852543044461 61.30852543044461 3.831782839402788 3.831782839402788 3.831782839402788
 61793840 16 39237.022 39237.022 39237.022 50.396354748839 50.396354748839 50.396354748839 3.1497721718024376 3.1497721718024376 3.1497721718024376
 67973216 8 24687.052 24687.052 24687.052 44.05432677826417 44.05432677826417 44.05432677826417 2.7533954236415106 2.7533954236415106 2.7533954236415106
 74770528 8 30015.945 30015.945 30015.945 39.85643124012921 39.85643124012921 39.85643124012921 2.4910269525080757 2.4910269525080757 2.4910269525080757
 82247568 8 35454.988 35454.988 35454.988 37.116387911342684 37.116387911342684 37.116387911342684 2.3197742444589178 2.3197742444589178 2.3197742444589178
 90472320 8 40144.92 40144.92 40144.92 36.05828881960656 36.05828881960656 36.05828881960656 2.25364305122541 2.25364305122541 2.25364305122541
 99519552 8 44980.049 44980.049 44980.049 35.40042457490431 35.40042457490431 35.40042457490431 2.212526535931519 2.212526535931519 2.212526535931519
 109471504 8 49855.947 49855.947 49855.947 35.13209896504423 35.13209896504423 35.13209896504423 2.1957561853152643 2.1957561853152643 2.1957561853152643
 120418640 8 55261.85 55261.85 55261.85 34.864888526171306 34.864888526171306 34.864888526171306 2.1790555328857066 2.1790555328857066 2.1790555328857066
 132460496 8 60546.875 60546.875 60546.875 35.00375429780645 35.00375429780645 35.00375429780645 2.1877346436129033 2.1877346436129033 2.1877346436129033
 145706544 4 33407.927 33407.927 33407.927 34.891490034685475 34.891490034685475 34.891490034685475 2.180718127167842 2.180718127167842 2.180718127167842
 160277184 4 36633.968 36633.968 36633.968 35.00078047783412 35.00078047783412 35.00078047783412 2.1875487798646325 2.1875487798646325 2.1875487798646325
 176304896 4 40398.121 40398.121 40398.121 34.91348441676284 34.91348441676284 34.91348441676284 2.1820927760476776 2.1820927760476776 2.1820927760476776
 193935376 4 44428.825 44428.825 44428.825 34.920640102456005 34.920640102456005 34.920640102456005 2.1825400064035003 2.1825400064035003 2.1825400064035003
 213328912 4 48803.091 48803.091 48803.091 34.969737797960384 34.969737797960384 34.969737797960384 2.185608612372524 2.185608612372524 2.185608612372524
 234661792 4 53614.14 53614.14 53614.14 35.0149109171573 35.0149109171573 35.0149109171573 2.1884319323223314 2.1884319323223314 2.1884319323223314
 258127968 4 58902.025 58902.025 58902.025 35.05862054827487 35.05862054827487 35.05862054827487 2.191163784267179 2.191163784267179 2.191163784267179
 283940752 2 32469.034 32469.034 32469.034 34.97988292475841 34.97988292475841 34.97988292475841 2.1862426827974004 2.1862426827974004 2.1862426827974004
 312334816 2 35730.124 35730.124 35730.124 34.96599295317307 34.96599295317307 34.96599295317307 2.185374559573317 2.185374559573317 2.185374559573317
 343568288 2 39350.986 39350.986 39350.986 34.92347439527945 34.92347439527945 34.92347439527945 2.1827171497049656 2.1827171497049656 2.1827171497049656
 377925104 2 43251.038 43251.038 43251.038 34.95177193204011 34.95177193204011 34.95177193204011 2.184485745752507 2.184485745752507 2.184485745752507
 415717600 2 47526.836 47526.836 47526.836 34.98803076224136 34.98803076224136 34.98803076224136 2.186751922640085 2.186751922640085 2.186751922640085
 457289360 2 52258.968 52258.968 52258.968 35.001790314726456 35.001790314726456 35.001790314726456 2.1876118946704035 2.1876118946704035 2.1876118946704035
 503018288 2 57525.158 57525.158 57525.158 34.977272935086944 34.977272935086944 34.977272935086944 2.186079558442934 2.186079558442934 2.186079558442934
 553320112 1 31450.033 31450.033 31450.033 35.187251600022165 35.187251600022165 35.187251600022165 2.1992032250013853 2.1992032250013853 2.1992032250013853
 608652112 1 34625.053 34625.053 34625.053 35.15674687920333 35.15674687920333 35.15674687920333 2.1972966799502083 2.1972966799502083 2.1972966799502083
 669517312 1 38208.961 38208.961 38208.961 35.045041502175366 35.045041502175366 35.045041502175366 2.1903150938859604 2.1903150938859604 2.1903150938859604
 736469040 1 41981.936 41981.936 41981.936 35.08504419615141 35.08504419615141 35.08504419615141 2.192815262259463 2.192815262259463 2.192815262259463
 810115936 1 46368.122 46368.122 46368.122 34.942796950025276 34.942796950025276 34.942796950025276 2.1839248093765797 2.1839248093765797 2.1839248093765797
 891127520 1 51213.026 51213.026 51213.026 34.80081493329451 34.80081493329451 34.80081493329451 2.175050933330907 2.175050933330907 2.175050933330907
 980240272 1 56345.94 56345.94 56345.94 34.793643410687615 34.793643410687615 34.793643410687615 2.174602713167976 2.174602713167976 2.174602713167976
 
META_DATA
 MPI startup(): shm:tmi fabric is unknown or has been removed from the product, please use ofi or shm:ofi instead
 FLOPS          1
 MPI_PROCS      1
 OPENMP_THREADS 2
 ERT_VERSION  1.1.0
 HOSTNAME  ('shas0420.rc.int.colorado.edu', [], ['10.225.6.135'])
 UNAME  uname_result(system='Linux', node='shas0420.rc.int.colorado.edu', release='3.10.0-957.27.2.el7.x86_64', version='#1 SMP Mon Jul 29 17:46:05 UTC 2019', machine='x86_64', processor='x86_64')
 TIMESTAMP_DATA  1664552164.5761416
 CONFIG  {'ERT_RESULTS': ['lab5_results'], 'ERT_DRIVER': ['driver1'], 'ERT_KERNEL': ['kernel1'], 'ERT_MPI': ['True'], 'ERT_MPI_CFLAGS': ['-I/usr/include/mpi'], 'ERT_MPI_LDFLAGS': ['-lmpi'], 'ERT_OPENMP': ['True'], 'ERT_OPENMP_CFLAGS': ['-qopenmp'], 'ERT_OPENMP_LDFLAGS': ['-qopenmp'], 'ERT_FLOPS': ['1,2,4,8,16'], 'ERT_ALIGN': ['32'], 'ERT_CC': ['mpicc'], 'ERT_CFLAGS': ['-O3', '-msse3', '-axSSE3', '-xSSE3', '-fno-alias', '-fno-fnalias', '-DERT_INTEL', '-std=c++11'], 'ERT_LD': ['mpicc'], 'ERT_LDFLAGS': [], 'ERT_LDLIBS': [], 'ERT_PRECISION': ['FP64'], 'ERT_RUN': ['export', 'OMP_NUM_THREADS=ERT_OPENMP_THREADS;', 'mpirun', '-np', 'ERT_MPI_PROCS', 'ERT_CODE'], 'ERT_PROCS_THREADS': ['1-24'], 'ERT_MPI_PROCS': ['1,2,4'], 'ERT_OPENMP_THREADS': ['1,2,4'], 'ERT_NUM_EXPERIMENTS': ['1'], 'ERT_MEMORY_MAX': ['1073741824'], 'ERT_WORKING_SET_MIN': ['1'], 'ERT_TRIALS_MIN': ['1'], 'ERT_GNUPLOT': ['gnuplot'], 'ERT_GPU': [False], 'ERT_HIP': [False], 'ERT_OCL': [False], 'ERT_SYCL': [False], 'ERT_WSS_MULT': [1.1]}
 