fp64
 8 134217728 370225.906 370225.906 370225.906 5.800468344319482 5.800468344319482 5.800468344319482 0.7250585430399352 0.7250585430399352 0.7250585430399352
 16 67108864 207117.796 207117.796 207117.796 10.368416859746809 10.368416859746809 10.368416859746809 1.296052107468351 1.296052107468351 1.296052107468351
 24 33554432 101126.909 101126.909 101126.909 15.92664852438039 15.92664852438039 15.92664852438039 1.9908310655475487 1.9908310655475487 1.9908310655475487
 32 33554432 137115.955 137115.955 137115.955 15.661807176269168 15.661807176269168 15.661807176269168 1.957725897033646 1.957725897033646 1.957725897033646
 40 16777216 53681.135 53681.135 53681.135 25.002773879501614 25.002773879501614 25.002773879501614 3.1253467349377018 3.1253467349377018 3.1253467349377018
 48 16777216 84780.931 84780.931 84780.931 18.99734665570021 18.99734665570021 18.99734665570021 2.374668331962526 2.374668331962526 2.374668331962526
 56 16777216 61283.112 61283.112 61283.112 30.661761954908556 30.661761954908556 30.661761954908556 3.8327202443635695 3.8327202443635695 3.8327202443635695
 64 16777216 91961.861 91961.861 91961.861 23.35189419448569 23.35189419448569 23.35189419448569 2.9189867743107114 2.9189867743107114 2.9189867743107114
 72 8388608 46024.084 46024.084 46024.084 26.246248637995706 26.246248637995706 26.246248637995706 3.280781079749463 3.280781079749463 3.280781079749463
 80 8388608 51112.89 51112.89 51112.89 26.259076330843353 26.259076330843353 26.259076330843353 3.282384541355419 3.282384541355419 3.282384541355419
 88 8388608 53333.044 53333.044 53333.044 27.68255657786943 27.68255657786943 27.68255657786943 3.460319572233679 3.460319572233679 3.460319572233679
 96 8388608 59010.983 59010.983 59010.983 27.293440205868116 27.293440205868116 27.293440205868116 3.4116800257335145 3.4116800257335145 3.4116800257335145
 104 8388608 63605.785 63605.785 63605.785 27.431946072200823 27.431946072200823 27.431946072200823 3.428993259025103 3.428993259025103 3.428993259025103
 112 8388608 66982.031 66982.031 66982.031 28.05301905521497 28.05301905521497 28.05301905521497 3.5066273819018714 3.5066273819018714 3.5066273819018714
 120 8388608 72796.822 72796.822 72796.822 27.655958937328336 27.655958937328336 27.655958937328336 3.456994867166042 3.456994867166042 3.456994867166042
 128 8388608 31797.171 31797.171 31797.171 67.53694056619062 67.53694056619062 67.53694056619062 8.442117570773828 8.442117570773828 8.442117570773828
 136 4194304 20468.95 20468.95 20468.95 55.735672225492756 55.735672225492756 55.735672225492756 6.9669590281865945 6.9669590281865945 6.9669590281865945
 144 4194304 20807.028 20807.028 20807.028 58.0553624477268 58.0553624477268 58.0553624477268 7.25692030596585 7.25692030596585 7.25692030596585
 152 4194304 22911.072 22911.072 22911.072 55.652935663595315 55.652935663595315 55.652935663595315 6.956616957949414 6.956616957949414 6.956616957949414
 160 4194304 24513.96 24513.96 24513.96 54.751548913353865 54.751548913353865 54.751548913353865 6.843943614169233 6.843943614169233 6.843943614169233
 176 4194304 28259.993 28259.993 28259.993 52.24328993995151 52.24328993995151 52.24328993995151 6.530411242493939 6.530411242493939 6.530411242493939
 192 4194304 32326.221 32326.221 32326.221 49.82372470942396 49.82372470942396 49.82372470942396 6.227965588677995 6.227965588677995 6.227965588677995
 208 4194304 35988.092 35988.092 35988.092 48.48355016987286 48.48355016987286 48.48355016987286 6.060443771234108 6.060443771234108 6.060443771234108
 224 4194304 39733.171 39733.171 39733.171 47.2916745557509 47.2916745557509 47.2916745557509 5.911459319468863 5.911459319468863 5.911459319468863
 240 4194304 43606.997 43606.997 43606.997 46.16841466978338 46.16841466978338 46.16841466978338 5.771051833722923 5.771051833722923 5.771051833722923
 264 2097152 16741.037 16741.037 16741.037 66.14263238292824 66.14263238292824 66.14263238292824 8.26782904786603 8.26782904786603 8.26782904786603
 288 2097152 18795.013 18795.013 18795.013 64.27021636005253 64.27021636005253 64.27021636005253 8.033777045006566 8.033777045006566 8.033777045006566
 312 2097152 21418.095 21418.095 21418.095 61.0989375105489 61.0989375105489 61.0989375105489 7.6373671888186125 7.6373671888186125 7.6373671888186125
 336 2097152 23616.076 23616.076 23616.076 59.67486486747417 59.67486486747417 59.67486486747417 7.459358108434271 7.459358108434271 7.459358108434271
 368 2097152 27569.056 27569.056 27569.056 55.986823487898896 55.986823487898896 55.986823487898896 6.998352935987362 6.998352935987362 6.998352935987362
 400 2097152 25214.911 25214.911 25214.911 66.536883671729 66.536883671729 66.536883671729 8.317110458966125 8.317110458966125 8.317110458966125
 440 2097152 28589.01 28589.01 28589.01 64.55255918270693 64.55255918270693 64.55255918270693 8.069069897838366 8.069069897838366 8.069069897838366
 480 2097152 31276.941 31276.941 31276.941 64.36901613875858 64.36901613875858 64.36901613875858 8.046127017344823 8.046127017344823 8.046127017344823
 528 1048576 16602.993 16602.993 16602.993 66.69256898439937 66.69256898439937 66.69256898439937 8.336571123049922 8.336571123049922 8.336571123049922
 576 1048576 18453.836 18453.836 18453.836 65.45845275746463 65.45845275746463 65.45845275746463 8.182306594683078 8.182306594683078 8.182306594683078
 632 1048576 23576.975 23576.975 23576.975 56.21586586065431 56.21586586065431 56.21586586065431 7.026983232581789 7.026983232581789 7.026983232581789
 688 1048576 21648.884 21648.884 21648.884 66.64734200617455 66.64734200617455 66.64734200617455 8.33091775077182 8.33091775077182 8.33091775077182
 752 1048576 23791.79 23791.79 23791.79 66.28581977228279 66.28581977228279 66.28581977228279 8.285727471535349 8.285727471535349 8.285727471535349
 824 1048576 25725.842 25725.842 25725.842 67.17188296499683 67.17188296499683 67.17188296499683 8.396485370624603 8.396485370624603 8.396485370624603
 904 1048576 27951.956 27951.956 27951.956 67.82442731378083 67.82442731378083 67.82442731378083 8.478053414222604 8.478053414222604 8.478053414222604
 992 1048576 33581.972 33581.972 33581.972 61.94915486201941 61.94915486201941 61.94915486201941 7.7436443577524265 7.7436443577524265 7.7436443577524265
 1088 524288 16891.003 16891.003 16891.003 67.54191494726511 67.54191494726511 67.54191494726511 8.442739368408139 8.442739368408139 8.442739368408139
 1192 524288 18553.019 18553.019 18553.019 67.36922934213564 67.36922934213564 67.36922934213564 8.421153667766955 8.421153667766955 8.421153667766955
 1304 524288 20025.015 20025.015 20025.015 68.28175179893748 68.28175179893748 68.28175179893748 8.535218974867185 8.535218974867185 8.535218974867185
 1432 524288 21941.9 21941.9 21941.9 68.43349172131857 68.43349172131857 68.43349172131857 8.554186465164822 8.554186465164822 8.554186465164822
 1568 524288 23906.946 23906.946 23906.946 68.77361784311556 68.77361784311556 68.77361784311556 8.596702230389445 8.596702230389445 8.596702230389445
 1720 524288 26296.139 26296.139 26296.139 68.58614186668241 68.58614186668241 68.58614186668241 8.573267733335301 8.573267733335301 8.573267733335301
 1888 524288 28793.812 28793.812 28793.812 68.75475494526393 68.75475494526393 68.75475494526393 8.59434436815799 8.59434436815799 8.59434436815799
 2072 262144 15761.137 15761.137 15761.137 68.92426199962603 68.92426199962603 68.92426199962603 8.615532749953253 8.615532749953253 8.615532749953253
 2272 262144 17277.002 17277.002 17277.002 68.94612479642012 68.94612479642012 68.94612479642012 8.618265599552515 8.618265599552515 8.618265599552515
 2496 262144 18908.978 18908.978 18908.978 69.20642924223614 69.20642924223614 69.20642924223614 8.650803655279518 8.650803655279518 8.650803655279518
 2744 262144 20809.889 20809.889 20809.889 69.13281815198535 69.13281815198535 69.13281815198535 8.641602268998168 8.641602268998168 8.641602268998168
 3016 262144 22773.027 22773.027 22773.027 69.43532838212505 69.43532838212505 69.43532838212505 8.679416047765631 8.679416047765631 8.679416047765631
 3312 262144 25089.025 25089.025 25089.025 69.21121311011487 69.21121311011487 69.21121311011487 8.651401638764359 8.651401638764359 8.651401638764359
 3640 262144 27519.941 27519.941 27519.941 69.34638122952371 69.34638122952371 69.34638122952371 8.668297653690464 8.668297653690464 8.668297653690464
 4000 262144 30259.848 30259.848 30259.848 69.30477641526817 69.30477641526817 69.30477641526817 8.66309705190852 8.66309705190852 8.66309705190852
 4400 131072 17324.209 17324.209 17324.209 66.57929375015044 66.57929375015044 66.57929375015044 8.322411718768805 8.322411718768805 8.322411718768805
 4840 131072 19125.938 19125.938 19125.938 66.33802535593288 66.33802535593288 66.33802535593288 8.29225316949161 8.29225316949161 8.29225316949161
 5320 131072 20829.916 20829.916 20829.916 66.95207412262248 66.95207412262248 66.95207412262248 8.36900926532781 8.36900926532781 8.36900926532781
 5848 131072 22850.99 22850.99 22850.99 67.08760154374055 67.08760154374055 67.08760154374055 8.385950192967568 8.385950192967568 8.385950192967568
 6432 131072 24921.894 24921.894 24921.894 67.65578121791225 67.65578121791225 67.65578121791225 8.456972652239031 8.456972652239031 8.456972652239031
 7072 131072 27287.96 27287.96 27287.96 67.93774133354052 67.93774133354052 67.93774133354052 8.492217666692564 8.492217666692564 8.492217666692564
 7776 131072 30096.054 30096.054 30096.054 67.73086411926295 67.73086411926295 67.73086411926295 8.466358014907868 8.466358014907868 8.466358014907868
 8552 65536 16510.01 16510.01 16510.01 67.89382586685291 67.89382586685291 67.89382586685291 8.486728233356613 8.486728233356613 8.486728233356613
 9400 65536 18028.021 18028.021 18028.021 68.34232110113471 68.34232110113471 68.34232110113471 8.54279013764184 8.54279013764184 8.54279013764184
 10336 65536 19951.105 19951.105 19951.105 67.90401794787807 67.90401794787807 67.90401794787807 8.48800224348476 8.48800224348476 8.48800224348476
 11368 65536 21778.107 21778.107 21778.107 68.41854969304724 68.41854969304724 68.41854969304724 8.552318711630905 8.552318711630905 8.552318711630905
 12504 65536 23956.06 23956.06 23956.06 68.41376620362446 68.41376620362446 68.41376620362446 8.551720775453058 8.551720775453058 8.551720775453058
 13752 65536 26285.172 26285.172 26285.172 68.57486585973263 68.57486585973263 68.57486585973263 8.571858232466578 8.571858232466578 8.571858232466578
 15120 65536 28784.037 28784.037 28784.037 68.85096208012794 68.85096208012794 68.85096208012794 8.606370260015993 8.606370260015993 8.606370260015993
 16632 32768 18620.014 18620.014 18620.014 58.53887929407571 58.53887929407571 58.53887929407571 7.317359911759464 7.317359911759464 7.317359911759464
 18288 32768 17385.006 17385.006 17385.006 68.94000312683238 68.94000312683238 68.94000312683238 8.617500390854048 8.617500390854048 8.617500390854048
 20112 32768 19049.168 19049.168 19049.168 69.19252494387156 69.19252494387156 69.19252494387156 8.649065617983945 8.649065617983945 8.649065617983945
 22120 32768 20985.126 20985.126 20985.126 69.08018183927035 69.08018183927035 69.08018183927035 8.635022729908794 8.635022729908794 8.635022729908794
 24328 32768 23001.909 23001.909 23001.909 69.31423857037258 69.31423857037258 69.31423857037258 8.664279821296573 8.664279821296573 8.664279821296573
 26760 32768 25251.865 25251.865 25251.865 69.45005289708304 69.45005289708304 69.45005289708304 8.68125661213538 8.68125661213538 8.68125661213538
 29432 32768 27927.876 27927.876 27927.876 69.06560140842791 69.06560140842791 69.06560140842791 8.633200176053489 8.633200176053489 8.633200176053489
 32368 32768 30607.939 30607.939 30607.939 69.30454376558971 69.30454376558971 69.30454376558971 8.663067970698714 8.663067970698714 8.663067970698714
 35600 16384 17922.163 17922.163 17922.163 65.08928637687313 65.08928637687313 65.08928637687313 8.136160797109142 8.136160797109142 8.136160797109142
 39160 16384 20681.143 20681.143 20681.143 62.04661318767536 62.04661318767536 62.04661318767536 7.75582664845942 7.75582664845942 7.75582664845942
 43072 16384 22526.026 22526.026 22526.026 62.655671976939026 62.655671976939026 62.655671976939026 7.831958997117378 7.831958997117378 7.831958997117378
 47376 16384 24787.903 24787.903 24787.903 62.627999149423815 62.627999149423815 62.627999149423815 7.828499893677977 7.828499893677977 7.828499893677977
 52112 16384 27271.986 27271.986 27271.986 62.61392243307839 62.61392243307839 62.61392243307839 7.826740304134799 7.826740304134799 7.826740304134799
 57320 16384 30075.073 30075.073 30075.073 62.452442260073646 62.452442260073646 62.452442260073646 7.806555282509206 7.806555282509206 7.806555282509206
 63048 16384 33050.06 33050.06 33050.06 62.50992778833079 62.50992778833079 62.50992778833079 7.813740973541349 7.813740973541349 7.813740973541349
 69352 8192 18249.989 18249.989 18249.989 62.2610330340473 62.2610330340473 62.2610330340473 7.782629129255913 7.782629129255913 7.782629129255913
 76280 8192 19977.093 19977.093 19977.093 62.56022935869598 62.56022935869598 62.56022935869598 7.820028669836997 7.820028669836997 7.820028669836997
 83904 8192 21936.178 21936.178 21936.178 62.667395204397046 62.667395204397046 62.667395204397046 7.833424400549631 7.833424400549631 7.833424400549631
 92288 8192 24149.895 24149.895 24149.895 62.61089714882818 62.61089714882818 62.61089714882818 7.8263621436035224 7.8263621436035224 7.8263621436035224
 101512 8192 26592.016 26592.016 26592.016 62.54405863775052 62.54405863775052 62.54405863775052 7.818007329718815 7.818007329718815 7.818007329718815
 111656 8192 29313.803 29313.803 29313.803 62.406501947222615 62.406501947222615 62.406501947222615 7.800812743402827 7.800812743402827 7.800812743402827
 122816 8192 32339.811 32339.811 32339.811 62.22106072295846 62.22106072295846 62.22106072295846 7.777632590369808 7.777632590369808 7.777632590369808
 135096 4096 17774.82 17774.82 17774.82 62.262595739366134 62.262595739366134 62.262595739366134 7.782824467420767 7.782824467420767 7.782824467420767
 148600 4096 19618.034 19618.034 19618.034 62.05164085249317 62.05164085249317 62.05164085249317 7.7564551065616465 7.7564551065616465 7.7564551065616465
 163456 4096 21597.147 21597.147 21597.147 62.000390699753076 62.000390699753076 62.000390699753076 7.7500488374691345 7.7500488374691345 7.7500488374691345
 179800 4096 23779.869 23779.869 23779.869 61.93985341130349 61.93985341130349 61.93985341130349 7.742481676412936 7.742481676412936 7.742481676412936
 197776 4096 26250.839 26250.839 26250.839 61.719207984171476 61.719207984171476 61.719207984171476 7.7149009980214345 7.7149009980214345 7.7149009980214345
 217552 4096 28856.993 28856.993 28856.993 61.759240957642405 61.759240957642405 61.759240957642405 7.719905119705301 7.719905119705301 7.719905119705301
 239304 4096 31722.069 31722.069 31722.069 61.798565787118115 61.798565787118115 61.798565787118115 7.724820723389764 7.724820723389764 7.724820723389764
 263232 2048 17884.016 17884.016 17884.016 60.28837549686827 60.28837549686827 60.28837549686827 7.536046937108534 7.536046937108534 7.536046937108534
 289552 2048 28268.099 28268.099 28268.099 41.95559779240904 41.95559779240904 41.95559779240904 5.24444972405113 5.24444972405113 5.24444972405113
 318504 2048 31363.01 31363.01 31363.01 41.59652992490198 41.59652992490198 41.59652992490198 5.199566240612747 5.199566240612747 5.199566240612747
 350352 2048 36808.014 36808.014 36808.014 38.98721055691839 38.98721055691839 38.98721055691839 4.873401319614799 4.873401319614799 4.873401319614799
 385384 2048 40665.865 40665.865 40665.865 38.817147108514725 38.817147108514725 38.817147108514725 4.852143388564341 4.852143388564341 4.852143388564341
 423920 2048 44673.92 44673.92 44673.92 38.86778505221839 38.86778505221839 38.86778505221839 4.858473131527298 4.858473131527298 4.858473131527298
 466312 2048 49266.1 49266.1 49266.1 38.7693353441819 38.7693353441819 38.7693353441819 4.846166918022737 4.846166918022737 4.846166918022737
 512936 2048 54270.983 54270.983 54270.983 38.7128763818411 38.7128763818411 38.7128763818411 4.839109547730137 4.839109547730137 4.839109547730137
 564224 1024 30818.939 30818.939 30818.939 37.49417694100371 37.49417694100371 37.49417694100371 4.6867721176254635 4.6867721176254635 4.6867721176254635
 620640 1024 32741.07 32741.07 32741.07 38.82190533174389 38.82190533174389 38.82190533174389 4.8527381664679865 4.8527381664679865 4.8527381664679865
 682704 1024 36058.187 36058.187 36058.187 38.775598784265 38.775598784265 38.775598784265 4.846949848033125 4.846949848033125 4.846949848033125
 750968 1024 39710.999 39710.999 39710.999 38.729382355754886 38.729382355754886 38.729382355754886 4.841172794469361 4.841172794469361 4.841172794469361
 826064 1024 43629.885 43629.885 43629.885 38.77569404549199 38.77569404549199 38.77569404549199 4.846961755686499 4.846961755686499 4.846961755686499
 908664 1024 48029.9 48029.9 48029.9 38.74552876437386 38.74552876437386 38.74552876437386 4.843191095546732 4.843191095546732 4.843191095546732
 999528 1024 52781.105 52781.105 52781.105 38.78344994861324 38.78344994861324 38.78344994861324 4.847931243576655 4.847931243576655 4.847931243576655
 1099480 512 29011.965 29011.965 29011.965 38.80700669534104 38.80700669534104 38.80700669534104 4.85087583691763 4.85087583691763 4.85087583691763
 1209424 512 31888.962 31888.962 31888.962 38.83632762960425 38.83632762960425 38.83632762960425 4.854540953700531 4.854540953700531 4.854540953700531
 1330360 512 35068.989 35068.989 35068.989 38.84596273933075 38.84596273933075 38.84596273933075 4.855745342416344 4.855745342416344 4.855745342416344
 1463392 512 38631.916 38631.916 38631.916 38.789518179735126 38.789518179735126 38.789518179735126 4.848689772466891 4.848689772466891 4.848689772466891
 1609728 512 43787.003 43787.003 43787.003 37.644994155000745 37.644994155000745 37.644994155000745 4.705624269375093 4.705624269375093 4.705624269375093
 1770696 512 46680.212 46680.212 46680.212 38.842854955328825 38.842854955328825 38.842854955328825 4.855356869416103 4.855356869416103 4.855356869416103
 1947760 512 51402.092 51402.092 51402.092 38.80204408801105 38.80204408801105 38.80204408801105 4.850255511001381 4.850255511001381 4.850255511001381
 2142536 256 28258.801 28258.801 28258.801 38.81900127326704 38.81900127326704 38.81900127326704 4.85237515915838 4.85237515915838 4.85237515915838
 2356784 256 31087.875 31087.875 31087.875 38.81492086544995 38.81492086544995 38.81492086544995 4.851865108181244 4.851865108181244 4.851865108181244
 2592456 256 34205.914 34205.914 34205.914 38.80432699444897 38.80432699444897 38.80432699444897 4.850540874306121 4.850540874306121 4.850540874306121
 2851696 256 37631.989 37631.989 37631.989 38.79859637501488 38.79859637501488 38.79859637501488 4.84982454687686 4.84982454687686 4.84982454687686
 3136864 256 41429.043 41429.043 41429.043 38.76687105709876 38.76687105709876 38.76687105709876 4.845858882137345 4.845858882137345 4.845858882137345
 3450544 256 45557.976 45557.976 45557.976 38.77868779771955 38.77868779771955 38.77868779771955 4.847335974714944 4.847335974714944 4.847335974714944
 3795592 256 50549.03 50549.03 50549.03 38.44471603114837 38.44471603114837 38.44471603114837 4.805589503893546 4.805589503893546 4.805589503893546
 4175144 256 55240.87 55240.87 55240.87 38.69732189228736 38.69732189228736 38.69732189228736 4.83716523653592 4.83716523653592 4.83716523653592
 4592656 128 30370.951 30370.951 30370.951 38.711989492854535 38.711989492854535 38.711989492854535 4.838998686606817 4.838998686606817 4.838998686606817
 5051920 128 33416.986 33416.986 33416.986 38.7016207865066 38.7016207865066 38.7016207865066 4.837702598313325 4.837702598313325 4.837702598313325
 5557112 128 36782.026 36782.026 36782.026 38.67706123637671 38.67706123637671 38.67706123637671 4.834632654547089 4.834632654547089 4.834632654547089
 6112816 128 40480.852 40480.852 40480.852 38.65731126410087 38.65731126410087 38.65731126410087 4.832163908012609 4.832163908012609 4.832163908012609
 6724096 128 45739.889 45739.889 45739.889 37.63385993350355 37.63385993350355 37.63385993350355 4.704232491687944 4.704232491687944 4.704232491687944
 7396504 128 49050.093 49050.093 49050.093 38.603495084096984 38.603495084096984 38.603495084096984 4.825436885512123 4.825436885512123 4.825436885512123
 8136152 128 54101.944 54101.944 54101.944 38.49870740319424 38.49870740319424 38.49870740319424 4.81233842539928 4.81233842539928 4.81233842539928
 8949760 64 30609.846 30609.846 30609.846 37.42486257526417 37.42486257526417 37.42486257526417 4.678107821908021 4.678107821908021 4.678107821908021
 9844736 64 33383.846 33383.846 33383.846 37.74658581878194 37.74658581878194 37.74658581878194 4.718323227347742 4.718323227347742 4.718323227347742
 10829208 64 36151.171 36151.171 36151.171 38.342841619155294 38.342841619155294 38.342841619155294 4.792855202394412 4.792855202394412 4.792855202394412
 11912128 64 39843.082 39843.082 39843.082 38.26893672532662 38.26893672532662 38.26893672532662 4.783617090665827 4.783617090665827 4.783617090665827
 13103336 64 43871.164 43871.164 43871.164 38.230738714842396 38.230738714842396 38.230738714842396 4.7788423393552995 4.7788423393552995 4.7788423393552995
 14413664 64 48362.97 48362.97 48362.97 38.147967174059 38.147967174059 38.147967174059 4.768495896757375 4.768495896757375 4.768495896757375
 15855024 64 53184.032 53184.032 53184.032 38.15887956746115 38.15887956746115 38.15887956746115 4.769859945932644 4.769859945932644 4.769859945932644
 17440520 32 29702.902 29702.902 29702.902 37.57859349904599 37.57859349904599 37.57859349904599 4.697324187380748 4.697324187380748 4.697324187380748
 19184568 32 32024.145 32024.145 32024.145 38.3402071155998 38.3402071155998 38.3402071155998 4.792525889449975 4.792525889449975 4.792525889449975
 21103024 32 35433.054 35433.054 35433.054 38.11676904847096 38.11676904847096 38.11676904847096 4.76459613105887 4.76459613105887 4.76459613105887
 23213320 32 39339.066 39339.066 39339.066 37.76532162710726 37.76532162710726 37.76532162710726 4.720665203388408 4.720665203388408 4.720665203388408
 25534648 32 43211.937 43211.937 43211.937 37.81865811754747 37.81865811754747 37.81865811754747 4.727332264693434 4.727332264693434 4.727332264693434
 28088112 32 57651.043 57651.043 57651.043 31.18138154066007 31.18138154066007 31.18138154066007 3.8976726925825087 3.8976726925825087 3.8976726925825087
 30896920 32 72062.016 72062.016 72062.016 27.440293649292297 27.440293649292297 27.440293649292297 3.430036706161537 3.430036706161537 3.430036706161537
 33986608 16 50771.952 50771.952 50771.952 21.420713861858218 21.420713861858218 21.420713861858218 2.6775892327322772 2.6775892327322772 2.6775892327322772
 37385264 16 62019.825 62019.825 62019.825 19.28945217114044 19.28945217114044 19.28945217114044 2.411181521392555 2.411181521392555 2.411181521392555
 41123784 16 69942.236 69942.236 69942.236 18.814970227717623 18.814970227717623 18.814970227717623 2.351871278464703 2.351871278464703 2.351871278464703
 45236160 16 80076.933 80076.933 80076.933 18.077079950102483 18.077079950102483 18.077079950102483 2.2596349937628104 2.2596349937628104 2.2596349937628104
 49759776 16 90206.861 90206.861 90206.861 17.651792938455092 17.651792938455092 17.651792938455092 2.2064741173068865 2.2064741173068865 2.2064741173068865
 54735752 16 100014.21 100014.21 100014.21 17.512952049513764 17.512952049513764 17.512952049513764 2.1891190061892205 2.1891190061892205 2.1891190061892205
 60209320 16 111413.956 111413.956 111413.956 17.293149881510352 17.293149881510352 17.293149881510352 2.161643735188794 2.161643735188794 2.161643735188794
 66230248 16 122370.958 122370.958 122370.958 17.319206866060494 17.319206866060494 17.319206866060494 2.1649008582575617 2.1649008582575617 2.1649008582575617
 72853272 8 67019.939 67019.939 67019.939 17.39262030662248 17.39262030662248 17.39262030662248 2.17407753832781 2.17407753832781 2.17407753832781
 80138592 8 73595.047 73595.047 73595.047 17.422605518548004 17.422605518548004 17.422605518548004 2.1778256898185004 2.1778256898185004 2.1778256898185004
 88152448 8 80945.015 80945.015 80945.015 17.42465756538559 17.42465756538559 17.42465756538559 2.178082195673199 2.178082195673199 2.178082195673199
 96967688 8 88998.079 88998.079 88998.079 17.4327696219151 17.4327696219151 17.4327696219151 2.1790962027393874 2.1790962027393874 2.1790962027393874
 106664456 8 98022.938 98022.938 98022.938 17.410529931269764 17.410529931269764 17.410529931269764 2.1763162414087205 2.1763162414087205 2.1763162414087205
 117330896 8 107635.975 107635.975 107635.975 17.441142108853477 17.441142108853477 17.441142108853477 2.1801427636066846 2.1801427636066846 2.1801427636066846
 129063984 8 118391.037 118391.037 118391.037 17.44239932622602 17.44239932622602 17.44239932622602 2.1802999157782526 2.1802999157782526 2.1802999157782526
 141970376 4 65039.873 65039.873 65039.873 17.462564971490643 17.462564971490643 17.462564971490643 2.1828206214363304 2.1828206214363304 2.1828206214363304
 156167408 4 71704.865 71704.865 71704.865 17.423354245210557 17.423354245210557 17.423354245210557 2.1779192806513197 2.1779192806513197 2.1779192806513197
 171784144 4 78896.999 78896.999 78896.999 17.41857319566743 17.41857319566743 17.41857319566743 2.177321649458429 2.177321649458429 2.177321649458429
 188962552 4 86844.921 86844.921 86844.921 17.406894940925792 17.406894940925792 17.406894940925792 2.175861867615724 2.175861867615724 2.175861867615724
 207858800 4 95616.102 95616.102 95616.102 17.391112639166153 17.391112639166153 17.391112639166153 2.173889079895769 2.173889079895769 2.173889079895769
 228644680 4 105129.004 105129.004 105129.004 17.399170261329594 17.399170261329594 17.399170261329594 2.1748962826661993 2.1748962826661993 2.1748962826661993
 251509144 4 115485.907 115485.907 115485.907 17.422672638315944 17.422672638315944 17.422672638315944 2.177834079789493 2.177834079789493 2.177834079789493
 276660056 2 63713.074 63713.074 63713.074 17.369123078255495 17.369123078255495 17.369123078255495 2.171140384781937 2.171140384781937 2.171140384781937
 304326056 2 69983.006 69983.006 69983.006 17.394283177833202 17.394283177833202 17.394283177833202 2.1742853972291503 2.1742853972291503 2.1742853972291503
 334758656 2 76901.913 76901.913 76901.913 17.41224075921232 17.41224075921232 17.41224075921232 2.17653009490154 2.17653009490154 2.17653009490154
 368234520 2 84738.97 84738.97 84738.97 17.38206258584451 17.38206258584451 17.38206258584451 2.1727578232305635 2.1727578232305635 2.1727578232305635
 405057968 2 93370.199 93370.199 93370.199 17.352773040571545 17.352773040571545 17.352773040571545 2.169096630071443 2.169096630071443 2.169096630071443
 445563760 2 102869.034 102869.034 102869.034 17.325476586083234 17.325476586083234 17.325476586083234 2.165684573260404 2.165684573260404 2.165684573260404
 490120136 2 113440.99 113440.99 113440.99 17.281941421703035 17.281941421703035 17.281941421703035 2.1602426777128794 2.1602426777128794 2.1602426777128794
 539132144 1 62467.098 62467.098 62467.098 17.261315516850168 17.261315516850168 17.261315516850168 2.157664439606271 2.157664439606271 2.157664439606271
 593045352 1 68792.105 68792.105 68792.105 17.24166899675479 17.24166899675479 17.24166899675479 2.1552086245943487 2.1552086245943487 2.1552086245943487
 652349880 1 75786.114 75786.114 75786.114 17.215551651058398 17.215551651058398 17.215551651058398 2.1519439563822997 2.1519439563822997 2.1519439563822997
 717584864 1 83551.884 83551.884 83551.884 17.17698822925405 17.17698822925405 17.17698822925405 2.1471235286567563 2.1471235286567563 2.1471235286567563
 789343344 1 92044.115 92044.115 92044.115 17.151413623782464 17.151413623782464 17.151413623782464 2.143926702972808 2.143926702972808 2.143926702972808
 868277672 1 166884.899 166884.899 166884.899 10.405706893827462 10.405706893827462 10.405706893827462 1.3007133617284328 1.3007133617284328 1.3007133617284328
 955105432 1 111713.886 111713.886 111713.886 17.09913541097299 17.09913541097299 17.09913541097299 2.137391926371624 2.137391926371624 2.137391926371624
 1050615968 1 123169.899 123169.899 123169.899 17.05962214030881 17.05962214030881 17.05962214030881 2.1324527675386014 2.1324527675386014 2.1324527675386014
 
META_DATA
 MPI startup(): shm:tmi fabric is unknown or has been removed from the product, please use ofi or shm:ofi instead
 FLOPS          2
 MPI_PROCS      1
 OPENMP_THREADS 1
 ERT_VERSION  1.1.0
 HOSTNAME  ('shas0420.rc.int.colorado.edu', [], ['10.225.6.135'])
 UNAME  uname_result(system='Linux', node='shas0420.rc.int.colorado.edu', release='3.10.0-957.27.2.el7.x86_64', version='#1 SMP Mon Jul 29 17:46:05 UTC 2019', machine='x86_64', processor='x86_64')
 TIMESTAMP_DATA  1664552445.1653035
 CONFIG  {'ERT_RESULTS': ['lab5_results'], 'ERT_DRIVER': ['driver1'], 'ERT_KERNEL': ['kernel1'], 'ERT_MPI': ['True'], 'ERT_MPI_CFLAGS': ['-I/usr/include/mpi'], 'ERT_MPI_LDFLAGS': ['-lmpi'], 'ERT_OPENMP': ['True'], 'ERT_OPENMP_CFLAGS': ['-qopenmp'], 'ERT_OPENMP_LDFLAGS': ['-qopenmp'], 'ERT_FLOPS': ['1,2,4,8,16'], 'ERT_ALIGN': ['32'], 'ERT_CC': ['mpicc'], 'ERT_CFLAGS': ['-O3', '-msse3', '-axSSE3', '-xSSE3', '-fno-alias', '-fno-fnalias', '-DERT_INTEL', '-std=c++11'], 'ERT_LD': ['mpicc'], 'ERT_LDFLAGS': [], 'ERT_LDLIBS': [], 'ERT_PRECISION': ['FP64'], 'ERT_RUN': ['export', 'OMP_NUM_THREADS=ERT_OPENMP_THREADS;', 'mpirun', '-np', 'ERT_MPI_PROCS', 'ERT_CODE'], 'ERT_PROCS_THREADS': ['1-24'], 'ERT_MPI_PROCS': ['1,2,4'], 'ERT_OPENMP_THREADS': ['1,2,4'], 'ERT_NUM_EXPERIMENTS': ['1'], 'ERT_MEMORY_MAX': ['1073741824'], 'ERT_WORKING_SET_MIN': ['1'], 'ERT_TRIALS_MIN': ['1'], 'ERT_GNUPLOT': ['gnuplot'], 'ERT_GPU': [False], 'ERT_HIP': [False], 'ERT_OCL': [False], 'ERT_SYCL': [False], 'ERT_WSS_MULT': [1.1]}
 