fp64
 64 16777216 106462.002 106462.002 106462.002 20.17136262382141 20.17136262382141 20.17136262382141 1.260710163988838 1.260710163988838 1.260710163988838
 128 8388608 58826.923 58826.923 58826.923 36.50511599935288 36.50511599935288 36.50511599935288 2.281569749959555 2.281569749959555 2.281569749959555
 192 4194304 47091.961 47091.961 47091.961 34.20143697137607 34.20143697137607 34.20143697137607 2.1375898107110043 2.1375898107110043 2.1375898107110043
 256 4194304 56035.995 56035.995 56035.995 38.32328930716765 38.32328930716765 38.32328930716765 2.395205581697978 2.395205581697978 2.395205581697978
 320 2097152 35702.944 35702.944 35702.944 37.59290214274767 37.59290214274767 37.59290214274767 2.3495563839217293 2.3495563839217293 2.3495563839217293
 384 2097152 50451.994 50451.994 50451.994 31.92366858681542 31.92366858681542 31.92366858681542 1.9952292866759638 1.9952292866759638 1.9952292866759638
 448 2097152 38251.877 38251.877 38251.877 49.123032367797265 49.123032367797265 49.123032367797265 3.070189522987329 3.070189522987329 3.070189522987329
 512 2097152 36808.968 36808.968 36808.968 58.34131638789765 58.34131638789765 58.34131638789765 3.646332274243603 3.646332274243603 3.646332274243603
 576 1048576 34189.939 34189.939 34189.939 35.33084841128263 35.33084841128263 35.33084841128263 2.2081780257051644 2.2081780257051644 2.2081780257051644
 640 1048576 19915.819 19915.819 19915.819 67.39252249681523 67.39252249681523 67.39252249681523 4.212032656050952 4.212032656050952 4.212032656050952
 704 1048576 31476.021 31476.021 31476.021 46.90538896260108 46.90538896260108 46.90538896260108 2.9315868101625675 2.9315868101625675 2.9315868101625675
 768 1048576 36000.013 36000.013 36000.013 44.739226510834875 44.739226510834875 44.739226510834875 2.7962016569271797 2.7962016569271797 2.7962016569271797
 832 1048576 51185.131 51185.131 51185.131 34.088619681368016 34.088619681368016 34.088619681368016 2.130538730085501 2.130538730085501 2.130538730085501
 896 1048576 21468.878 21468.878 21468.878 87.52428478097458 87.52428478097458 87.52428478097458 5.470267798810911 5.470267798810911 5.470267798810911
 960 1048576 38141.966 38141.966 38141.966 52.78348578046553 52.78348578046553 52.78348578046553 3.298967861279096 3.298967861279096 3.298967861279096
 1024 1048576 30005.932 30005.932 30005.932 71.56863676155768 71.56863676155768 71.56863676155768 4.473039797597355 4.473039797597355 4.473039797597355
 1088 524288 51195.145 51195.145 51195.145 22.284353096372715 22.284353096372715 22.284353096372715 1.3927720685232947 1.3927720685232947 1.3927720685232947
 1152 524288 12083.054 12083.054 12083.054 99.97137743487698 99.97137743487698 99.97137743487698 6.2482110896798115 6.2482110896798115 6.2482110896798115
 1216 524288 9823.084 9823.084 9823.084 129.80326911589069 129.80326911589069 129.80326911589069 8.112704319743168 8.112704319743168 8.112704319743168
 1280 524288 13830.185 13830.185 13830.185 97.04695056501413 97.04695056501413 97.04695056501413 6.065434410313383 6.065434410313383 6.065434410313383
 1408 524288 34078.121 34078.121 34078.121 43.32383842407274 43.32383842407274 43.32383842407274 2.7077399015045462 2.7077399015045462 2.7077399015045462
 1536 524288 15189.886 15189.886 15189.886 106.0319172902285 106.0319172902285 106.0319172902285 6.626994830639282 6.626994830639282 6.626994830639282
 1664 524288 12923.956 12923.956 12923.956 135.00745932592156 135.00745932592156 135.00745932592156 8.437966207870097 8.437966207870097 8.437966207870097
 1792 524288 13635.874 13635.874 13635.874 137.8018154171856 137.8018154171856 137.8018154171856 8.6126134635741 8.6126134635741 8.6126134635741
 1920 524288 30845.165 30845.165 30845.165 65.27006485457282 65.27006485457282 65.27006485457282 4.079379053410801 4.079379053410801 4.079379053410801
 2112 262144 26038.885 26038.885 26038.885 42.524718550736715 42.524718550736715 42.524718550736715 2.6577949094210447 2.6577949094210447 2.6577949094210447
 2304 262144 23441.076 23441.076 23441.076 51.53174504446809 51.53174504446809 51.53174504446809 3.2207340652792555 3.2207340652792555 3.2207340652792555
 2496 262144 13333.082 13333.082 13333.082 98.14856370042575 98.14856370042575 98.14856370042575 6.13428523127661 6.13428523127661 6.13428523127661
 2688 262144 8384.943 8384.943 8384.943 168.07343162618997 168.07343162618997 168.07343162618997 10.504589476636873 10.504589476636873 10.504589476636873
 2944 262144 15202.999 15202.999 15202.999 101.52627596699836 101.52627596699836 101.52627596699836 6.345392247937397 6.345392247937397 6.345392247937397
 3200 262144 13649.94 13649.94 13649.94 122.91054759215058 122.91054759215058 122.91054759215058 7.681909224509411 7.681909224509411 7.681909224509411
 3520 262144 13183.117 13183.117 13183.117 139.98918161767057 139.98918161767057 139.98918161767057 8.74932385110441 8.74932385110441 8.74932385110441
 3840 262144 29335.976 29335.976 29335.976 68.62788270620347 68.62788270620347 68.62788270620347 4.289242669137717 4.289242669137717 4.289242669137717
 4224 131072 25692.94 25692.94 25692.94 43.09729661144268 43.09729661144268 43.09729661144268 2.6935810382151675 2.6935810382151675 2.6935810382151675
 4608 131072 9809.971 9809.971 9809.971 123.13589428551828 123.13589428551828 123.13589428551828 7.695993392844892 7.695993392844892 7.695993392844892
 5056 131072 27213.812 27213.812 27213.812 48.70321232468278 48.70321232468278 48.70321232468278 3.043950770292674 3.043950770292674 3.043950770292674
 5504 131072 13761.044 13761.044 13761.044 104.8496448379934 104.8496448379934 104.8496448379934 6.553102802374587 6.553102802374587 6.553102802374587
 6016 131072 13953.924 13953.924 13953.924 113.01898333400696 113.01898333400696 113.01898333400696 7.063686458375435 7.063686458375435 7.063686458375435
 6592 131072 50655.127 50655.127 50655.127 34.11408381228617 34.11408381228617 34.11408381228617 2.1321302382678855 2.1321302382678855 2.1321302382678855
 7232 131072 14338.017 14338.017 14338.017 132.223682535737 132.223682535737 132.223682535737 8.263980158483562 8.263980158483562 8.263980158483562
 7936 131072 16472.101 16472.101 16472.101 126.29686911220372 126.29686911220372 126.29686911220372 7.893554319512733 7.893554319512733 7.893554319512733
 8704 65536 25761.843 25761.843 25761.843 44.284513650673205 44.284513650673205 44.284513650673205 2.7677821031670753 2.7677821031670753 2.7677821031670753
 9536 65536 28236.866 28236.866 28236.866 44.26491920172727 44.26491920172727 44.26491920172727 2.766557450107954 2.766557450107954 2.766557450107954
 10432 65536 5079.031 5079.031 5079.031 269.21338026879533 269.21338026879533 269.21338026879533 16.82583626679971 16.82583626679971 16.82583626679971
 11456 65536 11101.007 11101.007 11101.007 135.26347943028952 135.26347943028952 135.26347943028952 8.453967464393095 8.453967464393095 8.453967464393095
 12544 65536 26273.012 26273.012 26273.012 62.580079056029064 62.580079056029064 62.580079056029064 3.9112549410018165 3.9112549410018165 3.9112549410018165
 13760 65536 28217.793 28217.793 28217.793 63.9153714112227 63.9153714112227 63.9153714112227 3.994710713201419 3.994710713201419 3.994710713201419
 15104 65536 14739.037 14739.037 14739.037 134.31756009568332 134.31756009568332 134.31756009568332 8.394847505980207 8.394847505980207 8.394847505980207
 16576 32768 25677.919 25677.919 25677.919 42.30579339392728 42.30579339392728 42.30579339392728 2.644112087120455 2.644112087120455 2.644112087120455
 18176 32768 26476.86 26476.86 26476.86 44.98956205531925 44.98956205531925 44.98956205531925 2.811847628457453 2.811847628457453 2.811847628457453
 19968 32768 25999.069 25999.069 25999.069 50.33345032470201 50.33345032470201 50.33345032470201 3.1458406452938754 3.1458406452938754 3.1458406452938754
 21952 32768 47978.878 47978.878 47978.878 29.98499197917884 29.98499197917884 29.98499197917884 1.8740619986986775 1.8740619986986775 1.8740619986986775
 24128 32768 15954.018 15954.018 15954.018 99.11312673710158 99.11312673710158 99.11312673710158 6.194570421068849 6.194570421068849 6.194570421068849
 26496 32768 13179.064 13179.064 13179.064 131.7576009950327 131.7576009950327 131.7576009950327 8.234850062189544 8.234850062189544 8.234850062189544
 29120 32768 28492.928 28492.928 28492.928 66.97831546129622 66.97831546129622 66.97831546129622 4.186144716331014 4.186144716331014 4.186144716331014
 32000 32768 13827.085 13827.085 13827.085 151.66985666176205 151.66985666176205 151.66985666176205 9.479366041360128 9.479366041360128 9.479366041360128
 35200 16384 19443.035 19443.035 19443.035 59.32374240955694 59.32374240955694 59.32374240955694 3.707733900597309 3.707733900597309 3.707733900597309
 38720 16384 12655.02 12655.02 12655.02 100.25878742190845 100.25878742190845 100.25878742190845 6.266174213869278 6.266174213869278 6.266174213869278
 42560 16384 11614.084 11614.084 11614.084 120.078869758476 120.078869758476 120.078869758476 7.50492935990475 7.50492935990475 7.50492935990475
 46784 16384 27544.975 27544.975 27544.975 55.65509179078943 55.65509179078943 55.65509179078943 3.478443236924339 3.478443236924339 3.478443236924339
 51456 16384 10319.948 10319.948 10319.948 163.38359534369746 163.38359534369746 163.38359534369746 10.211474708981092 10.211474708981092 10.211474708981092
 56576 16384 13903.856 13903.856 13903.856 133.33584352427127 133.33584352427127 133.33584352427127 8.333490220266954 8.333490220266954 8.333490220266954
 62208 16384 30117.989 30117.989 30117.989 67.6815355766283 67.6815355766283 67.6815355766283 4.230095973539269 4.230095973539269 4.230095973539269
 68416 8192 25259.972 25259.972 25259.972 44.375652672932496 44.375652672932496 44.375652672932496 2.773478292058281 2.773478292058281 2.773478292058281
 75200 8192 9117.126 9117.126 9117.126 135.13872683124046 135.13872683124046 135.13872683124046 8.446170426952529 8.446170426952529 8.446170426952529
 82688 8192 14103.174 14103.174 14103.174 96.06065925301637 96.06065925301637 96.06065925301637 6.003791203313523 6.003791203313523 6.003791203313523
 90944 8192 13105.154 13105.154 13105.154 113.69774792421363 113.69774792421363 113.69774792421363 7.106109245263352 7.106109245263352 7.106109245263352
 100032 8192 32342.911 32342.911 32342.911 50.67336975326679 50.67336975326679 50.67336975326679 3.1670856095791744 3.1670856095791744 3.1670856095791744
 110016 8192 30287.981 30287.981 30287.981 59.51212608063905 59.51212608063905 59.51212608063905 3.7195078800399406 3.7195078800399406 3.7195078800399406
 120960 8192 12959.957 12959.957 12959.957 152.91784069962577 152.91784069962577 152.91784069962577 9.55736504372661 9.55736504372661 9.55736504372661
 133056 4096 6438.017 6438.017 6438.017 169.30597604821483 169.30597604821483 169.30597604821483 10.581623503013427 10.581623503013427 10.581623503013427
 146304 4096 25932.074 25932.074 25932.074 46.21775982900557 46.21775982900557 46.21775982900557 2.8886099893128483 2.8886099893128483 2.8886099893128483
 160896 4096 26289.94 26289.94 26289.94 50.13552834278055 50.13552834278055 50.13552834278055 3.1334705214237846 3.1334705214237846 3.1334705214237846
 176960 4096 27870.178 27870.178 27870.178 52.014605719418086 52.014605719418086 52.014605719418086 3.2509128574636303 3.2509128574636303 3.2509128574636303
 194624 4096 28889.894 28889.894 28889.894 55.187457870215795 55.187457870215795 55.187457870215795 3.449216116888487 3.449216116888487 3.449216116888487
 214080 4096 10799.17 10799.17 10799.17 162.3961248873756 162.3961248873756 162.3961248873756 10.149757805460975 10.149757805460975 10.149757805460975
 235456 4096 11100.054 11100.054 11100.054 173.76992508324733 173.76992508324733 173.76992508324733 10.860620317702958 10.860620317702958 10.860620317702958
 258944 4096 29044.867 29044.867 29044.867 73.0342214340317 73.0342214340317 73.0342214340317 4.564638839626982 4.564638839626982 4.564638839626982
 284800 2048 11238.098 11238.098 11238.098 103.80233381129084 103.80233381129084 103.80233381129084 6.487645863205677 6.487645863205677 6.487645863205677
 313280 2048 50555.944 50555.944 50555.944 25.381681726682817 25.381681726682817 25.381681726682817 1.586355107917676 1.586355107917676 1.586355107917676
 344576 2048 27146.101 27146.101 27146.101 51.99211835246616 51.99211835246616 51.99211835246616 3.249507397029135 3.249507397029135 3.249507397029135
 379008 2048 13232.946 13232.946 13232.946 117.31452452084366 117.31452452084366 117.31452452084366 7.332157782552729 7.332157782552729 7.332157782552729
 416896 2048 26010.99 26010.99 26010.99 65.649404963056 65.649404963056 65.649404963056 4.103087810191 4.103087810191 4.103087810191
 458560 2048 15740.156 15740.156 15740.156 119.32929762576684 119.32929762576684 119.32929762576684 7.458081101610428 7.458081101610428 7.458081101610428
 504384 2048 27071.953 27071.953 27071.953 76.31355092852 76.31355092852 76.31355092852 4.7695969330325 4.7695969330325 4.7695969330325
 554816 1024 10987.043 10987.043 10987.043 103.41846919139208 103.41846919139208 103.41846919139208 6.463654324462005 6.463654324462005 6.463654324462005
 610240 1024 26214.838 26214.838 26214.838 47.674203441577625 47.674203441577625 47.674203441577625 2.9796377150986015 2.9796377150986015 2.9796377150986015
 671232 1024 29282.093 29282.093 29282.093 46.946204835836014 46.946204835836014 46.946204835836014 2.934137802239751 2.934137802239751 2.934137802239751
 738304 1024 10232.925 10232.925 10232.925 147.762892037223 147.762892037223 147.762892037223 9.235180752326437 9.235180752326437 9.235180752326437
 812096 1024 10131.836 10131.836 10131.836 164.15313157457345 164.15313157457345 164.15313157457345 10.25957072341084 10.25957072341084 10.25957072341084
 893248 1024 30740.976 30740.976 30740.976 59.509233018496225 59.509233018496225 59.509233018496225 3.719327063656014 3.719327063656014 3.719327063656014
 982528 1024 30185.938 30185.938 30185.938 66.66075256631085 66.66075256631085 66.66075256631085 4.166297035394428 4.166297035394428 4.166297035394428
 1080768 512 26190.996 26190.996 26190.996 42.25522511629569 42.25522511629569 42.25522511629569 2.6409515697684807 2.6409515697684807 2.6409515697684807
 1188800 512 36566.973 36566.973 36566.973 33.2904558438567 33.2904558438567 33.2904558438567 2.0806534902410436 2.0806534902410436 2.0806534902410436
 1307648 512 27177.811 27177.811 27177.811 49.26929368962055 49.26929368962055 49.26929368962055 3.079330855601284 3.079330855601284 3.079330855601284
 1438400 512 27652.025 27652.025 27652.025 53.26631955525861 53.26631955525861 53.26631955525861 3.3291449722036632 3.3291449722036632 3.3291449722036632
 1582208 512 15130.043 15130.043 15130.043 107.08370042305896 107.08370042305896 107.08370042305896 6.692731276441185 6.692731276441185 6.692731276441185
 1740416 512 14755.964 14755.964 14755.964 120.77733342260798 120.77733342260798 120.77733342260798 7.548583338912999 7.548583338912999 7.548583338912999
 1914432 512 12974.024 12974.024 12974.024 151.10025756079995 151.10025756079995 151.10025756079995 9.443766097549997 9.443766097549997 9.443766097549997
 2105856 256 26261.091 26261.091 26261.091 41.05687277044202 41.05687277044202 41.05687277044202 2.5660545481526262 2.5660545481526262 2.5660545481526262
 2316416 256 28549.91 28549.91 28549.91 41.54146167185816 41.54146167185816 41.54146167185816 2.596341354491135 2.596341354491135 2.596341354491135
 2548032 256 52767.992 52767.992 52767.992 24.72317658022689 24.72317658022689 24.72317658022689 1.5451985362641807 1.5451985362641807 1.5451985362641807
 2802816 256 17484.903 17484.903 17484.903 82.0731914841049 82.0731914841049 82.0731914841049 5.129574467756556 5.129574467756556 5.129574467756556
 3083072 256 17774.105 17774.105 17774.105 88.81082136062548 88.81082136062548 88.81082136062548 5.550676335039093 5.550676335039093 5.550676335039093
 3391360 256 19510.031 19510.031 19510.031 88.99915740779704 88.99915740779704 88.99915740779704 5.562447337987315 5.562447337987315 5.562447337987315
 3730496 256 19252.062 19252.062 19252.062 99.21087684010159 99.21087684010159 99.21087684010159 6.200679802506349 6.200679802506349 6.200679802506349
 4103488 256 35638.094 35638.094 35638.094 58.95337320789378 58.95337320789378 58.95337320789378 3.6845858254933614 3.6845858254933614 3.6845858254933614
 4513792 128 14855.146 14855.146 14855.146 77.78656312095485 77.78656312095485 77.78656312095485 4.861660195059678 4.861660195059678 4.861660195059678
 4965120 128 51586.866 51586.866 51586.866 24.63942508157018 24.63942508157018 24.63942508157018 1.5399640675981363 1.5399640675981363 1.5399640675981363
 5461632 128 16714.096 16714.096 16714.096 83.65261226212893 83.65261226212893 83.65261226212893 5.228288266383058 5.228288266383058 5.228288266383058
 6007744 128 13864.994 13864.994 13864.994 110.92557732084124 110.92557732084124 110.92557732084124 6.932848582552578 6.932848582552578 6.932848582552578
 6608512 128 19930.84 19930.84 19930.84 84.88247720617896 84.88247720617896 84.88247720617896 5.305154825386185 5.305154825386185 5.305154825386185
 7269312 128 25994.062 25994.062 25994.062 71.59111461686904 71.59111461686904 71.59111461686904 4.474444663554315 4.474444663554315 4.474444663554315
 7996224 128 21095.037 21095.037 21095.037 97.03862306570024 97.03862306570024 97.03862306570024 6.064913941606265 6.064913941606265 6.064913941606265
 8795840 64 11948.109 11948.109 11948.109 94.22976640069152 94.22976640069152 94.22976640069152 5.88936040004322 5.88936040004322 5.88936040004322
 9675392 64 15660.048 15660.048 15660.048 79.08342145566859 79.08342145566859 79.08342145566859 4.942713840979287 4.942713840979287 4.942713840979287
 10642880 64 16801.119 16801.119 16801.119 81.08320880293748 81.08320880293748 81.08320880293748 5.067700550183592 5.067700550183592 5.067700550183592
 11707136 64 31738.997 31738.997 31738.997 47.21363463375985 47.21363463375985 47.21363463375985 2.950852164609991 2.950852164609991 2.950852164609991
 12877824 64 33302.069 33302.069 33302.069 49.497269133638504 49.497269133638504 49.497269133638504 3.0935793208524065 3.0935793208524065 3.0935793208524065
 14165568 64 18873.93 18873.93 18873.93 96.0686356259666 96.0686356259666 96.0686356259666 6.004289726622913 6.004289726622913 6.004289726622913
 15582080 64 21394.014 21394.014 21394.014 93.22730367475688 93.22730367475688 93.22730367475688 5.826706479672305 5.826706479672305 5.826706479672305
 17140288 32 28276.92 28276.92 28276.92 38.794127224605795 38.794127224605795 38.794127224605795 2.424632951537862 2.424632951537862 2.424632951537862
 18854272 32 19110.918 19110.918 19110.918 63.140525640892804 63.140525640892804 63.140525640892804 3.9462828525558002 3.9462828525558002 3.9462828525558002
 20739648 32 13318.062 13318.062 13318.062 99.66446109051002 99.66446109051002 99.66446109051002 6.229028818156876 6.229028818156876 6.229028818156876
 22813568 32 17663.002 17663.002 17663.002 82.6625254302751 82.6625254302751 82.6625254302751 5.1664078393921935 5.1664078393921935 5.1664078393921935
 25094912 32 18492.937 18492.937 18492.937 86.84798785612041 86.84798785612041 86.84798785612041 5.427999241007526 5.427999241007526 5.427999241007526
 27604352 32 34372.091 34372.091 34372.091 51.398634083681436 51.398634083681436 51.398634083681436 3.2124146302300898 3.2124146302300898 3.2124146302300898
 30364736 32 45387.983 45387.983 45387.983 42.8162472873051 42.8162472873051 42.8162472873051 2.676015455456569 2.676015455456569 2.676015455456569
 33401152 32 16006.947 16006.947 16006.947 133.54662372531126 133.54662372531126 133.54662372531126 8.346663982831954 8.346663982831954 8.346663982831954
 36741248 16 30768.156 30768.156 30768.156 38.212232673287275 38.212232673287275 38.212232673287275 2.3882645420804547 2.3882645420804547 2.3882645420804547
 40415360 16 11918.068 11918.068 11918.068 108.51519893996242 108.51519893996242 108.51519893996242 6.782199933747651 6.782199933747651 6.782199933747651
 44456896 16 31434.774 31434.774 31434.774 45.25627166907579 45.25627166907579 45.25627166907579 2.8285169793172367 2.8285169793172367 2.8285169793172367
 48902528 16 31825.066 31825.066 31825.066 49.17133230768477 49.17133230768477 49.17133230768477 3.073208269230298 3.073208269230298 3.073208269230298
 53792768 16 18239.021 18239.021 18239.021 94.3783427849554 94.3783427849554 94.3783427849554 5.898646424059712 5.898646424059712 5.898646424059712
 59172032 16 38087.13 38087.13 38087.13 49.71508811506669 49.71508811506669 49.71508811506669 3.1071930071916682 3.1071930071916682 3.1071930071916682
 65089216 16 22539.854 22539.854 22539.854 92.40764878068866 92.40764878068866 92.40764878068866 5.775478048793041 5.775478048793041 5.775478048793041
 71598080 8 13762.951 13762.951 13762.951 83.23573047669791 83.23573047669791 83.23573047669791 5.202233154793619 5.202233154793619 5.202233154793619
 78757888 8 30791.998 30791.998 30791.998 40.92382079266178 40.92382079266178 40.92382079266178 2.557738799541361 2.557738799541361 2.557738799541361
 86633664 8 31358.004 31358.004 31358.004 44.20366245249538 44.20366245249538 44.20366245249538 2.762728903280961 2.762728903280961 2.762728903280961
 95297024 8 32786.846 32786.846 32786.846 46.50500337848905 46.50500337848905 46.50500337848905 2.9065627111555656 2.9065627111555656 2.9065627111555656
 104826688 8 35402.775 35402.775 35402.775 47.37558024759358 47.37558024759358 47.37558024759358 2.960973765474599 2.960973765474599 2.960973765474599
 115309312 8 25835.037 25835.037 25835.037 71.41267078502732 71.41267078502732 71.41267078502732 4.463291924064207 4.463291924064207 4.463291924064207
 126840192 8 43316.841 43316.841 43316.841 46.85113284230491 46.85113284230491 46.85113284230491 2.9281958026440567 2.9281958026440567 2.9281958026440567
 139524160 4 19144.058 19144.058 19144.058 58.3049466314822 58.3049466314822 58.3049466314822 3.6440591644676377 3.6440591644676377 3.6440591644676377
 153476544 4 31067.848 31067.848 31067.848 39.52035403288956 39.52035403288956 39.52035403288956 2.4700221270555973 2.4700221270555973 2.4700221270555973
 168824192 4 25063.038 25063.038 25063.038 53.88786211791245 53.88786211791245 53.88786211791245 3.367991382369528 3.367991382369528 3.367991382369528
 185706560 4 29259.92 29259.92 29259.92 50.774317906542464 50.774317906542464 50.774317906542464 3.173394869158904 3.173394869158904 3.173394869158904
 204277184 4 44514.894 44514.894 44514.894 36.7117008523035 36.7117008523035 36.7117008523035 2.294481303268969 2.294481303268969 2.294481303268969
 224704896 4 32840.967 32840.967 32840.967 54.737705135174615 54.737705135174615 54.737705135174615 3.4211065709484134 3.4211065709484134 3.4211065709484134
 247175360 4 58990.955 58990.955 58990.955 33.520441905034424 33.520441905034424 33.520441905034424 2.0950276190646515 2.0950276190646515 2.0950276190646515
 271892864 2 30019.045 30019.045 30019.045 36.22938224717009 36.22938224717009 36.22938224717009 2.264336390448131 2.264336390448131 2.264336390448131
 299082112 2 38390.16 38390.16 38390.16 31.16237202449794 31.16237202449794 31.16237202449794 1.9476482515311213 1.9476482515311213 1.9476482515311213
 328990272 2 40689.945 40689.945 40689.945 32.34118620705926 32.34118620705926 32.34118620705926 2.0213241379412037 2.0213241379412037 2.0213241379412037
 361889280 2 40415.049 40415.049 40415.049 35.81727984543579 35.81727984543579 35.81727984543579 2.238579990339737 2.238579990339737 2.238579990339737
 398078208 2 31118.87 31118.87 31118.87 51.16872277174589 51.16872277174589 51.16872277174589 3.198045173234118 3.198045173234118 3.198045173234118
 437886016 2 45172.93 45172.93 45172.93 38.77419649334236 38.77419649334236 38.77419649334236 2.4233872808338974 2.4233872808338974 2.4233872808338974
 481674560 2 49565.077 49565.077 49565.077 38.87209213858378 38.87209213858378 38.87209213858378 2.4295057586614863 2.4295057586614863 2.4295057586614863
 529841984 2 48836.946 48836.946 48836.946 43.39681551749776 43.39681551749776 43.39681551749776 2.71230096984361 2.71230096984361 2.71230096984361
 582826176 1 40224.075 40224.075 40224.075 28.978972219995114 28.978972219995114 28.978972219995114 1.8111857637496946 1.8111857637496946 1.8111857637496946
 641108736 1 47829.151 47829.151 47829.151 26.80828417799011 26.80828417799011 26.80828417799011 1.6755177611243819 1.6755177611243819 1.6755177611243819
 705219584 1 22795.916 22795.916 22795.916 61.872449784426294 61.872449784426294 61.872449784426294 3.8670281115266434 3.8670281115266434 3.8670281115266434
 775741504 1 42341.948 42341.948 42341.948 36.6417484618327 36.6417484618327 36.6417484618327 2.2901092788645436 2.2901092788645436 2.2901092788645436
 853315648 1 48013.926 48013.926 48013.926 35.54450631677152 35.54450631677152 35.54450631677152 2.22153164479822 2.22153164479822 2.22153164479822
 938647168 1 50672.054 50672.054 50672.054 37.04792262812161 37.04792262812161 37.04792262812161 2.3154951642576007 2.3154951642576007 2.3154951642576007
 1032511872 1 40178.061 40178.061 40178.061 51.3967994622737 51.3967994622737 51.3967994622737 3.212299966392106 3.212299966392106 3.212299966392106
 
META_DATA
 MPI startup(): shm:tmi fabric is unknown or has been removed from the product, please use ofi or shm:ofi instead
 FLOPS          1
 MPI_PROCS      4
 OPENMP_THREADS 2
 ERT_VERSION  1.1.0
 HOSTNAME  ('shas0116.rc.int.colorado.edu', [], ['10.225.5.195'])
 UNAME  uname_result(system='Linux', node='shas0116.rc.int.colorado.edu', release='3.10.0-957.27.2.el7.x86_64', version='#1 SMP Mon Jul 29 17:46:05 UTC 2019', machine='x86_64', processor='x86_64')
 TIMESTAMP_DATA  1664508225.5594716
 CONFIG  {'ERT_RESULTS': ['lab5_results'], 'ERT_DRIVER': ['driver1'], 'ERT_KERNEL': ['kernel1'], 'ERT_MPI': ['True'], 'ERT_MPI_CFLAGS': ['-I/usr/include/mpi'], 'ERT_MPI_LDFLAGS': ['-lmpi'], 'ERT_OPENMP': ['True'], 'ERT_OPENMP_CFLAGS': ['-qopenmp'], 'ERT_OPENMP_LDFLAGS': ['-qopenmp'], 'ERT_FLOPS': ['1,2,4,8,16'], 'ERT_ALIGN': ['32'], 'ERT_CC': ['mpicc'], 'ERT_CFLAGS': ['-O3', '-msse3', '-axSSE3', '-xSSE3', '-fno-alias', '-fno-fnalias', '-DERT_INTEL', '-std=c++11'], 'ERT_LD': ['mpicc'], 'ERT_LDFLAGS': [], 'ERT_LDLIBS': [], 'ERT_PRECISION': ['FP64'], 'ERT_RUN': ['export', 'OMP_NUM_THREADS=ERT_OPENMP_THREADS;', 'mpirun', '-np', 'ERT_MPI_PROCS', 'ERT_CODE'], 'ERT_PROCS_THREADS': ['1-8'], 'ERT_MPI_PROCS': ['4'], 'ERT_OPENMP_THREADS': ['2'], 'ERT_NUM_EXPERIMENTS': ['1'], 'ERT_MEMORY_MAX': ['1073741824'], 'ERT_WORKING_SET_MIN': ['1'], 'ERT_TRIALS_MIN': ['1'], 'ERT_GNUPLOT': ['gnuplot'], 'ERT_GPU': [False], 'ERT_HIP': [False], 'ERT_OCL': [False], 'ERT_SYCL': [False], 'ERT_WSS_MULT': [1.1]}
 