fp64
 8 134217728 368276.119 368276.119 368276.119 5.831178122087248 5.831178122087248 5.831178122087248 0.728897265260906 0.728897265260906 0.728897265260906
 16 67108864 206914.186 206914.186 206914.186 10.378619704692458 10.378619704692458 10.378619704692458 1.2973274630865572 1.2973274630865572 1.2973274630865572
 24 33554432 100811.958 100811.958 100811.958 15.976405656162338 15.976405656162338 15.976405656162338 1.9970507070202923 1.9970507070202923 1.9970507070202923
 32 33554432 138545.036 138545.036 138545.036 15.500256883978148 15.500256883978148 15.500256883978148 1.9375321104972685 1.9375321104972685 1.9375321104972685
 40 16777216 53421.974 53421.974 53421.974 25.124067485787776 25.124067485787776 25.124067485787776 3.140508435723472 3.140508435723472 3.140508435723472
 48 16777216 84658.146 84658.146 84658.146 19.02489969482677 19.02489969482677 19.02489969482677 2.3781124618533465 2.3781124618533465 2.3781124618533465
 56 16777216 61268.091 61268.091 61268.091 30.66927925010753 30.66927925010753 30.66927925010753 3.833659906263441 3.833659906263441 3.833659906263441
 64 16777216 92131.138 92131.138 92131.138 23.30898862879562 23.30898862879562 23.30898862879562 2.9136235785994526 2.9136235785994526 2.9136235785994526
 72 8388608 46566.963 46566.963 46566.963 25.940269113104925 25.940269113104925 25.940269113104925 3.2425336391381157 3.2425336391381157 3.2425336391381157
 80 8388608 51455.975 51455.975 51455.975 26.083992772462285 26.083992772462285 26.083992772462285 3.2604990965577856 3.2604990965577856 3.2604990965577856
 88 8388608 52244.902 52244.902 52244.902 28.259121014333605 28.259121014333605 28.259121014333605 3.5323901267917006 3.5323901267917006 3.5323901267917006
 96 8388608 59127.092 59127.092 59127.092 27.23984355597938 27.23984355597938 27.23984355597938 3.4049804444974225 3.4049804444974225 3.4049804444974225
 104 8388608 63534.975 63534.975 63534.975 27.46251909283037 27.46251909283037 27.46251909283037 3.432814886603796 3.432814886603796 3.432814886603796
 112 8388608 67431.927 67431.927 67431.927 27.865853396121988 27.865853396121988 27.865853396121988 3.4832316745152485 3.4832316745152485 3.4832316745152485
 120 8388608 72067.976 72067.976 72067.976 27.93565230692756 27.93565230692756 27.93565230692756 3.491956538365945 3.491956538365945 3.491956538365945
 128 8388608 31791.925 31791.925 31791.925 67.54808486746242 67.54808486746242 67.54808486746242 8.443510608432803 8.443510608432803 8.443510608432803
 136 4194304 20426.989 20426.989 20426.989 55.850164113761444 55.850164113761444 55.850164113761444 6.9812705142201805 6.9812705142201805 6.9812705142201805
 144 4194304 20424.843 20424.843 20424.843 59.14168113801413 59.14168113801413 59.14168113801413 7.392710142251766 7.392710142251766 7.392710142251766
 152 4194304 22872.925 22872.925 22872.925 55.745752499953554 55.745752499953554 55.745752499953554 6.968219062494194 6.968219062494194 6.968219062494194
 160 4194304 24503.946 24503.946 24503.946 54.77392416715251 54.77392416715251 54.77392416715251 6.8467405208940635 6.8467405208940635 6.8467405208940635
 176 4194304 28398.991 28398.991 28398.991 51.98758674207826 51.98758674207826 51.98758674207826 6.498448342759782 6.498448342759782 6.498448342759782
 192 4194304 32223.94 32223.94 32223.94 49.98186863555481 49.98186863555481 49.98186863555481 6.247733579444351 6.247733579444351 6.247733579444351
 208 4194304 35941.839 35941.839 35941.839 48.54594290514739 48.54594290514739 48.54594290514739 6.068242863143424 6.068242863143424 6.068242863143424
 224 4194304 39822.102 39822.102 39822.102 47.18606245345863 47.18606245345863 47.18606245345863 5.898257806682329 5.898257806682329 5.898257806682329
 240 4194304 43856.144 43856.144 43856.144 45.90613164714161 45.90613164714161 45.90613164714161 5.738266455892702 5.738266455892702 5.738266455892702
 264 2097152 16820.192 16820.192 16820.192 65.83136839341668 65.83136839341668 65.83136839341668 8.228921049177085 8.228921049177085 8.228921049177085
 288 2097152 18774.986 18774.986 18774.986 64.33877244968384 64.33877244968384 64.33877244968384 8.04234655621048 8.04234655621048 8.04234655621048
 312 2097152 21416.187 21416.187 21416.187 61.10438090590075 61.10438090590075 61.10438090590075 7.638047613237593 7.638047613237593 7.638047613237593
 336 2097152 23669.004 23669.004 23669.004 59.54142151482166 59.54142151482166 59.54142151482166 7.442677689352707 7.442677689352707 7.442677689352707
 368 2097152 27470.827 27470.827 27470.827 56.18701875993759 56.18701875993759 56.18701875993759 7.023377344992198 7.023377344992198 7.023377344992198
 400 2097152 25021.076 25021.076 25021.076 67.05233619849122 67.05233619849122 67.05233619849122 8.381542024811402 8.381542024811402 8.381542024811402
 440 2097152 28580.904 28580.904 28580.904 64.57086731756281 64.57086731756281 64.57086731756281 8.071358414695352 8.071358414695352 8.071358414695352
 480 2097152 31277.18 31277.18 31277.18 64.36852427232888 64.36852427232888 64.36852427232888 8.04606553404111 8.04606553404111 8.04606553404111
 528 1048576 16597.986 16597.986 16597.986 66.71268767186572 66.71268767186572 66.71268767186572 8.339085958983215 8.339085958983215 8.339085958983215
 576 1048576 18454.075 18454.075 18454.075 65.45760500052155 65.45760500052155 65.45760500052155 8.182200625065194 8.182200625065194 8.182200625065194
 632 1048576 20932.913 20932.913 20932.913 63.316561053877216 63.316561053877216 63.316561053877216 7.914570131734652 7.914570131734652 7.914570131734652
 688 1048576 21672.01 21672.01 21672.01 66.57622324832815 66.57622324832815 66.57622324832815 8.322027906041018 8.322027906041018 8.322027906041018
 752 1048576 23792.028 23792.028 23792.028 66.28515669198103 66.28515669198103 66.28515669198103 8.285644586497629 8.285644586497629 8.285644586497629
 824 1048576 25815.01 25815.01 25815.01 66.93986359098834 66.93986359098834 66.93986359098834 8.367482948873542 8.367482948873542 8.367482948873542
 904 1048576 27961.969 27961.969 27961.969 67.80013982563246 67.80013982563246 67.80013982563246 8.475017478204057 8.475017478204057 8.475017478204057
 992 1048576 33328.056 33328.056 33328.056 62.4211260326735 62.4211260326735 62.4211260326735 7.802640754084187 7.802640754084187 7.802640754084187
 1088 524288 16969.919 16969.919 16969.919 67.22782165312634 67.22782165312634 67.22782165312634 8.403477706640793 8.403477706640793 8.403477706640793
 1192 524288 18708.944 18708.944 18708.944 66.8077574020212 66.8077574020212 66.8077574020212 8.35096967525265 8.35096967525265 8.35096967525265
 1304 524288 20143.986 20143.986 20143.986 67.87847767566956 67.87847767566956 67.87847767566956 8.484809709458695 8.484809709458695 8.484809709458695
 1432 524288 22023.916 22023.916 22023.916 68.17864870171135 68.17864870171135 68.17864870171135 8.52233108771392 8.52233108771392 8.52233108771392
 1568 524288 23893.833 23893.833 23893.833 68.81136099009314 68.81136099009314 68.81136099009314 8.601420123761642 8.601420123761642 8.601420123761642
 1720 524288 26333.809 26333.809 26333.809 68.48803072886265 68.48803072886265 68.48803072886265 8.561003841107832 8.561003841107832 8.561003841107832
 1888 524288 28794.05 28794.05 28794.05 68.75418664619947 68.75418664619947 68.75418664619947 8.594273330774934 8.594273330774934 8.594273330774934
 2072 262144 15753.031 15753.031 15753.031 68.95972819452966 68.95972819452966 68.95972819452966 8.619966024316208 8.619966024316208 8.619966024316208
 2272 262144 17275.095 17275.095 17275.095 68.95373576816799 68.95373576816799 68.95373576816799 8.619216971020998 8.619216971020998 8.619216971020998
 2496 262144 18907.07 18907.07 18907.07 69.213413183534 69.213413183534 69.213413183534 8.65167664794175 8.65167664794175 8.65167664794175
 2744 262144 20807.028 20807.028 20807.028 69.14232402628573 69.14232402628573 69.14232402628573 8.642790503285717 8.642790503285717 8.642790503285717
 3016 262144 22771.12 22771.12 22771.12 69.44114334297127 69.44114334297127 69.44114334297127 8.68014291787141 8.68014291787141 8.68014291787141
 3312 262144 25126.934 25126.934 25126.934 69.10679416756537 69.10679416756537 69.10679416756537 8.638349270945671 8.638349270945671 8.638349270945671
 3640 262144 27534.008 27534.008 27534.008 69.31095247738723 69.31095247738723 69.31095247738723 8.663869059673404 8.663869059673404 8.663869059673404
 4000 262144 30284.882 30284.882 30284.882 69.24748790502139 69.24748790502139 69.24748790502139 8.655935988127673 8.655935988127673 8.655935988127673
 4400 131072 17323.017 17323.017 17323.017 66.58387508365315 66.58387508365315 66.58387508365315 8.322984385456644 8.322984385456644 8.322984385456644
 4840 131072 19135.952 19135.952 19135.952 66.30331012535984 66.30331012535984 66.30331012535984 8.28791376566998 8.28791376566998 8.28791376566998
 5320 131072 20828.009 20828.009 20828.009 66.95820421433466 66.95820421433466 66.95820421433466 8.369775526791832 8.369775526791832 8.369775526791832
 5848 131072 22845.984 22845.984 22845.984 67.10230174371128 67.10230174371128 67.10230174371128 8.38778771796391 8.38778771796391 8.38778771796391
 6432 131072 24940.014 24940.014 24940.014 67.60662636356179 67.60662636356179 67.60662636356179 8.450828295445223 8.450828295445223 8.450828295445223
 7072 131072 27287.96 27287.96 27287.96 67.93774133354052 67.93774133354052 67.93774133354052 8.492217666692564 8.492217666692564 8.492217666692564
 7776 131072 30107.021 30107.021 30107.021 67.70619198757657 67.70619198757657 67.70619198757657 8.463273998447072 8.463273998447072 8.463273998447072
 8552 65536 16515.017 16515.017 16515.017 67.87324191068045 67.87324191068045 67.87324191068045 8.484155238835056 8.484155238835056 8.484155238835056
 9400 65536 18026.114 18026.114 18026.114 68.34955110125232 68.34955110125232 68.34955110125232 8.54369388765654 8.54369388765654 8.54369388765654
 10336 65536 19944.906 19944.906 19944.906 67.92512293615223 67.92512293615223 67.92512293615223 8.49064036701903 8.49064036701903 8.49064036701903
 11368 65536 21780.968 21780.968 21780.968 68.40956269712163 68.40956269712163 68.40956269712163 8.551195337140204 8.551195337140204 8.551195337140204
 12504 65536 23946.047 23946.047 23946.047 68.4423733069596 68.4423733069596 68.4423733069596 8.55529666336995 8.55529666336995 8.55529666336995
 13752 65536 26269.913 26269.913 26269.913 68.61469788651375 68.61469788651375 68.61469788651375 8.576837235814219 8.576837235814219 8.576837235814219
 15120 65536 28647.184 28647.184 28647.184 69.17987610928878 69.17987610928878 69.17987610928878 8.647484513661098 8.647484513661098 8.647484513661098
 16632 32768 18450.022 18450.022 18450.022 59.07823589587048 59.07823589587048 59.07823589587048 7.38477948698381 7.38477948698381 7.38477948698381
 18288 32768 17979.145 17979.145 17979.145 66.66181111504467 66.66181111504467 66.66181111504467 8.332726389380584 8.332726389380584 8.332726389380584
 20112 32768 19119.978 19119.978 19119.978 68.93627346223934 68.93627346223934 68.93627346223934 8.617034182779918 8.617034182779918 8.617034182779918
 22120 32768 21138.906 21138.906 21138.906 68.57764162440574 68.57764162440574 68.57764162440574 8.572205203050718 8.572205203050718 8.572205203050718
 24328 32768 23124.933 23124.933 23124.933 68.94548875017281 68.94548875017281 68.94548875017281 8.618186093771602 8.618186093771602 8.618186093771602
 26760 32768 25282.86 25282.86 25282.86 69.36491203922341 69.36491203922341 69.36491203922341 8.670614004902927 8.670614004902927 8.670614004902927
 29432 32768 27895.927 27895.927 27895.927 69.14470173369753 69.14470173369753 69.14470173369753 8.643087716712191 8.643087716712191 8.643087716712191
 32368 32768 30591.011 30591.011 30591.011 69.3428944862267 69.3428944862267 69.3428944862267 8.667861810778337 8.667861810778337 8.667861810778337
 35600 16384 17983.913 17983.913 17983.913 64.86579422398228 64.86579422398228 64.86579422398228 8.108224277997785 8.108224277997785 8.108224277997785
 39160 16384 20637.989 20637.989 20637.989 62.176352550628835 62.176352550628835 62.176352550628835 7.772044068828604 7.772044068828604 7.772044068828604
 43072 16384 22727.013 22727.013 22727.013 62.10157472079591 62.10157472079591 62.10157472079591 7.762696840099489 7.762696840099489 7.762696840099489
 47376 16384 24962.902 24962.902 24962.902 62.1889541528465 62.1889541528465 62.1889541528465 7.773619269105812 7.773619269105812 7.773619269105812
 52112 16384 27408.838 27408.838 27408.838 62.30129186797338 62.30129186797338 62.30129186797338 7.787661483496673 7.787661483496673 7.787661483496673
 57320 16384 30408.144 30408.144 30408.144 61.76837889218098 61.76837889218098 61.76837889218098 7.721047361522623 7.721047361522623 7.721047361522623
 63048 16384 33118.01 33118.01 33118.01 62.38167281186278 62.38167281186278 62.38167281186278 7.797709101482847 7.797709101482847 7.797709101482847
 69352 8192 18168.926 18168.926 18168.926 62.53881864013316 62.53881864013316 62.53881864013316 7.817352330016645 7.817352330016645 7.817352330016645
 76280 8192 20003.08 20003.08 20003.08 62.478954241046864 62.478954241046864 62.478954241046864 7.809869280130858 7.809869280130858 7.809869280130858
 83904 8192 22368.908 22368.908 22368.908 61.45508470954416 61.45508470954416 61.45508470954416 7.68188558869302 7.68188558869302 7.68188558869302
 92288 8192 24355.173 24355.173 24355.173 62.08318011126425 62.08318011126425 62.08318011126425 7.760397513908031 7.760397513908031 7.760397513908031
 101512 8192 26765.108 26765.108 26765.108 62.13958142817881 62.13958142817881 62.13958142817881 7.767447678522351 7.767447678522351 7.767447678522351
 111656 8192 29513.836 29513.836 29513.836 61.983535586495776 61.983535586495776 61.983535586495776 7.747941948311972 7.747941948311972 7.747941948311972
 122816 8192 32594.919 32594.919 32594.919 61.73408021047698 61.73408021047698 61.73408021047698 7.716760026309623 7.716760026309623 7.716760026309623
 135096 4096 17909.05 17909.05 17909.05 61.79593177750914 61.79593177750914 61.79593177750914 7.724491472188642 7.724491472188642 7.724491472188642
 148600 4096 19760.847 19760.847 19760.847 61.60318937745937 61.60318937745937 61.60318937745937 7.700398672182422 7.700398672182422 7.700398672182422
 163456 4096 21878.958 21878.958 21878.958 61.20179727023563 61.20179727023563 61.20179727023563 7.650224658779454 7.650224658779454 7.650224658779454
 179800 4096 24691.105 24691.105 24691.105 59.65393610371023 59.65393610371023 59.65393610371023 7.456742012963779 7.456742012963779 7.456742012963779
 197776 4096 30967.951 30967.951 30967.951 52.31799133239394 52.31799133239394 52.31799133239394 6.539748916549242 6.539748916549242 6.539748916549242
 217552 4096 32178.164 32178.164 32178.164 55.38494937125685 55.38494937125685 55.38494937125685 6.9231186714071065 6.9231186714071065 6.9231186714071065
 239304 4096 40117.025 40117.025 40117.025 48.86649416301433 48.86649416301433 48.86649416301433 6.108311770376791 6.108311770376791 6.108311770376791
 263232 2048 22656.202 22656.202 22656.202 47.589541795222345 47.589541795222345 47.589541795222345 5.948692724402793 5.948692724402793 5.948692724402793
 289552 2048 25155.067 25155.067 25155.067 47.14775722918965 47.14775722918965 47.14775722918965 5.893469653648706 5.893469653648706 5.893469653648706
 318504 2048 29294.968 29294.968 29294.968 44.53298546016504 44.53298546016504 44.53298546016504 5.56662318252063 5.56662318252063 5.56662318252063
 350352 2048 33430.099 33430.099 33430.099 42.92663901473938 42.92663901473938 42.92663901473938 5.365829876842422 5.365829876842422 5.365829876842422
 385384 2048 37456.036 37456.036 37456.036 42.14361776029904 42.14361776029904 42.14361776029904 5.26795222003738 5.26795222003738 5.26795222003738
 423920 2048 42561.054 42561.054 42561.054 40.79730544267067 40.79730544267067 40.79730544267067 5.099663180333834 5.099663180333834 5.099663180333834
 466312 2048 48499.107 48499.107 48499.107 39.38245609346992 39.38245609346992 39.38245609346992 4.92280701168374 4.92280701168374 4.92280701168374
 512936 2048 54174.9 54174.9 54174.9 38.7815363941604 38.7815363941604 38.7815363941604 4.84769204927005 4.84769204927005 4.84769204927005
 564224 1024 30753.851 30753.851 30753.851 37.573530287312636 37.573530287312636 37.573530287312636 4.6966912859140795 4.6966912859140795 4.6966912859140795
 620640 1024 32729.149 32729.149 32729.149 38.83604550793545 38.83604550793545 38.83604550793545 4.8545056884919315 4.8545056884919315 4.8545056884919315
 682704 1024 36019.087 36019.087 36019.087 38.81769107584543 38.81769107584543 38.81769107584543 4.852211384480679 4.852211384480679 4.852211384480679
 750968 1024 39641.857 39641.857 39641.857 38.79693284802475 38.79693284802475 38.79693284802475 4.849616606003094 4.849616606003094 4.849616606003094
 826064 1024 43616.056 43616.056 43616.056 38.78798834997828 38.78798834997828 38.78798834997828 4.848498543747285 4.848498543747285 4.848498543747285
 908664 1024 47976.017 47976.017 47976.017 38.78904478460561 38.78904478460561 38.78904478460561 4.848630598075701 4.848630598075701 4.848630598075701
 999528 1024 52694.082 52694.082 52694.082 38.847499876741374 38.847499876741374 38.847499876741374 4.855937484592672 4.855937484592672 4.855937484592672
 1099480 512 29041.052 29041.052 29041.052 38.76813828920522 38.76813828920522 38.76813828920522 4.846017286150652 4.846017286150652 4.846017286150652
 1209424 512 31895.876 31895.876 31895.876 38.82790916292752 38.82790916292752 38.82790916292752 4.85348864536594 4.85348864536594 4.85348864536594
 1330360 512 35087.109 35087.109 35087.109 38.825901558318755 38.825901558318755 38.825901558318755 4.853237694789844 4.853237694789844 4.853237694789844
 1463392 512 38568.02 38568.02 38568.02 38.85378113784426 38.85378113784426 38.85378113784426 4.856722642230532 4.856722642230532 4.856722642230532
 1609728 512 44048.071 44048.071 44048.071 37.42187647672471 37.42187647672471 37.42187647672471 4.677734559590589 4.677734559590589 4.677734559590589
 1770696 512 46765.804 46765.804 46765.804 38.77176374429487 38.77176374429487 38.77176374429487 4.846470468036859 4.846470468036859 4.846470468036859
 1947760 512 51378.012 51378.012 51378.012 38.82022994583753 38.82022994583753 38.82022994583753 4.8525287432296915 4.8525287432296915 4.8525287432296915
 2142536 256 30861.139 30861.139 30861.139 35.545623640138494 35.545623640138494 35.545623640138494 4.443202955017312 4.443202955017312 4.443202955017312
 2356784 256 31136.99 31136.99 31136.99 38.75369481764293 38.75369481764293 38.75369481764293 4.844211852205366 4.844211852205366 4.844211852205366
 2592456 256 34301.043 34301.043 34301.043 38.696708785210994 38.696708785210994 38.696708785210994 4.837088598151374 4.837088598151374 4.837088598151374
 2851696 256 37672.043 37672.043 37672.043 38.75734459105391 38.75734459105391 38.75734459105391 4.8446680738817385 4.8446680738817385 4.8446680738817385
 3136864 256 41390.896 41390.896 41390.896 38.802599682790145 38.802599682790145 38.802599682790145 4.850324960348768 4.850324960348768 4.850324960348768
 3450544 256 45656.919 45656.919 45656.919 38.694650596112275 38.694650596112275 38.694650596112275 4.836831324514034 4.836831324514034 4.836831324514034
 3795592 256 50390.959 50390.959 50390.959 38.565312956238834 38.565312956238834 38.565312956238834 4.820664119529854 4.820664119529854 4.820664119529854
 4175144 256 55166.006 55166.006 55166.006 38.749836774480286 38.749836774480286 38.749836774480286 4.843729596810036 4.843729596810036 4.843729596810036
 4592656 128 30434.132 30434.132 30434.132 38.63162373088215 38.63162373088215 38.63162373088215 4.828952966360268 4.828952966360268 4.828952966360268
 5051920 128 33404.112 33404.112 33404.112 38.716536455152585 38.716536455152585 38.716536455152585 4.839567056894073 4.839567056894073 4.839567056894073
 5557112 128 36716.938 36716.938 36716.938 38.745623940645594 38.745623940645594 38.745623940645594 4.843202992580699 4.843202992580699 4.843202992580699
 6112816 128 42726.04 42726.04 42726.04 36.6259287310502 36.6259287310502 36.6259287310502 4.578241091381275 4.578241091381275 4.578241091381275
 6724096 128 45826.912 45826.912 45826.912 37.5623951271253 37.5623951271253 37.5623951271253 4.695299390890662 4.695299390890662 4.695299390890662
 7396504 128 49017.906 49017.906 49017.906 38.62884359034023 38.62884359034023 38.62884359034023 4.828605448792529 4.828605448792529 4.828605448792529
 8136152 128 53934.097 53934.097 53934.097 38.61851830021369 38.61851830021369 38.61851830021369 4.827314787526711 4.827314787526711 4.827314787526711
 8949760 64 30577.898 30577.898 30577.898 37.46396433136116 37.46396433136116 37.46396433136116 4.682995541420145 4.682995541420145 4.682995541420145
 9844736 64 33328.056 33328.056 33328.056 37.80977228314787 37.80977228314787 37.80977228314787 4.726221535393484 4.726221535393484 4.726221535393484
 10829208 64 36084.89 36084.89 36084.89 38.41327004183746 38.41327004183746 38.41327004183746 4.801658755229682 4.801658755229682 4.801658755229682
 11912128 64 39982.08 39982.08 39982.08 38.13589448072736 38.13589448072736 38.13589448072736 4.76698681009092 4.76698681009092 4.76698681009092
 13103336 64 43787.003 43787.003 43787.003 38.30422027285129 38.30422027285129 38.30422027285129 4.788027534106411 4.788027534106411 4.788027534106411
 14413664 64 48326.015 48326.015 48326.015 38.17713900059833 38.17713900059833 38.17713900059833 4.772142375074791 4.772142375074791 4.772142375074791
 15855024 64 53367.138 53367.138 53367.138 38.0279540566706 38.0279540566706 38.0279540566706 4.753494257083825 4.753494257083825 4.753494257083825
 17440520 32 29416.8 29416.8 29416.8 37.94407549427538 37.94407549427538 37.94407549427538 4.743009436784423 4.743009436784423 4.743009436784423
 19184568 32 32002.211 32002.211 32002.211 38.366485115669036 38.366485115669036 38.366485115669036 4.7958106394586295 4.7958106394586295 4.7958106394586295
 21103024 32 35426.855 35426.855 35426.855 38.123438730307846 38.123438730307846 38.123438730307846 4.765429841288481 4.765429841288481 4.765429841288481
 23213320 32 39124.012 39124.012 39124.012 37.97290727750518 37.97290727750518 37.97290727750518 4.746613409688147 4.746613409688147 4.746613409688147
 25534648 32 43530.941 43530.941 43530.941 37.54151494221088 37.54151494221088 37.54151494221088 4.69268936777636 4.69268936777636 4.69268936777636
 28088112 32 52160.978 52160.978 52160.978 34.46329491751477 34.46329491751477 34.46329491751477 4.307911864689347 4.307911864689347 4.307911864689347
 30896920 32 76481.104 76481.104 76481.104 25.854789962236946 25.854789962236946 25.854789962236946 3.2318487452796183 3.2318487452796183 3.2318487452796183
 33986608 16 50635.099 50635.099 50635.099 21.478608267360155 21.478608267360155 21.478608267360155 2.6848260334200194 2.6848260334200194 2.6848260334200194
 37385264 16 61538.935 61538.935 61538.935 19.440187712055792 19.440187712055792 19.440187712055792 2.430023464006974 2.430023464006974 2.430023464006974
 41123784 16 70424.08 70424.08 70424.08 18.68623754829314 18.68623754829314 18.68623754829314 2.3357796935366424 2.3357796935366424 2.3357796935366424
 45236160 16 79993.01 79993.01 79993.01 18.09604514194428 18.09604514194428 18.09604514194428 2.262005642743035 2.262005642743035 2.262005642743035
 49759776 16 89636.087 89636.087 89636.087 17.764193923369277 17.764193923369277 17.764193923369277 2.2205242404211596 2.2205242404211596 2.2205242404211596
 54735752 16 97564.22 97564.22 97564.22 17.95272963797589 17.95272963797589 17.95272963797589 2.244091204746986 2.244091204746986 2.244091204746986
 60209320 16 109830.856 109830.856 109830.856 17.542413035549863 17.542413035549863 17.542413035549863 2.192801629443733 2.192801629443733 2.192801629443733
 66230248 16 121587.992 121587.992 121587.992 17.43073391655321 17.43073391655321 17.43073391655321 2.178841739569151 2.178841739569151 2.178841739569151
 72853272 8 67312.956 67312.956 67312.956 17.3169092737511 17.3169092737511 17.3169092737511 2.1646136592188876 2.1646136592188876 2.1646136592188876
 80138592 8 73122.978 73122.978 73122.978 17.535082775211915 17.535082775211915 17.535082775211915 2.1918853469014894 2.1918853469014894 2.1918853469014894
 88152448 8 80589.056 80589.056 80589.056 17.501621659397525 17.501621659397525 17.501621659397525 2.1877027074246906 2.1877027074246906 2.1877027074246906
 96967688 8 89022.16 89022.16 89022.16 17.42805395869972 17.42805395869972 17.42805395869972 2.178506744837465 2.178506744837465 2.178506744837465
 106664456 8 98886.013 98886.013 98886.013 17.258571199548715 17.258571199548715 17.258571199548715 2.1573213999435894 2.1573213999435894 2.1573213999435894
 117330896 8 107393.98 107393.98 107393.98 17.48044290750748 17.48044290750748 17.48044290750748 2.185055363438435 2.185055363438435 2.185055363438435
 129063984 8 118903.875 118903.875 118903.875 17.36716943833832 17.36716943833832 17.36716943833832 2.17089617979229 2.17089617979229 2.17089617979229
 141970376 4 65320.969 65320.969 65320.969 17.38741824237176 17.38741824237176 17.38741824237176 2.17342728029647 2.17342728029647 2.17342728029647
 156167408 4 72108.03 72108.03 72108.03 17.325938095937442 17.325938095937442 17.325938095937442 2.1657422619921802 2.1657422619921802 2.1657422619921802
 171784144 4 79244.852 79244.852 79244.852 17.3421126712433 17.3421126712433 17.3421126712433 2.1677640839054124 2.1677640839054124 2.1677640839054124
 188962552 4 87034.941 87034.941 87034.941 17.3688911445347 17.3688911445347 17.3688911445347 2.1711113930668375 2.1711113930668375 2.1711113930668375
 207858800 4 98556.995 98556.995 98556.995 16.872170260467055 16.872170260467055 16.872170260467055 2.109021282558382 2.109021282558382 2.109021282558382
 228644680 4 105735.064 105735.064 105735.064 17.299440420256424 17.299440420256424 17.299440420256424 2.162430052532053 2.162430052532053 2.162430052532053
 251509144 4 116676.807 116676.807 116676.807 17.244842430424068 17.244842430424068 17.244842430424068 2.1556053038030085 2.1556053038030085 2.1556053038030085
 276660056 2 64301.014 64301.014 64301.014 17.210307507747853 17.210307507747853 17.210307507747853 2.1512884384684816 2.1512884384684816 2.1512884384684816
 304326056 2 70888.996 70888.996 70888.996 17.171977213501517 17.171977213501517 17.171977213501517 2.1464971516876896 2.1464971516876896 2.1464971516876896
 334758656 2 78119.04 78119.04 78119.04 17.14095083605738 17.14095083605738 17.14095083605738 2.1426188545071727 2.1426188545071727 2.1426188545071727
 368234520 2 85635.9 85635.9 85635.9 17.20000700640736 17.20000700640736 17.20000700640736 2.15000087580092 2.15000087580092 2.15000087580092
 405057968 2 94287.872 94287.872 94287.872 17.183884179717193 17.183884179717193 17.183884179717193 2.147985522464649 2.147985522464649 2.147985522464649
 445563760 2 104249.001 104249.001 104249.001 17.096135434429723 17.096135434429723 17.096135434429723 2.1370169293037153 2.1370169293037153 2.1370169293037153
 490120136 2 115121.126 115121.126 115121.126 17.029720018548115 17.029720018548115 17.029720018548115 2.1287150023185144 2.1287150023185144 2.1287150023185144
 539132144 1 63230.038 63230.038 63230.038 17.053038747185315 17.053038747185315 17.053038747185315 2.1316298433981644 2.1316298433981644 2.1316298433981644
 593045352 1 69746.017 69746.017 69746.017 17.005855746572593 17.005855746572593 17.005855746572593 2.125731968321574 2.125731968321574 2.125731968321574
 652349880 1 76838.97 76838.97 76838.97 16.9796622729326 16.9796622729326 16.9796622729326 2.122457784116575 2.122457784116575 2.122457784116575
 717584864 1 84748.983 84748.983 84748.983 16.934359294907413 16.934359294907413 16.934359294907413 2.1167949118634266 2.1167949118634266 2.1167949118634266
 789343344 1 93510.866 93510.866 93510.866 16.882387636106376 16.882387636106376 16.882387636106376 2.110298454513297 2.110298454513297 2.110298454513297
 868277672 1 133075.953 133075.953 133075.953 13.049354934922013 13.049354934922013 13.049354934922013 1.6311693668652516 1.6311693668652516 1.6311693668652516
 955105432 1 113534.927 113534.927 113534.927 16.82487419928495 16.82487419928495 16.82487419928495 2.1031092749106186 2.1031092749106186 2.1031092749106186
 1050615968 1 125106.096 125106.096 125106.096 16.795599920246893 16.795599920246893 16.795599920246893 2.0994499900308616 2.0994499900308616 2.0994499900308616
 
META_DATA
 MPI startup(): shm:tmi fabric is unknown or has been removed from the product, please use ofi or shm:ofi instead
 FLOPS          2
 MPI_PROCS      1
 OPENMP_THREADS 1
 ERT_VERSION  1.1.0
 HOSTNAME  shas0105.rc.int.colorado.edu
 UNAME  uname_result(system='Linux', node='shas0105.rc.int.colorado.edu', release='3.10.0-957.27.2.el7.x86_64', version='#1 SMP Mon Jul 29 17:46:05 UTC 2019', machine='x86_64', processor='x86_64')
 TIMESTAMP_DATA  1664512480.2953382
 CONFIG  {'ERT_RESULTS': ['lab5_results'], 'ERT_DRIVER': ['driver1'], 'ERT_KERNEL': ['kernel1'], 'ERT_MPI': ['True'], 'ERT_MPI_CFLAGS': ['-I/usr/include/mpi'], 'ERT_MPI_LDFLAGS': ['-lmpi'], 'ERT_OPENMP': ['True'], 'ERT_OPENMP_CFLAGS': ['-qopenmp'], 'ERT_OPENMP_LDFLAGS': ['-qopenmp'], 'ERT_FLOPS': ['1,2,4,8,16'], 'ERT_ALIGN': ['32'], 'ERT_CC': ['mpicc'], 'ERT_CFLAGS': ['-O3', '-msse3', '-axSSE3', '-xSSE3', '-fno-alias', '-fno-fnalias', '-DERT_INTEL', '-std=c++11'], 'ERT_LD': ['mpicc'], 'ERT_LDFLAGS': [], 'ERT_LDLIBS': [], 'ERT_PRECISION': ['FP64'], 'ERT_RUN': ['export', 'OMP_NUM_THREADS=ERT_OPENMP_THREADS;', 'mpirun', '-np', 'ERT_MPI_PROCS', 'ERT_CODE'], 'ERT_PROCS_THREADS': ['1-24'], 'ERT_MPI_PROCS': ['1'], 'ERT_OPENMP_THREADS': ['1'], 'ERT_NUM_EXPERIMENTS': ['1'], 'ERT_MEMORY_MAX': ['1073741824'], 'ERT_WORKING_SET_MIN': ['1'], 'ERT_TRIALS_MIN': ['1'], 'ERT_GNUPLOT': ['gnuplot'], 'ERT_GPU': [False], 'ERT_HIP': [False], 'ERT_OCL': [False], 'ERT_SYCL': [False], 'ERT_WSS_MULT': [1.1]}
 