fp64
 64 16777216 378456.116 378456.116 378456.116 5.674326711105391 5.674326711105391 5.674326711105391 5.674326711105391 5.674326711105391 5.674326711105391
 128 8388608 192151.07 192151.07 192151.07 11.176017120279372 11.176017120279372 11.176017120279372 11.176017120279372 11.176017120279372 11.176017120279372
 192 4194304 96101.046 96101.046 96101.046 16.759575499313506 16.759575499313506 16.759575499313506 16.759575499313506 16.759575499313506 16.759575499313506
 256 4194304 96148.014 96148.014 96148.014 22.335184666424833 22.335184666424833 22.335184666424833 22.335184666424833 22.335184666424833 22.335184666424833
 320 2097152 48410.892 48410.892 48410.892 27.72469633486613 27.72469633486613 27.72469633486613 27.72469633486613 27.72469633486613 27.72469633486613
 384 2097152 48357.964 48357.964 48357.964 33.306049361383366 33.306049361383366 33.306049361383366 33.306049361383366 33.306049361383366 33.306049361383366
 448 2097152 49463.987 49463.987 49463.987 37.98820729918112 37.98820729918112 37.98820729918112 37.98820729918112 37.98820729918112 37.98820729918112
 512 2097152 49477.1 49477.1 49477.1 43.403587679957 43.403587679957 43.403587679957 43.403587679957 43.403587679957 43.403587679957
 576 1048576 25048.018 25048.018 25048.018 48.22575390995007 48.22575390995007 48.22575390995007 48.22575390995007 48.22575390995007 48.22575390995007
 640 1048576 25041.103 25041.103 25041.103 53.598968064625595 53.598968064625595 53.598968064625595 53.598968064625595 53.598968064625595 53.598968064625595
 704 1048576 28470.993 28470.993 28470.993 51.85611221919797 51.85611221919797 51.85611221919797 51.85611221919797 51.85611221919797 51.85611221919797
 768 1048576 28534.889 28534.889 28534.889 56.44363067261274 56.44363067261274 56.44363067261274 56.44363067261274 56.44363067261274 56.44363067261274
 832 1048576 33203.84 33203.84 33203.84 52.5490564946705 52.5490564946705 52.5490564946705 52.5490564946705 52.5490564946705 52.5490564946705
 896 1048576 33379.078 33379.078 33379.078 56.29419098993687 56.29419098993687 56.29419098993687 56.29419098993687 56.29419098993687 56.29419098993687
 960 1048576 37816.048 37816.048 37816.048 53.238400797460365 53.238400797460365 53.238400797460365 53.238400797460365 53.238400797460365 53.238400797460365
 1024 1048576 25712.967 25712.967 25712.967 83.51753603541746 83.51753603541746 83.51753603541746 83.51753603541746 83.51753603541746 83.51753603541746
 1088 524288 15999.079 15999.079 15999.079 71.30727262488047 71.30727262488047 71.30727262488047 71.30727262488047 71.30727262488047 71.30727262488047
 1152 524288 16046.047 16046.047 16046.047 75.28081850938115 75.28081850938115 75.28081850938115 75.28081850938115 75.28081850938115 75.28081850938115
 1216 524288 19078.016 19078.016 19078.016 66.8344347756077 66.8344347756077 66.8344347756077 66.8344347756077 66.8344347756077 66.8344347756077
 1280 524288 18581.867 18581.867 18581.867 72.23048577411517 72.23048577411517 72.23048577411517 72.23048577411517 72.23048577411517 72.23048577411517
 1408 524288 21275.043 21275.043 21275.043 69.39562979966715 69.39562979966715 69.39562979966715 69.39562979966715 69.39562979966715 69.39562979966715
 1536 524288 23320.913 23320.913 23320.913 69.06302236108851 69.06302236108851 69.06302236108851 69.06302236108851 69.06302236108851 69.06302236108851
 1664 524288 25464.058 25464.058 25464.058 68.5213041849025 68.5213041849025 68.5213041849025 68.5213041849025 68.5213041849025 68.5213041849025
 1792 524288 28081.894 28081.894 28081.894 66.91315735327538 66.91315735327538 66.91315735327538 66.91315735327538 66.91315735327538 66.91315735327538
 1920 524288 30323.029 30323.029 30323.029 66.39395820252653 66.39395820252653 66.39395820252653 66.39395820252653 66.39395820252653 66.39395820252653
 2112 262144 14286.995 14286.995 14286.995 77.50378970525291 77.50378970525291 77.50378970525291 77.50378970525291 77.50378970525291 77.50378970525291
 2304 262144 15921.116 15921.116 15921.116 75.87153764849148 75.87153764849148 75.87153764849148 75.87153764849148 75.87153764849148 75.87153764849148
 2496 262144 18110.991 18110.991 18110.991 72.25572846897222 72.25572846897222 72.25572846897222 72.25572846897222 72.25572846897222 72.25572846897222
 2688 262144 19160.032 19160.032 19160.032 73.55343373121714 73.55343373121714 73.55343373121714 73.55343373121714 73.55343373121714 73.55343373121714
 2944 262144 21718.025 21718.025 21718.025 71.07017659294526 71.07017659294526 71.07017659294526 71.07017659294526 71.07017659294526 71.07017659294526
 3200 262144 20956.039 20956.039 20956.039 80.05909895472136 80.05909895472136 80.05909895472136 80.05909895472136 80.05909895472136 80.05909895472136
 3520 262144 24442.911 24442.911 24442.911 75.5022083908091 75.5022083908091 75.5022083908091 75.5022083908091 75.5022083908091 75.5022083908091
 3840 262144 26806.116 26806.116 26806.116 75.10472311617244 75.10472311617244 75.10472311617244 75.10472311617244 75.10472311617244 75.10472311617244
 4224 131072 13801.098 13801.098 13801.098 80.23247541608646 80.23247541608646 80.23247541608646 80.23247541608646 80.23247541608646 80.23247541608646
 4608 131072 15578.032 15578.032 15578.032 77.5425003620483 77.5425003620483 77.5425003620483 77.5425003620483 77.5425003620483 77.5425003620483
 5056 131072 17935.991 17935.991 17935.991 73.89611558123552 73.89611558123552 73.89611558123552 73.89611558123552 73.89611558123552 73.89611558123552
 5504 131072 18265.009 18265.009 18265.009 78.99479140689174 78.99479140689174 78.99479140689174 78.99479140689174 78.99479140689174 78.99479140689174
 6016 131072 20493.984 20493.984 20493.984 76.95225603767427 76.95225603767427 76.95225603767427 76.95225603767427 76.95225603767427 76.95225603767427
 6592 131072 22050.142 22050.142 22050.142 78.36925712315141 78.36925712315141 78.36925712315141 78.36925712315141 78.36925712315141 78.36925712315141
 7232 131072 23368.835 23368.835 23368.835 81.126226788798 81.126226788798 81.126226788798 81.126226788798 81.126226788798 81.126226788798
 7936 131072 26410.103 26410.103 26410.103 78.77192996937573 78.77192996937573 78.77192996937573 78.77192996937573 78.77192996937573 78.77192996937573
 8704 65536 14292.955 14292.955 14292.955 79.81909185329415 79.81909185329415 79.81909185329415 79.81909185329415 79.81909185329415 79.81909185329415
 9536 65536 15671.968 15671.968 15671.968 79.75402910470464 79.75402910470464 79.75402910470464 79.75402910470464 79.75402910470464 79.75402910470464
 10432 65536 17057.896 17057.896 17057.896 80.15895418755045 80.15895418755045 80.15895418755045 80.15895418755045 80.15895418755045 80.15895418755045
 11456 65536 18723.965 18723.965 18723.965 80.19459724476093 80.19459724476093 80.19459724476093 80.19459724476093 80.19459724476093 80.19459724476093
 12544 65536 20286.083 20286.083 20286.083 81.04902104561043 81.04902104561043 81.04902104561043 81.04902104561043 81.04902104561043 81.04902104561043
 13760 65536 22382.021 22382.021 22382.021 80.58033365262234 80.58033365262234 80.58033365262234 80.58033365262234 80.58033365262234 80.58033365262234
 15104 65536 24318.933 24318.933 24318.933 81.40618208866317 81.40618208866317 81.40618208866317 81.40618208866317 81.40618208866317 81.40618208866317
 16576 32768 13226.032 13226.032 13226.032 82.13534762353517 82.13534762353517 82.13534762353517 82.13534762353517 82.13534762353517 82.13534762353517
 18176 32768 14481.068 14481.068 14481.068 82.2579063919871 82.2579063919871 82.2579063919871 82.2579063919871 82.2579063919871 82.2579063919871
 19968 32768 15769.958 15769.958 15769.958 82.98201225393244 82.98201225393244 82.98201225393244 82.98201225393244 82.98201225393244 82.98201225393244
 21952 32768 17597.914 17597.914 17597.914 81.75095480066558 81.75095480066558 81.75095480066558 81.75095480066558 81.75095480066558 81.75095480066558
 24128 32768 19261.122 19261.122 19261.122 82.09556058053109 82.09556058053109 82.09556058053109 82.09556058053109 82.09556058053109 82.09556058053109
 26496 32768 21049.976 21049.976 21049.976 82.49139362439179 82.49139362439179 82.49139362439179 82.49139362439179 82.49139362439179 82.49139362439179
 29120 32768 23073.912 23073.912 23073.912 82.70848566987686 82.70848566987686 82.70848566987686 82.70848566987686 82.70848566987686 82.70848566987686
 32000 32768 25145.054 25145.054 25145.054 83.40216728108835 83.40216728108835 83.40216728108835 83.40216728108835 83.40216728108835 83.40216728108835
 35200 16384 13789.177 13789.177 13789.177 83.64774779524551 83.64774779524551 83.64774779524551 83.64774779524551 83.64774779524551 83.64774779524551
 38720 16384 15496.969 15496.969 15496.969 81.87258811706987 81.87258811706987 81.87258811706987 81.87258811706987 81.87258811706987 81.87258811706987
 42560 16384 16803.026 16803.026 16803.026 82.99731726892524 82.99731726892524 82.99731726892524 82.99731726892524 82.99731726892524 82.99731726892524
 46784 16384 18409.967 18409.967 18409.967 83.27109505410846 83.27109505410846 83.27109505410846 83.27109505410846 83.27109505410846 83.27109505410846
 51456 16384 20204.067 20204.067 20204.067 83.45400002880609 83.45400002880609 83.45400002880609 83.45400002880609 83.45400002880609 83.45400002880609
 56576 16384 22008.896 22008.896 22008.896 84.23331947227157 84.23331947227157 84.23331947227157 84.23331947227157 84.23331947227157 84.23331947227157
 62208 16384 24484.158 24484.158 24484.158 83.25512945962855 83.25512945962855 83.25512945962855 83.25512945962855 83.25512945962855 83.25512945962855
 68416 8192 13427.973 13427.973 13427.973 83.477062695911 83.477062695911 83.477062695911 83.477062695911 83.477062695911 83.477062695911
 75200 8192 14707.088 14707.088 14707.088 83.7743542433417 83.7743542433417 83.7743542433417 83.7743542433417 83.7743542433417 83.7743542433417
 82688 8192 16219.139 16219.139 16219.139 83.52849013748511 83.52849013748511 83.52849013748511 83.52849013748511 83.52849013748511 83.52849013748511
 90944 8192 17767.906 17767.906 17767.906 83.86055711911128 83.86055711911128 83.86055711911128 83.86055711911128 83.86055711911128 83.86055711911128
 100032 8192 19768.953 19768.953 19768.953 82.90394984499177 82.90394984499177 82.90394984499177 82.90394984499177 82.90394984499177 82.90394984499177
 110016 8192 21619.081 21619.081 21619.081 83.37552109638703 83.37552109638703 83.37552109638703 83.37552109638703 83.37552109638703 83.37552109638703
 120960 8192 23578.882 23578.882 23578.882 84.05015301404026 84.05015301404026 84.05015301404026 84.05015301404026 84.05015301404026 84.05015301404026
 133056 4096 13103.962 13103.962 13103.962 83.18054890574317 83.18054890574317 83.18054890574317 83.18054890574317 83.18054890574317 83.18054890574317
 146304 4096 14436.96 14436.96 14436.96 83.01764138710642 83.01764138710642 83.01764138710642 83.01764138710642 83.01764138710642 83.01764138710642
 160896 4096 15805.96 15805.96 15805.96 83.39006501345062 83.39006501345062 83.39006501345062 83.39006501345062 83.39006501345062 83.39006501345062
 176960 4096 17354.965 17354.965 17354.965 83.52977490879412 83.52977490879412 83.52977490879412 83.52977490879412 83.52977490879412 83.52977490879412
 194624 4096 19028.902 19028.902 19028.902 83.7862220321488 83.7862220321488 83.7862220321488 83.7862220321488 83.7862220321488 83.7862220321488
 214080 4096 20940.065 20940.065 20940.065 83.75061681995736 83.75061681995736 83.75061681995736 83.75061681995736 83.75061681995736 83.75061681995736
 235456 4096 23177.147 23177.147 23177.147 83.22230307293644 83.22230307293644 83.22230307293644 83.22230307293644 83.22230307293644 83.22230307293644
 258944 4096 25236.845 25236.845 25236.845 84.05445482587066 84.05445482587066 84.05445482587066 84.05445482587066 84.05445482587066 84.05445482587066
 284800 2048 13815.165 13815.165 13815.165 84.43915074485176 84.43915074485176 84.43915074485176 84.43915074485176 84.43915074485176 84.43915074485176
 313280 2048 15661.955 15661.955 15661.955 81.93069639135089 81.93069639135089 81.93069639135089 81.93069639135089 81.93069639135089 81.93069639135089
 344576 2048 16880.989 16880.989 16880.989 83.60785591412919 83.60785591412919 83.60785591412919 83.60785591412919 83.60785591412919 83.60785591412919
 379008 2048 18555.88 18555.88 18555.88 83.66171628615835 83.66171628615835 83.66171628615835 83.66171628615835 83.66171628615835 83.66171628615835
 416896 2048 20280.123 20280.123 20280.123 84.20096939254263 84.20096939254263 84.20096939254263 84.20096939254263 84.20096939254263 84.20096939254263
 458560 2048 22382.975 22382.975 22382.975 83.91475038505828 83.91475038505828 83.91475038505828 83.91475038505828 83.91475038505828 83.91475038505828
 504384 2048 24634.123 24634.123 24634.123 83.86565513211085 83.86565513211085 83.86565513211085 83.86565513211085 83.86565513211085 83.86565513211085
 554816 1024 13535.023 13535.023 13535.023 83.94985128580868 83.94985128580868 83.94985128580868 83.94985128580868 83.94985128580868 83.94985128580868
 610240 1024 14811.039 14811.039 14811.039 84.38108359582334 84.38108359582334 84.38108359582334 84.38108359582334 84.38108359582334 84.38108359582334
 671232 1024 16281.843 16281.843 16281.843 84.43043800385497 84.43043800385497 84.43043800385497 84.43043800385497 84.43043800385497 84.43043800385497
 738304 1024 18184.9 18184.9 18184.9 83.14846889452237 83.14846889452237 83.14846889452237 83.14846889452237 83.14846889452237 83.14846889452237
 812096 1024 19860.983 19860.983 19860.983 83.74069944070744 83.74069944070744 83.74069944070744 83.74069944070744 83.74069944070744 83.74069944070744
 893248 1024 21786.928 21786.928 21786.928 83.96649146680983 83.96649146680983 83.96649146680983 83.96649146680983 83.96649146680983 83.96649146680983
 982528 1024 24025.917 24025.917 24025.917 83.75194769881209 83.75194769881209 83.75194769881209 83.75194769881209 83.75194769881209 83.75194769881209
 1080768 512 13340.95 13340.95 13340.95 82.95559401691783 82.95559401691783 82.95559401691783 82.95559401691783 82.95559401691783 82.95559401691783
 1188800 512 14620.781 14620.781 14620.781 83.26034019660099 83.26034019660099 83.26034019660099 83.26034019660099 83.26034019660099 83.26034019660099
 1307648 512 15983.82 15983.82 15983.82 83.77418864827057 83.77418864827057 83.77418864827057 83.77418864827057 83.77418864827057 83.77418864827057
 1438400 512 17524.958 17524.958 17524.958 84.04708302296645 84.04708302296645 84.04708302296645 84.04708302296645 84.04708302296645 84.04708302296645
 1582208 512 19356.012 19356.012 19356.012 83.70427710005553 83.70427710005553 83.70427710005553 83.70427710005553 83.70427710005553 83.70427710005553
 1740416 512 21321.058 21321.058 21321.058 83.58806509508112 83.58806509508112 83.58806509508112 83.58806509508112 83.58806509508112 83.58806509508112
 1914432 512 23344.04 23344.04 23344.04 83.9776820121967 83.9776820121967 83.9776820121967 83.9776820121967 83.9776820121967 83.9776820121967
 2105856 256 12875.08 12875.08 12875.08 83.74303476172575 83.74303476172575 83.74303476172575 83.74303476172575 83.74303476172575 83.74303476172575
 2316416 256 14150.858 14150.858 14150.858 83.81152520928413 83.81152520928413 83.81152520928413 83.81152520928413 83.81152520928413 83.81152520928413
 2548032 256 15593.052 15593.052 15593.052 83.66498001802341 83.66498001802341 83.66498001802341 83.66498001802341 83.66498001802341 83.66498001802341
 2802816 256 17494.917 17494.917 17494.917 82.02621321381518 82.02621321381518 82.02621321381518 82.02621321381518 82.02621321381518 82.02621321381518
 3083072 256 19239.902 19239.902 19239.902 82.04474555015925 82.04474555015925 82.04474555015925 82.04474555015925 82.04474555015925 82.04474555015925
 3391360 256 21195.173 21195.173 21195.173 81.92319638060988 81.92319638060988 81.92319638060988 81.92319638060988 81.92319638060988 81.92319638060988
 3730496 256 23294.926 23294.926 23294.926 81.99270313200394 81.99270313200394 81.99270313200394 81.99270313200394 81.99270313200394 81.99270313200394
 4103488 256 25599.003 25599.003 25599.003 82.0729563569331 82.0729563569331 82.0729563569331 82.0729563569331 82.0729563569331 82.0729563569331
 4513792 128 14106.989 14106.989 14106.989 81.9119340066119 81.9119340066119 81.9119340066119 81.9119340066119 81.9119340066119 81.9119340066119
 4965120 128 15496.016 15496.016 15496.016 82.02564581760886 82.02564581760886 82.02564581760886 82.02564581760886 82.02564581760886 82.02564581760886
 5461632 128 17055.988 17055.988 17055.988 81.97577249702567 81.97577249702567 81.97577249702567 81.97577249702567 81.97577249702567 81.97577249702567
 6007744 128 18741.846 18741.846 18741.846 82.0614182829162 82.0614182829162 82.0614182829162 82.0614182829162 82.0614182829162 82.0614182829162
 6608512 128 20632.982 20632.982 20632.982 81.99391983184981 81.99391983184981 81.99391983184981 81.99391983184981 81.99391983184981 81.99391983184981
 7269312 128 22683.144 22683.144 22683.144 82.04082608654251 82.04082608654251 82.04082608654251 82.04082608654251 82.04082608654251 82.04082608654251
 7996224 128 24955.988 24955.988 24955.988 82.02573843199475 82.02573843199475 82.02573843199475 82.02573843199475 82.02573843199475 82.02573843199475
 8795840 64 13727.903 13727.903 13727.903 82.01307366463763 82.01307366463763 82.01307366463763 82.01307366463763 82.01307366463763 82.01307366463763
 9675392 64 15103.102 15103.102 15103.102 81.99972270597127 81.99972270597127 81.99972270597127 81.99972270597127 81.99972270597127 81.99972270597127
 10642880 64 16609.907 16609.907 16609.907 82.01663260366239 82.01663260366239 82.01663260366239 82.01663260366239 82.01663260366239 82.01663260366239
 11707136 64 18301.964 18301.964 18301.964 81.87719132219908 81.87719132219908 81.87719132219908 81.87719132219908 81.87719132219908 81.87719132219908
 12877824 64 20134.926 20134.926 20134.926 81.86578247171109 81.86578247171109 81.86578247171109 81.86578247171109 81.86578247171109 81.86578247171109
 14165568 64 22233.009 22233.009 22233.009 81.5540849194097 81.5540849194097 81.5540849194097 81.5540849194097 81.5540849194097 81.5540849194097
 15582080 64 24333.0 24333.0 24333.0 81.96713270044795 81.96713270044795 81.96713270044795 81.96713270044795 81.96713270044795 81.96713270044795
 17140288 32 13375.044 13375.044 13375.044 82.01680921573043 82.01680921573043 82.01680921573043 82.01680921573043 82.01680921573043 82.01680921573043
 18854272 32 14720.917 14720.917 14720.917 81.969989233687 81.969989233687 81.969989233687 81.969989233687 81.969989233687 81.969989233687
 20739648 32 16195.059 16195.059 16195.059 81.95940947174074 81.95940947174074 81.95940947174074 81.95940947174074 81.95940947174074 81.95940947174074
 22813568 32 17829.895 17829.895 17829.895 81.88878016387645 81.88878016387645 81.88878016387645 81.88878016387645 81.88878016387645 81.88878016387645
 25094912 32 19611.12 19611.12 19611.12 81.8961062907167 81.8961062907167 81.8961062907167 81.8961062907167 81.8961062907167 81.8961062907167
 27604352 32 21150.827 21150.827 21150.827 83.52763360033155 83.52763360033155 83.52763360033155 83.52763360033155 83.52763360033155 83.52763360033155
 30364736 32 23715.973 23715.973 23715.973 81.94237293152594 81.94237293152594 81.94237293152594 81.94237293152594 81.94237293152594 81.94237293152594
 33401152 32 26099.92 26099.92 26099.92 81.90345901443378 81.90345901443378 81.90345901443378 81.90345901443378 81.90345901443378 81.90345901443378
 36741248 16 14359.951 14359.951 14359.951 81.87492673199233 81.87492673199233 81.87492673199233 81.87492673199233 81.87492673199233 81.87492673199233
 40415360 16 15855.074 15855.074 15855.074 81.56956694115712 81.56956694115712 81.56956694115712 81.56956694115712 81.56956694115712 81.56956694115712
 44456896 16 17379.045 17379.045 17379.045 81.8583916434994 81.8583916434994 81.8583916434994 81.8583916434994 81.8583916434994 81.8583916434994
 48902528 16 19139.051 19139.051 19139.051 81.76376644798114 81.76376644798114 81.76376644798114 81.76376644798114 81.76376644798114 81.76376644798114
 53792768 16 21168.947 21168.947 21168.947 81.3157393232644 81.3157393232644 81.3157393232644 81.3157393232644 81.3157393232644 81.3157393232644
 59172032 16 23936.987 23936.987 23936.987 79.10373281315647 79.10373281315647 79.10373281315647 79.10373281315647 79.10373281315647 79.10373281315647
 65089216 16 27494.192 27494.192 27494.192 75.75617832304366 75.75617832304366 75.75617832304366 75.75617832304366 75.75617832304366 75.75617832304366
 71598080 8 16067.028 16067.028 16067.028 71.29938903448726 71.29938903448726 71.29938903448726 71.29938903448726 71.29938903448726 71.29938903448726
 78757888 8 17664.909 17664.909 17664.909 71.33499572514073 71.33499572514073 71.33499572514073 71.33499572514073 71.33499572514073 71.33499572514073
 86633664 8 19370.794 19370.794 19370.794 71.55817278321167 71.55817278321167 71.55817278321167 71.55817278321167 71.55817278321167 71.55817278321167
 95297024 8 21322.966 21322.966 21322.966 71.50751841934185 71.50751841934185 71.50751841934185 71.50751841934185 71.50751841934185 71.50751841934185
 104826688 8 23856.878 23856.878 23856.878 70.30370897650565 70.30370897650565 70.30370897650565 70.30370897650565 70.30370897650565 70.30370897650565
 115309312 8 25911.093 25911.093 25911.093 71.2030554635422 71.2030554635422 71.2030554635422 71.2030554635422 71.2030554635422 71.2030554635422
 126840192 8 28653.86 28653.86 28653.86 70.82616694574483 70.82616694574483 70.82616694574483 70.82616694574483 70.82616694574483 70.82616694574483
 139524160 4 15798.092 15798.092 15798.092 70.65367640598625 70.65367640598625 70.65367640598625 70.65367640598625 70.65367640598625 70.65367640598625
 153476544 4 17336.13 17336.13 17336.13 70.82390083599972 70.82390083599972 70.82390083599972 70.82390083599972 70.82390083599972 70.82390083599972
 168824192 4 19031.048 19031.048 19031.048 70.96790129476844 70.96790129476844 70.96790129476844 70.96790129476844 70.96790129476844 70.96790129476844
 185706560 4 21041.155 21041.155 21041.155 70.60698331436653 70.60698331436653 70.60698331436653 70.60698331436653 70.60698331436653 70.60698331436653
 204277184 4 23131.132 23131.132 23131.132 70.65012953105796 70.65012953105796 70.65012953105796 70.65012953105796 70.65012953105796 70.65012953105796
 224704896 4 25477.171 25477.171 25477.171 70.55882177813227 70.55882177813227 70.55882177813227 70.55882177813227 70.55882177813227 70.55882177813227
 247175360 4 27850.151 27850.151 27850.151 71.00151377994324 71.00151377994324 71.00151377994324 71.00151377994324 71.00151377994324 71.00151377994324
 271892864 2 15408.039 15408.039 15408.039 70.58467699880562 70.58467699880562 70.58467699880562 70.58467699880562 70.58467699880562 70.58467699880562
 299082112 2 16951.084 16951.084 16951.084 70.5753359490166 70.5753359490166 70.5753359490166 70.5753359490166 70.5753359490166 70.5753359490166
 328990272 2 18695.116 18695.116 18695.116 70.39063507281794 70.39063507281794 70.39063507281794 70.39063507281794 70.39063507281794 70.39063507281794
 361889280 2 20471.096 20471.096 20471.096 70.71224325263287 70.71224325263287 70.71224325263287 70.71224325263287 70.71224325263287 70.71224325263287
 398078208 2 22900.105 22900.105 22900.105 69.53299262164956 69.53299262164956 69.53299262164956 69.53299262164956 69.53299262164956 69.53299262164956
 437886016 2 24940.968 24940.968 24940.968 70.22758956268257 70.22758956268257 70.22758956268257 70.22758956268257 70.22758956268257 70.22758956268257
 481674560 2 27458.906 27458.906 27458.906 70.1666060548807 70.1666060548807 70.1666060548807 70.1666060548807 70.1666060548807 70.1666060548807
 529841984 2 30158.043 30158.043 30158.043 70.27538013656921 70.27538013656921 70.27538013656921 70.27538013656921 70.27538013656921 70.27538013656921
 582826176 1 16595.84 16595.84 16595.84 70.2376229223709 70.2376229223709 70.2376229223709 70.2376229223709 70.2376229223709 70.2376229223709
 641108736 1 18244.982 18244.982 18244.982 70.27781512746901 70.27781512746901 70.27781512746901 70.27781512746901 70.27781512746901 70.27781512746901
 705219584 1 20020.962 20020.962 20020.962 70.44812172362147 70.44812172362147 70.44812172362147 70.44812172362147 70.44812172362147 70.44812172362147
 775741504 1 22121.906 22121.906 22121.906 70.13333335744217 70.13333335744217 70.13333335744217 70.13333335744217 70.13333335744217 70.13333335744217
 853315648 1 24244.07 24244.07 24244.07 70.39376210347521 70.39376210347521 70.39376210347521 70.39376210347521 70.39376210347521 70.39376210347521
 938647168 1 26643.038 26643.038 26643.038 70.46097130514922 70.46097130514922 70.46097130514922 70.46097130514922 70.46097130514922 70.46097130514922
 1032511872 1 29320.955 29320.955 29320.955 70.42825665125845 70.42825665125845 70.42825665125845 70.42825665125845 70.42825665125845 70.42825665125845
 
META_DATA
 MPI startup(): shm:tmi fabric is unknown or has been removed from the product, please use ofi or shm:ofi instead
 FLOPS          16
 MPI_PROCS      1
 OPENMP_THREADS 8
 ERT_VERSION  1.1.0
 HOSTNAME  ('shas0420.rc.int.colorado.edu', [], ['10.225.6.135'])
 UNAME  uname_result(system='Linux', node='shas0420.rc.int.colorado.edu', release='3.10.0-957.27.2.el7.x86_64', version='#1 SMP Mon Jul 29 17:46:05 UTC 2019', machine='x86_64', processor='x86_64')
 TIMESTAMP_DATA  1664555634.9012134
 CONFIG  {'ERT_RESULTS': ['lab5_results'], 'ERT_DRIVER': ['driver1'], 'ERT_KERNEL': ['kernel1'], 'ERT_MPI': ['True'], 'ERT_MPI_CFLAGS': ['-I/usr/include/mpi'], 'ERT_MPI_LDFLAGS': ['-lmpi'], 'ERT_OPENMP': ['True'], 'ERT_OPENMP_CFLAGS': ['-qopenmp'], 'ERT_OPENMP_LDFLAGS': ['-qopenmp'], 'ERT_FLOPS': ['1,2,4,8,16'], 'ERT_ALIGN': ['32'], 'ERT_CC': ['mpicc'], 'ERT_CFLAGS': ['-O3', '-msse3', '-axSSE3', '-xSSE3', '-fno-alias', '-fno-fnalias', '-DERT_INTEL', '-std=c++11'], 'ERT_LD': ['mpicc'], 'ERT_LDFLAGS': [], 'ERT_LDLIBS': [], 'ERT_PRECISION': ['FP64'], 'ERT_RUN': ['export', 'OMP_NUM_THREADS=ERT_OPENMP_THREADS;', 'mpirun', '-np', 'ERT_MPI_PROCS', 'ERT_CODE'], 'ERT_PROCS_THREADS': ['1-24'], 'ERT_MPI_PROCS': ['1,2,4,8,12,24'], 'ERT_OPENMP_THREADS': ['1,2,4,8,12,24'], 'ERT_NUM_EXPERIMENTS': ['1'], 'ERT_MEMORY_MAX': ['1073741824'], 'ERT_WORKING_SET_MIN': ['1'], 'ERT_TRIALS_MIN': ['1'], 'ERT_GNUPLOT': ['gnuplot'], 'ERT_GPU': [False], 'ERT_HIP': [False], 'ERT_OCL': [False], 'ERT_SYCL': [False], 'ERT_WSS_MULT': [1.1]}
 