fp64
 128 8388608 126296.997 126296.997 126296.997 17.003441879144603 17.003441879144603 17.003441879144603 1.0627151174465377 1.0627151174465377 1.0627151174465377
 256 4194304 101484.776 101484.776 101484.776 21.16064825329072 21.16064825329072 21.16064825329072 1.32254051583067 1.32254051583067 1.32254051583067
 384 2097152 57908.058 57908.058 57908.058 27.813274898633278 27.813274898633278 27.813274898633278 1.7383296811645799 1.7383296811645799 1.7383296811645799
 512 2097152 61743.975 61743.975 61743.975 34.78045668423518 34.78045668423518 34.78045668423518 2.173778542764699 2.173778542764699 2.173778542764699
 640 1048576 43055.058 43055.058 43055.058 31.173509974135907 31.173509974135907 31.173509974135907 1.9483443733834942 1.9483443733834942 1.9483443733834942
 768 1048576 72723.866 72723.866 72723.866 22.146962539092737 22.146962539092737 22.146962539092737 1.384185158693296 1.384185158693296 1.384185158693296
 896 1048576 45572.996 45572.996 45572.996 41.231614265605884 41.231614265605884 41.231614265605884 2.5769758916003678 2.5769758916003678 2.5769758916003678
 1024 1048576 53364.992 53364.992 53364.992 40.24143108650705 40.24143108650705 40.24143108650705 2.5150894429066906 2.5150894429066906 2.5150894429066906
 1152 524288 46877.146 46877.146 46877.146 25.76862405403264 25.76862405403264 25.76862405403264 1.61053900337704 1.61053900337704 1.61053900337704
 1280 524288 43320.894 43320.894 43320.894 30.982215648642896 30.982215648642896 30.982215648642896 1.936388478040181 1.936388478040181 1.936388478040181
 1408 524288 40560.961 40560.961 40560.961 36.39940897850028 36.39940897850028 36.39940897850028 2.2749630611562677 2.2749630611562677 2.2749630611562677
 1536 524288 40733.814 40733.814 40733.814 39.5399442831452 39.5399442831452 39.5399442831452 2.471246517696575 2.471246517696575 2.471246517696575
 1664 524288 42011.023 42011.023 42011.023 41.532682124879464 41.532682124879464 41.532682124879464 2.5957926328049665 2.5957926328049665 2.5957926328049665
 1792 524288 43483.019 43483.019 43483.019 43.21337927341246 43.21337927341246 43.21337927341246 2.7008362045882786 2.7008362045882786 2.7008362045882786
 1920 524288 43394.089 43394.089 43394.089 46.39493457277096 46.39493457277096 46.39493457277096 2.899683410798185 2.899683410798185 2.899683410798185
 2048 524288 35758.018 35758.018 35758.018 60.05600332770123 60.05600332770123 60.05600332770123 3.7535002079813267 3.7535002079813267 3.7535002079813267
 2176 262144 40544.987 40544.987 40544.987 28.137897491495067 28.137897491495067 28.137897491495067 1.7586185932184417 1.7586185932184417 1.7586185932184417
 2304 262144 38679.123 38679.123 38679.123 31.230272516778623 31.230272516778623 31.230272516778623 1.951892032298664 1.951892032298664 1.951892032298664
 2432 262144 33387.184 33387.184 33387.184 38.190355197371545 38.190355197371545 38.190355197371545 2.3868971998357216 2.3868971998357216 2.3868971998357216
 2560 262144 64016.819 64016.819 64016.819 20.966010198038738 20.966010198038738 20.966010198038738 1.3103756373774211 1.3103756373774211 1.3103756373774211
 2816 262144 34033.06 34033.06 34033.06 43.38120075009417 43.38120075009417 43.38120075009417 2.711325046880886 2.711325046880886 2.711325046880886
 3072 262144 46394.11 46394.11 46394.11 34.715888202187735 34.715888202187735 34.715888202187735 2.1697430126367334 2.1697430126367334 2.1697430126367334
 3328 262144 28010.13 28010.13 28010.13 62.29283705573662 62.29283705573662 62.29283705573662 3.8933023159835387 3.8933023159835387 3.8933023159835387
 3584 262144 37707.09 37707.09 37707.09 49.832755378365185 49.832755378365185 49.832755378365185 3.114547211147824 3.114547211147824 3.114547211147824
 3840 262144 37322.998 37322.998 37322.998 53.9416988956782 53.9416988956782 53.9416988956782 3.3713561809798875 3.3713561809798875 3.3713561809798875
 4224 131072 33966.064 33966.064 33966.064 32.60007565198016 32.60007565198016 32.60007565198016 2.03750472824876 2.03750472824876 2.03750472824876
 4608 131072 33087.015 33087.015 33087.015 36.50856845200451 36.50856845200451 36.50856845200451 2.281785528250282 2.281785528250282 2.281785528250282
 4992 131072 39721.012 39721.012 39721.012 32.945355168695095 32.945355168695095 32.945355168695095 2.0590846980434434 2.0590846980434434 2.0590846980434434
 5376 131072 34422.159 34422.159 34422.159 40.9412478746612 40.9412478746612 40.9412478746612 2.558827992166325 2.558827992166325 2.558827992166325
 5888 131072 34730.911 34730.911 34730.911 44.44179054214846 44.44179054214846 44.44179054214846 2.777611908884279 2.777611908884279 2.777611908884279
 6400 131072 34751.892 34751.892 34751.892 48.277129774689676 48.277129774689676 48.277129774689676 3.0173206109181048 3.0173206109181048 3.0173206109181048
 7040 131072 35061.121 35061.121 35061.121 52.63647331755308 52.63647331755308 52.63647331755308 3.2897795823470677 3.2897795823470677 3.2897795823470677
 7680 131072 62625.17 62625.17 62625.17 32.14787153471998 32.14787153471998 32.14787153471998 2.009241970919999 2.009241970919999 2.009241970919999
 8448 65536 31536.102 31536.102 31536.102 35.11202037588539 35.11202037588539 35.11202037588539 2.194501273492837 2.194501273492837 2.194501273492837
 9216 65536 22238.016 22238.016 22238.016 54.31957383248577 54.31957383248577 54.31957383248577 3.394973364530361 3.394973364530361 3.394973364530361
 10112 65536 34008.026 34008.026 34008.026 38.973154866442414 38.973154866442414 38.973154866442414 2.435822179152651 2.435822179152651 2.435822179152651
 11008 65536 59751.987 59751.987 59751.987 24.147156411718996 24.147156411718996 24.147156411718996 1.5091972757324372 1.5091972757324372 1.5091972757324372
 12032 65536 34805.059 34805.059 34805.059 45.31118030858675 45.31118030858675 45.31118030858675 2.831948769286672 2.831948769286672 2.831948769286672
 13184 65536 48985.958 48985.958 48985.958 35.276502053915124 35.276502053915124 35.276502053915124 2.2047813783696952 2.2047813783696952 2.2047813783696952
 14464 65536 36110.878 36110.878 36110.878 52.500119437694096 52.500119437694096 52.500119437694096 3.281257464855881 3.281257464855881 3.281257464855881
 15872 65536 41864.157 41864.157 41864.157 49.693459347575065 49.693459347575065 49.693459347575065 3.1058412092234415 3.1058412092234415 3.1058412092234415
 17408 32768 32148.838 32148.838 32148.838 35.48652949758247 35.48652949758247 35.48652949758247 2.217908093598904 2.217908093598904 2.217908093598904
 19072 32768 59417.009 59417.009 59417.009 21.036107556339633 21.036107556339633 21.036107556339633 1.314756722271227 1.314756722271227 1.314756722271227
 20864 32768 32227.993 32227.993 32227.993 42.427187569514494 42.427187569514494 42.427187569514494 2.651699223094656 2.651699223094656 2.651699223094656
 22912 32768 31036.854 31036.854 31036.854 48.37993025968418 48.37993025968418 48.37993025968418 3.0237456412302612 3.0237456412302612 3.0237456412302612
 25088 32768 34281.969 34281.969 34281.969 47.96011477637123 47.96011477637123 47.96011477637123 2.9975071735232017 2.9975071735232017 2.9975071735232017
 27520 32768 34626.007 34626.007 34626.007 52.08659260075815 52.08659260075815 52.08659260075815 3.2554120375473845 3.2554120375473845 3.2554120375473845
 30208 32768 35421.133 35421.133 35421.133 55.89068785574984 55.89068785574984 55.89068785574984 3.493167990984365 3.493167990984365 3.493167990984365
 33152 16384 30007.124 30007.124 30007.124 36.202227710992894 36.202227710992894 36.202227710992894 2.262639231937056 2.262639231937056 2.262639231937056
 36352 16384 32315.969 32315.969 32315.969 36.86048640534344 36.86048640534344 36.86048640534344 2.303780400333965 2.303780400333965 2.303780400333965
 39936 16384 39011.002 39011.002 39011.002 33.544968878266694 33.544968878266694 33.544968878266694 2.0965605548916684 2.0965605548916684 2.0965605548916684
 43904 16384 40214.062 40214.062 40214.062 35.77470666852804 35.77470666852804 35.77470666852804 2.2359191667830025 2.2359191667830025 2.2359191667830025
 48256 16384 33942.938 33942.938 33942.938 46.585614009017135 46.585614009017135 46.585614009017135 2.911600875563571 2.911600875563571 2.911600875563571
 52992 16384 58549.881 58549.881 58549.881 29.657478825618792 29.657478825618792 29.657478825618792 1.8535924266011745 1.8535924266011745 1.8535924266011745
 58240 16384 35171.032 35171.032 35171.032 54.26079962623787 54.26079962623787 54.26079962623787 3.391299976639867 3.391299976639867 3.391299976639867
 64000 16384 35351.038 35351.038 35351.038 59.32363287324123 59.32363287324123 59.32363287324123 3.707727054577577 3.707727054577577 3.707727054577577
 70400 8192 32038.927 32038.927 32038.927 36.001005901352436 36.001005901352436 36.001005901352436 2.250062868834527 2.250062868834527 2.250062868834527
 77440 8192 36155.939 36155.939 36155.939 35.09179944130341 35.09179944130341 35.09179944130341 2.193237465081463 2.193237465081463 2.193237465081463
 85120 8192 57852.03 57852.03 57852.03 24.106432911688664 24.106432911688664 24.106432911688664 1.5066520569805415 1.5066520569805415 1.5066520569805415
 93568 8192 33437.014 33437.014 33437.014 45.84793701973507 45.84793701973507 45.84793701973507 2.865496063733442 2.865496063733442 2.865496063733442
 102912 8192 60958.862 60958.862 60958.862 27.65980454162678 27.65980454162678 27.65980454162678 1.7287377838516738 1.7287377838516738 1.7287377838516738
 113152 8192 35119.057 35119.057 35119.057 52.788500784630976 52.788500784630976 52.788500784630976 3.299281299039436 3.299281299039436 3.299281299039436
 124416 8192 44353.008 44353.008 44353.008 45.959267159512606 45.959267159512606 45.959267159512606 2.872454197469538 2.872454197469538 2.872454197469538
 136832 4096 32289.028 32289.028 32289.028 34.71543782612472 34.71543782612472 34.71543782612472 2.169714864132795 2.169714864132795 2.169714864132795
 150400 4096 32711.983 32711.983 32711.983 37.66438738978312 37.66438738978312 37.66438738978312 2.354024211861445 2.354024211861445 2.354024211861445
 165376 4096 39296.15 39296.15 39296.15 34.47564690179572 34.47564690179572 34.47564690179572 2.1547279313622325 2.1547279313622325 2.1547279313622325
 181888 4096 32647.848 32647.848 32647.848 45.63934799010336 45.63934799010336 45.63934799010336 2.85245924938146 2.85245924938146 2.85245924938146
 200064 4096 34437.895 34437.895 34437.895 47.59072202293433 47.59072202293433 47.59072202293433 2.9744201264333956 2.9744201264333956 2.9744201264333956
 220032 4096 35367.966 35367.966 35367.966 50.96425799549796 50.96425799549796 50.96425799549796 3.1852661247186225 3.1852661247186225 3.1852661247186225
 241920 4096 36170.959 36170.959 36170.959 54.79004966387537 54.79004966387537 54.79004966387537 3.4243781039922108 3.4243781039922108 3.4243781039922108
 266112 2048 24691.105 24691.105 24691.105 44.145239834345205 44.145239834345205 44.145239834345205 2.7590774896465753 2.7590774896465753 2.7590774896465753
 292608 2048 62542.915 62542.915 62542.915 19.163199668579562 19.163199668579562 19.163199668579562 1.1976999792862226 1.1976999792862226 1.1976999792862226
 321792 2048 19382.954 19382.954 19382.954 68.00098849741892 68.00098849741892 68.00098849741892 4.250061781088682 4.250061781088682 4.250061781088682
 353920 2048 33450.127 33450.127 33450.127 43.3378420356969 43.3378420356969 43.3378420356969 2.7086151272310564 2.7086151272310564 2.7086151272310564
 389248 2048 34147.024 34147.024 34147.024 46.69103251867572 46.69103251867572 46.69103251867572 2.9181895324172324 2.9181895324172324 2.9181895324172324
 428160 2048 34290.075 34290.075 34290.075 51.144343078864665 51.144343078864665 51.144343078864665 3.1965214424290416 3.1965214424290416 3.1965214424290416
 470912 2048 34286.976 34286.976 34286.976 56.2562167045586 56.2562167045586 56.2562167045586 3.5160135440349123 3.5160135440349123 3.5160135440349123
 517888 2048 35582.066 35582.066 35582.066 59.61624735337178 59.61624735337178 59.61624735337178 3.7260154595857364 3.7260154595857364 3.7260154595857364
 569600 1024 33015.013 33015.013 33015.013 35.33364654437665 35.33364654437665 35.33364654437665 2.2083529090235405 2.2083529090235405 2.2083529090235405
 626560 1024 32425.88 32425.88 32425.88 39.57317056622672 39.57317056622672 39.57317056622672 2.47332316038917 2.47332316038917 2.47332316038917
 689152 1024 34223.08 34223.08 34223.08 41.24068599319523 41.24068599319523 41.24068599319523 2.5775428745747018 2.5775428745747018 2.5775428745747018
 758016 1024 34660.101 34660.101 34660.101 44.78973584064281 44.78973584064281 44.78973584064281 2.799358490040176 2.799358490040176 2.799358490040176
 833792 1024 41938.066 41938.066 41938.066 40.71732864362415 40.71732864362415 40.71732864362415 2.5448330402265094 2.5448330402265094 2.5448330402265094
 917120 1024 36054.134 36054.134 36054.134 52.09560046567753 52.09560046567753 52.09560046567753 3.2559750291048455 3.2559750291048455 3.2559750291048455
 1008768 1024 35417.08 35417.08 35417.08 58.33221891810391 58.33221891810391 58.33221891810391 3.6457636823814945 3.6457636823814945 3.6457636823814945
 1109632 512 33098.221 33098.221 33098.221 34.33003749657723 34.33003749657723 34.33003749657723 2.145627343536077 2.145627343536077 2.145627343536077
 1220480 512 32883.167 32883.167 32883.167 38.006421948348226 38.006421948348226 38.006421948348226 2.375401371771764 2.375401371771764 2.375401371771764
 1342464 512 46508.074 46508.074 46508.074 29.557945917089576 29.557945917089576 29.557945917089576 1.8473716198180985 1.8473716198180985 1.8473716198180985
 1476608 512 32392.025 32392.025 32392.025 46.67959449895459 46.67959449895459 46.67959449895459 2.917474656184662 2.917474656184662 2.917474656184662
 1624192 512 61267.138 61267.138 61267.138 27.146242868403615 27.146242868403615 27.146242868403615 1.696640179275226 1.696640179275226 1.696640179275226
 1786496 512 36030.054 36030.054 36030.054 50.773498812963204 50.773498812963204 50.773498812963204 3.1733436758102003 3.1733436758102003 3.1733436758102003
 1965056 512 53826.809 53826.809 53826.809 37.38318100929966 37.38318100929966 37.38318100929966 2.336448813081229 2.336448813081229 2.336448813081229
 2161536 256 59290.886 59290.886 59290.886 18.665709127706407 18.665709127706407 18.665709127706407 1.1666068204816504 1.1666068204816504 1.1666068204816504
 2377600 256 34649.134 34649.134 34649.134 35.13309163801901 35.13309163801901 35.13309163801901 2.195818227376188 2.195818227376188 2.195818227376188
 2615296 256 32355.07 32355.07 32355.07 41.38552480337703 41.38552480337703 41.38552480337703 2.5865953002110644 2.5865953002110644 2.5865953002110644
 2876800 256 34314.871 34314.871 34314.871 42.923710830794036 42.923710830794036 42.923710830794036 2.6827319269246273 2.6827319269246273 2.6827319269246273
 3164416 256 34554.005 34554.005 34554.005 46.88837059553589 46.88837059553589 46.88837059553589 2.930523162220993 2.930523162220993 2.930523162220993
 3480832 256 31623.125 31623.125 31623.125 56.35704833092871 56.35704833092871 56.35704833092871 3.5223155206830445 3.5223155206830445 3.5223155206830445
 3828864 256 27013.063 27013.063 27013.063 72.57149505778001 72.57149505778001 72.57149505778001 4.535718441111251 4.535718441111251 4.535718441111251
 4211712 128 60088.158 60088.158 60088.158 17.943606658736318 17.943606658736318 17.943606658736318 1.1214754161710199 1.1214754161710199 1.1214754161710199
 4632832 128 56633.949 56633.949 56633.949 20.941590917490142 20.941590917490142 20.941590917490142 1.308849432343134 1.308849432343134 1.308849432343134
 5096064 128 36201.0 36201.0 36201.0 36.03746813623933 36.03746813623933 36.03746813623933 2.2523417585149583 2.2523417585149583 2.2523417585149583
 5605632 128 44375.896 44375.896 44375.896 32.33831699984154 32.33831699984154 32.33831699984154 2.021144812490096 2.021144812490096 2.021144812490096
 6166144 128 38205.147 38205.147 38205.147 41.317282825793086 41.317282825793086 41.317282825793086 2.582330176612068 2.582330176612068 2.582330176612068
 6782720 128 39104.223 39104.223 39104.223 44.4038056963822 44.4038056963822 44.4038056963822 2.7752378560238875 2.7752378560238875 2.7752378560238875
 7460992 128 40236.95 40236.95 40236.95 47.46915340253175 47.46915340253175 47.46915340253175 2.9668220876582345 2.9668220876582345 2.9668220876582345
 8206976 128 41473.866 41473.866 41473.866 50.65806635918628 50.65806635918628 50.65806635918628 3.1661291474491424 3.1661291474491424 3.1661291474491424
 9027584 64 35508.156 35508.156 35508.156 32.54268546077132 32.54268546077132 32.54268546077132 2.0339178412982073 2.0339178412982073 2.0339178412982073
 9930240 64 35415.173 35415.173 35415.173 35.890569276620504 35.890569276620504 35.890569276620504 2.2431605797887815 2.2431605797887815 2.2431605797887815
 10923264 64 27555.943 27555.943 27555.943 50.73960967331077 50.73960967331077 50.73960967331077 3.171225604581923 3.171225604581923 3.171225604581923
 12015488 64 26240.826 26240.826 26240.826 58.61029161200946 58.61029161200946 58.61029161200946 3.6631432257505914 3.6631432257505914 3.6631432257505914
 13217024 64 65388.918 65388.918 65388.918 25.872565623428727 25.872565623428727 25.872565623428727 1.6170353514642954 1.6170353514642954 1.6170353514642954
 14538624 64 40800.095 40800.095 40800.095 45.611263209068504 45.611263209068504 45.611263209068504 2.8507039505667815 2.8507039505667815 2.8507039505667815
 15992448 64 42578.936 42578.936 42578.936 48.07619767671037 48.07619767671037 48.07619767671037 3.0047623547943982 3.0047623547943982 3.0047623547943982
 17591680 32 35136.938 35136.938 35136.938 32.04227755987161 32.04227755987161 32.04227755987161 2.0026423474919754 2.0026423474919754 2.0026423474919754
 19350784 32 28002.024 28002.024 28002.024 44.22716643625475 44.22716643625475 44.22716643625475 2.7641979022659218 2.7641979022659218 2.7641979022659218
 21285760 32 36689.997 36689.997 36689.997 37.12970159141741 37.12970159141741 37.12970159141741 2.320606349463588 2.320606349463588 2.320606349463588
 23414272 32 39474.01 39474.01 39474.01 37.9620263560758 37.9620263560758 37.9620263560758 2.3726266472547377 2.3726266472547377 2.3726266472547377
 25755648 32 37161.112 37161.112 37161.112 44.35716218610465 44.35716218610465 44.35716218610465 2.7723226366315408 2.7723226366315408 2.7723226366315408
 28331136 32 47154.188 47154.188 47154.188 38.4524213204562 38.4524213204562 38.4524213204562 2.4032763325285127 2.4032763325285127 2.4032763325285127
 31164160 32 52474.976 52474.976 52474.976 38.00871180960616 38.00871180960616 38.00871180960616 2.375544488100385 2.375544488100385 2.375544488100385
 34280576 16 34986.973 34986.973 34986.973 31.353910839900326 31.353910839900326 31.353910839900326 1.9596194274937704 1.9596194274937704 1.9596194274937704
 37708544 16 36845.922 36845.922 36845.922 32.74917121086019 32.74917121086019 32.74917121086019 2.046823200678762 2.046823200678762 2.046823200678762
 41479296 16 35143.137 35143.137 35143.137 37.7694646895068 37.7694646895068 37.7694646895068 2.360591543094175 2.360591543094175 2.360591543094175
 45627136 16 37274.122 37274.122 37274.122 39.17109977801758 39.17109977801758 39.17109977801758 2.4481937361260986 2.4481937361260986 2.4481937361260986
 50189824 16 38790.941 38790.941 38790.941 41.40333610365369 41.40333610365369 41.40333610365369 2.587708506478356 2.587708506478356 2.587708506478356
 55208704 16 32960.892 32960.892 32960.892 53.59923293338056 53.59923293338056 53.59923293338056 3.349952058336285 3.349952058336285 3.349952058336285
 60729472 16 41605.949 41605.949 41605.949 46.70829895022945 46.70829895022945 46.70829895022945 2.9192686843893405 2.9192686843893405 2.9192686843893405
 66802304 16 43421.03 43421.03 43421.03 49.231299395707566 49.231299395707566 49.231299395707566 3.076956212231723 3.076956212231723 3.076956212231723
 73482496 8 37225.008 37225.008 37225.008 31.584141929532958 31.584141929532958 31.584141929532958 1.9740088705958099 1.9740088705958099 1.9740088705958099
 80830720 8 37843.943 37843.943 37843.943 34.17433326120378 34.17433326120378 34.17433326120378 2.135895828825236 2.135895828825236 2.135895828825236
 88913792 8 44737.101 44737.101 44737.101 31.79957217165234 31.79957217165234 31.79957217165234 1.9874732607282712 1.9874732607282712 1.9874732607282712
 97805056 8 40468.931 40468.931 40468.931 38.66869861227617 38.66869861227617 38.66869861227617 2.4167936632672604 2.4167936632672604 2.4167936632672604
 107585536 8 64733.982 64733.982 64733.982 26.591421117891368 26.591421117891368 26.591421117891368 1.6619638198682105 1.6619638198682105 1.6619638198682105
 118344064 8 51671.982 51671.982 51671.982 36.644714421831154 36.644714421831154 36.644714421831154 2.290294651364447 2.290294651364447 2.290294651364447
 130178432 8 53632.975 53632.975 53632.975 38.835341727733734 38.835341727733734 38.835341727733734 2.4272088579833584 2.4272088579833584 2.4272088579833584
 143196160 4 36794.901 36794.901 36794.901 31.133913908342898 31.133913908342898 31.133913908342898 1.945869619271431 1.945869619271431 1.945869619271431
 157515776 4 39294.004 39294.004 39294.004 32.0691728946737 32.0691728946737 32.0691728946737 2.004323305917106 2.004323305917106 2.004323305917106
 173267328 4 41013.956 41013.956 41013.956 33.79675503626132 33.79675503626132 33.79675503626132 2.1122971897663323 2.1122971897663323 2.1122971897663323
 190594048 4 42579.889 42579.889 42579.889 35.809214627121264 35.809214627121264 35.809214627121264 2.238075914195079 2.238075914195079 2.238075914195079
 209653376 4 48398.018 48398.018 48398.018 34.65486970974721 34.65486970974721 34.65486970974721 2.1659293568592006 2.1659293568592006 2.1659293568592006
 230618624 4 44092.894 44092.894 44092.894 41.84232026140085 41.84232026140085 41.84232026140085 2.615145016337553 2.615145016337553 2.615145016337553
 253680384 4 46563.864 46563.864 46563.864 43.58407781622246 43.58407781622246 43.58407781622246 2.724004863513904 2.724004863513904 2.724004863513904
 279048320 2 20862.103 20862.103 20862.103 53.50339225149066 53.50339225149066 53.50339225149066 3.343962015718166 3.343962015718166 3.343962015718166
 306953088 2 40441.99 40441.99 40441.99 30.35984015623366 30.35984015623366 30.35984015623366 1.8974900097646037 1.8974900097646037 1.8974900097646037
 337648384 2 46027.899 46027.899 46027.899 29.342932554883728 29.342932554883728 29.342932554883728 1.833933284680233 1.833933284680233 1.833933284680233
 371413120 2 49516.916 49516.916 49516.916 30.002928292222403 30.002928292222403 30.002928292222403 1.8751830182639002 1.8751830182639002 1.8751830182639002
 408554368 2 49183.13 49183.13 49183.13 33.22719542249548 33.22719542249548 33.22719542249548 2.0766997139059673 2.0766997139059673 2.0766997139059673
 449409792 2 49051.046 49051.046 49051.046 36.64833504264109 36.64833504264109 36.64833504264109 2.290520940165068 2.290520940165068 2.290520940165068
 494350720 2 46092.987 46092.987 46092.987 42.900298043170864 42.900298043170864 42.900298043170864 2.681268627698179 2.681268627698179 2.681268627698179
 543785728 1 45093.06 45093.06 45093.06 24.118377772544157 24.118377772544157 24.118377772544157 1.5073986107840098 1.5073986107840098 1.5073986107840098
 598164224 1 44291.019 44291.019 44291.019 27.01063274249798 27.01063274249798 27.01063274249798 1.6881645464061237 1.6881645464061237 1.6881645464061237
 657980544 1 47362.804 47362.804 47362.804 27.784695517604913 27.784695517604913 27.784695517604913 1.736543469850307 1.736543469850307 1.736543469850307
 723778560 1 49306.154 49306.154 49306.154 29.358548630663826 29.358548630663826 29.358548630663826 1.8349092894164891 1.8349092894164891 1.8349092894164891
 796156416 1 56432.962 56432.962 56432.962 28.216006666458515 28.216006666458515 28.216006666458515 1.7635004166536572 1.7635004166536572 1.7635004166536572
 875772032 1 50011.873 50011.873 50011.873 35.02256482175743 35.02256482175743 35.02256482175743 2.188910301359839 2.188910301359839 2.188910301359839
 963349120 1 56002.855 56002.855 56002.855 34.40357174647613 34.40357174647613 34.40357174647613 2.1502232341547582 2.1502232341547582 2.1502232341547582
 1059683968 1 67166.805 67166.805 67166.805 31.55380006537456 31.55380006537456 31.55380006537456 1.97211250408591 1.97211250408591 1.97211250408591
 
META_DATA
 MPI startup(): shm:tmi fabric is unknown or has been removed from the product, please use ofi or shm:ofi instead
 FLOPS          1
 MPI_PROCS      4
 OPENMP_THREADS 4
 ERT_VERSION  1.1.0
 HOSTNAME  ('shas0420.rc.int.colorado.edu', [], ['10.225.6.135'])
 UNAME  uname_result(system='Linux', node='shas0420.rc.int.colorado.edu', release='3.10.0-957.27.2.el7.x86_64', version='#1 SMP Mon Jul 29 17:46:05 UTC 2019', machine='x86_64', processor='x86_64')
 TIMESTAMP_DATA  1664552323.4469867
 CONFIG  {'ERT_RESULTS': ['lab5_results'], 'ERT_DRIVER': ['driver1'], 'ERT_KERNEL': ['kernel1'], 'ERT_MPI': ['True'], 'ERT_MPI_CFLAGS': ['-I/usr/include/mpi'], 'ERT_MPI_LDFLAGS': ['-lmpi'], 'ERT_OPENMP': ['True'], 'ERT_OPENMP_CFLAGS': ['-qopenmp'], 'ERT_OPENMP_LDFLAGS': ['-qopenmp'], 'ERT_FLOPS': ['1,2,4,8,16'], 'ERT_ALIGN': ['32'], 'ERT_CC': ['mpicc'], 'ERT_CFLAGS': ['-O3', '-msse3', '-axSSE3', '-xSSE3', '-fno-alias', '-fno-fnalias', '-DERT_INTEL', '-std=c++11'], 'ERT_LD': ['mpicc'], 'ERT_LDFLAGS': [], 'ERT_LDLIBS': [], 'ERT_PRECISION': ['FP64'], 'ERT_RUN': ['export', 'OMP_NUM_THREADS=ERT_OPENMP_THREADS;', 'mpirun', '-np', 'ERT_MPI_PROCS', 'ERT_CODE'], 'ERT_PROCS_THREADS': ['1-24'], 'ERT_MPI_PROCS': ['1,2,4'], 'ERT_OPENMP_THREADS': ['1,2,4'], 'ERT_NUM_EXPERIMENTS': ['1'], 'ERT_MEMORY_MAX': ['1073741824'], 'ERT_WORKING_SET_MIN': ['1'], 'ERT_TRIALS_MIN': ['1'], 'ERT_GNUPLOT': ['gnuplot'], 'ERT_GPU': [False], 'ERT_HIP': [False], 'ERT_OCL': [False], 'ERT_SYCL': [False], 'ERT_WSS_MULT': [1.1]}
 