fp64
 8 134217728 368559.122 368559.122 368559.122 5.826700574785937 5.826700574785937 5.826700574785937 0.36416878592412105 0.36416878592412105 0.36416878592412105
 16 67108864 207236.052 207236.052 207236.052 10.36250028542331 10.36250028542331 10.36250028542331 0.6476562678389569 0.6476562678389569 0.6476562678389569
 24 33554432 102456.808 102456.808 102456.808 15.719919129239317 15.719919129239317 15.719919129239317 0.9824949455774573 0.9824949455774573 0.9824949455774573
 32 33554432 141833.067 141833.067 141833.067 15.140923717034195 15.140923717034195 15.140923717034195 0.9463077323146372 0.9463077323146372 0.9463077323146372
 40 16777216 56382.179 56382.179 56382.179 23.804991289889667 23.804991289889667 23.804991289889667 1.4878119556181042 1.4878119556181042 1.4878119556181042
 48 16777216 85098.982 85098.982 85098.982 18.926345511395187 18.926345511395187 18.926345511395187 1.1828965944621992 1.1828965944621992 1.1828965944621992
 56 16777216 66487.074 66487.074 66487.074 28.261857214531656 28.261857214531656 28.261857214531656 1.7663660759082285 1.7663660759082285 1.7663660759082285
 64 16777216 92095.137 92095.137 92095.137 23.318100368318035 23.318100368318035 23.318100368318035 1.4573812730198772 1.4573812730198772 1.4573812730198772
 72 8388608 43549.061 43549.061 43549.061 27.737901214448687 27.737901214448687 27.737901214448687 1.733618825903043 1.733618825903043 1.733618825903043
 80 8388608 51059.961 51059.961 51059.961 26.286296615071837 26.286296615071837 26.286296615071837 1.6428935384419898 1.6428935384419898 1.6428935384419898
 88 8388608 48867.941 48867.941 48867.941 30.2119339957458 30.2119339957458 30.2119339957458 1.8882458747341124 1.8882458747341124 1.8882458747341124
 96 8388608 56324.005 56324.005 56324.005 28.59549380410715 28.59549380410715 28.59549380410715 1.7872183627566969 1.7872183627566969 1.7872183627566969
 104 8388608 53735.018 53735.018 53735.018 32.47101292494217 32.47101292494217 32.47101292494217 2.029438307808886 2.029438307808886 2.029438307808886
 112 8388608 65840.96 65840.96 65840.96 28.53919797038196 28.53919797038196 28.53919797038196 1.7836998731488725 1.7836998731488725 1.7836998731488725
 120 8388608 62578.917 62578.917 62578.917 32.171632500447394 32.171632500447394 32.171632500447394 2.010727031277962 2.010727031277962 2.010727031277962
 128 8388608 35395.145 35395.145 35395.145 60.67170082224555 60.67170082224555 60.67170082224555 3.7919813013903467 3.7919813013903467 3.7919813013903467
 136 4194304 21784.067 21784.067 21784.067 52.370876751343076 52.370876751343076 52.370876751343076 3.2731797969589422 3.2731797969589422 3.2731797969589422
 144 4194304 20679.951 20679.951 20679.951 58.41210900354647 58.41210900354647 58.41210900354647 3.6507568127216543 3.6507568127216543 3.6507568127216543
 152 4194304 22979.021 22979.021 22979.021 55.48836984830642 55.48836984830642 55.48836984830642 3.468023115519151 3.468023115519151 3.468023115519151
 160 4194304 24881.84 24881.84 24881.84 53.94204287142752 53.94204287142752 53.94204287142752 3.37137767946422 3.37137767946422 3.37137767946422
 176 4194304 27579.069 27579.069 27579.069 53.53317068099724 53.53317068099724 53.53317068099724 3.3458231675623273 3.3458231675623273 3.3458231675623273
 192 4194304 29536.009 29536.009 29536.009 54.53047959187716 54.53047959187716 54.53047959187716 3.4081549744923225 3.4081549744923225 3.4081549744923225
 208 4194304 32202.959 32202.959 32202.959 54.182302439971444 54.182302439971444 54.182302439971444 3.3863939024982153 3.3863939024982153 3.3863939024982153
 224 4194304 34883.976 34883.976 34883.976 53.86565430500238 53.86565430500238 53.86565430500238 3.3666033940626487 3.3666033940626487 3.3666033940626487
 240 4194304 37154.913 37154.913 37154.913 54.18572558627711 54.18572558627711 54.18572558627711 3.3866078491423193 3.3866078491423193 3.3866078491423193
 264 2097152 17303.944 17303.944 17303.944 63.99097546778931 63.99097546778931 63.99097546778931 3.999435966736832 3.999435966736832 3.999435966736832
 288 2097152 19119.978 19119.978 19119.978 63.17787353102603 63.17787353102603 63.17787353102603 3.948617095689127 3.948617095689127 3.948617095689127
 312 2097152 21595.001 21595.001 21595.001 60.59841571667443 60.59841571667443 60.59841571667443 3.787400982292152 3.787400982292152 3.787400982292152
 336 2097152 22951.126 22951.126 22951.126 61.40379099482962 61.40379099482962 61.40379099482962 3.8377369371768513 3.8377369371768513 3.8377369371768513
 368 2097152 25690.079 25690.079 25690.079 60.0817098304758 60.0817098304758 60.0817098304758 3.7551068644047376 3.7551068644047376 3.7551068644047376
 400 2097152 25653.124 25653.124 25653.124 65.40028419150822 65.40028419150822 65.40028419150822 4.087517761969264 4.087517761969264 4.087517761969264
 440 2097152 28923.035 28923.035 28923.035 63.807057592676564 63.807057592676564 63.807057592676564 3.9879410995422853 3.9879410995422853 3.9879410995422853
 480 2097152 32083.988 32083.988 32083.988 62.749865135219466 62.749865135219466 62.749865135219466 3.9218665709512166 3.9218665709512166 3.9218665709512166
 528 1048576 16625.881 16625.881 16625.881 66.60075673583853 66.60075673583853 66.60075673583853 4.162547295989908 4.162547295989908 4.162547295989908
 576 1048576 18547.058 18547.058 18547.058 65.12944273965175 65.12944273965175 65.12944273965175 4.070590171228234 4.070590171228234 4.070590171228234
 632 1048576 21452.904 21452.904 21452.904 61.78184846210099 61.78184846210099 61.78184846210099 3.861365528881312 3.861365528881312 3.861365528881312
 688 1048576 21737.099 21737.099 21737.099 66.3768691489145 66.3768691489145 66.3768691489145 4.148554321807156 4.148554321807156 4.148554321807156
 752 1048576 24355.173 24355.173 24355.173 64.75249853491084 64.75249853491084 64.75249853491084 4.047031158431928 4.047031158431928 4.047031158431928
 824 1048576 26137.114 26137.114 26137.114 66.1149217928192 66.1149217928192 66.1149217928192 4.1321826120512 4.1321826120512 4.1321826120512
 904 1048576 27884.96 27884.96 27884.96 67.98738129801872 67.98738129801872 67.98738129801872 4.24921133112617 4.24921133112617 4.24921133112617
 992 1048576 31389.952 31389.952 31389.952 66.27518207100158 66.27518207100158 66.27518207100158 4.142198879437599 4.142198879437599 4.142198879437599
 1088 524288 16952.038 16952.038 16952.038 67.29873352100792 67.29873352100792 67.29873352100792 4.206170845062995 4.206170845062995 4.206170845062995
 1192 524288 18558.025 18558.025 18558.025 67.35105659142069 67.35105659142069 67.35105659142069 4.209441036963793 4.209441036963793 4.209441036963793
 1304 524288 20190.001 20190.001 20190.001 67.7237759423588 67.7237759423588 67.7237759423588 4.232735996397425 4.232735996397425 4.232735996397425
 1432 524288 22078.991 22078.991 22078.991 68.00858028340153 68.00858028340153 68.00858028340153 4.2505362677125955 4.2505362677125955 4.2505362677125955
 1568 524288 23967.028 23967.028 23967.028 68.60121196503798 68.60121196503798 68.60121196503798 4.2875757478148735 4.2875757478148735 4.2875757478148735
 1720 524288 26463.032 26463.032 26463.032 68.15359328439764 68.15359328439764 68.15359328439764 4.259599580274853 4.259599580274853 4.259599580274853
 1888 524288 29053.926 29053.926 29053.926 68.13920734843201 68.13920734843201 68.13920734843201 4.258700459277001 4.258700459277001 4.258700459277001
 2072 262144 16047.001 16047.001 16047.001 67.69643349557963 67.69643349557963 67.69643349557963 4.231027093473727 4.231027093473727 4.231027093473727
 2272 262144 17448.902 17448.902 17448.902 68.26689358447885 68.26689358447885 68.26689358447885 4.266680849029928 4.266680849029928 4.266680849029928
 2496 262144 19027.948 19027.948 19027.948 68.77372420820153 68.77372420820153 68.77372420820153 4.2983577630125955 4.2983577630125955 4.2983577630125955
 2744 262144 20895.004 20895.004 20895.004 68.85120826011806 68.85120826011806 68.85120826011806 4.3032005162573785 4.3032005162573785 4.3032005162573785
 3016 262144 23041.964 23041.964 23041.964 68.62490575890145 68.62490575890145 68.62490575890145 4.2890566099313405 4.2890566099313405 4.2890566099313405
 3312 262144 25352.001 25352.001 25352.001 68.49328603292497 68.49328603292497 68.49328603292497 4.280830377057811 4.280830377057811 4.280830377057811
 3640 262144 27674.913 27674.913 27674.913 68.95806031982829 68.95806031982829 68.95806031982829 4.309878769989268 4.309878769989268 4.309878769989268
 4000 262144 30342.102 30342.102 30342.102 69.11689902037769 69.11689902037769 69.11689902037769 4.3198061887736054 4.3198061887736054 4.3198061887736054
 4400 131072 17375.946 17375.946 17375.946 66.38105344019831 66.38105344019831 66.38105344019831 4.148815840012395 4.148815840012395 4.148815840012395
 4840 131072 19055.843 19055.843 19055.843 66.58204310352474 66.58204310352474 66.58204310352474 4.161377693970296 4.161377693970296 4.161377693970296
 5320 131072 20805.836 20805.836 20805.836 67.02956228242884 67.02956228242884 67.02956228242884 4.189347642651803 4.189347642651803 4.189347642651803
 5848 131072 23118.019 23118.019 23118.019 66.31269366116534 66.31269366116534 66.31269366116534 4.144543353822834 4.144543353822834 4.144543353822834
 6432 131072 24888.039 24888.039 24888.039 67.74781283491238 67.74781283491238 67.74781283491238 4.234238302182024 4.234238302182024 4.234238302182024
 7072 131072 27322.054 27322.054 27322.054 67.85296478807926 67.85296478807926 67.85296478807926 4.240810299254954 4.240810299254954 4.240810299254954
 7776 131072 31775.951 31775.951 31775.951 64.15014121843276 64.15014121843276 64.15014121843276 4.009383826152048 4.009383826152048 4.009383826152048
 8552 65536 16450.882 16450.882 16450.882 68.13785084593033 68.13785084593033 68.13785084593033 4.258615677870646 4.258615677870646 4.258615677870646
 9400 65536 18001.08 18001.08 18001.08 68.444604434845 68.444604434845 68.444604434845 4.277787777177813 4.277787777177813 4.277787777177813
 10336 65536 19963.026 19963.026 19963.026 67.86346879476088 67.86346879476088 67.86346879476088 4.241466799672555 4.241466799672555 4.241466799672555
 11368 65536 21710.873 21710.873 21710.873 68.63042752817908 68.63042752817908 68.63042752817908 4.289401720511193 4.289401720511193 4.289401720511193
 12504 65536 23877.144 23877.144 23877.144 68.63987954338258 68.63987954338258 68.63987954338258 4.289992471461411 4.289992471461411 4.289992471461411
 13752 65536 26192.904 26192.904 26192.904 68.81642997660741 68.81642997660741 68.81642997660741 4.301026873537963 4.301026873537963 4.301026873537963
 15120 65536 28697.968 28697.968 28697.968 69.05745521773527 69.05745521773527 69.05745521773527 4.316090951108454 4.316090951108454 4.316090951108454
 16632 32768 15828.133 15828.133 15828.133 68.86439177633899 68.86439177633899 68.86439177633899 4.304024486021187 4.304024486021187 4.304024486021187
 18288 32768 17444.134 17444.134 17444.134 68.70632660813085 68.70632660813085 68.70632660813085 4.294145413008178 4.294145413008178 4.294145413008178
 20112 32768 19083.023 19083.023 19083.023 69.06977117828762 69.06977117828762 69.06977117828762 4.3168606986429765 4.3168606986429765 4.3168606986429765
 22120 32768 21016.121 21016.121 21016.121 68.9783009909393 68.9783009909393 68.9783009909393 4.311143811933706 4.311143811933706 4.311143811933706
 24328 32768 23073.912 23073.912 23073.912 69.09794091266362 69.09794091266362 69.09794091266362 4.318621307041476 4.318621307041476 4.318621307041476
 26760 32768 25326.014 25326.014 25326.014 69.24671841372275 69.24671841372275 69.24671841372275 4.327919900857672 4.327919900857672 4.327919900857672
 29432 32768 27843.952 27843.952 27843.952 69.27377090723327 69.27377090723327 69.27377090723327 4.329610681702079 4.329610681702079 4.329610681702079
 32368 32768 30909.061 30909.061 30909.061 68.62936560900377 68.62936560900377 68.62936560900377 4.289335350562736 4.289335350562736 4.289335350562736
 35600 16384 18141.985 18141.985 18141.985 64.30061539572434 64.30061539572434 64.30061539572434 4.018788462232771 4.018788462232771 4.018788462232771
 39160 16384 20668.983 20668.983 20668.983 62.08311652295615 62.08311652295615 62.08311652295615 3.8801947826847596 3.8801947826847596 3.8801947826847596
 43072 16384 22573.948 22573.948 22573.948 62.52266090096424 62.52266090096424 62.52266090096424 3.907666306310265 3.907666306310265 3.907666306310265
 47376 16384 24768.829 24768.829 24768.829 62.67622776999267 62.67622776999267 62.67622776999267 3.917264235624542 3.917264235624542 3.917264235624542
 52112 16384 27324.2 27324.2 27324.2 62.49427306197437 62.49427306197437 62.49427306197437 3.905892066373398 3.905892066373398 3.905892066373398
 57320 16384 30096.054 30096.054 30096.054 62.40890450289596 62.40890450289596 62.40890450289596 3.9005565314309973 3.9005565314309973 3.9005565314309973
 63048 16384 32994.032 32994.032 32994.032 62.61607747728437 62.61607747728437 62.61607747728437 3.913504842330273 3.913504842330273 3.913504842330273
 69352 8192 18195.152 18195.152 18195.152 62.44867687832451 62.44867687832451 62.44867687832451 3.903042304895282 3.903042304895282 3.903042304895282
 76280 8192 19935.131 19935.131 19935.131 62.69191408875115 62.69191408875115 62.69191408875115 3.9182446305469467 3.9182446305469467 3.9182446305469467
 83904 8192 21932.84 21932.84 21932.84 62.676932672649784 62.676932672649784 62.676932672649784 3.9173082920406115 3.9173082920406115 3.9173082920406115
 92288 8192 24126.053 24126.053 24126.053 62.672770883824214 62.672770883824214 62.672770883824214 3.9170481802390134 3.9170481802390134 3.9170481802390134
 101512 8192 26768.923 26768.923 26768.923 62.13072554319798 62.13072554319798 62.13072554319798 3.883170346449874 3.883170346449874 3.883170346449874
 111656 8192 29359.102 29359.102 29359.102 62.31021316660163 62.31021316660163 62.31021316660163 3.8943883229126017 3.8943883229126017 3.8943883229126017
 122816 8192 32309.055 32309.055 32309.055 62.280290896778006 62.280290896778006 62.280290896778006 3.8925181810486253 3.8925181810486253 3.8925181810486253
 135096 4096 17813.921 17813.921 17813.921 62.12593128710967 62.12593128710967 62.12593128710967 3.8828707054443545 3.8828707054443545 3.8828707054443545
 148600 4096 19593.0 19593.0 19593.0 62.13092430970245 62.13092430970245 62.13092430970245 3.883182769356403 3.883182769356403 3.883182769356403
 163456 4096 21600.962 21600.962 21600.962 61.989440655467114 61.989440655467114 61.989440655467114 3.8743400409666946 3.8743400409666946 3.8743400409666946
 179800 4096 23783.922 23783.922 23783.922 61.929298288146086 61.929298288146086 61.929298288146086 3.8705811430091304 3.8705811430091304 3.8705811430091304
 197776 4096 26243.925 26243.925 26243.925 61.735467998784486 61.735467998784486 61.735467998784486 3.8584667499240304 3.8584667499240304 3.8584667499240304
 217552 4096 28896.093 28896.093 28896.093 61.67567303995042 61.67567303995042 61.67567303995042 3.854729564996901 3.854729564996901 3.854729564996901
 239304 4096 31706.095 31706.095 31706.095 61.8297008193535 61.8297008193535 61.8297008193535 3.8643563012095936 3.8643563012095936 3.8643563012095936
 263232 2048 17823.935 17823.935 17823.935 60.49159582325676 60.49159582325676 60.49159582325676 3.7807247389535474 3.7807247389535474 3.7807247389535474
 289552 2048 28282.166 28282.166 28282.166 41.93472989303577 41.93472989303577 41.93472989303577 2.6209206183147358 2.6209206183147358 2.6209206183147358
 318504 2048 31427.145 31427.145 31427.145 41.5116417351942 41.5116417351942 41.5116417351942 2.5944776084496377 2.5944776084496377 2.5944776084496377
 350352 2048 36808.014 36808.014 36808.014 38.98721055691839 38.98721055691839 38.98721055691839 2.4367006598073995 2.4367006598073995 2.4367006598073995
 385384 2048 40700.912 40700.912 40700.912 38.78372219276069 38.78372219276069 38.78372219276069 2.4239826370475432 2.4239826370475432 2.4239826370475432
 423920 2048 44656.992 44656.992 44656.992 38.88251855386946 38.88251855386946 38.88251855386946 2.4301574096168412 2.4301574096168412 2.4301574096168412
 466312 2048 49687.862 49687.862 49687.862 38.4402523095077 38.4402523095077 38.4402523095077 2.402515769344231 2.402515769344231 2.402515769344231
 512936 2048 54555.893 54555.893 54555.893 38.51070416902534 38.51070416902534 38.51070416902534 2.4069190105640836 2.4069190105640836 2.4069190105640836
 564224 1024 30689.001 30689.001 30689.001 37.65292822663077 37.65292822663077 37.65292822663077 2.353308014164423 2.353308014164423 2.353308014164423
 620640 1024 32822.847 32822.847 32822.847 38.72518188321689 38.72518188321689 38.72518188321689 2.4203238677010557 2.4203238677010557 2.4203238677010557
 682704 1024 36104.918 36104.918 36104.918 38.72541109219525 38.72541109219525 38.72541109219525 2.4203381932622032 2.4203381932622032 2.4203381932622032
 750968 1024 39712.191 39712.191 39712.191 38.72821985571131 38.72821985571131 38.72821985571131 2.420513740981957 2.420513740981957 2.420513740981957
 826064 1024 43782.949 43782.949 43782.949 38.640135272751955 38.640135272751955 38.640135272751955 2.415008454546997 2.415008454546997 2.415008454546997
 908664 1024 48155.069 48155.069 48155.069 38.64481789030351 38.64481789030351 38.64481789030351 2.415301118143969 2.415301118143969 2.415301118143969
 999528 1024 53107.977 53107.977 53107.977 38.5447433631298 38.5447433631298 38.5447433631298 2.4090464601956123 2.4090464601956123 2.4090464601956123
 1099480 512 29163.837 29163.837 29163.837 38.60491745307725 38.60491745307725 38.60491745307725 2.412807340817328 2.412807340817328 2.412807340817328
 1209424 512 32160.044 32160.044 32160.044 38.50897019917013 38.50897019917013 38.50897019917013 2.406810637448133 2.406810637448133 2.406810637448133
 1330360 512 35305.023 35305.023 35305.023 38.58625555915939 38.58625555915939 38.58625555915939 2.411640972447462 2.411640972447462 2.411640972447462
 1463392 512 38882.971 38882.971 38882.971 38.53906657492814 38.53906657492814 38.53906657492814 2.408691660933009 2.408691660933009 2.408691660933009
 1609728 512 44144.154 44144.154 44144.154 37.340425008484694 37.340425008484694 37.340425008484694 2.3337765630302933 2.3337765630302933 2.3337765630302933
 1770696 512 47037.84 47037.84 47037.84 38.54753330510075 38.54753330510075 38.54753330510075 2.409220831568797 2.409220831568797 2.409220831568797
 1947760 512 51789.999 51789.999 51789.999 38.51141684710208 38.51141684710208 38.51141684710208 2.40696355294388 2.40696355294388 2.40696355294388
 2142536 256 28431.892 28431.892 28431.892 38.58267441364789 38.58267441364789 38.58267441364789 2.411417150852993 2.411417150852993 2.411417150852993
 2356784 256 31364.202 31364.202 31364.202 38.47295104144527 38.47295104144527 38.47295104144527 2.4045594400903294 2.4045594400903294 2.4045594400903294
 2592456 256 34460.068 34460.068 34460.068 38.518132697822885 38.518132697822885 38.518132697822885 2.4073832936139303 2.4073832936139303 2.4073832936139303
 2851696 256 37886.858 37886.858 37886.858 38.53759401215059 38.53759401215059 38.53759401215059 2.408599625759412 2.408599625759412 2.408599625759412
 3136864 256 41780.949 41780.949 41780.949 38.4403515583143 38.4403515583143 38.4403515583143 2.4025219723946436 2.4025219723946436 2.4025219723946436
 3450544 256 45975.924 45975.924 45975.924 38.426166878125166 38.426166878125166 38.426166878125166 2.401635429882823 2.401635429882823 2.401635429882823
 3795592 256 51221.132 51221.132 51221.132 37.94026075019193 37.94026075019193 37.94026075019193 2.3712662968869958 2.3712662968869958 2.3712662968869958
 4175144 256 56003.094 56003.094 56003.094 38.17063621520626 38.17063621520626 38.17063621520626 2.385664763450391 2.385664763450391 2.385664763450391
 4592656 128 31450.987 31450.987 31450.987 37.38260856487588 37.38260856487588 37.38260856487588 2.3364130353047425 2.3364130353047425 2.3364130353047425
 5051920 128 34462.929 34462.929 34462.929 37.52703433883986 37.52703433883986 37.52703433883986 2.3454396461774913 2.3454396461774913 2.3454396461774913
 5557112 128 37043.095 37043.095 37043.095 38.4044765157987 38.4044765157987 38.4044765157987 2.4002797822374187 2.4002797822374187 2.4002797822374187
 6112816 128 41125.059 41125.059 41125.059 38.05176050932839 38.05176050932839 38.05176050932839 2.3782350318330243 2.3782350318330243 2.3782350318330243
 6724096 128 46123.981 46123.981 46123.981 37.32046841316667 37.32046841316667 37.32046841316667 2.332529275822917 2.332529275822917 2.332529275822917
 7396504 128 50571.203 50571.203 50571.203 37.442356749947194 37.442356749947194 37.442356749947194 2.3401472968716996 2.3401472968716996 2.3401472968716996
 8136152 128 54835.081 54835.081 54835.081 37.98398532501484 37.98398532501484 37.98398532501484 2.3739990828134276 2.3739990828134276 2.3739990828134276
 8949760 64 30740.023 30740.023 30740.023 37.26637680134461 37.26637680134461 37.26637680134461 2.3291485500840383 2.3291485500840383 2.3291485500840383
 9844736 64 33521.175 33521.175 33521.175 37.59194622503537 37.59194622503537 37.59194622503537 2.3494966390647107 2.3494966390647107 2.3494966390647107
 10829208 64 37322.998 37322.998 37322.998 37.13899467561529 37.13899467561529 37.13899467561529 2.3211871672259554 2.3211871672259554 2.3211871672259554
 11912128 64 40194.988 40194.988 40194.988 37.93389325057144 37.93389325057144 37.93389325057144 2.370868328160715 2.370868328160715 2.370868328160715
 13103336 64 44180.87 44180.87 44180.87 37.9627428794408 37.9627428794408 37.9627428794408 2.37267142996505 2.37267142996505 2.37267142996505
 14413664 64 48894.167 48894.167 48894.167 37.73351925598814 37.73351925598814 37.73351925598814 2.358344953499259 2.358344953499259 2.358344953499259
 15855024 64 53745.031 53745.031 53745.031 37.76057124239075 37.76057124239075 37.76057124239075 2.360035702649422 2.360035702649422 2.360035702649422
 17440520 32 29963.017 29963.017 29963.017 37.252366141900865 37.252366141900865 37.252366141900865 2.328272883868804 2.328272883868804 2.328272883868804
 19184568 32 31956.196 31956.196 31956.196 38.421730546401704 38.421730546401704 38.421730546401704 2.4013581591501065 2.4013581591501065 2.4013581591501065
 21103024 32 35770.178 35770.178 35770.178 37.757529079111656 37.757529079111656 37.757529079111656 2.3598455674444785 2.3598455674444785 2.3598455674444785
 23213320 32 39836.884 39836.884 39836.884 37.29339071800897 37.29339071800897 37.29339071800897 2.3308369198755607 2.3308369198755607 2.3308369198755607
 25534648 32 43514.013 43514.013 43514.013 37.556119496494155 37.556119496494155 37.556119496494155 2.3472574685308847 2.3472574685308847 2.3472574685308847
 28088112 32 58869.839 58869.839 58869.839 30.535826129913485 30.535826129913485 30.535826129913485 1.9084891331195928 1.9084891331195928 1.9084891331195928
 30896920 32 78633.785 78633.785 78633.785 25.146988409625713 25.146988409625713 25.146988409625713 1.571686775601607 1.571686775601607 1.571686775601607
 33986608 16 50594.091 50594.091 50594.091 21.496017311586844 21.496017311586844 21.496017311586844 1.3435010819741777 1.3435010819741777 1.3435010819741777
 37385264 16 65363.884 65363.884 65363.884 18.30259119852792 18.30259119852792 18.30259119852792 1.143911949907995 1.143911949907995 1.143911949907995
 41123784 16 73210.001 73210.001 73210.001 17.975154624024658 17.975154624024658 17.975154624024658 1.123447164001541 1.123447164001541 1.123447164001541
 45236160 16 82048.893 82048.893 82048.893 17.642616092334116 17.642616092334116 17.642616092334116 1.1026635057708822 1.1026635057708822 1.1026635057708822
 49759776 16 91915.846 91915.846 91915.846 17.323594366960403 17.323594366960403 17.323594366960403 1.0827246479350252 1.0827246479350252 1.0827246479350252
 54735752 16 101800.919 101800.919 101800.919 17.205582043910628 17.205582043910628 17.205582043910628 1.0753488777444142 1.0753488777444142 1.0753488777444142
 60209320 16 111943.007 111943.007 111943.007 17.211421165415004 17.211421165415004 17.211421165415004 1.0757138228384377 1.0757138228384377 1.0757138228384377
 66230248 16 123200.893 123200.893 123200.893 17.202537127713843 17.202537127713843 17.202537127713843 1.0751585704821152 1.0751585704821152 1.0751585704821152
 72853272 8 67945.004 67945.004 67945.004 17.15582137577032 17.15582137577032 17.15582137577032 1.072238835985645 1.072238835985645 1.072238835985645
 80138592 8 74481.01 74481.01 74481.01 17.21536096247889 17.21536096247889 17.21536096247889 1.0759600601549306 1.0759600601549306 1.0759600601549306
 88152448 8 81972.122 81972.122 81972.122 17.20632739018272 17.20632739018272 17.20632739018272 1.07539546188642 1.07539546188642 1.07539546188642
 96967688 8 90163.946 90163.946 90163.946 17.20735478901955 17.20735478901955 17.20735478901955 1.075459674313722 1.075459674313722 1.075459674313722
 106664456 8 99287.033 99287.033 99287.033 17.18886388719059 17.18886388719059 17.18886388719059 1.0743039929494118 1.0743039929494118 1.0743039929494118
 117330896 8 108584.881 108584.881 108584.881 17.28872674272213 17.28872674272213 17.28872674272213 1.080545421420133 1.080545421420133 1.080545421420133
 129063984 8 119598.15 119598.15 119598.15 17.266351895911434 17.266351895911434 17.266351895911434 1.0791469934944646 1.0791469934944646 1.0791469934944646
 141970376 4 65248.966 65248.966 65248.966 17.406605462529473 17.406605462529473 17.406605462529473 1.087912841408092 1.087912841408092 1.087912841408092
 156167408 4 71593.046 71593.046 71593.046 17.450567252020537 17.450567252020537 17.450567252020537 1.0906604532512836 1.0906604532512836 1.0906604532512836
 171784144 4 78244.209 78244.209 78244.209 17.563896032229042 17.563896032229042 17.563896032229042 1.0977435020143151 1.0977435020143151 1.0977435020143151
 188962552 4 87678.909 87678.909 87678.909 17.241323292469346 17.241323292469346 17.241323292469346 1.0775827057793341 1.0775827057793341 1.0775827057793341
 207858800 4 95570.087 95570.087 95570.087 17.39948609652307 17.39948609652307 17.39948609652307 1.0874678810326919 1.0874678810326919 1.0874678810326919
 228644680 4 103203.058 103203.058 103203.058 17.72386860862204 17.72386860862204 17.72386860862204 1.1077417880388776 1.1077417880388776 1.1077417880388776
 251509144 4 114587.069 114587.069 114587.069 17.559338671975283 17.559338671975283 17.559338671975283 1.0974586669984552 1.0974586669984552 1.0974586669984552
 276660056 2 62955.141 62955.141 62955.141 17.578234381208038 17.578234381208038 17.578234381208038 1.0986396488255024 1.0986396488255024 1.0986396488255024
 304326056 2 70312.023 70312.023 70312.023 17.31288863641429 17.31288863641429 17.31288863641429 1.082055539775893 1.082055539775893 1.082055539775893
 334758656 2 76375.961 76375.961 76375.961 17.532147634777388 17.532147634777388 17.532147634777388 1.0957592271735868 1.0957592271735868 1.0957592271735868
 368234520 2 84569.931 84569.931 84569.931 17.41680598036671 17.41680598036671 17.41680598036671 1.0885503737729194 1.0885503737729194 1.0885503737729194
 405057968 2 92072.01 92072.01 92072.01 17.5974421759664 17.5974421759664 17.5974421759664 1.0998401359979 1.0998401359979 1.0998401359979
 445563760 2 102458.0 102458.0 102458.0 17.394981748618946 17.394981748618946 17.394981748618946 1.0871863592886841 1.0871863592886841 1.0871863592886841
 490120136 2 111341.953 111341.953 111341.953 17.607743453179772 17.607743453179772 17.607743453179772 1.1004839658237358 1.1004839658237358 1.1004839658237358
 539132144 1 61244.011 61244.011 61244.011 17.606036417177183 17.606036417177183 17.606036417177183 1.100377276073574 1.100377276073574 1.100377276073574
 593045352 1 67393.064 67393.064 67393.064 17.599596065256804 17.599596065256804 17.599596065256804 1.0999747540785503 1.0999747540785503 1.0999747540785503
 652349880 1 74308.872 74308.872 74308.872 17.5577925607591 17.5577925607591 17.5577925607591 1.0973620350474438 1.0973620350474438 1.0973620350474438
 717584864 1 81870.079 81870.079 81870.079 17.52984418153548 17.52984418153548 17.52984418153548 1.0956152613459675 1.0956152613459675 1.0956152613459675
 789343344 1 90476.036 90476.036 90476.036 17.44867213236442 17.44867213236442 17.44867213236442 1.0905420082727761 1.0905420082727761 1.0905420082727761
 868277672 1 143831.968 143831.968 143831.968 12.07350054474677 12.07350054474677 12.07350054474677 0.7545937840466731 0.7545937840466731 0.7545937840466731
 955105432 1 109214.067 109214.067 109214.067 17.490520374083314 17.490520374083314 17.490520374083314 1.093157523380207 1.093157523380207 1.093157523380207
 1050615968 1 120054.96 120054.96 120054.96 17.502250102786256 17.502250102786256 17.502250102786256 1.093890631424141 1.093890631424141 1.093890631424141
 
META_DATA
 MPI startup(): shm:tmi fabric is unknown or has been removed from the product, please use ofi or shm:ofi instead
 FLOPS          1
 MPI_PROCS      1
 OPENMP_THREADS 1
 ERT_VERSION  1.1.0
 HOSTNAME  ('shas0420.rc.int.colorado.edu', [], ['10.225.6.135'])
 UNAME  uname_result(system='Linux', node='shas0420.rc.int.colorado.edu', release='3.10.0-957.27.2.el7.x86_64', version='#1 SMP Mon Jul 29 17:46:05 UTC 2019', machine='x86_64', processor='x86_64')
 TIMESTAMP_DATA  1664552124.5776682
 CONFIG  {'ERT_RESULTS': ['lab5_results'], 'ERT_DRIVER': ['driver1'], 'ERT_KERNEL': ['kernel1'], 'ERT_MPI': ['True'], 'ERT_MPI_CFLAGS': ['-I/usr/include/mpi'], 'ERT_MPI_LDFLAGS': ['-lmpi'], 'ERT_OPENMP': ['True'], 'ERT_OPENMP_CFLAGS': ['-qopenmp'], 'ERT_OPENMP_LDFLAGS': ['-qopenmp'], 'ERT_FLOPS': ['1,2,4,8,16'], 'ERT_ALIGN': ['32'], 'ERT_CC': ['mpicc'], 'ERT_CFLAGS': ['-O3', '-msse3', '-axSSE3', '-xSSE3', '-fno-alias', '-fno-fnalias', '-DERT_INTEL', '-std=c++11'], 'ERT_LD': ['mpicc'], 'ERT_LDFLAGS': [], 'ERT_LDLIBS': [], 'ERT_PRECISION': ['FP64'], 'ERT_RUN': ['export', 'OMP_NUM_THREADS=ERT_OPENMP_THREADS;', 'mpirun', '-np', 'ERT_MPI_PROCS', 'ERT_CODE'], 'ERT_PROCS_THREADS': ['1-24'], 'ERT_MPI_PROCS': ['1,2,4'], 'ERT_OPENMP_THREADS': ['1,2,4'], 'ERT_NUM_EXPERIMENTS': ['1'], 'ERT_MEMORY_MAX': ['1073741824'], 'ERT_WORKING_SET_MIN': ['1'], 'ERT_TRIALS_MIN': ['1'], 'ERT_GNUPLOT': ['gnuplot'], 'ERT_GPU': [False], 'ERT_HIP': [False], 'ERT_OCL': [False], 'ERT_SYCL': [False], 'ERT_WSS_MULT': [1.1]}
 