fp64
 16 67108864 196020.126 196020.126 196020.126 10.95542428128018 10.95542428128018 10.95542428128018 0.6847140175800113 0.6847140175800113 0.6847140175800113
 32 33554432 108923.912 108923.912 108923.912 19.715447311514115 19.715447311514115 19.715447311514115 1.2322154569696322 1.2322154569696322 1.2322154569696322
 48 16777216 54570.913 54570.913 54570.913 29.514124786587317 29.514124786587317 29.514124786587317 1.8446327991617073 1.8446327991617073 1.8446327991617073
 64 16777216 75323.82 75323.82 75323.82 28.51002044240454 28.51002044240454 28.51002044240454 1.7818762776502837 1.7818762776502837 1.7818762776502837
 80 8388608 28737.068 28737.068 28737.068 46.70543564152056 46.70543564152056 46.70543564152056 2.919089727595035 2.919089727595035 2.919089727595035
 96 8388608 41154.146 41154.146 41154.146 39.136099094365846 39.136099094365846 39.136099094365846 2.4460061933978654 2.4460061933978654 2.4460061933978654
 112 8388608 33428.907 33428.907 33428.907 56.21027908570268 56.21027908570268 56.21027908570268 3.5131424428564175 3.5131424428564175 3.5131424428564175
 128 8388608 46444.178 46444.178 46444.178 46.23795146078374 46.23795146078374 46.23795146078374 2.889871966298984 2.889871966298984 2.889871966298984
 144 4194304 21800.041 21800.041 21800.041 55.41088441072197 55.41088441072197 55.41088441072197 3.463180275670123 3.463180275670123 3.463180275670123
 160 4194304 25638.103 25638.103 25638.103 52.3508810304725 52.3508810304725 52.3508810304725 3.2719300644045313 3.2719300644045313 3.2719300644045313
 176 4194304 24312.973 24312.973 24312.973 60.72457728637299 60.72457728637299 60.72457728637299 3.795286080398312 3.795286080398312 3.795286080398312
 192 4194304 28294.086 28294.086 28294.086 56.92400652206967 56.92400652206967 56.92400652206967 3.5577504076293542 3.5577504076293542 3.5577504076293542
 208 4194304 26870.012 26870.012 26870.012 64.93597635907271 64.93597635907271 64.93597635907271 4.0584985224420445 4.0584985224420445 4.0584985224420445
 224 4194304 30705.929 30705.929 30705.929 61.19496309654073 61.19496309654073 61.19496309654073 3.8246851935337958 3.8246851935337958 3.8246851935337958
 240 4194304 29423.952 29423.952 29423.952 68.42268910716004 68.42268910716004 68.42268910716004 4.2764180691975024 4.2764180691975024 4.2764180691975024
 256 4194304 16550.064 16550.064 16550.064 129.75681834221308 129.75681834221308 129.75681834221308 8.109801146388318 8.109801146388318 8.109801146388318
 272 2097152 10262.012 10262.012 10262.012 111.17222314688385 111.17222314688385 111.17222314688385 6.948263946680241 6.948263946680241 6.948263946680241
 288 2097152 10407.925 10407.925 10407.925 116.06151581607286 116.06151581607286 116.06151581607286 7.2538447385045535 7.2538447385045535 7.2538447385045535
 304 2097152 11619.091 11619.091 11619.091 109.73908509710442 109.73908509710442 109.73908509710442 6.858692818569026 6.858692818569026 6.858692818569026
 320 2097152 12259.96 12259.96 12259.96 109.47648116307069 109.47648116307069 109.47648116307069 6.842280072691918 6.842280072691918 6.842280072691918
 352 2097152 13782.024 13782.024 13782.024 107.1246870561247 107.1246870561247 107.1246870561247 6.695292941007794 6.695292941007794 6.695292941007794
 384 2097152 14859.915 14859.915 14859.915 108.38640301778307 108.38640301778307 108.38640301778307 6.774150188611442 6.774150188611442 6.774150188611442
 416 2097152 16144.037 16144.037 16144.037 108.0789435752656 108.0789435752656 108.0789435752656 6.7549339734541 6.7549339734541 6.7549339734541
 448 2097152 17407.179 17407.179 17407.179 107.94673806709288 107.94673806709288 107.94673806709288 6.746671129193305 6.746671129193305 6.746671129193305
 480 2097152 18666.983 18666.983 18666.983 107.85170372737788 107.85170372737788 107.85170372737788 6.740731482961118 6.740731482961118 6.740731482961118
 528 1048576 8698.94 8698.94 8698.94 127.29094073530797 127.29094073530797 127.29094073530797 7.955683795956748 7.955683795956748 7.955683795956748
 576 1048576 9591.103 9591.103 9591.103 125.94584293381065 125.94584293381065 125.94584293381065 7.871615183363166 7.871615183363166 7.871615183363166
 624 1048576 10879.04 10879.04 10879.04 120.28844898079241 120.28844898079241 120.28844898079241 7.518028061299526 7.518028061299526 7.518028061299526
 672 1048576 11529.207 11529.207 11529.207 122.23617322509692 122.23617322509692 122.23617322509692 7.6397608265685575 7.6397608265685575 7.6397608265685575
 736 1048576 12848.139 12848.139 12848.139 120.13443129779341 120.13443129779341 120.13443129779341 7.508401956112088 7.508401956112088 7.508401956112088
 800 1048576 12920.141 12920.141 12920.141 129.85319587456513 129.85319587456513 129.85319587456513 8.11582474216032 8.11582474216032 8.11582474216032
 880 1048576 14555.931 14555.931 14555.931 126.78637731932089 126.78637731932089 126.78637731932089 7.924148582457556 7.924148582457556 7.924148582457556
 960 1048576 16074.181 16074.181 16074.181 125.2484291423619 125.2484291423619 125.2484291423619 7.828026821397619 7.828026821397619 7.828026821397619
 1056 524288 8359.909 8359.909 8359.909 132.45314703784453 132.45314703784453 132.45314703784453 8.278321689865283 8.278321689865283 8.278321689865283
 1152 524288 9302.855 9302.855 9302.855 129.84826185079743 129.84826185079743 129.84826185079743 8.11551636567484 8.11551636567484 8.11551636567484
 1264 524288 10767.937 10767.937 10767.937 123.08765030850385 123.08765030850385 123.08765030850385 7.692978144281491 7.692978144281491 7.692978144281491
 1376 524288 10940.075 10940.075 10940.075 131.88580297667065 131.88580297667065 131.88580297667065 8.242862686041915 8.242862686041915 8.242862686041915
 1504 524288 12191.057 12191.057 12191.057 129.3619006128837 129.3619006128837 129.3619006128837 8.08511878830523 8.08511878830523 8.08511878830523
 1648 524288 13109.922 13109.922 13109.922 131.81262619258908 131.81262619258908 131.81262619258908 8.238289137036817 8.238289137036817 8.238289137036817
 1808 524288 13961.792 13961.792 13961.792 135.7866818242243 135.7866818242243 135.7866818242243 8.486667614014019 8.486667614014019 8.486667614014019
 1984 524288 15726.089 15726.089 15726.089 132.2881222406919 132.2881222406919 132.2881222406919 8.268007640043244 8.268007640043244 8.268007640043244
 2176 262144 8503.914 8503.914 8503.914 134.15595312934724 134.15595312934724 134.15595312934724 8.384747070584202 8.384747070584202 8.384747070584202
 2384 262144 9414.196 9414.196 9414.196 132.7678531443365 132.7678531443365 132.7678531443365 8.297990821521031 8.297990821521031 8.297990821521031
 2608 262144 10094.166 10094.166 10094.166 135.4587495390902 135.4587495390902 135.4587495390902 8.466171846193138 8.466171846193138 8.466171846193138
 2864 262144 11101.961 11101.961 11101.961 135.2518561360466 135.2518561360466 135.2518561360466 8.453241008502912 8.453241008502912 8.453241008502912
 3136 262144 12152.91 12152.91 12152.91 135.2899978688232 135.2899978688232 135.2899978688232 8.45562486680145 8.45562486680145 8.45562486680145
 3440 262144 13279.915 13279.915 13279.915 135.8104114371214 135.8104114371214 135.8104114371214 8.488150714820087 8.488150714820087 8.488150714820087
 3776 262144 14580.011 14580.011 14580.011 135.78257849051005 135.78257849051005 135.78257849051005 8.486411155656878 8.486411155656878 8.486411155656878
 4144 131072 8056.164 8056.164 8056.164 134.8439202578299 134.8439202578299 134.8439202578299 8.427745016114368 8.427745016114368 8.427745016114368
 4544 131072 8751.154 8751.154 8751.154 136.11717220380305 136.11717220380305 136.11717220380305 8.50732326273769 8.50732326273769 8.50732326273769
 4992 131072 9542.942 9542.942 9542.942 137.1299173776808 137.1299173776808 137.1299173776808 8.57061983610505 8.57061983610505 8.57061983610505
 5488 131072 13119.936 13119.936 13119.936 109.65345196805838 109.65345196805838 109.65345196805838 6.853340748003649 6.853340748003649 6.853340748003649
 6032 131072 11569.977 11569.977 11569.977 136.66860426775264 136.66860426775264 136.66860426775264 8.54178776673454 8.54178776673454 8.54178776673454
 6624 131072 12706.995 12706.995 12706.995 136.65243875518954 136.65243875518954 136.65243875518954 8.540777422199346 8.540777422199346 8.540777422199346
 7280 131072 13888.121 13888.121 13888.121 137.41299632974108 137.41299632974108 137.41299632974108 8.588312270608817 8.588312270608817 8.588312270608817
 8000 131072 15204.906 15204.906 15204.906 137.926008881607 137.926008881607 137.926008881607 8.620375555100438 8.620375555100438 8.620375555100438
 8800 65536 8734.941 8734.941 8734.941 132.048241653836 132.048241653836 132.048241653836 8.25301510336475 8.25301510336475 8.25301510336475
 9680 65536 9557.962 9557.962 9557.962 132.74555391620098 132.74555391620098 132.74555391620098 8.296597119762561 8.296597119762561 8.296597119762561
 10640 65536 10436.058 10436.058 10436.058 133.63341598906405 133.63341598906405 133.63341598906405 8.352088499316503 8.352088499316503 8.352088499316503
 11696 65536 11434.078 11434.078 11434.078 134.07448436157247 134.07448436157247 134.07448436157247 8.37965527259828 8.37965527259828 8.37965527259828
 12864 65536 12493.134 12493.134 12493.134 134.96294908867543 134.96294908867543 134.96294908867543 8.435184318042214 8.435184318042214 8.435184318042214
 14144 65536 13710.976 13710.976 13710.976 135.2115537216315 135.2115537216315 135.2115537216315 8.450722107601969 8.450722107601969 8.450722107601969
 15552 65536 15128.136 15128.136 15128.136 134.74440896089246 134.74440896089246 134.74440896089246 8.421525560055779 8.421525560055779 8.421525560055779
 17104 32768 8272.886 8272.886 8272.886 135.49416056258966 135.49416056258966 135.49416056258966 8.468385035161853 8.468385035161853 8.468385035161853
 18800 32768 9087.086 9087.086 9087.086 135.58546711233942 135.58546711233942 135.58546711233942 8.474091694521213 8.474091694521213 8.474091694521213
 20672 32768 9994.984 9994.984 9994.984 135.54400807445015 135.54400807445015 135.54400807445015 8.471500504653134 8.471500504653134 8.471500504653134
 22736 32768 10943.89 10943.89 10943.89 136.15145035266255 136.15145035266255 136.15145035266255 8.50946564704141 8.50946564704141 8.50946564704141
 25008 32768 11970.043 11970.043 11970.043 136.91883045031668 136.91883045031668 136.91883045031668 8.557426903144792 8.557426903144792 8.557426903144792
 27504 32768 13139.009 13139.009 13139.009 137.18706974019122 137.18706974019122 137.18706974019122 8.574191858761951 8.574191858761951 8.574191858761951
 30240 32768 14385.939 14385.939 14385.939 137.76011701425955 137.76011701425955 137.76011701425955 8.610007313391222 8.610007313391222 8.610007313391222
 33264 16384 7941.961 7941.961 7941.961 137.24503960671677 137.24503960671677 137.24503960671677 8.577814975419798 8.577814975419798 8.577814975419798
 36576 16384 8715.868 8715.868 8715.868 137.5103854257545 137.5103854257545 137.5103854257545 8.594399089109656 8.594399089109656 8.594399089109656
 40224 16384 9568.93 9568.93 9568.93 137.74372181633683 137.74372181633683 137.74372181633683 8.608982613521052 8.608982613521052 8.608982613521052
 44240 16384 10521.889 10521.889 10521.889 137.77529110979978 137.77529110979978 137.77529110979978 8.610955694362486 8.610955694362486 8.610955694362486
 48656 16384 11600.971 11600.971 11600.971 137.43330691887775 137.43330691887775 137.43330691887775 8.58958168242986 8.58958168242986 8.58958168242986
 53520 16384 12716.055 12716.055 12716.055 137.9156790372486 137.9156790372486 137.9156790372486 8.619729939828037 8.619729939828037 8.619729939828037
 58864 16384 13956.07 13956.07 13956.07 138.20907691062027 138.20907691062027 138.20907691062027 8.638067306913767 8.638067306913767 8.638067306913767
 64736 16384 15331.03 15331.03 15331.03 138.36443135262274 138.36443135262274 138.36443135262274 8.647776959538922 8.647776959538922 8.647776959538922
 71200 8192 9083.033 9083.033 9083.033 128.43075655455618 128.43075655455618 128.43075655455618 8.026922284659761 8.026922284659761 8.026922284659761
 78320 8192 10913.134 10913.134 10913.134 117.58261925492714 117.58261925492714 117.58261925492714 7.348913703432946 7.348913703432946 7.348913703432946
 86144 8192 12074.947 12074.947 12074.947 116.88525804709535 116.88525804709535 116.88525804709535 7.305328627943459 7.305328627943459 7.305328627943459
 94752 8192 13252.02 13252.02 13252.02 117.14567047136966 117.14567047136966 117.14567047136966 7.3216044044606035 7.3216044044606035 7.3216044044606035
 104224 8192 14527.082 14527.082 14527.082 117.54638791190136 117.54638791190136 117.54638791190136 7.346649244493835 7.346649244493835 7.346649244493835
 114640 8192 16047.955 16047.955 16047.955 117.0405674741735 117.0405674741735 117.0405674741735 7.315035467135844 7.315035467135844 7.315035467135844
 126096 8192 17610.073 17610.073 17610.073 117.31676887426872 117.31676887426872 117.31676887426872 7.332298054641795 7.332298054641795 7.332298054641795
 138704 4096 9704.113 9704.113 9704.113 117.0908838345143 117.0908838345143 117.0908838345143 7.318180239657144 7.318180239657144 7.318180239657144
 152560 4096 10668.039 10668.039 10668.039 117.15100779065392 117.15100779065392 117.15100779065392 7.32193798691587 7.32193798691587 7.32193798691587
 167808 4096 11735.916 11735.916 11735.916 117.13471159814029 117.13471159814029 117.13471159814029 7.320919474883768 7.320919474883768 7.320919474883768
 184576 4096 12938.976 12938.976 12938.976 116.85983434856048 116.85983434856048 116.85983434856048 7.30373964678503 7.30373964678503 7.30373964678503
 203024 4096 14177.084 14177.084 14177.084 117.3141534606129 117.3141534606129 117.3141534606129 7.332134591288306 7.332134591288306 7.332134591288306
 223312 4096 15583.992 15583.992 15583.992 117.3878877761231 117.3878877761231 117.3878877761231 7.336742986007693 7.336742986007693 7.336742986007693
 245632 4096 17156.124 17156.124 17156.124 117.28857543813511 117.28857543813511 117.28857543813511 7.3305359648834445 7.3305359648834445 7.3305359648834445
 270192 2048 9473.085 9473.085 9473.085 116.82640153656386 116.82640153656386 116.82640153656386 7.3016500960352415 7.3016500960352415 7.3016500960352415
 297200 2048 9881.02 9881.02 9881.02 123.19894100001821 123.19894100001821 123.19894100001821 7.699933812501138 7.699933812501138 7.699933812501138
 326912 2048 10910.034 10910.034 10910.034 122.73394858347831 122.73394858347831 122.73394858347831 7.670871786467394 7.670871786467394 7.670871786467394
 359600 2048 12035.847 12035.847 12035.847 122.37789330489163 122.37789330489163 122.37789330489163 7.648618331555727 7.648618331555727 7.648618331555727
 395552 2048 13209.105 13209.105 13209.105 122.65637921721421 122.65637921721421 122.65637921721421 7.666023701075888 7.666023701075888 7.666023701075888
 435104 2048 14485.836 14485.836 14485.836 123.02955687196791 123.02955687196791 123.02955687196791 7.6893473044979945 7.6893473044979945 7.6893473044979945
 478608 2048 16762.972 16762.972 16762.972 116.94694520756819 116.94694520756819 116.94694520756819 7.309184075473012 7.309184075473012 7.309184075473012
 526464 1024 10010.004 10010.004 10010.004 107.71207204312805 107.71207204312805 107.71207204312805 6.732004502695503 6.732004502695503 6.732004502695503
 579104 1024 14137.983 14137.983 14137.983 83.88784963173319 83.88784963173319 83.88784963173319 5.242990601983324 5.242990601983324 5.242990601983324
 637008 1024 15635.967 15635.967 15635.967 83.43535030484523 83.43535030484523 83.43535030484523 5.214709394052827 5.214709394052827 5.214709394052827
 700704 1024 18437.862 18437.862 18437.862 77.83124702853293 77.83124702853293 77.83124702853293 4.864452939283308 4.864452939283308 4.864452939283308
 770768 1024 20247.221 20247.221 20247.221 77.9629394078328 77.9629394078328 77.9629394078328 4.87268371298955 4.87268371298955 4.87268371298955
 847840 1024 22380.114 22380.114 22380.114 77.5856780711662 77.5856780711662 77.5856780711662 4.8491048794478875 4.8491048794478875 4.8491048794478875
 932624 1024 24622.917 24622.917 24622.917 77.57057996012414 77.57057996012414 77.57057996012414 4.8481612475077585 4.8481612475077585 4.8481612475077585
 1025872 1024 27070.045 27070.045 27070.045 77.61294286729114 77.61294286729114 77.61294286729114 4.850808929205696 4.850808929205696 4.850808929205696
 1128448 512 15534.878 15534.878 15534.878 74.38299496140233 74.38299496140233 74.38299496140233 4.648937185087646 4.648937185087646 4.648937185087646
 1241280 512 16366.959 16366.959 16366.959 77.66077497964038 77.66077497964038 77.66077497964038 4.853798436227524 4.853798436227524 4.853798436227524
 1365408 512 18016.1 18016.1 18016.1 77.60712873485383 77.60712873485383 77.60712873485383 4.850445545928364 4.850445545928364 4.850445545928364
 1501936 512 19811.869 19811.869 19811.869 77.62934753909386 77.62934753909386 77.62934753909386 4.851834221193366 4.851834221193366 4.851834221193366
 1652128 512 21803.856 21803.856 21803.856 77.59082026591994 77.59082026591994 77.59082026591994 4.8494262666199965 4.8494262666199965 4.8494262666199965
 1817328 512 23967.981 23967.981 23967.981 77.64291335177543 77.64291335177543 77.64291335177543 4.852682084485965 4.852682084485965 4.852682084485965
 1999056 512 26481.867 26481.867 26481.867 77.29943451494564 77.29943451494564 77.29943451494564 4.831214657184103 4.831214657184103 4.831214657184103
 2198960 256 14535.189 14535.189 14535.189 77.45805850890552 77.45805850890552 77.45805850890552 4.841128656806595 4.841128656806595 4.841128656806595
 2418848 256 15975.952 15975.952 15975.952 77.51964803099058 77.51964803099058 77.51964803099058 4.844978001936911 4.844978001936911 4.844978001936911
 2660720 256 17591.953 17591.953 17591.953 77.4381695994754 77.4381695994754 77.4381695994754 4.839885599967213 4.839885599967213 4.839885599967213
 2926784 256 19339.085 19339.085 19339.085 77.48626204393848 77.48626204393848 77.48626204393848 4.842891377746155 4.842891377746155 4.842891377746155
 3219456 256 22023.916 22023.916 22023.916 74.84415904964402 74.84415904964402 74.84415904964402 4.677759940602751 4.677759940602751 4.677759940602751
 3541392 256 23425.102 23425.102 23425.102 77.40383388725479 77.40383388725479 77.40383388725479 4.837739617953424 4.837739617953424 4.837739617953424
 3895520 256 25729.895 25729.895 25729.895 77.51707653684556 77.51707653684556 77.51707653684556 4.844817283552848 4.844817283552848 4.844817283552848
 4285072 128 14204.979 14204.979 14204.979 77.22492458454181 77.22492458454181 77.22492458454181 4.826557786533863 4.826557786533863 4.826557786533863
 4713568 128 15616.179 15616.179 15616.179 77.2707208338224 77.2707208338224 77.2707208338224 4.8294200521139 4.8294200521139 4.8294200521139
 5184912 128 17113.924 17113.924 17113.924 77.55892056082521 77.55892056082521 77.55892056082521 4.847432535051576 4.847432535051576 4.847432535051576
 5703392 128 18841.982 18841.982 18841.982 77.49016807255202 77.49016807255202 77.49016807255202 4.8431355045345015 4.8431355045345015 4.8431355045345015
 6273728 128 20768.881 20768.881 20768.881 77.33080891551161 77.33080891551161 77.33080891551161 4.833175557219476 4.833175557219476 4.833175557219476
 6901088 128 22840.023 22840.023 22840.023 77.35012035670891 77.35012035670891 77.35012035670891 4.834382522294307 4.834382522294307 4.834382522294307
 7591184 128 25510.073 25510.073 25510.073 76.17944111724023 76.17944111724023 76.17944111724023 4.761215069827514 4.761215069827514 4.761215069827514
 8350288 128 28140.068 28140.068 28140.068 75.96547840609341 75.96547840609341 75.96547840609341 4.747842400380838 4.747842400380838 4.747842400380838
 9185312 64 15812.874 15812.874 15812.874 74.3520713565415 74.3520713565415 74.3520713565415 4.647004459783844 4.647004459783844 4.647004459783844
 10103840 64 17451.048 17451.048 17451.048 74.10967639307393 74.10967639307393 74.10967639307393 4.63185477456712 4.63185477456712 4.63185477456712
 11114224 64 18537.998 18537.998 18537.998 76.74079326149459 76.74079326149459 76.74079326149459 4.796299578843412 4.796299578843412 4.796299578843412
 12225632 64 20487.07 20487.07 20487.07 76.38383116765843 76.38383116765843 76.38383116765843 4.773989447978652 4.773989447978652 4.773989447978652
 13448192 64 23328.066 23328.066 23328.066 73.78959644575765 73.78959644575765 73.78959644575765 4.611849777859853 4.611849777859853 4.611849777859853
 14793008 64 25751.114 25751.114 25751.114 73.53099458143829 73.53099458143829 73.53099458143829 4.595687161339893 4.595687161339893 4.595687161339893
 16272304 64 27441.978 27441.978 27441.978 75.90032001337514 75.90032001337514 75.90032001337514 4.743770000835946 4.743770000835946 4.743770000835946
 17899520 32 15552.998 15552.998 15552.998 73.65584950245605 73.65584950245605 73.65584950245605 4.603490593903503 4.603490593903503 4.603490593903503
 19689472 32 17010.927 17010.927 17010.927 74.07745668416543 74.07745668416543 74.07745668416543 4.629841042760339 4.629841042760339 4.629841042760339
 21658416 32 18821.955 18821.955 18821.955 73.64477409493328 73.64477409493328 73.64477409493328 4.60279838093333 4.60279838093333 4.60279838093333
 23824256 32 20272.97 20272.97 20272.97 75.2111004948954 75.2111004948954 75.2111004948954 4.700693780930963 4.700693780930963 4.700693780930963
 26206672 32 22209.167 22209.167 22209.167 75.51958198162046 75.51958198162046 75.51958198162046 4.719973873851279 4.719973873851279 4.719973873851279
 28827328 32 24569.035 24569.035 24569.035 75.09244836030393 75.09244836030393 75.09244836030393 4.693278022518996 4.693278022518996 4.693278022518996
 31710048 32 27264.833 27264.833 27264.833 74.43445819015285 74.43445819015285 74.43445819015285 4.652153636884553 4.652153636884553 4.652153636884553
 34881040 16 15474.081 15474.081 15474.081 72.13309016541919 72.13309016541919 72.13309016541919 4.508318135338699 4.508318135338699 4.508318135338699
 38369136 16 17251.015 17251.015 17251.015 71.17333977160185 71.17333977160185 71.17333977160185 4.448333735725115 4.448333735725115 4.448333735725115
 42206048 16 19529.104 19529.104 19529.104 69.15798779094014 69.15798779094014 69.15798779094014 4.322374236933759 4.322374236933759 4.322374236933759
 46426640 16 22961.14 22961.14 22961.14 64.70290586617216 64.70290586617216 64.70290586617216 4.04393161663576 4.04393161663576 4.04393161663576
 51069296 16 27462.959 27462.959 27462.959 59.5062415524853 59.5062415524853 59.5062415524853 3.719140097030331 3.719140097030331 3.719140097030331
 56176224 16 33696.89 33696.89 33696.89 53.34733169737623 53.34733169737623 53.34733169737623 3.334208231086014 3.334208231086014 3.334208231086014
 61793840 16 39923.906 39923.906 39923.906 49.52929405254085 49.52929405254085 49.52929405254085 3.095580878283803 3.095580878283803 3.095580878283803
 67973216 8 24830.818 24830.818 24830.818 43.79926009686834 43.79926009686834 43.79926009686834 2.737453756054271 2.737453756054271 2.737453756054271
 74770528 8 30287.981 30287.981 30287.981 39.49845478310357 39.49845478310357 39.49845478310357 2.468653423943973 2.468653423943973 2.468653423943973
 82247568 8 35082.817 35082.817 35082.817 37.51013175481319 37.51013175481319 37.51013175481319 2.344383234675824 2.344383234675824 2.344383234675824
 90472320 8 39958.0 39958.0 39958.0 36.22696631463036 36.22696631463036 36.22696631463036 2.2641853946643975 2.2641853946643975 2.2641853946643975
 99519552 8 45502.901 45502.901 45502.901 34.99365528364884 34.99365528364884 34.99365528364884 2.1871034552280526 2.1871034552280526 2.1871034552280526
 109471504 8 50837.04 50837.04 50837.04 34.45409221307928 34.45409221307928 34.45409221307928 2.153380763317455 2.153380763317455 2.153380763317455
 120418640 8 56379.795 56379.795 56379.795 34.17355880772536 34.17355880772536 34.17355880772536 2.135847425482835 2.135847425482835 2.135847425482835
 132460496 8 62125.206 62125.206 62125.206 34.11446130255086 34.11446130255086 34.11446130255086 2.1321538314094286 2.1321538314094286 2.1321538314094286
 145706544 4 34369.946 34369.946 34369.946 33.91487295324816 33.91487295324816 33.91487295324816 2.11967955957801 2.11967955957801 2.11967955957801
 160277184 4 37674.189 37674.189 37674.189 34.03437488727362 34.03437488727362 34.03437488727362 2.1271484304546013 2.1271484304546013 2.1271484304546013
 176304896 4 41711.092 41711.092 41711.092 33.814486755705175 33.814486755705175 33.814486755705175 2.1134054222315735 2.1134054222315735 2.1134054222315735
 193935376 4 45849.085 45849.085 45849.085 33.8389088462725 33.8389088462725 33.8389088462725 2.1149318028920314 2.1149318028920314 2.1149318028920314
 213328912 4 50449.848 50449.848 50449.848 33.82827428934969 33.82827428934969 33.82827428934969 2.114267143084356 2.114267143084356 2.114267143084356
 234661792 4 55307.865 55307.865 55307.865 33.94262888289035 33.94262888289035 33.94262888289035 2.1214143051806467 2.1214143051806467 2.1214143051806467
 258127968 4 61009.884 61009.884 61009.884 33.84736387959695 33.84736387959695 33.84736387959695 2.1154602424748092 2.1154602424748092 2.1154602424748092
 283940752 2 33586.025 33586.025 33586.025 33.81653553821865 33.81653553821865 33.81653553821865 2.1135334711386657 2.1135334711386657 2.1135334711386657
 312334816 2 36926.985 36926.985 36926.985 33.83269075447129 33.83269075447129 33.83269075447129 2.1145431721544554 2.1145431721544554 2.1145431721544554
 343568288 2 40605.783 40605.783 40605.783 33.84427168908428 33.84427168908428 33.84427168908428 2.1152669805677675 2.1152669805677675 2.1152669805677675
 377925104 2 44713.02 44713.02 44713.02 33.8089535441802 33.8089535441802 33.8089535441802 2.1130595965112624 2.1130595965112624 2.1130595965112624
 415717600 2 49179.077 49179.077 49179.077 33.81255813320775 33.81255813320775 33.81255813320775 2.1132848833254845 2.1132848833254845 2.1132848833254845
 457289360 2 56623.936 56623.936 56623.936 32.30360814197021 32.30360814197021 32.30360814197021 2.018975508873138 2.018975508873138 2.018975508873138
 503018288 2 59610.128 59610.128 59610.128 33.75388074992894 33.75388074992894 33.75388074992894 2.1096175468705587 2.1096175468705587 2.1096175468705587
 553320112 1 32515.049 32515.049 32515.049 34.03470878976686 34.03470878976686 34.03470878976686 2.1271692993604288 2.1271692993604288 2.1271692993604288
 608652112 1 35815.001 35815.001 35815.001 33.98866927296749 33.98866927296749 33.98866927296749 2.1242918295604682 2.1242918295604682 2.1242918295604682
 669517312 1 39540.052 39540.052 39540.052 33.865272205509484 33.865272205509484 33.865272205509484 2.1165795128443428 2.1165795128443428 2.1165795128443428
 736469040 1 43416.977 43416.977 43416.977 33.92539466762046 33.92539466762046 33.92539466762046 2.1203371667262787 2.1203371667262787 2.1203371667262787
 810115936 1 47966.957 47966.957 47966.957 33.778083358508646 33.778083358508646 33.778083358508646 2.1111302099067903 2.1111302099067903 2.1111302099067903
 891127520 1 52735.09 52735.09 52735.09 33.796378085255945 33.796378085255945 33.796378085255945 2.1122736303284966 2.1122736303284966 2.1122736303284966
 980240272 1 58010.817 58010.817 58010.817 33.79508590613367 33.79508590613367 33.79508590613367 2.1121928691333545 2.1121928691333545 2.1121928691333545
 
META_DATA
 MPI startup(): shm:tmi fabric is unknown or has been removed from the product, please use ofi or shm:ofi instead
 FLOPS          1
 MPI_PROCS      2
 OPENMP_THREADS 1
 ERT_VERSION  1.1.0
 HOSTNAME  ('shas0339.rc.int.colorado.edu', [], ['10.225.6.91'])
 UNAME  uname_result(system='Linux', node='shas0339.rc.int.colorado.edu', release='3.10.0-957.27.2.el7.x86_64', version='#1 SMP Mon Jul 29 17:46:05 UTC 2019', machine='x86_64', processor='x86_64')
 TIMESTAMP_DATA  1664517183.9877536
 CONFIG  {'ERT_RESULTS': ['lab5_results'], 'ERT_DRIVER': ['driver1'], 'ERT_KERNEL': ['kernel1'], 'ERT_MPI': ['True'], 'ERT_MPI_CFLAGS': ['-I/usr/include/mpi'], 'ERT_MPI_LDFLAGS': ['-lmpi'], 'ERT_OPENMP': ['True'], 'ERT_OPENMP_CFLAGS': ['-qopenmp'], 'ERT_OPENMP_LDFLAGS': ['-qopenmp'], 'ERT_FLOPS': ['1,2,4,8,16'], 'ERT_ALIGN': ['32'], 'ERT_CC': ['mpicc'], 'ERT_CFLAGS': ['-O3', '-msse3', '-axSSE3', '-xSSE3', '-fno-alias', '-fno-fnalias', '-DERT_INTEL', '-std=c++11'], 'ERT_LD': ['mpicc'], 'ERT_LDFLAGS': [], 'ERT_LDLIBS': [], 'ERT_PRECISION': ['FP64'], 'ERT_RUN': ['export', 'OMP_NUM_THREADS=ERT_OPENMP_THREADS;', 'mpirun', '-np', 'ERT_MPI_PROCS', 'ERT_CODE'], 'ERT_PROCS_THREADS': ['1-8'], 'ERT_MPI_PROCS': ['1,2'], 'ERT_OPENMP_THREADS': ['1'], 'ERT_NUM_EXPERIMENTS': ['1'], 'ERT_MEMORY_MAX': ['1073741824'], 'ERT_WORKING_SET_MIN': ['1'], 'ERT_TRIALS_MIN': ['1'], 'ERT_GNUPLOT': ['gnuplot'], 'ERT_GPU': [False], 'ERT_HIP': [False], 'ERT_OCL': [False], 'ERT_SYCL': [False], 'ERT_WSS_MULT': [1.1]}
 