fp64
 8 134217728 2659680.128 2659680.128 2659680.128 0.8074217742924009 0.8074217742924009 0.8074217742924009 0.8074217742924009 0.8074217742924009 0.8074217742924009
 16 67108864 1350203.991 1350203.991 1350203.991 1.5904882982974387 1.5904882982974387 1.5904882982974387 1.5904882982974387 1.5904882982974387 1.5904882982974387
 24 33554432 683338.881 683338.881 683338.881 2.3569751126161953 2.3569751126161953 2.3569751126161953 2.3569751126161953 2.3569751126161953 2.3569751126161953
 32 33554432 676773.071 676773.071 676773.071 3.173122188249716 3.173122188249716 3.173122188249716 3.173122188249716 3.173122188249716 3.173122188249716
 40 16777216 339509.964 339509.964 339509.964 3.953278025148034 3.953278025148034 3.953278025148034 3.953278025148034 3.953278025148034 3.953278025148034
 48 16777216 338835.001 338835.001 338835.001 4.753383597463711 4.753383597463711 4.753383597463711 4.753383597463711 4.753383597463711 4.753383597463711
 56 16777216 346961.021 346961.021 346961.021 5.415732829538797 5.415732829538797 5.415732829538797 5.415732829538797 5.415732829538797 5.415732829538797
 64 16777216 347366.81 347366.81 347366.81 6.18217856795242 6.18217856795242 6.18217856795242 6.18217856795242 6.18217856795242 6.18217856795242
 72 8388608 175774.097 175774.097 175774.097 6.872227322550261 6.872227322550261 6.872227322550261 6.872227322550261 6.872227322550261 6.872227322550261
 80 8388608 175851.107 175851.107 175851.107 7.632464207347868 7.632464207347868 7.632464207347868 7.632464207347868 7.632464207347868 7.632464207347868
 88 8388608 199777.126 199777.126 199777.126 7.390210468840161 7.390210468840161 7.390210468840161 7.390210468840161 7.390210468840161 7.390210468840161
 96 8388608 200418.949 200418.949 200418.949 8.036229827749471 8.036229827749471 8.036229827749471 8.036229827749471 8.036229827749471 8.036229827749471
 104 8388608 232883.93 232883.93 232883.93 7.492275074540352 7.492275074540352 7.492275074540352 7.492275074540352 7.492275074540352 7.492275074540352
 112 8388608 234341.86 234341.86 234341.86 8.01840606710214 8.01840606710214 8.01840606710214 8.01840606710214 8.01840606710214 8.01840606710214
 120 8388608 265425.92 265425.92 265425.92 7.58503886884898 7.58503886884898 7.58503886884898 7.58503886884898 7.58503886884898 7.58503886884898
 128 8388608 180581.093 180581.093 180581.093 11.892073595988258 11.892073595988258 11.892073595988258 11.892073595988258 11.892073595988258 11.892073595988258
 136 4194304 110275.984 110275.984 110275.984 10.345413811950207 10.345413811950207 10.345413811950207 10.345413811950207 10.345413811950207 10.345413811950207
 144 4194304 115166.903 115166.903 115166.903 10.488773428247871 10.488773428247871 10.488773428247871 10.488773428247871 10.488773428247871 10.488773428247871
 152 4194304 133867.025 133867.025 133867.025 9.524887969983647 9.524887969983647 9.524887969983647 9.524887969983647 9.524887969983647 9.524887969983647
 160 4194304 130396.843 130396.843 130396.843 10.293019747418272 10.293019747418272 10.293019747418272 10.293019747418272 10.293019747418272 10.293019747418272
 176 4194304 149279.118 149279.118 149279.118 9.890164329615077 9.890164329615077 9.890164329615077 9.890164329615077 9.890164329615077 9.890164329615077
 192 4194304 163589.001 163589.001 163589.001 9.845483046870616 9.845483046870616 9.845483046870616 9.845483046870616 9.845483046870616 9.845483046870616
 208 4194304 178616.047 178616.047 178616.047 9.768609782300244 9.768609782300244 9.768609782300244 9.768609782300244 9.768609782300244 9.768609782300244
 224 4194304 196861.982 196861.982 196861.982 9.545002914783211 9.545002914783211 9.545002914783211 9.545002914783211 9.545002914783211 9.545002914783211
 240 4194304 212950.945 212950.945 212950.945 9.454130011022022 9.454130011022022 9.454130011022022 9.454130011022022 9.454130011022022 9.454130011022022
 264 2097152 100286.007 100286.007 100286.007 11.041383430491953 11.041383430491953 11.041383430491953 11.041383430491953 11.041383430491953 11.041383430491953
 288 2097152 111756.086 111756.086 111756.086 10.808892788174418 10.808892788174418 10.808892788174418 10.808892788174418 10.808892788174418 10.808892788174418
 312 2097152 126955.032 126955.032 126955.032 10.307766674423744 10.307766674423744 10.307766674423744 10.307766674423744 10.307766674423744 10.307766674423744
 336 2097152 134397.03 134397.03 134397.03 10.485991721692065 10.485991721692065 10.485991721692065 10.485991721692065 10.485991721692065 10.485991721692065
 368 2097152 152328.014 152328.014 152328.014 10.132764364668997 10.132764364668997 10.132764364668997 10.132764364668997 10.132764364668997 10.132764364668997
 400 2097152 147047.043 147047.043 147047.043 11.40942086132259 11.40942086132259 11.40942086132259 11.40942086132259 11.40942086132259 11.40942086132259
 440 2097152 172020.912 172020.912 172020.912 10.72831052075808 10.72831052075808 10.72831052075808 10.72831052075808 10.72831052075808 10.72831052075808
 480 2097152 188050.032 188050.032 188050.032 10.706012110649361 10.706012110649361 10.706012110649361 10.706012110649361 10.706012110649361 10.706012110649361
 528 1048576 96770.048 96770.048 96770.048 11.442551480391948 11.442551480391948 11.442551480391948 11.442551480391948 11.442551480391948 11.442551480391948
 576 1048576 110767.841 110767.841 110767.841 10.905327223990941 10.905327223990941 10.905327223990941 10.905327223990941 10.905327223990941 10.905327223990941
 632 1048576 125859.022 125859.022 125859.022 10.530830789389102 10.530830789389102 10.530830789389102 10.530830789389102 10.530830789389102 10.530830789389102
 688 1048576 128151.894 128151.894 128151.894 11.25883146135944 11.25883146135944 11.25883146135944 11.25883146135944 11.25883146135944 11.25883146135944
 752 1048576 143795.013 143795.013 143795.013 10.967406108861368 10.967406108861368 10.967406108861368 10.967406108861368 10.967406108861368 10.967406108861368
 824 1048576 154908.18 154908.18 154908.18 11.155338911089135 11.155338911089135 11.155338911089135 11.155338911089135 11.155338911089135 11.155338911089135
 904 1048576 164056.778 164056.778 164056.778 11.555910283694589 11.555910283694589 11.555910283694589 11.555910283694589 11.555910283694589 11.555910283694589
 992 1048576 188941.002 188941.002 188941.002 11.010711079006557 11.010711079006557 11.010711079006557 11.010711079006557 11.010711079006557 11.010711079006557
 1088 524288 100257.874 100257.874 100257.874 11.379162977264011 11.379162977264011 11.379162977264011 11.379162977264011 11.379162977264011 11.379162977264011
 1192 524288 109842.062 109842.062 109842.062 11.379088932252564 11.379088932252564 11.379088932252564 11.379088932252564 11.379088932252564 11.379088932252564
 1304 524288 119474.173 119474.173 119474.173 11.44467519352488 11.44467519352488 11.44467519352488 11.44467519352488 11.44467519352488 11.44467519352488
 1432 524288 130745.173 130745.173 130745.173 11.484636851564686 11.484636851564686 11.484636851564686 11.484636851564686 11.484636851564686 11.484636851564686
 1568 524288 142398.119 142398.119 142398.119 11.546270270606593 11.546270270606593 11.546270270606593 11.546270270606593 11.546270270606593 11.546270270606593
 1720 524288 160959.005 160959.005 160959.005 11.205031492335578 11.205031492335578 11.205031492335578 11.205031492335578 11.205031492335578 11.205031492335578
 1888 524288 173099.041 173099.041 173099.041 11.436871496012504 11.436871496012504 11.436871496012504 11.436871496012504 11.436871496012504 11.436871496012504
 2072 262144 94105.005 94105.005 94105.005 11.543750898265186 11.543750898265186 11.543750898265186 11.543750898265186 11.543750898265186 11.543750898265186
 2272 262144 103490.114 103490.114 103490.114 11.510107487175054 11.510107487175054 11.510107487175054 11.510107487175054 11.510107487175054 11.510107487175054
 2496 262144 112792.015 112792.015 112792.015 11.602087683246017 11.602087683246017 11.602087683246017 11.602087683246017 11.602087683246017 11.602087683246017
 2744 262144 124368.906 124368.906 124368.906 11.567571978159878 11.567571978159878 11.567571978159878 11.567571978159878 11.567571978159878 11.567571978159878
 3016 262144 136429.071 136429.071 136429.071 11.590290811259722 11.590290811259722 11.590290811259722 11.590290811259722 11.590290811259722 11.590290811259722
 3312 262144 150171.995 150171.995 150171.995 11.56302049526611 11.56302049526611 11.56302049526611 11.56302049526611 11.56302049526611 11.56302049526611
 3640 262144 164225.101 164225.101 164225.101 11.620685926690342 11.620685926690342 11.620685926690342 11.620685926690342 11.620685926690342 11.620685926690342
 4000 262144 179167.986 179167.986 179167.986 11.704948226632407 11.704948226632407 11.704948226632407 11.704948226632407 11.704948226632407 11.704948226632407
 4400 131072 99179.029 99179.029 99179.029 11.629813395329773 11.629813395329773 11.629813395329773 11.629813395329773 11.629813395329773 11.629813395329773
 4840 131072 109715.939 109715.939 109715.939 11.564199072297054 11.564199072297054 11.564199072297054 11.564199072297054 11.564199072297054 11.564199072297054
 5320 131072 120255.947 120255.947 120255.947 11.596982226583771 11.596982226583771 11.596982226583771 11.596982226583771 11.596982226583771 11.596982226583771
 5848 131072 131639.957 131639.957 131639.957 11.645537927363497 11.645537927363497 11.645537927363497 11.645537927363497 11.645537927363497 11.645537927363497
 6432 131072 144052.029 144052.029 144052.029 11.704869550987027 11.704869550987027 11.704869550987027 11.704869550987027 11.704869550987027 11.704869550987027
 7072 131072 158025.026 158025.026 158025.026 11.731574516557902 11.731574516557902 11.731574516557902 11.731574516557902 11.731574516557902 11.731574516557902
 7776 131072 178195.953 178195.953 178195.953 11.43927069993559 11.43927069993559 11.43927069993559 11.43927069993559 11.43927069993559 11.43927069993559
 8552 65536 96268.892 96268.892 96268.892 11.64371710022382 11.64371710022382 11.64371710022382 11.64371710022382 11.64371710022382 11.64371710022382
 9400 65536 106015.921 106015.921 106015.921 11.621620492265496 11.621620492265496 11.621620492265496 11.621620492265496 11.621620492265496 11.621620492265496
 10336 65536 115984.917 115984.917 115984.917 11.680485937667223 11.680485937667223 11.680485937667223 11.680485937667223 11.680485937667223 11.680485937667223
 11368 65536 127526.045 127526.045 127526.045 11.684095558675876 11.684095558675876 11.684095558675876 11.684095558675876 11.684095558675876 11.684095558675876
 12504 65536 141849.995 141849.995 141849.995 11.553925595838052 11.553925595838052 11.553925595838052 11.553925595838052 11.553925595838052 11.553925595838052
 13752 65536 154284.954 154284.954 154284.954 11.682941837607833 11.682941837607833 11.682941837607833 11.682941837607833 11.682941837607833 11.682941837607833
 15120 65536 169275.045 169275.045 169275.045 11.707624357742748 11.707624357742748 11.707624357742748 11.707624357742748 11.707624357742748 11.707624357742748
 16632 32768 93693.018 93693.018 93693.018 11.633681732826664 11.633681732826664 11.633681732826664 11.633681732826664 11.633681732826664 11.633681732826664
 18288 32768 102803.946 102803.946 102803.946 11.65833039132564 11.65833039132564 11.65833039132564 11.65833039132564 11.65833039132564 11.65833039132564
 20112 32768 112752.199 112752.199 112752.199 11.68988315695732 11.68988315695732 11.68988315695732 11.68988315695732 11.68988315695732 11.68988315695732
 22120 32768 124054.909 124054.909 124054.909 11.685602219900867 11.685602219900867 11.685602219900867 11.685602219900867 11.685602219900867 11.685602219900867
 24328 32768 136711.121 136711.121 136711.121 11.662253928851918 11.662253928851918 11.662253928851918 11.662253928851918 11.662253928851918 11.662253928851918
 26760 32768 153955.936 153955.936 153955.936 11.391203259613194 11.391203259613194 11.391203259613194 11.391203259613194 11.391203259613194 11.391203259613194
 29432 32768 165406.942 165406.942 165406.942 11.661273273524396 11.661273273524396 11.661273273524396 11.661273273524396 11.661273273524396 11.661273273524396
 32368 32768 182376.146 182376.146 182376.146 11.631286736369567 11.631286736369567 11.631286736369567 11.631286736369567 11.631286736369567 11.631286736369567
 35600 16384 99860.907 99860.907 99860.907 11.68165636628956 11.68165636628956 11.68165636628956 11.68165636628956 11.68165636628956 11.68165636628956
 39160 16384 109915.972 109915.972 109915.972 11.674325911433508 11.674325911433508 11.674325911433508 11.674325911433508 11.674325911433508 11.674325911433508
 43072 16384 120568.037 120568.037 120568.037 11.706114913358006 11.706114913358006 11.706114913358006 11.706114913358006 11.706114913358006 11.706114913358006
 47376 16384 132700.92 132700.92 132700.92 11.69861345347116 11.69861345347116 11.69861345347116 11.69861345347116 11.69861345347116 11.69861345347116
 52112 16384 150045.872 150045.872 150045.872 11.380559779745223 11.380559779745223 11.380559779745223 11.380559779745223 11.380559779745223 11.380559779745223
 57320 16384 160482.883 160482.883 160482.883 11.703813670894734 11.703813670894734 11.703813670894734 11.703813670894734 11.703813670894734 11.703813670894734
 63048 16384 176484.108 176484.108 176484.108 11.706192061213805 11.706192061213805 11.706192061213805 11.706192061213805 11.706192061213805 11.706192061213805
 69352 8192 97126.961 97126.961 97126.961 11.698741073552172 11.698741073552172 11.698741073552172 11.698741073552172 11.698741073552172 11.698741073552172
 76280 8192 106754.065 106754.065 106754.065 11.707015746894507 11.707015746894507 11.707015746894507 11.707015746894507 11.707015746894507 11.707015746894507
 83904 8192 117303.848 117303.848 117303.848 11.71899438456614 11.71899438456614 11.71899438456614 11.71899438456614 11.71899438456614 11.71899438456614
 92288 8192 129159.927 129159.927 129159.927 11.706778000888773 11.706778000888773 11.706778000888773 11.706778000888773 11.706778000888773 11.706778000888773
 101512 8192 142054.081 142054.081 142054.081 11.708024129204707 11.708024129204707 11.708024129204707 11.708024129204707 11.708024129204707 11.708024129204707
 111656 8192 156129.837 156129.837 156129.837 11.716991057897538 11.716991057897538 11.716991057897538 11.716991057897538 11.716991057897538 11.716991057897538
 122816 8192 171867.132 171867.132 171867.132 11.70798232671969 11.70798232671969 11.70798232671969 11.70798232671969 11.70798232671969 11.70798232671969
 135096 4096 94492.912 94492.912 94492.912 11.7120576408948 11.7120576408948 11.7120576408948 11.7120576408948 11.7120576408948 11.7120576408948
 148600 4096 103965.044 103965.044 103965.044 11.709043281893866 11.709043281893866 11.709043281893866 11.709043281893866 11.709043281893866 11.709043281893866
 163456 4096 114380.836 114380.836 114380.836 11.706782349448819 11.706782349448819 11.706782349448819 11.706782349448819 11.706782349448819 11.706782349448819
 179800 4096 125810.146 125810.146 125810.146 11.707494560891776 11.707494560891776 11.707494560891776 11.707494560891776 11.707494560891776 11.707494560891776
 197776 4096 138571.024 138571.024 138571.024 11.692061913318906 11.692061913318906 11.692061913318906 11.692061913318906 11.692061913318906 11.692061913318906
 217552 4096 152321.1 152321.1 152321.1 11.700191135699518 11.700191135699518 11.700191135699518 11.700191135699518 11.700191135699518 11.700191135699518
 239304 4096 167541.981 167541.981 167541.981 11.700818841338636 11.700818841338636 11.700818841338636 11.700818841338636 11.700818841338636 11.700818841338636
 263232 2048 92248.917 92248.917 92248.917 11.687923360661243 11.687923360661243 11.687923360661243 11.687923360661243 11.687923360661243 11.687923360661243
 289552 2048 101541.042 101541.042 101541.042 11.680055361259736 11.680055361259736 11.680055361259736 11.680055361259736 11.680055361259736 11.680055361259736
 318504 2048 111723.9 111723.9 111723.9 11.67693200828113 11.67693200828113 11.67693200828113 11.67693200828113 11.67693200828113 11.67693200828113
 350352 2048 122834.206 122834.206 122834.206 11.682753841385193 11.682753841385193 11.682753841385193 11.682753841385193 11.682753841385193 11.682753841385193
 385384 2048 135056.973 135056.973 135056.973 11.687903474632147 11.687903474632147 11.687903474632147 11.687903474632147 11.687903474632147 11.687903474632147
 423920 2048 148757.935 148757.935 148757.935 11.672495453771928 11.672495453771928 11.672495453771928 11.672495453771928 11.672495453771928 11.672495453771928
 466312 2048 163436.89 163436.89 163436.89 11.686553458035085 11.686553458035085 11.686553458035085 11.686553458035085 11.686553458035085 11.686553458035085
 512936 2048 179840.803 179840.803 179840.803 11.682475950688453 11.682475950688453 11.682475950688453 11.682475950688453 11.682475950688453 11.682475950688453
 564224 1024 98908.901 98908.901 98908.901 11.682778196069533 11.682778196069533 11.682778196069533 11.682778196069533 11.682778196069533 11.682778196069533
 620640 1024 108781.099 108781.099 108781.099 11.684665182505647 11.684665182505647 11.684665182505647 11.684665182505647 11.684665182505647 11.684665182505647
 682704 1024 119646.072 119646.072 119646.072 11.685948135430639 11.685948135430639 11.685948135430639 11.685948135430639 11.685948135430639 11.685948135430639
 750968 1024 132884.979 132884.979 132884.979 11.573787162204392 11.573787162204392 11.573787162204392 11.573787162204392 11.573787162204392 11.573787162204392
 826064 1024 144807.1 144807.1 144807.1 11.682984273561173 11.682984273561173 11.682984273561173 11.682984273561173 11.682984273561173 11.682984273561173
 908664 1024 159094.095 159094.095 159094.095 11.69712723781483 11.69712723781483 11.69712723781483 11.69712723781483 11.69712723781483 11.69712723781483
 999528 1024 175163.984 175163.984 175163.984 11.686382652726145 11.686382652726145 11.686382652726145 11.686382652726145 11.686382652726145 11.686382652726145
 1099480 512 96305.132 96305.132 96305.132 11.69062849111717 11.69062849111717 11.69062849111717 11.69062849111717 11.69062849111717 11.69062849111717
 1209424 512 106013.06 106013.06 106013.06 11.682052909330228 11.682052909330228 11.682052909330228 11.682052909330228 11.682052909330228 11.682052909330228
 1330360 512 116692.066 116692.066 116692.066 11.674218194062997 11.674218194062997 11.674218194062997 11.674218194062997 11.674218194062997 11.674218194062997
 1463392 512 132358.074 132358.074 132358.074 11.321662235731837 11.321662235731837 11.321662235731837 11.321662235731837 11.321662235731837 11.321662235731837
 1609728 512 141166.21 141166.21 141166.21 11.676742415908171 11.676742415908171 11.676742415908171 11.676742415908171 11.676742415908171 11.676742415908171
 1770696 512 155097.961 155097.961 155097.961 11.690628892277958 11.690628892277958 11.690628892277958 11.690628892277958 11.690628892277958 11.690628892277958
 1947760 512 170686.007 170686.007 170686.007 11.685235802604486 11.685235802604486 11.685235802604486 11.685235802604486 11.685235802604486 11.685235802604486
 2142536 256 93888.044 93888.044 93888.044 11.683899091560583 11.683899091560583 11.683899091560583 11.683899091560583 11.683899091560583 11.683899091560583
 2356784 256 103363.991 103363.991 103363.991 11.674021062131782 11.674021062131782 11.674021062131782 11.674021062131782 11.674021062131782 11.674021062131782
 2592456 256 113662.958 113662.958 113662.958 11.677836784786122 11.677836784786122 11.677836784786122 11.677836784786122 11.677836784786122 11.677836784786122
 2851696 256 129169.941 129169.941 129169.941 11.30346844394703 11.30346844394703 11.30346844394703 11.30346844394703 11.30346844394703 11.30346844394703
 3136864 256 137602.091 137602.091 137602.091 11.671874724636272 11.671874724636272 11.671874724636272 11.671874724636272 11.671874724636272 11.671874724636272
 3450544 256 151478.052 151478.052 151478.052 11.662934033506055 11.662934033506055 11.662934033506055 11.662934033506055 11.662934033506055 11.662934033506055
 3795592 256 166408.062 166408.062 166408.062 11.678178813235624 11.678178813235624 11.678178813235624 11.678178813235624 11.678178813235624 11.678178813235624
 4175144 256 183037.996 183037.996 183037.996 11.67885234058179 11.67885234058179 11.67885234058179 11.67885234058179 11.67885234058179 11.67885234058179
 4592656 128 100816.011 100816.011 100816.011 11.662035864521558 11.662035864521558 11.662035864521558 11.662035864521558 11.662035864521558 11.662035864521558
 5051920 128 110960.96 110960.96 110960.96 11.655374286595933 11.655374286595933 11.655374286595933 11.655374286595933 11.655374286595933 11.655374286595933
 5557112 128 122007.847 122007.847 122007.847 11.66007520811346 11.66007520811346 11.66007520811346 11.66007520811346 11.66007520811346 11.66007520811346
 6112816 128 134327.888 134327.888 134327.888 11.649709671605944 11.649709671605944 11.649709671605944 11.649709671605944 11.649709671605944 11.649709671605944
 6724096 128 147846.937 147846.937 147846.937 11.64290996437755 11.64290996437755 11.64290996437755 11.64290996437755 11.64290996437755 11.64290996437755
 7396504 128 164810.896 164810.896 164810.896 11.488955341884676 11.488955341884676 11.488955341884676 11.488955341884676 11.488955341884676 11.488955341884676
 8136152 128 178793.907 178793.907 178793.907 11.649473670263273 11.649473670263273 11.649473670263273 11.649473670263273 11.649473670263273 11.649473670263273
 8949760 64 98499.775 98499.775 98499.775 11.630171541000982 11.630171541000982 11.630171541000982 11.630171541000982 11.630171541000982 11.630171541000982
 9844736 64 108378.887 108378.887 108378.887 11.627045108887305 11.627045108887305 11.627045108887305 11.627045108887305 11.627045108887305 11.627045108887305
 10829208 64 119071.96 119071.96 119071.96 11.641184238505858 11.641184238505858 11.641184238505858 11.641184238505858 11.641184238505858 11.641184238505858
 11912128 64 131091.833 131091.833 131091.833 11.631177542539966 11.631177542539966 11.631177542539966 11.631177542539966 11.631177542539966 11.631177542539966
 13103336 64 144070.148 144070.148 144070.148 11.641738634154802 11.641738634154802 11.641738634154802 11.641738634154802 11.641738634154802 11.641738634154802
 14413664 64 158721.924 158721.924 158721.924 11.623781677444889 11.623781677444889 11.623781677444889 11.623781677444889 11.623781677444889 11.623781677444889
 15855024 64 174513.102 174513.102 174513.102 11.629173103575912 11.629173103575912 11.629173103575912 11.629173103575912 11.629173103575912 11.629173103575912
 17440520 32 95973.969 95973.969 95973.969 11.630166925783804 11.630166925783804 11.630166925783804 11.630166925783804 11.630166925783804 11.630166925783804
 19184568 32 105581.045 105581.045 105581.045 11.629098310212784 11.629098310212784 11.629098310212784 11.629098310212784 11.629098310212784 11.629098310212784
 21103024 32 116188.049 116188.049 116188.049 11.62420358741027 11.62420358741027 11.62420358741027 11.62420358741027 11.62420358741027 11.62420358741027
 23213320 32 130194.902 130194.902 130194.902 11.41098811994958 11.41098811994958 11.41098811994958 11.41098811994958 11.41098811994958 11.41098811994958
 25534648 32 140732.05 140732.05 140732.05 11.612262252983596 11.612262252983596 11.612262252983596 11.612262252983596 11.612262252983596 11.612262252983596
 28088112 32 163538.933 163538.933 163538.933 10.992117503909604 10.992117503909604 10.992117503909604 10.992117503909604 10.992117503909604 10.992117503909604
 30896920 32 197012.901 197012.901 197012.901 10.036920780126982 10.036920780126982 10.036920780126982 10.036920780126982 10.036920780126982 10.036920780126982
 33986608 16 114551.067 114551.067 114551.067 9.494206247768954 9.494206247768954 9.494206247768954 9.494206247768954 9.494206247768954 9.494206247768954
 37385264 16 130601.883 130601.883 130601.883 9.160116382089223 9.160116382089223 9.160116382089223 9.160116382089223 9.160116382089223 9.160116382089223
 41123784 16 147632.122 147632.122 147632.122 8.913785632641654 8.913785632641654 8.913785632641654 8.913785632641654 8.913785632641654 8.913785632641654
 45236160 16 165560.961 165560.961 165560.961 8.743348137487557 8.743348137487557 8.743348137487557 8.743348137487557 8.743348137487557 8.743348137487557
 49759776 16 180509.09 180509.09 180509.09 8.82123350131564 8.82123350131564 8.82123350131564 8.82123350131564 8.82123350131564 8.82123350131564
 54735752 16 199016.094 199016.094 199016.094 8.801017188087311 8.801017188087311 8.801017188087311 8.801017188087311 8.801017188087311 8.801017188087311
 60209320 16 217684.031 217684.031 217684.031 8.850893798452308 8.850893798452308 8.850893798452308 8.850893798452308 8.850893798452308 8.850893798452308
 66230248 16 242207.05 242207.05 242207.05 8.750232233124512 8.750232233124512 8.750232233124512 8.750232233124512 8.750232233124512 8.750232233124512
 72853272 8 133274.078 133274.078 133274.078 8.746279617856368 8.746279617856368 8.746279617856368 8.746279617856368 8.746279617856368 8.746279617856368
 80138592 8 146564.96 146564.96 146564.96 8.748458512866922 8.748458512866922 8.748458512866922 8.748458512866922 8.748458512866922 8.748458512866922
 88152448 8 161387.92 161387.92 161387.92 8.73943457478106 8.73943457478106 8.73943457478106 8.73943457478106 8.73943457478106 8.73943457478106
 96967688 8 176896.095 176896.095 176896.095 8.770589356424177 8.770589356424177 8.770589356424177 8.770589356424177 8.770589356424177 8.770589356424177
 106664456 8 195418.119 195418.119 195418.119 8.733229573251599 8.733229573251599 8.733229573251599 8.733229573251599 8.733229573251599 8.733229573251599
 117330896 8 214307.07 214307.07 214307.07 8.75983389628723 8.75983389628723 8.75983389628723 8.75983389628723 8.75983389628723 8.75983389628723
 129063984 8 235805.035 235805.035 235805.035 8.757335245195252 8.757335245195252 8.757335245195252 8.757335245195252 8.757335245195252 8.757335245195252
 141970376 4 129998.922 129998.922 129998.922 8.73671097057251 8.73671097057251 8.73671097057251 8.73671097057251 8.73671097057251 8.73671097057251
 156167408 4 143006.086 143006.086 143006.086 8.736266399179682 8.736266399179682 8.736266399179682 8.736266399179682 8.736266399179682 8.736266399179682
 171784144 4 157248.02 157248.02 157248.02 8.739525953967497 8.739525953967497 8.739525953967497 8.739525953967497 8.739525953967497 8.739525953967497
 188962552 4 173365.116 173365.116 173365.116 8.719749687128521 8.719749687128521 8.719749687128521 8.719749687128521 8.719749687128521 8.719749687128521
 207858800 4 165876.865 165876.865 165876.865 10.024727679776202 10.024727679776202 10.024727679776202 10.024727679776202 10.024727679776202 10.024727679776202
 228644680 4 182567.835 182567.835 182567.835 10.019056423602766 10.019056423602766 10.019056423602766 10.019056423602766 10.019056423602766 10.019056423602766
 251509144 4 200572.014 200572.014 200572.014 10.031674468802015 10.031674468802015 10.031674468802015 10.031674468802015 10.031674468802015 10.031674468802015
 276660056 2 110347.986 110347.986 110347.986 10.0286399789843 10.0286399789843 10.0286399789843 10.0286399789843 10.0286399789843 10.0286399789843
 304326056 2 121245.861 121245.861 121245.861 10.039965191059181 10.039965191059181 10.039965191059181 10.039965191059181 10.039965191059181 10.039965191059181
 334758656 2 134396.076 134396.076 134396.076 9.96334613221892 9.96334613221892 9.96334613221892 9.96334613221892 9.96334613221892 9.96334613221892
 368234520 2 146857.977 146857.977 146857.977 10.029677039606776 10.029677039606776 10.029677039606776 10.029677039606776 10.029677039606776 10.029677039606776
 405057968 2 161669.97 161669.97 161669.97 10.021848040177158 10.021848040177158 10.021848040177158 10.021848040177158 10.021848040177158 10.021848040177158
 445563760 2 177874.804 177874.804 177874.804 10.019716114486906 10.019716114486906 10.019716114486906 10.019716114486906 10.019716114486906 10.019716114486906
 490120136 2 195629.835 195629.835 195629.835 10.021378099102318 10.021378099102318 10.021378099102318 10.021378099102318 10.021378099102318 10.021378099102318
 539132144 1 108242.035 108242.035 108242.035 9.961603992386136 9.961603992386136 9.961603992386136 9.961603992386136 9.961603992386136 9.961603992386136
 593045352 1 120484.114 120484.114 120484.114 9.844374205216797 9.844374205216797 9.844374205216797 9.844374205216797 9.844374205216797 9.844374205216797
 652349880 1 134401.083 134401.083 134401.083 9.707509276543552 9.707509276543552 9.707509276543552 9.707509276543552 9.707509276543552 9.707509276543552
 717584864 1 148797.989 148797.989 148797.989 9.645088200755186 9.645088200755186 9.645088200755186 9.645088200755186 9.645088200755186 9.645088200755186
 789343344 1 165203.094 165203.094 165203.094 9.556035845188225 9.556035845188225 9.556035845188225 9.556035845188225 9.556035845188225 9.556035845188225
 868277672 1 183182.001 183182.001 183182.001 9.479945270387127 9.479945270387127 9.479945270387127 9.479945270387127 9.479945270387127 9.479945270387127
 955105432 1 202904.94 202904.94 202904.94 9.414314230102036 9.414314230102036 9.414314230102036 9.414314230102036 9.414314230102036 9.414314230102036
 1050615968 1 224960.804 224960.804 224960.804 9.340435749865119 9.340435749865119 9.340435749865119 9.340435749865119 9.340435749865119 9.340435749865119
 
META_DATA
 MPI startup(): shm:tmi fabric is unknown or has been removed from the product, please use ofi or shm:ofi instead
 FLOPS          16
 MPI_PROCS      1
 OPENMP_THREADS 1
 ERT_VERSION  1.1.0
 HOSTNAME  ('shas0420.rc.int.colorado.edu', [], ['10.225.6.135'])
 UNAME  uname_result(system='Linux', node='shas0420.rc.int.colorado.edu', release='3.10.0-957.27.2.el7.x86_64', version='#1 SMP Mon Jul 29 17:46:05 UTC 2019', machine='x86_64', processor='x86_64')
 TIMESTAMP_DATA  1664555479.3987281
 CONFIG  {'ERT_RESULTS': ['lab5_results'], 'ERT_DRIVER': ['driver1'], 'ERT_KERNEL': ['kernel1'], 'ERT_MPI': ['True'], 'ERT_MPI_CFLAGS': ['-I/usr/include/mpi'], 'ERT_MPI_LDFLAGS': ['-lmpi'], 'ERT_OPENMP': ['True'], 'ERT_OPENMP_CFLAGS': ['-qopenmp'], 'ERT_OPENMP_LDFLAGS': ['-qopenmp'], 'ERT_FLOPS': ['1,2,4,8,16'], 'ERT_ALIGN': ['32'], 'ERT_CC': ['mpicc'], 'ERT_CFLAGS': ['-O3', '-msse3', '-axSSE3', '-xSSE3', '-fno-alias', '-fno-fnalias', '-DERT_INTEL', '-std=c++11'], 'ERT_LD': ['mpicc'], 'ERT_LDFLAGS': [], 'ERT_LDLIBS': [], 'ERT_PRECISION': ['FP64'], 'ERT_RUN': ['export', 'OMP_NUM_THREADS=ERT_OPENMP_THREADS;', 'mpirun', '-np', 'ERT_MPI_PROCS', 'ERT_CODE'], 'ERT_PROCS_THREADS': ['1-24'], 'ERT_MPI_PROCS': ['1,2,4,8,12,24'], 'ERT_OPENMP_THREADS': ['1,2,4,8,12,24'], 'ERT_NUM_EXPERIMENTS': ['1'], 'ERT_MEMORY_MAX': ['1073741824'], 'ERT_WORKING_SET_MIN': ['1'], 'ERT_TRIALS_MIN': ['1'], 'ERT_GNUPLOT': ['gnuplot'], 'ERT_GPU': [False], 'ERT_HIP': [False], 'ERT_OCL': [False], 'ERT_SYCL': [False], 'ERT_WSS_MULT': [1.1]}
 