fp64
 16 67108864 1865575.075 1865575.075 1865575.075 1.1511108165936448 1.1511108165936448 1.1511108165936448 0.5755554082968224 0.5755554082968224 0.5755554082968224
 32 33554432 960829.973 960829.973 960829.973 2.235029826655918 2.235029826655918 2.235029826655918 1.117514913327959 1.117514913327959 1.117514913327959
 48 16777216 480418.205 480418.205 480418.205 3.3525222800414065 3.3525222800414065 3.3525222800414065 1.6762611400207033 1.6762611400207033 1.6762611400207033
 64 16777216 484117.031 484117.031 484117.031 4.4358770927024045 4.4358770927024045 4.4358770927024045 2.2179385463512022 2.2179385463512022 2.2179385463512022
 80 8388608 241295.099 241295.099 241295.099 5.562389313178715 5.562389313178715 5.562389313178715 2.7811946565893577 2.7811946565893577 2.7811946565893577
 96 8388608 240341.902 240341.902 240341.902 6.701339727269031 6.701339727269031 6.701339727269031 3.3506698636345154 3.3506698636345154 3.3506698636345154
 112 8388608 242433.071 242433.071 242433.071 7.7507915246431045 7.7507915246431045 7.7507915246431045 3.8753957623215523 3.8753957623215523 3.8753957623215523
 128 8388608 241792.917 241792.917 241792.917 8.881499403061506 8.881499403061506 8.881499403061506 4.440749701530753 4.440749701530753 4.440749701530753
 144 4194304 130681.992 130681.992 130681.992 9.243504277161614 9.243504277161614 9.243504277161614 4.621752138580807 4.621752138580807 4.621752138580807
 160 4194304 130702.972 130702.972 130702.972 10.268911712275372 10.268911712275372 10.268911712275372 5.134455856137686 5.134455856137686 5.134455856137686
 176 4194304 134307.146 134307.146 134307.146 10.992676502857114 10.992676502857114 10.992676502857114 5.496338251428557 5.496338251428557 5.496338251428557
 192 4194304 132717.133 132717.133 132717.133 12.135680598223892 12.135680598223892 12.135680598223892 6.067840299111946 6.067840299111946 6.067840299111946
 208 4194304 135880.947 135880.947 135880.947 12.840876535839866 12.840876535839866 12.840876535839866 6.420438267919933 6.420438267919933 6.420438267919933
 224 4194304 136168.003 136168.003 136168.003 13.7994840975967 13.7994840975967 13.7994840975967 6.89974204879835 6.89974204879835 6.89974204879835
 240 4194304 154855.013 154855.013 154855.013 13.000973497706527 13.000973497706527 13.000973497706527 6.500486748853263 6.500486748853263 6.500486748853263
 256 4194304 130450.964 130450.964 130450.964 16.46199906962742 16.46199906962742 16.46199906962742 8.23099953481371 8.23099953481371 8.23099953481371
 272 2097152 71229.935 71229.935 71229.935 16.01644993779652 16.01644993779652 16.01644993779652 8.00822496889826 8.00822496889826 8.00822496889826
 288 2097152 72125.196 72125.196 72125.196 16.74809385613316 16.74809385613316 16.74809385613316 8.37404692806658 8.37404692806658 8.37404692806658
 304 2097152 84146.976 84146.976 84146.976 15.152872706917003 15.152872706917003 15.152872706917003 7.576436353458502 7.576436353458502 7.576436353458502
 320 2097152 85077.047 85077.047 85077.047 15.776020998942288 15.776020998942288 15.776020998942288 7.888010499471144 7.888010499471144 7.888010499471144
 352 2097152 93327.999 93327.999 93327.999 15.819422079326912 15.819422079326912 15.819422079326912 7.909711039663456 7.909711039663456 7.909711039663456
 384 2097152 103775.024 103775.024 103775.024 15.520234772482441 15.520234772482441 15.520234772482441 7.7601173862412205 7.7601173862412205 7.7601173862412205
 416 2097152 112257.957 112257.957 112257.957 15.543044881887528 15.543044881887528 15.543044881887528 7.771522440943764 7.771522440943764 7.771522440943764
 448 2097152 120948.792 120948.792 120948.792 15.535898795913562 15.535898795913562 15.535898795913562 7.767949397956781 7.767949397956781 7.767949397956781
 480 2097152 129060.984 129060.984 129060.984 15.599338061764662 15.599338061764662 15.599338061764662 7.799669030882331 7.799669030882331 7.799669030882331
 528 1048576 64429.998 64429.998 64429.998 17.18603585863839 17.18603585863839 17.18603585863839 8.593017929319196 8.593017929319196 8.593017929319196
 576 1048576 71615.934 71615.934 71615.934 16.867189807229213 16.867189807229213 16.867189807229213 8.433594903614607 8.433594903614607 8.433594903614607
 624 1048576 81956.863 81956.863 81956.863 15.96721494818561 15.96721494818561 15.96721494818561 7.983607474092805 7.983607474092805 7.983607474092805
 672 1048576 85917.95 85917.95 85917.95 16.40269750383942 16.40269750383942 16.40269750383942 8.20134875191971 8.20134875191971 8.20134875191971
 736 1048576 94223.976 94223.976 94223.976 16.38122203631059 16.38122203631059 16.38122203631059 8.190611018155295 8.190611018155295 8.190611018155295
 800 1048576 93544.96 93544.96 93544.96 17.934922415916365 17.934922415916365 17.934922415916365 8.967461207958182 8.967461207958182 8.967461207958182
 880 1048576 109849.93 109849.93 109849.93 16.80013596731468 16.80013596731468 16.80013596731468 8.40006798365734 8.40006798365734 8.40006798365734
 960 1048576 117250.919 117250.919 117250.919 17.170576889039136 17.170576889039136 17.170576889039136 8.585288444519568 8.585288444519568 8.585288444519568
 1056 524288 61055.899 61055.899 61055.899 18.135778428223617 18.135778428223617 18.135778428223617 9.067889214111808 9.067889214111808 9.067889214111808
 1152 524288 68934.917 68934.917 68934.917 17.523188604114804 17.523188604114804 17.523188604114804 8.761594302057402 8.761594302057402 8.761594302057402
 1264 524288 77331.781 77331.781 77331.781 17.139137969678988 17.139137969678988 17.139137969678988 8.569568984839494 8.569568984839494 8.569568984839494
 1376 524288 80542.088 80542.088 80542.088 17.914119335967552 17.914119335967552 17.914119335967552 8.957059667983776 8.957059667983776 8.957059667983776
 1504 524288 89468.956 89468.956 89468.956 17.626877237731485 17.626877237731485 17.626877237731485 8.813438618865742 8.813438618865742 8.813438618865742
 1648 524288 97862.959 97862.959 97862.959 17.657888803464445 17.657888803464445 17.657888803464445 8.828944401732223 8.828944401732223 8.828944401732223
 1808 524288 103188.992 103188.992 103188.992 18.372360958812354 18.372360958812354 18.372360958812354 9.186180479406177 9.186180479406177 9.186180479406177
 1984 524288 115421.057 115421.057 115421.057 18.024222252617214 18.024222252617214 18.024222252617214 9.012111126308607 9.012111126308607 9.012111126308607
 2176 262144 62814.951 62814.951 62814.951 18.162088321934693 18.162088321934693 18.162088321934693 9.081044160967346 9.081044160967346 9.081044160967346
 2384 262144 68675.995 68675.995 68675.995 18.19999247189648 18.19999247189648 18.19999247189648 9.09999623594824 9.09999623594824 9.09999623594824
 2608 262144 74671.984 74671.984 74671.984 18.311326829082244 18.311326829082244 18.311326829082244 9.155663414541122 9.155663414541122 9.155663414541122
 2864 262144 81653.118 81653.118 81653.118 18.389510024589633 18.389510024589633 18.389510024589633 9.194755012294817 9.194755012294817 9.194755012294817
 3136 262144 88531.971 88531.971 88531.971 18.57145107500205 18.57145107500205 18.57145107500205 9.285725537501024 9.285725537501024 9.285725537501024
 3440 262144 98549.128 98549.128 98549.128 18.301031745303725 18.301031745303725 18.301031745303725 9.150515872651862 9.150515872651862 9.150515872651862
 3776 262144 107417.822 107417.822 107417.822 18.43000957513363 18.43000957513363 18.43000957513363 9.215004787566816 9.215004787566816 9.215004787566816
 4144 131072 58445.93 58445.93 58445.93 18.58683292403765 18.58683292403765 18.58683292403765 9.293416462018826 9.293416462018826 9.293416462018826
 4544 131072 64266.92 64266.92 64266.92 18.534921791802063 18.534921791802063 18.534921791802063 9.267460895901031 9.267460895901031 9.267460895901031
 4992 131072 70384.979 70384.979 70384.979 18.592359713569 18.592359713569 18.592359713569 9.2961798567845 9.2961798567845 9.2961798567845
 5488 131072 77574.015 77574.015 77574.015 18.545466184778498 18.545466184778498 18.545466184778498 9.272733092389249 9.272733092389249 9.272733092389249
 6032 131072 85180.044 85180.044 85180.044 18.5636509884874 18.5636509884874 18.5636509884874 9.2818254942437 9.2818254942437 9.2818254942437
 6624 131072 93060.017 93060.017 93060.017 18.65937608844408 18.65937608844408 18.65937608844408 9.32968804422204 9.32968804422204 9.32968804422204
 7280 131072 102247.0 102247.0 102247.0 18.66468766809784 18.66468766809784 18.66468766809784 9.33234383404892 9.33234383404892 9.33234383404892
 8000 131072 111540.079 111540.079 111540.079 18.801779762053062 18.801779762053062 18.801779762053062 9.400889881026531 9.400889881026531 9.400889881026531
 8800 65536 61553.001 61553.001 61553.001 18.738868637777713 18.738868637777713 18.738868637777713 9.369434318888857 9.369434318888857 9.369434318888857
 9680 65536 68522.93 68522.93 68522.93 18.51609322601938 18.51609322601938 18.51609322601938 9.25804661300969 9.25804661300969 9.25804661300969
 10640 65536 75109.005 75109.005 75109.005 18.56776134898871 18.56776134898871 18.56776134898871 9.283880674494355 9.283880674494355 9.283880674494355
 11696 65536 81650.972 81650.972 81650.972 18.77525857254951 18.77525857254951 18.77525857254951 9.387629286274755 9.387629286274755 9.387629286274755
 12864 65536 89312.077 89312.077 89312.077 18.878860112054053 18.878860112054053 18.878860112054053 9.439430056027026 9.439430056027026 9.439430056027026
 14144 65536 98155.975 98155.975 98155.975 18.887106648372654 18.887106648372654 18.887106648372654 9.443553324186327 9.443553324186327 9.443553324186327
 15552 65536 108140.945 108140.945 108140.945 18.84976817985084 18.84976817985084 18.84976817985084 9.42488408992542 9.42488408992542 9.42488408992542
 17104 32768 60059.786 60059.786 60059.786 18.663532101163334 18.663532101163334 18.663532101163334 9.331766050581667 9.331766050581667 9.331766050581667
 18800 32768 65366.983 65366.983 65366.983 18.848610467458776 18.848610467458776 18.848610467458776 9.424305233729388 9.424305233729388 9.424305233729388
 20672 32768 72134.018 72134.018 72134.018 18.781155265744385 18.781155265744385 18.781155265744385 9.390577632872192 9.390577632872192 9.390577632872192
 22736 32768 78979.969 78979.969 78979.969 18.865878460904437 18.865878460904437 18.865878460904437 9.432939230452218 9.432939230452218 9.432939230452218
 25008 32768 87169.17 87169.17 87169.17 18.8016507212355 18.8016507212355 18.8016507212355 9.40082536061775 9.40082536061775 9.40082536061775
 27504 32768 95775.127 95775.127 95775.127 18.820148826323145 18.820148826323145 18.820148826323145 9.410074413161572 9.410074413161572 9.410074413161572
 30240 32768 105125.904 105125.904 105125.904 18.851763120153525 18.851763120153525 18.851763120153525 9.425881560076762 9.425881560076762 9.425881560076762
 33264 16384 57865.858 57865.858 57865.858 18.836578073377915 18.836578073377915 18.836578073377915 9.418289036688957 9.418289036688957 9.418289036688957
 36576 16384 63534.021 63534.021 63534.021 18.864261212115 18.864261212115 18.864261212115 9.4321306060575 9.4321306060575 9.4321306060575
 40224 16384 69921.017 69921.017 69921.017 18.850698810630856 18.850698810630856 18.850698810630856 9.425349405315428 9.425349405315428 9.425349405315428
 44240 16384 77130.079 77130.079 77130.079 18.79495443016466 18.79495443016466 18.79495443016466 9.39747721508233 9.39747721508233 9.39747721508233
 48656 16384 84881.067 84881.067 84881.067 18.783456244724164 18.783456244724164 18.783456244724164 9.391728122362082 9.391728122362082 9.391728122362082
 53520 16384 93223.095 93223.095 93223.095 18.812327138462845 18.812327138462845 18.812327138462845 9.406163569231422 9.406163569231422 9.406163569231422
 58864 16384 102714.062 102714.062 102714.062 18.778884939824497 18.778884939824497 18.778884939824497 9.389442469912249 9.389442469912249 9.389442469912249
 64736 16384 112687.111 112687.111 112687.111 18.824417710025415 18.824417710025415 18.824417710025415 9.412208855012707 9.412208855012707 9.412208855012707
 71200 8192 62137.127 62137.127 62137.127 18.773652022888022 18.773652022888022 18.773652022888022 9.386826011444011 9.386826011444011 9.386826011444011
 78320 8192 68186.998 68186.998 68186.998 18.818761899445988 18.818761899445988 18.818761899445988 9.409380949722994 9.409380949722994 9.409380949722994
 86144 8192 75167.894 75167.894 75167.894 18.776411322631972 18.776411322631972 18.776411322631972 9.388205661315986 9.388205661315986 9.388205661315986
 94752 8192 82725.048 82725.048 82725.048 18.765982075948752 18.765982075948752 18.765982075948752 9.382991037974376 9.382991037974376 9.382991037974376
 104224 8192 90941.906 90941.906 90941.906 18.776888357717066 18.776888357717066 18.776888357717066 9.388444178858533 9.388444178858533 9.388444178858533
 114640 8192 99831.104 99831.104 99831.104 18.814394359497417 18.814394359497417 18.814394359497417 9.407197179748708 9.407197179748708 9.407197179748708
 126096 8192 109723.091 109723.091 109723.091 18.82882486422115 18.82882486422115 18.82882486422115 9.414412432110575 9.414412432110575 9.414412432110575
 138704 4096 60369.015 60369.015 60369.015 18.821959708966595 18.821959708966595 18.821959708966595 9.410979854483298 9.410979854483298 9.410979854483298
 152560 4096 66362.858 66362.858 66362.858 18.832394469810207 18.832394469810207 18.832394469810207 9.416197234905104 9.416197234905104 9.416197234905104
 167808 4096 73142.052 73142.052 73142.052 18.794702888565393 18.794702888565393 18.794702888565393 9.397351444282696 9.397351444282696 9.397351444282696
 184576 4096 80435.991 80435.991 80435.991 18.7981346807799 18.7981346807799 18.7981346807799 9.39906734038995 9.39906734038995 9.39906734038995
 203024 4096 88320.971 88320.971 88320.971 18.831004564023644 18.831004564023644 18.831004564023644 9.415502282011822 9.415502282011822 9.415502282011822
 223312 4096 97011.089 97011.089 97011.089 18.857348400655514 18.857348400655514 18.857348400655514 9.428674200327757 9.428674200327757 9.428674200327757
 245632 4096 107030.869 107030.869 107030.869 18.800345758194304 18.800345758194304 18.800345758194304 9.400172879097152 9.400172879097152 9.400172879097152
 270192 2048 58686.018 58686.018 58686.018 18.85809379672003 18.85809379672003 18.85809379672003 9.429046898360015 9.429046898360015 9.429046898360015
 297200 2048 64970.97 64970.97 64970.97 18.736540334860322 18.736540334860322 18.736540334860322 9.368270167430161 9.368270167430161 9.368270167430161
 326912 2048 72236.061 72236.061 72236.061 18.53688495002517 18.53688495002517 18.53688495002517 9.268442475012584 9.268442475012584 9.268442475012584
 359600 2048 79345.942 79345.942 79345.942 18.563288340568196 18.563288340568196 18.563288340568196 9.281644170284098 9.281644170284098 9.281644170284098
 395552 2048 87229.967 87229.967 87229.967 18.573674251189388 18.573674251189388 18.573674251189388 9.286837125594694 9.286837125594694 9.286837125594694
 435104 2048 96563.101 96563.101 96563.101 18.456180109625933 18.456180109625933 18.456180109625933 9.228090054812967 9.228090054812967 9.228090054812967
 478608 2048 105690.002 105690.002 105690.002 18.54838046081218 18.54838046081218 18.54838046081218 9.27419023040609 9.27419023040609 9.27419023040609
 526464 1024 58645.01 58645.01 58645.01 18.38516647878481 18.38516647878481 18.38516647878481 9.192583239392405 9.192583239392405 9.192583239392405
 579104 1024 65709.829 65709.829 65709.829 18.049126136061016 18.049126136061016 18.049126136061016 9.024563068030508 9.024563068030508 9.024563068030508
 637008 1024 72448.015 72448.015 72448.015 18.007289557898858 18.007289557898858 18.007289557898858 9.003644778949429 9.003644778949429 9.003644778949429
 700704 1024 79996.824 79996.824 79996.824 17.938734567762342 17.938734567762342 17.938734567762342 8.969367283881171 8.969367283881171 8.969367283881171
 770768 1024 87922.096 87922.096 87922.096 17.95376743520764 17.95376743520764 17.95376743520764 8.97688371760382 8.97688371760382 8.97688371760382
 847840 1024 97573.996 97573.996 97573.996 17.795482312726026 17.795482312726026 17.795482312726026 8.897741156363013 8.897741156363013 8.897741156363013
 932624 1024 106549.978 106549.978 106549.978 17.925991049946532 17.925991049946532 17.925991049946532 8.962995524973266 8.962995524973266 8.962995524973266
 1025872 1024 117072.105 117072.105 117072.105 17.946084218781237 17.946084218781237 17.946084218781237 8.973042109390619 8.973042109390619 8.973042109390619
 1128448 512 66833.019 66833.019 66833.019 17.289818255853444 17.289818255853444 17.289818255853444 8.644909127926722 8.644909127926722 8.644909127926722
 1241280 512 72237.015 72237.015 72237.015 17.595836705046572 17.595836705046572 17.595836705046572 8.797918352523286 8.797918352523286 8.797918352523286
 1365408 512 78552.008 78552.008 78552.008 17.7993895713016 17.7993895713016 17.7993895713016 8.8996947856508 8.8996947856508 8.8996947856508
 1501936 512 85804.939 85804.939 85804.939 17.924171754262304 17.924171754262304 17.924171754262304 8.962085877131152 8.962085877131152 8.962085877131152
 1652128 512 94775.915 94775.915 94775.915 17.850305871486444 17.850305871486444 17.850305871486444 8.925152935743222 8.925152935743222 8.925152935743222
 1817328 512 103922.844 103922.844 103922.844 17.906975986915832 17.906975986915832 17.906975986915832 8.953487993457916 8.953487993457916 8.953487993457916
 1999056 512 114296.198 114296.198 114296.198 17.90989884020464 17.90989884020464 17.90989884020464 8.95494942010232 8.95494942010232 8.95494942010232
 2198960 256 62901.974 62901.974 62901.974 17.898762922766142 17.898762922766142 17.898762922766142 8.949381461383071 8.949381461383071 8.949381461383071
 2418848 256 69700.003 69700.003 69700.003 17.76829444325849 17.76829444325849 17.76829444325849 8.884147221629245 8.884147221629245 8.884147221629245
 2660720 256 76267.004 76267.004 76267.004 17.86209721834622 17.86209721834622 17.86209721834622 8.93104860917311 8.93104860917311 8.93104860917311
 2926784 256 85222.006 85222.006 85222.006 17.58364392408224 17.58364392408224 17.58364392408224 8.79182196204112 8.79182196204112 8.79182196204112
 3219456 256 95392.942 95392.942 95392.942 17.279700546398914 17.279700546398914 17.279700546398914 8.639850273199457 8.639850273199457 8.639850273199457
 3541392 256 101774.931 101774.931 101774.931 17.815710471962884 17.815710471962884 17.815710471962884 8.907855235981442 8.907855235981442 8.907855235981442
 3895520 256 114638.09 114638.09 114638.09 17.398285683231464 17.398285683231464 17.398285683231464 8.699142841615732 8.699142841615732 8.699142841615732
 4285072 128 61620.951 61620.951 61620.951 17.802036713130246 17.802036713130246 17.802036713130246 8.901018356565123 8.901018356565123 8.901018356565123
 4713568 128 68373.919 68373.919 68373.919 17.64815335508266 17.64815335508266 17.64815335508266 8.82407667754133 8.82407667754133 8.82407667754133
 5184912 128 74692.011 74692.011 74692.011 17.77080914316258 17.77080914316258 17.77080914316258 8.88540457158129 8.88540457158129 8.88540457158129
 5703392 128 83782.911 83782.911 83782.911 17.42680380250813 17.42680380250813 17.42680380250813 8.713401901254064 8.713401901254064 8.713401901254064
 6273728 128 91974.974 91974.974 91974.974 17.462080152368404 17.462080152368404 17.462080152368404 8.731040076184202 8.731040076184202 8.731040076184202
 6901088 128 100654.84 100654.84 100654.84 17.551848753621783 17.551848753621783 17.551848753621783 8.775924376810892 8.775924376810892 8.775924376810892
 7591184 128 110131.979 110131.979 110131.979 17.645584158621176 17.645584158621176 17.645584158621176 8.822792079310588 8.822792079310588 8.822792079310588
 8350288 128 121538.877 121538.877 121538.877 17.58839460068403 17.58839460068403 17.58839460068403 8.794197300342015 8.794197300342015 8.794197300342015
 9185312 64 66755.772 66755.772 66755.772 17.612258847070184 17.612258847070184 17.612258847070184 8.806129423535092 8.806129423535092 8.806129423535092
 10103840 64 73688.03 73688.03 73688.03 17.55090372208349 17.55090372208349 17.55090372208349 8.775451861041745 8.775451861041745 8.775451861041745
 11114224 64 81048.012 81048.012 81048.012 17.55281390492342 17.55281390492342 17.55281390492342 8.77640695246171 8.77640695246171 8.77640695246171
 12225632 64 89511.156 89511.156 89511.156 17.482523586222033 17.482523586222033 17.482523586222033 8.741261793111017 8.741261793111017 8.741261793111017
 13448192 64 99596.024 99596.024 99596.024 17.283506980158162 17.283506980158162 17.283506980158162 8.641753490079081 8.641753490079081 8.641753490079081
 14793008 64 108353.138 108353.138 108353.138 17.47531321151031 17.47531321151031 17.47531321151031 8.737656605755156 8.737656605755156 8.737656605755156
 16272304 64 119354.01 119354.01 119354.01 17.451067727008084 17.451067727008084 17.451067727008084 8.725533863504042 8.725533863504042 8.725533863504042
 17899520 32 66272.02 66272.02 66272.02 17.2858663429906 17.2858663429906 17.2858663429906 8.6429331714953 8.6429331714953 8.6429331714953
 19689472 32 72948.933 72948.933 72948.933 17.27408690131218 17.27408690131218 17.27408690131218 8.63704345065609 8.63704345065609 8.63704345065609
 21658416 32 79894.066 79894.066 79894.066 17.349706848065537 17.349706848065537 17.349706848065537 8.674853424032769 8.674853424032769 8.674853424032769
 23824256 32 87785.006 87785.006 87785.006 17.369166483852606 17.369166483852606 17.369166483852606 8.684583241926303 8.684583241926303 8.684583241926303
 26206672 32 96642.017 96642.017 96642.017 17.355049698517778 17.355049698517778 17.355049698517778 8.677524849258889 8.677524849258889 8.677524849258889
 28827328 32 106167.078 106167.078 106167.078 17.37778816894631 17.37778816894631 17.37778816894631 8.688894084473155 8.688894084473155 8.688894084473155
 31710048 32 116943.836 116943.836 116943.836 17.35399779429161 17.35399779429161 17.35399779429161 8.676998897145806 8.676998897145806 8.676998897145806
 34881040 16 64534.903 64534.903 64534.903 17.29596277536824 17.29596277536824 17.29596277536824 8.64798138768412 8.64798138768412 8.64798138768412
 38369136 16 70933.104 70933.104 70933.104 17.30944062450728 17.30944062450728 17.30944062450728 8.65472031225364 8.65472031225364 8.65472031225364
 42206048 16 78320.98 78320.98 78320.98 17.244339077473242 17.244339077473242 17.244339077473242 8.622169538736621 8.622169538736621 8.622169538736621
 46426640 16 87203.979 87203.979 87203.979 17.03652169358006 17.03652169358006 17.03652169358006 8.51826084679003 8.51826084679003 8.51826084679003
 51069296 16 97939.014 97939.014 97939.014 16.686072334769474 16.686072334769474 16.686072334769474 8.343036167384737 8.343036167384737 8.343036167384737
 56176224 16 111413.956 111413.956 111413.956 16.13477550334897 16.13477550334897 16.13477550334897 8.067387751674485 8.067387751674485 8.067387751674485
 61793840 16 127810.955 127810.955 127810.955 15.471309795001533 15.471309795001533 15.471309795001533 7.735654897500766 7.735654897500766 7.735654897500766
 67973216 8 73539.019 73539.019 73539.019 14.789039489362784 14.789039489362784 14.789039489362784 7.394519744681392 7.394519744681392 7.394519744681392
 74770528 8 84756.136 84756.136 84756.136 14.11494794901929 14.11494794901929 14.11494794901929 7.057473974509645 7.057473974509645 7.057473974509645
 82247568 8 95445.871 95445.871 95445.871 13.787511960575014 13.787511960575014 13.787511960575014 6.893755980287507 6.893755980287507 6.893755980287507
 90472320 8 105967.999 105967.999 105967.999 13.660323245322392 13.660323245322392 13.660323245322392 6.830161622661196 6.830161622661196 6.830161622661196
 99519552 8 117903.948 117903.948 117903.948 13.505169750549827 13.505169750549827 13.505169750549827 6.752584875274914 6.752584875274914 6.752584875274914
 109471504 8 145310.879 145310.879 145310.879 12.053771032518496 12.053771032518496 12.053771032518496 6.026885516259248 6.026885516259248 6.026885516259248
 120418640 8 144175.053 144175.053 144175.053 13.363603480000105 13.363603480000105 13.363603480000105 6.6818017400000524 6.6818017400000524 6.6818017400000524
 132460496 8 158666.849 158666.849 158666.849 13.357345591453702 13.357345591453702 13.357345591453702 6.678672795726851 6.678672795726851 6.678672795726851
 145706544 4 87172.985 87172.985 87172.985 13.371715468960941 13.371715468960941 13.371715468960941 6.685857734480471 6.685857734480471 6.685857734480471
 160277184 4 97118.139 97118.139 97118.139 13.202656941356754 13.202656941356754 13.202656941356754 6.601328470678377 6.601328470678377 6.601328470678377
 176304896 4 105861.902 105861.902 105861.902 13.323387747180282 13.323387747180282 13.323387747180282 6.661693873590141 6.661693873590141 6.661693873590141
 193935376 4 118350.029 118350.029 118350.029 13.109274421893044 13.109274421893044 13.109274421893044 6.554637210946522 6.554637210946522 6.554637210946522
 213328912 4 128006.935 128006.935 128006.935 13.33233465827457 13.33233465827457 13.33233465827457 6.666167329137285 6.666167329137285 6.666167329137285
 234661792 4 141062.975 141062.975 141062.975 13.308200369374033 13.308200369374033 13.308200369374033 6.6541001846870165 6.6541001846870165 6.6541001846870165
 258127968 4 155360.937 155360.937 155360.937 13.291782245108369 13.291782245108369 13.291782245108369 6.645891122554184 6.645891122554184 6.645891122554184
 283940752 2 85216.045 85216.045 85216.045 13.328041778986575 13.328041778986575 13.328041778986575 6.664020889493288 6.664020889493288 6.664020889493288
 312334816 2 93869.925 93869.925 93869.925 13.30926027692043 13.30926027692043 13.30926027692043 6.654630138460215 6.654630138460215 6.654630138460215
 343568288 2 103204.012 103204.012 103204.012 13.316082634461925 13.316082634461925 13.316082634461925 6.658041317230962 6.658041317230962 6.658041317230962
 377925104 2 113512.039 113512.039 113512.039 13.317533799212258 13.317533799212258 13.317533799212258 6.658766899606129 6.658766899606129 6.658766899606129
 415717600 2 124831.915 124831.915 124831.915 13.32087551488736 13.32087551488736 13.32087551488736 6.66043775744368 6.66043775744368 6.66043775744368
 457289360 2 137248.039 137248.039 137248.039 13.327384881615686 13.327384881615686 13.327384881615686 6.663692440807843 6.663692440807843 6.663692440807843
 503018288 2 151132.822 151132.822 151132.822 13.313277191370121 13.313277191370121 13.313277191370121 6.6566385956850604 6.6566385956850604 6.6566385956850604
 553320112 1 83177.09 83177.09 83177.09 13.304627800756194 13.304627800756194 13.304627800756194 6.652313900378097 6.652313900378097 6.652313900378097
 608652112 1 91365.814 91365.814 91365.814 13.323410263711983 13.323410263711983 13.323410263711983 6.6617051318559914 6.6617051318559914 6.6617051318559914
 669517312 1 100546.122 100546.122 100546.122 13.3176158101851 13.3176158101851 13.3176158101851 6.65880790509255 6.65880790509255 6.65880790509255
 736469040 1 110586.882 110586.882 110586.882 13.319283927364912 13.319283927364912 13.319283927364912 6.659641963682456 6.659641963682456 6.659641963682456
 810115936 1 121726.99 121726.99 121726.99 13.310374897136615 13.310374897136615 13.310374897136615 6.655187448568308 6.655187448568308 6.655187448568308
 891127520 1 133884.192 133884.192 133884.192 13.311915420156547 13.311915420156547 13.311915420156547 6.655957710078273 6.655957710078273 6.655957710078273
 980240272 1 147301.197 147301.197 147301.197 13.309332061979102 13.309332061979102 13.309332061979102 6.654666030989551 6.654666030989551 6.654666030989551
 
META_DATA
 MPI startup(): shm:tmi fabric is unknown or has been removed from the product, please use ofi or shm:ofi instead
 FLOPS          8
 MPI_PROCS      2
 OPENMP_THREADS 1
 ERT_VERSION  1.1.0
 HOSTNAME  ('shas0543.rc.int.colorado.edu', [], ['10.225.6.221'])
 UNAME  uname_result(system='Linux', node='shas0543.rc.int.colorado.edu', release='3.10.0-957.27.2.el7.x86_64', version='#1 SMP Mon Jul 29 17:46:05 UTC 2019', machine='x86_64', processor='x86_64')
 TIMESTAMP_DATA  1664513941.7832398
 CONFIG  {'ERT_RESULTS': ['lab5_results'], 'ERT_DRIVER': ['driver1'], 'ERT_KERNEL': ['kernel1'], 'ERT_MPI': ['True'], 'ERT_MPI_CFLAGS': ['-I/usr/include/mpi'], 'ERT_MPI_LDFLAGS': ['-lmpi'], 'ERT_OPENMP': ['True'], 'ERT_OPENMP_CFLAGS': ['-qopenmp'], 'ERT_OPENMP_LDFLAGS': ['-qopenmp'], 'ERT_FLOPS': ['1,2,4,8,16'], 'ERT_ALIGN': ['32'], 'ERT_CC': ['mpicc'], 'ERT_CFLAGS': ['-O3', '-msse3', '-axSSE3', '-xSSE3', '-fno-alias', '-fno-fnalias', '-DERT_INTEL', '-std=c++11'], 'ERT_LD': ['mpicc'], 'ERT_LDFLAGS': [], 'ERT_LDLIBS': [], 'ERT_PRECISION': ['FP64'], 'ERT_RUN': ['export', 'OMP_NUM_THREADS=ERT_OPENMP_THREADS;', 'mpirun', '-np', 'ERT_MPI_PROCS', 'ERT_CODE'], 'ERT_PROCS_THREADS': ['1-24'], 'ERT_MPI_PROCS': ['2'], 'ERT_OPENMP_THREADS': ['1'], 'ERT_NUM_EXPERIMENTS': ['1'], 'ERT_MEMORY_MAX': ['1073741824'], 'ERT_WORKING_SET_MIN': ['1'], 'ERT_TRIALS_MIN': ['1'], 'ERT_GNUPLOT': ['gnuplot'], 'ERT_GPU': [False], 'ERT_HIP': [False], 'ERT_OCL': [False], 'ERT_SYCL': [False], 'ERT_WSS_MULT': [1.1]}
 