fp64
 192 4194304 95032.93 95032.93 95032.93 16.947943581240736 16.947943581240736 16.947943581240736 16.947943581240736 16.947943581240736 16.947943581240736
 384 2097152 48276.901 48276.901 48276.901 33.36197441505204 33.36197441505204 33.36197441505204 33.36197441505204 33.36197441505204 33.36197441505204
 576 1048576 24161.1 24161.1 24161.1 49.996049517613024 49.996049517613024 49.996049517613024 49.996049517613024 49.996049517613024 49.996049517613024
 768 1048576 24127.007 24127.007 24127.007 66.75559616656967 66.75559616656967 66.75559616656967 66.75559616656967 66.75559616656967 66.75559616656967
 960 1048576 24338.007 24338.007 24338.007 82.72106750565072 82.72106750565072 82.72106750565072 82.72106750565072 82.72106750565072 82.72106750565072
 1152 524288 12167.931 12167.931 12167.931 99.27403040007377 99.27403040007377 99.27403040007377 99.27403040007377 99.27403040007377 99.27403040007377
 1344 524288 12415.171 12415.171 12415.171 113.51322861360507 113.51322861360507 113.51322861360507 113.51322861360507 113.51322861360507 113.51322861360507
 1536 524288 12433.052 12433.052 12433.052 129.54282954820746 129.54282954820746 129.54282954820746 129.54282954820746 129.54282954820746 129.54282954820746
 1728 524288 12589.931 12589.931 12589.931 143.91971870219146 143.91971870219146 143.91971870219146 143.91971870219146 143.91971870219146 143.91971870219146
 1920 524288 12589.931 12589.931 12589.931 159.9107985579905 159.9107985579905 159.9107985579905 159.9107985579905 159.9107985579905 159.9107985579905
 2112 262144 7158.041 7158.041 7158.041 154.6926395084912 154.6926395084912 154.6926395084912 154.6926395084912 154.6926395084912 154.6926395084912
 2304 262144 7200.003 7200.003 7200.003 167.77209009496246 167.77209009496246 167.77209009496246 167.77209009496246 167.77209009496246 167.77209009496246
 2496 262144 8363.962 8363.962 8363.962 156.4596835805806 156.4596835805806 156.4596835805806 156.4596835805806 156.4596835805806 156.4596835805806
 2688 262144 8378.983 8378.983 8378.983 168.19298284767973 168.19298284767973 168.19298284767973 168.19298284767973 168.19298284767973 168.19298284767973
 2880 262144 9504.08 9504.08 9504.08 158.8738141934832 158.8738141934832 158.8738141934832 158.8738141934832 158.8738141934832 158.8738141934832
 3072 262144 6608.009 6608.009 6608.009 243.73646222334142 243.73646222334142 243.73646222334142 243.73646222334142 243.73646222334142 243.73646222334142
 3264 262144 8089.066 8089.066 8089.066 211.55421800242448 211.55421800242448 211.55421800242448 211.55421800242448 211.55421800242448 211.55421800242448
 3456 262144 8090.973 8090.973 8090.973 223.94578847315398 223.94578847315398 223.94578847315398 223.94578847315398 223.94578847315398 223.94578847315398
 3648 262144 9588.957 9588.957 9588.957 199.4588800429494 199.4588800429494 199.4588800429494 199.4588800429494 199.4588800429494 199.4588800429494
 3840 262144 9342.909 9342.909 9342.909 215.48598193560483 215.48598193560483 215.48598193560483 215.48598193560483 215.48598193560483 215.48598193560483
 4224 131072 5344.868 5344.868 5344.868 207.1699911017447 207.1699911017447 207.1699911017447 207.1699911017447 207.1699911017447 207.1699911017447
 4608 131072 5869.15 5869.15 5869.15 205.81507577758276 205.81507577758276 205.81507577758276 205.81507577758276 205.81507577758276 205.81507577758276
 4992 131072 6407.976 6407.976 6407.976 204.2178135498635 204.2178135498635 204.2178135498635 204.2178135498635 204.2178135498635 204.2178135498635
 5376 131072 7063.866 7063.866 7063.866 199.50635303670822 199.50635303670822 199.50635303670822 199.50635303670822 199.50635303670822 199.50635303670822
 5760 131072 7622.957 7622.957 7622.957 198.07922830995898 198.07922830995898 198.07922830995898 198.07922830995898 198.07922830995898 198.07922830995898
 6336 131072 7187.128 7187.128 7187.128 231.09987522136797 231.09987522136797 231.09987522136797 231.09987522136797 231.09987522136797 231.09987522136797
 6912 131072 8050.919 8050.919 8050.919 225.05993762948057 225.05993762948057 225.05993762948057 225.05993762948057 225.05993762948057 225.05993762948057
 7488 131072 9094.954 9094.954 9094.954 215.8267399703176 215.8267399703176 215.8267399703176 215.8267399703176 215.8267399703176 215.8267399703176
 8064 131072 10004.044 10004.044 10004.044 211.30746885959317 211.30746885959317 211.30746885959317 211.30746885959317 211.30746885959317 211.30746885959317
 8832 65536 5455.017 5455.017 5455.017 212.21343654841039 212.21343654841039 212.21343654841039 212.21343654841039 212.21343654841039 212.21343654841039
 9600 65536 5289.078 5289.078 5289.078 237.90369512417854 237.90369512417854 237.90369512417854 237.90369512417854 237.90369512417854 237.90369512417854
 10560 65536 6524.801 6524.801 6524.801 212.13218916561593 212.13218916561593 212.13218916561593 212.13218916561593 212.13218916561593 212.13218916561593
 11520 65536 6751.06 6751.06 6751.06 223.66109025841865 223.66109025841865 223.66109025841865 223.66109025841865 223.66109025841865 223.66109025841865
 12672 65536 6937.027 6937.027 6937.027 239.43173120127685 239.43173120127685 239.43173120127685 239.43173120127685 239.43173120127685 239.43173120127685
 13824 65536 7830.858 7830.858 7830.858 231.38452108313038 231.38452108313038 231.38452108313038 231.38452108313038 231.38452108313038 231.38452108313038
 15168 65536 9008.169 9008.169 9008.169 220.6996889156942 220.6996889156942 220.6996889156942 220.6996889156942 220.6996889156942 220.6996889156942
 16512 32768 4595.995 4595.995 4595.995 235.45074178714293 235.45074178714293 235.45074178714293 235.45074178714293 235.45074178714293 235.45074178714293
 18048 32768 5146.98 5146.98 5146.98 229.8034435727359 229.8034435727359 229.8034435727359 229.8034435727359 229.8034435727359 229.8034435727359
 19776 32768 5548.0 5548.0 5548.0 233.6048911319394 233.6048911319394 233.6048911319394 233.6048911319394 233.6048911319394 233.6048911319394
 21696 32768 5874.157 5874.157 5874.157 242.05499716810428 242.05499716810428 242.05499716810428 242.05499716810428 242.05499716810428 242.05499716810428
 23808 32768 6634.951 6634.951 6634.951 235.16090593585392 235.16090593585392 235.16090593585392 235.16090593585392 235.16090593585392 235.16090593585392
 26112 32768 7204.056 7204.056 7204.056 237.5434105453928 237.5434105453928 237.5434105453928 237.5434105453928 237.5434105453928 237.5434105453928
 28608 32768 7873.058 7873.058 7873.058 238.13540913835513 238.13540913835513 238.13540913835513 238.13540913835513 238.13540913835513 238.13540913835513
 31296 32768 8567.095 8567.095 8567.095 239.40608292542575 239.40608292542575 239.40608292542575 239.40608292542575 239.40608292542575 239.40608292542575
 34368 16384 4691.839 4691.839 4691.839 240.02755081749396 240.02755081749396 240.02755081749396 240.02755081749396 240.02755081749396 240.02755081749396
 37632 16384 5113.125 5113.125 5113.125 241.16863483681703 241.16863483681703 241.16863483681703 241.16863483681703 241.16863483681703 241.16863483681703
 41280 16384 5628.109 5628.109 5628.109 240.34059041855798 240.34059041855798 240.34059041855798 240.34059041855798 240.34059041855798 240.34059041855798
 45312 16384 6206.036 6206.036 6206.036 239.248308582161 239.248308582161 239.248308582161 239.248308582161 239.248308582161 239.248308582161
 49728 16384 6740.808 6740.808 6740.808 241.73468581214598 241.73468581214598 241.73468581214598 241.73468581214598 241.73468581214598 241.73468581214598
 54528 16384 7437.944 7437.944 7437.944 240.22411354535606 240.22411354535606 240.22411354535606 240.22411354535606 240.22411354535606 240.22411354535606
 59904 16384 8066.893 8066.893 8066.893 243.33213196208254 243.33213196208254 243.33213196208254 243.33213196208254 243.33213196208254 243.33213196208254
 65856 8192 4443.884 4443.884 4443.884 242.80217575436262 242.80217575436262 242.80217575436262 242.80217575436262 242.80217575436262 242.80217575436262
 72384 8192 4885.912 4885.912 4885.912 242.7263233558034 242.7263233558034 242.7263233558034 242.7263233558034 242.7263233558034 242.7263233558034
 79488 8192 5398.989 5398.989 5398.989 241.2176413028439 241.2176413028439 241.2176413028439 241.2176413028439 241.2176413028439 241.2176413028439
 87360 8192 5890.131 5890.131 5890.131 243.00074820067667 243.00074820067667 243.00074820067667 243.00074820067667 243.00074820067667 243.00074820067667
 96000 8192 6428.957 6428.957 6428.957 244.6530595864928 244.6530595864928 244.6530595864928 244.6530595864928 244.6530595864928 244.6530595864928
 105600 8192 7074.118 7074.118 7074.118 244.5747158868427 244.5747158868427 244.5747158868427 244.5747158868427 244.5747158868427 244.5747158868427
 116160 8192 7858.038 7858.038 7858.038 242.19346355922434 242.19346355922434 242.19346355922434 242.19346355922434 242.19346355922434 242.19346355922434
 127680 8192 8646.965 8646.965 8646.965 241.92408781578277 241.92408781578277 241.92408781578277 241.92408781578277 241.92408781578277 241.92408781578277
 140352 4096 4766.941 4766.941 4766.941 241.1952621188305 241.1952621188305 241.1952621188305 241.1952621188305 241.1952621188305 241.1952621188305
 154368 4096 5162.001 5162.001 5162.001 244.97915750113182 244.97915750113182 244.97915750113182 244.97915750113182 244.97915750113182 244.97915750113182
 169728 4096 5665.064 5665.064 5665.064 245.43619913208397 245.43619913208397 245.43619913208397 245.43619913208397 245.43619913208397 245.43619913208397
 186624 4096 6264.925 6264.925 6264.925 244.02906786593616 244.02906786593616 244.02906786593616 244.02906786593616 244.02906786593616 244.02906786593616
 205248 4096 6884.813 6884.813 6884.813 244.21747053986797 244.21747053986797 244.21747053986797 244.21747053986797 244.21747053986797 244.21747053986797
 225600 4096 7541.895 7541.895 7541.895 245.0465300829566 245.0465300829566 245.0465300829566 245.0465300829566 245.0465300829566 245.0465300829566
 248064 4096 8331.06 8331.06 8331.06 243.92337685720665 243.92337685720665 243.92337685720665 243.92337685720665 243.92337685720665 243.92337685720665
 272832 2048 4565.954 4565.954 4565.954 244.7505761118049 244.7505761118049 244.7505761118049 244.7505761118049 244.7505761118049 244.7505761118049
 300096 2048 5033.016 5033.016 5033.016 244.22597027309274 244.22597027309274 244.22597027309274 244.22597027309274 244.22597027309274 244.22597027309274
 330048 2048 5525.112 5525.112 5525.112 244.67858895892064 244.67858895892064 244.67858895892064 244.67858895892064 244.67858895892064 244.67858895892064
 362880 2048 6061.077 6061.077 6061.077 245.22976362121778 245.22976362121778 245.22976362121778 245.22976362121778 245.22976362121778 245.22976362121778
 399168 2048 6707.907 6707.907 6707.907 243.74102503210017 243.74102503210017 243.74102503210017 243.74102503210017 243.74102503210017 243.74102503210017
 438912 2048 7424.831 7424.831 7424.831 242.13124204443173 242.13124204443173 242.13124204443173 242.13124204443173 242.13124204443173 242.13124204443173
 482688 2048 8084.059 8084.059 8084.059 244.56650402972073 244.56650402972073 244.56650402972073 244.56650402972073 244.56650402972073 244.56650402972073
 530880 1024 4448.891 4448.891 4448.891 244.3850029142094 244.3850029142094 244.3850029142094 244.3850029142094 244.3850029142094 244.3850029142094
 583872 1024 4902.84 4902.84 4902.84 243.89330592065008 243.89330592065008 243.89330592065008 243.89330592065008 243.89330592065008 243.89330592065008
 642240 1024 5393.028 5393.028 5393.028 243.8903562154693 243.8903562154693 243.8903562154693 243.8903562154693 243.8903562154693 243.8903562154693
 706368 1024 5923.033 5923.033 5923.033 244.24001419542992 244.24001419542992 244.24001419542992 244.24001419542992 244.24001419542992 244.24001419542992
 776832 1024 6502.867 6502.867 6502.867 244.65392510718735 244.65392510718735 244.65392510718735 244.65392510718735 244.65392510718735 244.65392510718735
 854400 1024 7148.027 7148.027 7148.027 244.79638926937457 244.79638926937457 244.79638926937457 244.79638926937457 244.79638926937457 244.79638926937457
 939840 1024 7868.052 7868.052 7868.052 244.63390938443212 244.63390938443212 244.63390938443212 244.63390938443212 244.63390938443212 244.63390938443212
 1033728 1024 8643.15 8643.15 8643.15 244.94252026171014 244.94252026171014 244.94252026171014 244.94252026171014 244.94252026171014 244.94252026171014
 1137024 512 4754.066 4754.066 4754.066 244.90879512400545 244.90879512400545 244.90879512400545 244.90879512400545 244.90879512400545 244.90879512400545
 1250688 512 5238.056 5238.056 5238.056 244.49996563610625 244.49996563610625 244.49996563610625 244.49996563610625 244.49996563610625 244.49996563610625
 1375680 512 5765.915 5765.915 5765.915 244.31444445504314 244.31444445504314 244.31444445504314 244.31444445504314 244.31444445504314 244.31444445504314
 1513152 512 6335.974 6335.974 6335.974 244.55082170476078 244.55082170476078 244.55082170476078 244.55082170476078 244.55082170476078 244.55082170476078
 1664448 512 6956.1 6956.1 6956.1 245.02160003450206 245.02160003450206 245.02160003450206 245.02160003450206 245.02160003450206 245.02160003450206
 1830720 512 7658.958 7658.958 7658.958 244.76662230031818 244.76662230031818 244.76662230031818 244.76662230031818 244.76662230031818 244.76662230031818
 2013696 512 8417.13 8417.13 8417.13 244.97954813576607 244.97954813576607 244.97954813576607 244.97954813576607 244.97954813576607 244.97954813576607
 2214912 256 4626.036 4626.036 4626.036 245.14183287808393 245.14183287808393 245.14183287808393 245.14183287808393 245.14183287808393 245.14183287808393
 2436288 256 5090.952 5090.952 5090.952 245.01889941213352 245.01889941213352 245.01889941213352 245.01889941213352 245.01889941213352 245.01889941213352
 2679744 256 5610.943 5610.943 5610.943 244.52733310603938 244.52733310603938 244.52733310603938 244.52733310603938 244.52733310603938 244.52733310603938
 2947584 256 6161.213 6161.213 6161.213 244.94576116748442 244.94576116748442 244.94576116748442 244.94576116748442 244.94576116748442 244.94576116748442
 3242304 256 6778.955 6778.955 6778.955 244.88429971876198 244.88429971876198 244.88429971876198 244.88429971876198 244.88429971876198 244.88429971876198
 3566400 256 7457.018 7457.018 7457.018 244.86957118783943 244.86957118783943 244.86957118783943 244.86957118783943 244.86957118783943 244.86957118783943
 3922944 256 8201.122 8201.122 8201.122 244.91128506562885 244.91128506562885 244.91128506562885 244.91128506562885 244.91128506562885 244.91128506562885
 4315200 128 4520.893 4520.893 4520.893 244.35243214117213 244.35243214117213 244.35243214117213 244.35243214117213 244.35243214117213 244.35243214117213
 4746624 128 4969.12 4969.12 4969.12 244.53741185562032 244.53741185562032 244.53741185562032 244.53741185562032 244.53741185562032 244.53741185562032
 5221248 128 5455.017 5455.017 5455.017 245.02939000923374 245.02939000923374 245.02939000923374 245.02939000923374 245.02939000923374 245.02939000923374
 5743296 128 6012.917 6012.917 6012.917 244.5208832917534 244.5208832917534 244.5208832917534 244.5208832917534 244.5208832917534 244.5208832917534
 6317568 128 6619.93 6619.93 6619.93 244.30732772098796 244.30732772098796 244.30732772098796 244.30732772098796 244.30732772098796 244.30732772098796
 6949248 128 7277.012 7277.012 7277.012 244.469500393843 244.469500393843 244.469500393843 244.469500393843 244.469500393843 244.469500393843
 7644096 128 8004.904 8004.904 8004.904 244.46121727381117 244.46121727381117 244.46121727381117 244.46121727381117 244.46121727381117 244.46121727381117
 8408448 64 4408.121 4408.121 4408.121 244.15875698511908 244.15875698511908 244.15875698511908 244.15875698511908 244.15875698511908 244.15875698511908
 9249216 64 4847.765 4847.765 4847.765 244.21556077903938 244.21556077903938 244.21556077903938 244.21556077903938 244.21556077903938 244.21556077903938
 10174080 64 5319.834 5319.834 5319.834 244.79753315610978 244.79753315610978 244.79753315610978 244.79753315610978 244.79753315610978 244.79753315610978
 11191488 64 5872.965 5872.965 5872.965 243.91605671070744 243.91605671070744 243.91605671070744 243.91605671070744 243.91605671070744 243.91605671070744
 12310464 64 6450.891 6450.891 6450.891 244.26693800902854 244.26693800902854 244.26693800902854 244.26693800902854 244.26693800902854 244.26693800902854
 13541376 64 7102.966 7102.966 7102.966 244.02427492965614 244.02427492965614 244.02427492965614 244.02427492965614 244.02427492965614 244.02427492965614
 14895360 64 7791.042 7791.042 7791.042 244.71772581895976 244.71772581895976 244.71772581895976 244.71772581895976 244.71772581895976 244.71772581895976
 16384896 64 8576.155 8576.155 8576.155 244.54626671276347 244.54626671276347 244.54626671276347 244.54626671276347 244.54626671276347 244.54626671276347
 18023232 32 4730.94 4730.94 4730.94 243.8176869712996 243.8176869712996 243.8176869712996 243.8176869712996 243.8176869712996 243.8176869712996
 19825536 32 5192.995 5192.995 5192.995 244.33574536466915 244.33574536466915 244.33574536466915 244.33574536466915 244.33574536466915 244.33574536466915
 21807936 32 5707.979 5707.979 5707.979 244.51875243409268 244.51875243409268 244.51875243409268 244.51875243409268 244.51875243409268 244.51875243409268
 23988672 32 6285.906 6285.906 6285.906 244.24084738142759 244.24084738142759 244.24084738142759 244.24084738142759 244.24084738142759 244.24084738142759
 26387520 32 6902.933 6902.933 6902.933 244.64981479611637 244.64981479611637 244.64981479611637 244.64981479611637 244.64981479611637 244.64981479611637
 29026176 32 7597.923 7597.923 7597.923 244.49777445757218 244.49777445757218 244.49777445757218 244.49777445757218 244.49777445757218 244.49777445757218
 31928640 32 8359.909 8359.909 8359.909 244.43244059235573 244.43244059235573 244.43244059235573 244.43244059235573 244.43244059235573 244.43244059235573
 35121408 16 4605.055 4605.055 4605.055 244.05464342988301 244.05464342988301 244.05464342988301 244.05464342988301 244.05464342988301 244.05464342988301
 38633472 16 5073.071 5073.071 5073.071 243.6928448271274 243.6928448271274 243.6928448271274 243.6928448271274 243.6928448271274 243.6928448271274
 42496704 16 5568.027 5568.027 5568.027 244.2327467162067 244.2327467162067 244.2327467162067 244.2327467162067 244.2327467162067 244.2327467162067
 46746240 16 6153.107 6153.107 6153.107 243.1096485076564 243.1096485076564 243.1096485076564 243.1096485076564 243.1096485076564 243.1096485076564
 51420864 16 6782.055 6782.055 6782.055 242.62080564076814 242.62080564076814 242.62080564076814 242.62080564076814 242.62080564076814 242.62080564076814
 56562816 16 7578.135 7578.135 7578.135 238.84638001302432 238.84638001302432 238.84638001302432 238.84638001302432 238.84638001302432 238.84638001302432
 62218944 16 8670.807 8670.807 8670.807 229.62178814497886 229.62178814497886 229.62178814497886 229.62178814497886 229.62178814497886 229.62178814497886
 68440704 8 5904.913 5904.913 5904.913 185.44748483169866 185.44748483169866 185.44748483169866 185.44748483169866 185.44748483169866 185.44748483169866
 75284736 8 8817.196 8817.196 8817.196 136.61438126134433 136.61438126134433 136.61438126134433 136.61438126134433 136.61438126134433 136.61438126134433
 82813056 8 11722.088 11722.088 11722.088 113.0352285360765 113.0352285360765 113.0352285360765 113.0352285360765 113.0352285360765 113.0352285360765
 91094208 8 13988.018 13988.018 13988.018 104.19684389882826 104.19684389882826 104.19684389882826 104.19684389882826 104.19684389882826 104.19684389882826
 100203456 8 15797.138 15797.138 15797.138 101.49023804185288 101.49023804185288 101.49023804185288 101.49023804185288 101.49023804185288 101.49023804185288
 110223744 8 17749.071 17749.071 17749.071 99.36181471131646 99.36181471131646 99.36181471131646 99.36181471131646 99.36181471131646 99.36181471131646
 121246080 8 19912.004 19912.004 19912.004 97.42551678876723 97.42551678876723 97.42551678876723 97.42551678876723 97.42551678876723 97.42551678876723
 133370688 8 22038.937 22038.937 22038.937 96.82549607542322 96.82549607542322 96.82549607542322 96.82549607542322 96.82549607542322 96.82549607542322
 146707584 4 12053.967 12053.967 12053.967 97.36717148802548 97.36717148802548 97.36717148802548 97.36717148802548 97.36717148802548 97.36717148802548
 161378304 4 13658.047 13658.047 13658.047 94.52496627079991 94.52496627079991 94.52496627079991 94.52496627079991 94.52496627079991 94.52496627079991
 177516096 4 14450.788 14450.788 14450.788 98.2734483406718 98.2734483406718 98.2734483406718 98.2734483406718 98.2734483406718 98.2734483406718
 195267648 4 15915.871 15915.871 15915.871 98.14990232077152 98.14990232077152 98.14990232077152 98.14990232077152 98.14990232077152 98.14990232077152
 214794240 4 17603.874 17603.874 17603.874 97.6122596651169 97.6122596651169 97.6122596651169 97.6122596651169 97.6122596651169 97.6122596651169
 236273664 4 19252.062 19252.062 19252.062 98.18113571418999 98.18113571418999 98.18113571418999 98.18113571418999 98.18113571418999 98.18113571418999
 259900992 4 21136.045 21136.045 21136.045 98.37261114839602 98.37261114839602 98.37261114839602 98.37261114839602 98.37261114839602 98.37261114839602
 285891072 2 11705.875 11705.875 11705.875 97.69148295193654 97.69148295193654 97.69148295193654 97.69148295193654 97.69148295193654 97.69148295193654
 314480064 2 12904.882 12904.882 12904.882 97.47630826845221 97.47630826845221 97.47630826845221 97.47630826845221 97.47630826845221 97.47630826845221
 345927936 2 14067.173 14067.173 14067.173 98.36459280055772 98.36459280055772 98.36459280055772 98.36459280055772 98.36459280055772 98.36459280055772
 380520576 2 15459.061 15459.061 15459.061 98.45891053796863 98.45891053796863 98.45891053796863 98.45891053796863 98.45891053796863 98.45891053796863
 418572480 2 17070.055 17070.055 17070.055 98.08345198653431 98.08345198653431 98.08345198653431 98.08345198653431 98.08345198653431 98.08345198653431
 460429632 2 18802.881 18802.881 18802.881 97.94874136575133 97.94874136575133 97.94874136575133 97.94874136575133 97.94874136575133 97.94874136575133
 506472576 2 20902.872 20902.872 20902.872 96.91923215144789 96.91923215144789 96.91923215144789 96.91923215144789 96.91923215144789 96.91923215144789
 557119680 1 11402.13 11402.13 11402.13 97.72203614587801 97.72203614587801 97.72203614587801 97.72203614587801 97.72203614587801 97.72203614587801
 612831552 1 12700.081 12700.081 12700.081 96.50829030145555 96.50829030145555 96.50829030145555 96.50829030145555 96.50829030145555 96.50829030145555
 674114688 1 13996.84 13996.84 13996.84 96.3238399524464 96.3238399524464 96.3238399524464 96.3238399524464 96.3238399524464 96.3238399524464
 741526080 1 15321.97 15321.97 15321.97 96.79252472103784 96.79252472103784 96.79252472103784 96.79252472103784 96.79252472103784 96.79252472103784
 815678592 1 16908.884 16908.884 16908.884 96.47929360684006 96.47929360684006 96.47929360684006 96.47929360684006 96.47929360684006 96.47929360684006
 897246336 1 18525.839 18525.839 18525.839 96.86431324378886 96.86431324378886 96.86431324378886 96.86431324378886 96.86431324378886 96.86431324378886
 986970816 1 20122.051 20122.051 20122.051 98.09843101978025 98.09843101978025 98.09843101978025 98.09843101978025 98.09843101978025 98.09843101978025
 
META_DATA
 MPI startup(): shm:tmi fabric is unknown or has been removed from the product, please use ofi or shm:ofi instead
 FLOPS          16
 MPI_PROCS      12
 OPENMP_THREADS 2
 ERT_VERSION  1.1.0
 HOSTNAME  ('shas0420.rc.int.colorado.edu', [], ['10.225.6.135'])
 UNAME  uname_result(system='Linux', node='shas0420.rc.int.colorado.edu', release='3.10.0-957.27.2.el7.x86_64', version='#1 SMP Mon Jul 29 17:46:05 UTC 2019', machine='x86_64', processor='x86_64')
 TIMESTAMP_DATA  1664555823.250867
 CONFIG  {'ERT_RESULTS': ['lab5_results'], 'ERT_DRIVER': ['driver1'], 'ERT_KERNEL': ['kernel1'], 'ERT_MPI': ['True'], 'ERT_MPI_CFLAGS': ['-I/usr/include/mpi'], 'ERT_MPI_LDFLAGS': ['-lmpi'], 'ERT_OPENMP': ['True'], 'ERT_OPENMP_CFLAGS': ['-qopenmp'], 'ERT_OPENMP_LDFLAGS': ['-qopenmp'], 'ERT_FLOPS': ['1,2,4,8,16'], 'ERT_ALIGN': ['32'], 'ERT_CC': ['mpicc'], 'ERT_CFLAGS': ['-O3', '-msse3', '-axSSE3', '-xSSE3', '-fno-alias', '-fno-fnalias', '-DERT_INTEL', '-std=c++11'], 'ERT_LD': ['mpicc'], 'ERT_LDFLAGS': [], 'ERT_LDLIBS': [], 'ERT_PRECISION': ['FP64'], 'ERT_RUN': ['export', 'OMP_NUM_THREADS=ERT_OPENMP_THREADS;', 'mpirun', '-np', 'ERT_MPI_PROCS', 'ERT_CODE'], 'ERT_PROCS_THREADS': ['1-24'], 'ERT_MPI_PROCS': ['1,2,4,8,12,24'], 'ERT_OPENMP_THREADS': ['1,2,4,8,12,24'], 'ERT_NUM_EXPERIMENTS': ['1'], 'ERT_MEMORY_MAX': ['1073741824'], 'ERT_WORKING_SET_MIN': ['1'], 'ERT_TRIALS_MIN': ['1'], 'ERT_GNUPLOT': ['gnuplot'], 'ERT_GPU': [False], 'ERT_HIP': [False], 'ERT_OCL': [False], 'ERT_SYCL': [False], 'ERT_WSS_MULT': [1.1]}
 