fp64
 192 4194304 118346.93 118346.93 118346.93 13.609248131742836 13.609248131742836 13.609248131742836 6.804624065871418 6.804624065871418 6.804624065871418
 384 2097152 87002.039 87002.039 87002.039 18.512356198916212 18.512356198916212 18.512356198916212 9.256178099458106 9.256178099458106 9.256178099458106
 576 1048576 61990.023 61990.023 61990.023 19.48635431220924 19.48635431220924 19.48635431220924 9.74317715610462 9.74317715610462 9.74317715610462
 768 1048576 59999.943 59999.943 59999.943 26.843571101392545 26.843571101392545 26.843571101392545 13.421785550696272 13.421785550696272 13.421785550696272
 960 1048576 71654.081 71654.081 71654.081 28.097016832858404 28.097016832858404 28.097016832858404 14.048508416429202 14.048508416429202 14.048508416429202
 1152 524288 37117.958 37117.958 37117.958 32.54380405301391 32.54380405301391 32.54380405301391 16.271902026506954 16.271902026506954 16.271902026506954
 1344 524288 48995.972 48995.972 48995.972 28.763306175454588 28.763306175454588 28.763306175454588 14.381653087727294 14.381653087727294 14.381653087727294
 1536 524288 52997.828 52997.828 52997.828 30.39016497053426 30.39016497053426 30.39016497053426 15.19508248526713 15.19508248526713 15.19508248526713
 1728 524288 59999.228 59999.228 59999.228 30.1993773653221 30.1993773653221 30.1993773653221 15.09968868266105 15.09968868266105 15.09968868266105
 1920 524288 64998.865 64998.865 64998.865 30.973862697448634 30.973862697448634 30.973862697448634 15.486931348724317 15.486931348724317 15.486931348724317
 2112 262144 64999.104 64999.104 64999.104 17.035561844052495 17.035561844052495 17.035561844052495 8.517780922026247 8.517780922026247 8.517780922026247
 2304 262144 65995.932 65995.932 65995.932 18.30354561853903 18.30354561853903 18.30354561853903 9.151772809269515 9.151772809269515 9.151772809269515
 2496 262144 29507.875 29507.875 29507.875 44.34825781253309 44.34825781253309 44.34825781253309 22.174128906266546 22.174128906266546 22.174128906266546
 2688 262144 46562.195 46562.195 46562.195 30.2667463164054 30.2667463164054 30.2667463164054 15.1333731582027 15.1333731582027 15.1333731582027
 2880 262144 42004.824 42004.824 42004.824 35.94704836758749 35.94704836758749 35.94704836758749 17.973524183793746 17.973524183793746 17.973524183793746
 3072 262144 49000.025 49000.025 49000.025 32.869630903249536 32.869630903249536 32.869630903249536 16.434815451624768 16.434815451624768 16.434815451624768
 3264 262144 45000.076 45000.076 45000.076 38.02829204110677 38.02829204110677 38.02829204110677 19.014146020553387 19.014146020553387 19.014146020553387
 3456 262144 26004.076 26004.076 26004.076 69.6790506226793 69.6790506226793 69.6790506226793 34.83952531133965 34.83952531133965 34.83952531133965
 3648 262144 50996.065 50996.065 50996.065 37.50490599617833 37.50490599617833 37.50490599617833 18.752452998089165 18.752452998089165 18.752452998089165
 3840 262144 60001.85 60001.85 60001.85 33.55339743691236 33.55339743691236 33.55339743691236 16.77669871845618 16.77669871845618 16.77669871845618
 4224 131072 49996.853 49996.853 49996.853 22.147319072262405 22.147319072262405 22.147319072262405 11.073659536131203 11.073659536131203 11.073659536131203
 4608 131072 48659.086 48659.086 48659.086 24.824953596538986 24.824953596538986 24.824953596538986 12.412476798269493 12.412476798269493 12.412476798269493
 4992 131072 44999.123 44999.123 44999.123 29.08107449116286 29.08107449116286 29.08107449116286 14.54053724558143 14.54053724558143 14.54053724558143
 5376 131072 41001.081 41001.081 41001.081 34.37192653530281 34.37192653530281 34.37192653530281 17.185963267651406 17.185963267651406 17.185963267651406
 5760 131072 45995.951 45995.951 45995.951 32.827877392947045 32.827877392947045 32.827877392947045 16.413938696473522 16.413938696473522 16.413938696473522
 6336 131072 43250.084 43250.084 43250.084 38.4032637716958 38.4032637716958 38.4032637716958 19.2016318858479 19.2016318858479 19.2016318858479
 6912 131072 56998.014 56998.014 56998.014 31.789516876851184 31.789516876851184 31.789516876851184 15.894758438425592 15.894758438425592 15.894758438425592
 7488 131072 44997.931 44997.931 44997.931 43.62276727789996 43.62276727789996 43.62276727789996 21.81138363894998 21.81138363894998 21.81138363894998
 8064 131072 36999.941 36999.941 36999.941 57.133313158526384 57.133313158526384 57.133313158526384 28.566656579263192 28.566656579263192 28.566656579263192
 8832 65536 25310.993 25310.993 25310.993 45.73617099890155 45.73617099890155 45.73617099890155 22.868085499450775 22.868085499450775 22.868085499450775
 9600 65536 27999.163 27999.163 27999.163 44.94031482298239 44.94031482298239 44.94031482298239 22.470157411491193 22.470157411491193 22.470157411491193
 10560 65536 49001.932 49001.932 49001.932 28.246239760505773 28.246239760505773 28.246239760505773 14.123119880252887 14.123119880252887 14.123119880252887
 11520 65536 35001.04 35001.04 35001.04 43.140130693259394 43.140130693259394 43.140130693259394 21.570065346629697 21.570065346629697 21.570065346629697
 12672 65536 48769.236 48769.236 48769.236 34.05721557745953 34.05721557745953 34.05721557745953 17.028607788729765 17.028607788729765 17.028607788729765
 13824 65536 60998.917 60998.917 60998.917 29.704450785577063 29.704450785577063 29.704450785577063 14.852225392788531 14.852225392788531 14.852225392788531
 15168 65536 34000.874 34000.874 34000.874 58.47202916019158 58.47202916019158 58.47202916019158 29.23601458009579 29.23601458009579 29.23601458009579
 16512 32768 25084.972 25084.972 25084.972 43.1385943743529 43.1385943743529 43.1385943743529 21.56929718717645 21.56929718717645 21.56929718717645
 18048 32768 50681.114 50681.114 50681.114 23.337958356637543 23.337958356637543 23.337958356637543 11.668979178318772 11.668979178318772 11.668979178318772
 19776 32768 41997.194 41997.194 41997.194 30.86015546657712 30.86015546657712 30.86015546657712 15.43007773328856 15.43007773328856 15.43007773328856
 21696 32768 41996.956 41996.956 41996.956 33.856478931473035 33.856478931473035 33.856478931473035 16.928239465736517 16.928239465736517 16.928239465736517
 23808 32768 41006.088 41006.088 41006.088 38.049986333736584 38.049986333736584 38.049986333736584 19.024993166868292 19.024993166868292 19.024993166868292
 26112 32768 30242.92 30242.92 30242.92 56.58435204008079 56.58435204008079 56.58435204008079 28.292176020040394 28.292176020040394 28.292176020040394
 28608 32768 43906.212 43906.212 43906.212 42.701335473896044 42.701335473896044 42.701335473896044 21.350667736948022 21.350667736948022 21.350667736948022
 31296 32768 51114.798 51114.798 51114.798 40.12565316212342 40.12565316212342 40.12565316212342 20.06282658106171 20.06282658106171 20.06282658106171
 34368 16384 50994.873 50994.873 50994.873 22.083997032407552 22.083997032407552 22.083997032407552 11.041998516203776 11.041998516203776 11.041998516203776
 37632 16384 37544.012 37544.012 37544.012 32.84479495691617 32.84479495691617 32.84479495691617 16.422397478458084 16.422397478458084 16.422397478458084
 41280 16384 51998.138 51998.138 51998.138 26.013682259160895 26.013682259160895 26.013682259160895 13.006841129580447 13.006841129580447 13.006841129580447
 45312 16384 39996.862 39996.862 39996.862 37.1225026603337 37.1225026603337 37.1225026603337 18.56125133016685 18.56125133016685 18.56125133016685
 49728 16384 45994.043 45994.043 45994.043 35.42822065022638 35.42822065022638 35.42822065022638 17.71411032511319 17.71411032511319 17.71411032511319
 54528 16384 37774.086 37774.086 37774.086 47.30156817030595 47.30156817030595 47.30156817030595 23.650784085152974 23.650784085152974 23.650784085152974
 59904 16384 26634.932 26634.932 26634.932 73.69773919452845 73.69773919452845 73.69773919452845 36.848869597264226 36.848869597264226 36.848869597264226
 65856 8192 28715.134 28715.134 28715.134 37.57547166591666 37.57547166591666 37.57547166591666 18.78773583295833 18.78773583295833 18.78773583295833
 72384 8192 41997.194 41997.194 41997.194 28.23854031771742 28.23854031771742 28.23854031771742 14.11927015885871 14.11927015885871 14.11927015885871
 79488 8192 58997.154 58997.154 58997.154 22.074478236695956 22.074478236695956 22.074478236695956 11.037239118347978 11.037239118347978 11.037239118347978
 87360 8192 31998.873 31998.873 31998.873 44.729895331001195 44.729895331001195 44.729895331001195 22.364947665500598 22.364947665500598 22.364947665500598
 96000 8192 45995.951 45995.951 45995.951 34.195705617653175 34.195705617653175 34.195705617653175 17.097852808826588 17.097852808826588 17.097852808826588
 105600 8192 46000.004 46000.004 46000.004 37.61196194678592 37.61196194678592 37.61196194678592 18.80598097339296 18.80598097339296 18.80598097339296
 116160 8192 46997.07 46997.07 46997.07 40.49540620298244 40.49540620298244 40.49540620298244 20.24770310149122 20.24770310149122 20.24770310149122
 127680 8192 50964.117 50964.117 50964.117 41.04670586169481 41.04670586169481 41.04670586169481 20.523352930847405 20.523352930847405 20.523352930847405
 140352 4096 51998.854 51998.854 51998.854 22.111325453441726 22.111325453441726 22.111325453441726 11.055662726720863 11.055662726720863 11.055662726720863
 154368 4096 34003.973 34003.973 34003.973 37.18926185478385 37.18926185478385 37.18926185478385 18.594630927391925 18.594630927391925 18.594630927391925
 169728 4096 42996.168 42996.168 42996.168 32.33803942714151 32.33803942714151 32.33803942714151 16.169019713570755 16.169019713570755 16.169019713570755
 186624 4096 36787.987 36787.987 36787.987 41.55769131917982 41.55769131917982 41.55769131917982 20.77884565958991 20.77884565958991 20.77884565958991
 205248 4096 52998.066 52998.066 52998.066 31.725527795674658 31.725527795674658 31.725527795674658 15.862763897837329 15.862763897837329 15.862763897837329
 225600 4096 47489.166 47489.166 47489.166 38.91656467498292 38.91656467498292 38.91656467498292 19.45828233749146 19.45828233749146 19.45828233749146
 248064 4096 54936.886 54936.886 54936.886 36.99045278977043 36.99045278977043 36.99045278977043 18.495226394885215 18.495226394885215 18.495226394885215
 272832 2048 31002.045 31002.045 31002.045 36.04665021291337 36.04665021291337 36.04665021291337 18.023325106456685 18.023325106456685 18.023325106456685
 300096 2048 46992.064 46992.064 46992.064 26.157463864536787 26.157463864536787 26.157463864536787 13.078731932268393 13.078731932268393 13.078731932268393
 330048 2048 26000.977 26000.977 26000.977 51.9933004055963 51.9933004055963 51.9933004055963 25.99665020279815 25.99665020279815 25.99665020279815
 362880 2048 46507.12 46507.12 46507.12 31.959761860119478 31.959761860119478 31.959761860119478 15.979880930059739 15.979880930059739 15.979880930059739
 399168 2048 45001.03 45001.03 45001.03 36.33232679340895 36.33232679340895 36.33232679340895 18.166163396704476 18.166163396704476 18.166163396704476
 438912 2048 43342.829 43342.829 43342.829 41.47822358342138 41.47822358342138 41.47822358342138 20.73911179171069 20.73911179171069 20.73911179171069
 482688 2048 43005.943 43005.943 43005.943 45.9724845005724 45.9724845005724 45.9724845005724 22.9862422502862 22.9862422502862 22.9862422502862
 530880 1024 45121.908 45121.908 45121.908 24.095661912169138 24.095661912169138 24.095661912169138 12.047830956084569 12.047830956084569 12.047830956084569
 583872 1024 45997.143 45997.143 45997.143 25.996611485195942 25.996611485195942 25.996611485195942 12.998305742597971 12.998305742597971 12.998305742597971
 642240 1024 38803.101 38803.101 38803.101 33.89696921387804 33.89696921387804 33.89696921387804 16.94848460693902 16.94848460693902 16.94848460693902
 706368 1024 31994.82 31994.82 31994.82 45.21487115726858 45.21487115726858 45.21487115726858 22.60743557863429 22.60743557863429 22.60743557863429
 776832 1024 43998.957 43998.957 43998.957 36.15885567469247 36.15885567469247 36.15885567469247 18.079427837346234 18.079427837346234 18.079427837346234
 854400 1024 51997.9 51997.9 51997.9 33.65157439050423 33.65157439050423 33.65157439050423 16.825787195252115 16.825787195252115 16.825787195252115
 939840 1024 45989.99 45989.99 45989.99 41.8524187546029 41.8524187546029 41.8524187546029 20.92620937730145 20.92620937730145 20.92620937730145
 1033728 1024 67466.021 67466.021 67466.021 31.37986963837693 31.37986963837693 31.37986963837693 15.689934819188466 15.689934819188466 15.689934819188466
 1137024 512 27004.957 27004.957 27004.957 43.11477244714739 43.11477244714739 43.11477244714739 21.557386223573694 21.557386223573694 21.557386223573694
 1250688 512 48129.082 48129.082 48129.082 26.609784745115228 26.609784745115228 26.609784745115228 13.304892372557614 13.304892372557614 13.304892372557614
 1375680 512 35001.993 35001.993 35001.993 40.24617455354613 40.24617455354613 40.24617455354613 20.123087276773067 20.123087276773067 20.123087276773067
 1513152 512 44934.988 44934.988 44934.988 34.48243155200131 34.48243155200131 34.48243155200131 17.241215776000654 17.241215776000654 17.241215776000654
 1664448 512 52019.119 52019.119 52019.119 32.76477542804983 32.76477542804983 32.76477542804983 16.382387714024915 16.382387714024915 16.382387714024915
 1830720 512 34442.902 34442.902 34442.902 54.42797125515149 54.42797125515149 54.42797125515149 27.213985627575745 27.213985627575745 27.213985627575745
 2013696 512 54999.113 54999.113 54999.113 37.491962897656194 37.491962897656194 37.491962897656194 18.745981448828097 18.745981448828097 18.745981448828097
 2214912 256 51999.807 51999.807 51999.807 21.80844525057564 21.80844525057564 21.80844525057564 10.90422262528782 10.90422262528782 10.90422262528782
 2436288 256 51058.054 51058.054 51058.054 24.430611006052054 24.430611006052054 24.430611006052054 12.215305503026027 12.215305503026027 12.215305503026027
 2679744 256 42995.93 42995.93 42995.93 31.910669870380755 31.910669870380755 31.910669870380755 15.955334935190377 15.955334935190377 15.955334935190377
 2947584 256 42000.055 42000.055 42000.055 35.932405517088014 35.932405517088014 35.932405517088014 17.966202758544007 17.966202758544007 17.966202758544007
 3242304 256 32064.915 32064.915 32064.915 51.771839969012866 51.771839969012866 51.771839969012866 25.885919984506433 25.885919984506433 25.885919984506433
 3566400 256 42943.001 42943.001 42943.001 42.52140645689853 42.52140645689853 42.52140645689853 21.260703228449266 21.260703228449266 21.260703228449266
 3922944 256 31996.965 31996.965 31996.965 62.7730576321848 62.7730576321848 62.7730576321848 31.3865288160924 31.3865288160924 31.3865288160924
 4315200 128 39999.008 39999.008 39999.008 27.617964925530153 27.617964925530153 27.617964925530153 13.808982462765076 13.808982462765076 13.808982462765076
 4746624 128 46006.203 46006.203 46006.203 26.412432775641143 26.412432775641143 26.412432775641143 13.206216387820572 13.206216387820572 13.206216387820572
 5221248 128 51409.96 51409.96 51409.96 25.999621240709 25.999621240709 25.999621240709 12.9998106203545 12.9998106203545 12.9998106203545
 5743296 128 67629.099 67629.099 67629.099 21.740401657576424 21.740401657576424 21.740401657576424 10.870200828788212 10.870200828788212 10.870200828788212
 6317568 128 47008.038 47008.038 47008.038 34.404699213355805 34.404699213355805 34.404699213355805 17.202349606677902 17.202349606677902 17.202349606677902
 6949248 128 43999.91 43999.91 43999.91 40.43207106559991 40.43207106559991 40.43207106559991 20.216035532799953 20.216035532799953 20.216035532799953
 7644096 128 56433.916 56433.916 56433.916 34.67575377898638 34.67575377898638 34.67575377898638 17.33787688949319 17.33787688949319 17.33787688949319
 8408448 64 34999.132 34999.132 34999.132 30.751658183980112 30.751658183980112 30.751658183980112 15.375829091990056 15.375829091990056 15.375829091990056
 9249216 64 50992.966 50992.966 50992.966 23.21692070235726 23.21692070235726 23.21692070235726 11.60846035117863 11.60846035117863 11.60846035117863
 10174080 64 51171.064 51171.064 51171.064 25.449582990887198 25.449582990887198 25.449582990887198 12.724791495443599 12.724791495443599 12.724791495443599
 11191488 64 44996.023 44996.023 44996.023 31.83637949513893 31.83637949513893 31.83637949513893 15.918189747569466 15.918189747569466 15.918189747569466
 12310464 64 28999.805 28999.805 28999.805 54.33620646759521 54.33620646759521 54.33620646759521 27.168103233797606 27.168103233797606 27.168103233797606
 13541376 64 49005.985 49005.985 49005.985 35.36907028804747 35.36907028804747 35.36907028804747 17.684535144023734 17.684535144023734 17.684535144023734
 14895360 64 41002.035 41002.035 41002.035 46.500279315404704 46.500279315404704 46.500279315404704 23.250139657702352 23.250139657702352 23.250139657702352
 16384896 64 31283.14 31283.14 31283.14 67.04143791192315 67.04143791192315 67.04143791192315 33.52071895596158 33.52071895596158 33.52071895596158
 18023232 32 32016.993 32016.993 32016.993 36.02733236066235 36.02733236066235 36.02733236066235 18.013666180331175 18.013666180331175 18.013666180331175
 19825536 32 52004.099 52004.099 52004.099 24.398736414989134 24.398736414989134 24.398736414989134 12.199368207494567 12.199368207494567 12.199368207494567
 21807936 32 40776.968 40776.968 40776.968 34.227849015159734 34.227849015159734 34.227849015159734 17.113924507579867 17.113924507579867 17.113924507579867
 23988672 32 42948.961 42948.961 42948.961 35.74649938563124 35.74649938563124 35.74649938563124 17.87324969281562 17.87324969281562 17.87324969281562
 26387520 32 52983.046 52983.046 52983.046 31.87437128473135 31.87437128473135 31.87437128473135 15.937185642365675 15.937185642365675 15.937185642365675
 29026176 32 49533.129 49533.129 49533.129 37.50369301321546 37.50369301321546 37.50369301321546 18.75184650660773 18.75184650660773 18.75184650660773
 31928640 32 47471.046 47471.046 47471.046 43.04588021928145 43.04588021928145 43.04588021928145 21.522940109640725 21.522940109640725 21.522940109640725
 35121408 16 53997.04 53997.04 53997.04 20.813827128301845 20.813827128301845 20.813827128301845 10.406913564150923 10.406913564150923 10.406913564150923
 38633472 16 34005.165 34005.165 34005.165 36.355392011772324 36.355392011772324 36.355392011772324 18.177696005886162 18.177696005886162 18.177696005886162
 42496704 16 38833.141 38833.141 38833.141 35.018916651630114 35.018916651630114 35.018916651630114 17.509458325815057 17.509458325815057 17.509458325815057
 46746240 16 31141.043 31141.043 31141.043 48.03563194720228 48.03563194720228 48.03563194720228 24.01781597360114 24.01781597360114 24.01781597360114
 51420864 16 52001.953 52001.953 52001.953 31.6424201991029 31.6424201991029 31.6424201991029 15.82121009955145 15.82121009955145 15.82121009955145
 56562816 16 52000.046 52000.046 52000.046 34.80785597766587 34.80785597766587 34.80785597766587 17.403927988832933 17.403927988832933 17.403927988832933
 62218944 16 50004.005 50004.005 50004.005 39.81693482352064 39.81693482352064 39.81693482352064 19.90846741176032 19.90846741176032 19.90846741176032
 68440704 8 49997.091 49997.091 49997.091 21.902299555788158 21.902299555788158 21.902299555788158 10.951149777894079 10.951149777894079 10.951149777894079
 75284736 8 56766.987 56766.987 56766.987 21.219300858789637 21.219300858789637 21.219300858789637 10.609650429394819 10.609650429394819 10.609650429394819
 82813056 8 55988.789 55988.789 55988.789 23.665610913642016 23.665610913642016 23.665610913642016 11.832805456821008 11.832805456821008 11.832805456821008
 91094208 8 57991.028 57991.028 57991.028 25.133324554963917 25.133324554963917 25.133324554963917 12.566662277481958 12.566662277481958 12.566662277481958
 100203456 8 42006.969 42006.969 42006.969 38.16641224459684 38.16641224459684 38.16641224459684 19.08320612229842 19.08320612229842 19.08320612229842
 110223744 8 45997.143 45997.143 45997.143 38.34107487936805 38.34107487936805 38.34107487936805 19.170537439684026 19.170537439684026 19.170537439684026
 121246080 8 39996.862 39996.862 39996.862 48.50223700049269 48.50223700049269 48.50223700049269 24.251118500246346 24.251118500246346 24.251118500246346
 133370688 8 48985.958 48985.958 48985.958 43.56209606026282 43.56209606026282 43.56209606026282 21.78104803013141 21.78104803013141 21.78104803013141
 146707584 4 37451.982 37451.982 37451.982 31.337745276071104 31.337745276071104 31.337745276071104 15.668872638035552 15.668872638035552 15.668872638035552
 161378304 4 48984.051 48984.051 48984.051 26.356056831640977 26.356056831640977 26.356056831640977 13.178028415820489 13.178028415820489 13.178028415820489
 177516096 4 43222.904 43222.904 43222.904 32.85593138304636 32.85593138304636 32.85593138304636 16.42796569152318 16.42796569152318 16.42796569152318
 195267648 4 68994.045 68994.045 68994.045 22.641681379893 22.641681379893 22.641681379893 11.3208406899465 11.3208406899465 11.3208406899465
 214794240 4 50992.012 50992.012 50992.012 33.69849222658639 33.69849222658639 33.69849222658639 16.849246113293194 16.849246113293194 16.849246113293194
 236273664 4 50991.058 50991.058 50991.058 37.069034966875954 37.069034966875954 37.069034966875954 18.534517483437977 18.534517483437977 18.534517483437977
 259900992 4 67008.972 67008.972 67008.972 31.028799188263925 31.028799188263925 31.028799188263925 15.514399594131962 15.514399594131962 15.514399594131962
 285891072 2 31142.95 31142.95 31142.95 36.719844716059335 36.719844716059335 36.719844716059335 18.359922358029667 18.359922358029667 18.359922358029667
 314480064 2 38000.107 38000.107 38000.107 33.10307142029889 33.10307142029889 33.10307142029889 16.551535710149444 16.551535710149444 16.551535710149444
 345927936 2 47999.859 47999.859 47999.859 28.82741268052475 28.82741268052475 28.82741268052475 14.413706340262374 14.413706340262374 14.413706340262374
 380520576 2 65016.031 65016.031 65016.031 23.41087698816927 23.41087698816927 23.41087698816927 11.705438494084635 11.705438494084635 11.705438494084635
 418572480 2 44003.963 44003.963 44003.963 38.04861666663978 38.04861666663978 38.04861666663978 19.02430833331989 19.02430833331989 19.02430833331989
 460429632 2 50998.926 50998.926 50998.926 36.11288849494595 36.11288849494595 36.11288849494595 18.056444247472974 18.056444247472974 18.056444247472974
 506472576 2 59995.174 59995.174 59995.174 33.76755443696188 33.76755443696188 33.76755443696188 16.88377721848094 16.88377721848094 16.88377721848094
 557119680 1 41990.995 41990.995 41990.995 26.53519784420445 26.53519784420445 26.53519784420445 13.267598922102225 13.267598922102225 13.267598922102225
 612831552 1 53001.881 53001.881 53001.881 23.12489822766856 23.12489822766856 23.12489822766856 11.56244911383428 11.56244911383428 11.56244911383428
 674114688 1 55006.981 55006.981 55006.981 24.51015037527691 24.51015037527691 24.51015037527691 12.255075187638456 12.255075187638456 12.255075187638456
 741526080 1 42996.168 42996.168 42996.168 34.49265897370203 34.49265897370203 34.49265897370203 17.246329486851014 17.246329486851014 17.246329486851014
 815678592 1 42835.951 42835.951 42835.951 38.08383252656162 38.08383252656162 38.08383252656162 19.04191626328081 19.04191626328081 19.04191626328081
 897246336 1 65993.071 65993.071 65993.071 27.192137671544337 27.192137671544337 27.192137671544337 13.596068835772169 13.596068835772169 13.596068835772169
 986970816 1 50866.127 50866.127 50866.127 38.80660369522531 38.80660369522531 38.80660369522531 19.403301847612656 19.403301847612656 19.403301847612656
 
META_DATA
 MPI startup(): shm:tmi fabric is unknown or has been removed from the product, please use ofi or shm:ofi instead
 FLOPS          8
 MPI_PROCS      24
 OPENMP_THREADS 1
 ERT_VERSION  1.1.0
 HOSTNAME  ('shas0642.rc.int.colorado.edu', [], ['10.225.7.27'])
 UNAME  uname_result(system='Linux', node='shas0642.rc.int.colorado.edu', release='3.10.0-957.27.2.el7.x86_64', version='#1 SMP Mon Jul 29 17:46:05 UTC 2019', machine='x86_64', processor='x86_64')
 TIMESTAMP_DATA  1664553840.7445493
 CONFIG  {'ERT_RESULTS': ['lab5_results'], 'ERT_DRIVER': ['driver1'], 'ERT_KERNEL': ['kernel1'], 'ERT_MPI': ['True'], 'ERT_MPI_CFLAGS': ['-I/usr/include/mpi'], 'ERT_MPI_LDFLAGS': ['-lmpi'], 'ERT_OPENMP': ['True'], 'ERT_OPENMP_CFLAGS': ['-qopenmp'], 'ERT_OPENMP_LDFLAGS': ['-qopenmp'], 'ERT_FLOPS': ['1,2,4,8,16'], 'ERT_ALIGN': ['32'], 'ERT_CC': ['mpicc'], 'ERT_CFLAGS': ['-O3', '-msse3', '-axSSE3', '-xSSE3', '-fno-alias', '-fno-fnalias', '-DERT_INTEL', '-std=c++11'], 'ERT_LD': ['mpicc'], 'ERT_LDFLAGS': [], 'ERT_LDLIBS': [], 'ERT_PRECISION': ['FP64'], 'ERT_RUN': ['export', 'OMP_NUM_THREADS=ERT_OPENMP_THREADS;', 'mpirun', '-np', 'ERT_MPI_PROCS', 'ERT_CODE'], 'ERT_PROCS_THREADS': ['1-24'], 'ERT_MPI_PROCS': ['24'], 'ERT_OPENMP_THREADS': ['1'], 'ERT_NUM_EXPERIMENTS': ['1'], 'ERT_MEMORY_MAX': ['1073741824'], 'ERT_WORKING_SET_MIN': ['1'], 'ERT_TRIALS_MIN': ['1'], 'ERT_GNUPLOT': ['gnuplot'], 'ERT_GPU': [False], 'ERT_HIP': [False], 'ERT_OCL': [False], 'ERT_SYCL': [False], 'ERT_WSS_MULT': [1.1]}
 