fp64
 8 134217728 1354050.159 1354050.159 1354050.159 1.5859705297667632 1.5859705297667632 1.5859705297667632 0.7929852648833816 0.7929852648833816 0.7929852648833816
 16 67108864 698271.036 698271.036 698271.036 3.075429936635665 3.075429936635665 3.075429936635665 1.5377149683178326 1.5377149683178326 1.5377149683178326
 24 33554432 348091.125 348091.125 348091.125 4.626985925021788 4.626985925021788 4.626985925021788 2.313492962510894 2.313492962510894 2.313492962510894
 32 33554432 348433.018 348433.018 348433.018 6.163261048928493 6.163261048928493 6.163261048928493 3.0816305244642463 3.0816305244642463 3.0816305244642463
 40 16777216 174805.164 174805.164 174805.164 7.678132895433227 7.678132895433227 7.678132895433227 3.8390664477166134 3.8390664477166134 3.8390664477166134
 48 16777216 174077.034 174077.034 174077.034 9.252298818464473 9.252298818464473 9.252298818464473 4.626149409232236 4.626149409232236 4.626149409232236
 56 16777216 175276.995 175276.995 175276.995 10.72044960606496 10.72044960606496 10.72044960606496 5.36022480303248 5.36022480303248 5.36022480303248
 64 16777216 174701.929 174701.929 174701.929 12.292272101929681 12.292272101929681 12.292272101929681 6.146136050964841 6.146136050964841 6.146136050964841
 72 8388608 97176.075 97176.075 97176.075 12.430627106517731 12.430627106517731 12.430627106517731 6.2153135532588655 6.2153135532588655 6.2153135532588655
 80 8388608 94448.09 94448.09 94448.09 14.210740312482763 14.210740312482763 14.210740312482763 7.105370156241381 7.105370156241381 7.105370156241381
 88 8388608 97373.009 97373.009 97373.009 15.16226132028024 15.16226132028024 15.16226132028024 7.58113066014012 7.58113066014012 7.58113066014012
 96 8388608 96329.927 96329.927 96329.927 16.719754557687978 16.719754557687978 16.719754557687978 8.359877278843989 8.359877278843989 8.359877278843989
 104 8388608 98382.95 98382.95 98382.95 17.735089911412498 17.735089911412498 17.735089911412498 8.867544955706249 8.867544955706249 8.867544955706249
 112 8388608 98725.08 98725.08 98725.08 19.033139218524816 19.033139218524816 19.033139218524816 9.516569609262408 9.516569609262408 9.516569609262408
 120 8388608 112055.063 112055.063 112055.063 17.966755504836044 17.966755504836044 17.966755504836044 8.983377752418022 8.983377752418022 8.983377752418022
 128 8388608 94279.051 94279.051 94279.051 22.77795146665191 22.77795146665191 22.77795146665191 11.388975733325955 11.388975733325955 11.388975733325955
 136 4194304 51676.035 51676.035 51676.035 22.076978003440086 22.076978003440086 22.076978003440086 11.038489001720043 11.038489001720043 11.038489001720043
 144 4194304 52648.067 52648.067 52648.067 22.94404373858588 22.94404373858588 22.94404373858588 11.47202186929294 11.47202186929294 11.47202186929294
 152 4194304 60894.966 60894.966 60894.966 20.938814811063367 20.938814811063367 20.938814811063367 10.469407405531683 10.469407405531683 10.469407405531683
 160 4194304 61625.957 61625.957 61625.957 21.77941480081194 21.77941480081194 21.77941480081194 10.88970740040597 10.88970740040597 10.88970740040597
 176 4194304 68073.034 68073.034 68073.034 21.688397317504606 21.688397317504606 21.688397317504606 10.844198658752303 10.844198658752303 10.844198658752303
 192 4194304 75318.813 75318.813 75318.813 21.383936786151953 21.383936786151953 21.383936786151953 10.691968393075976 10.691968393075976 10.691968393075976
 208 4194304 81364.155 81364.155 81364.155 21.444706996588366 21.444706996588366 21.444706996588366 10.722353498294183 10.722353498294183 10.722353498294183
 224 4194304 87376.118 87376.118 87376.118 21.50528353754512 21.50528353754512 21.50528353754512 10.75264176877256 10.75264176877256 10.75264176877256
 240 4194304 93433.857 93433.857 93433.857 21.547498783016092 21.547498783016092 21.547498783016092 10.773749391508046 10.773749391508046 10.773749391508046
 264 2097152 47534.943 47534.943 47534.943 23.294363811480746 23.294363811480746 23.294363811480746 11.647181905740373 11.647181905740373 11.647181905740373
 288 2097152 51748.037 51748.037 51748.037 23.343099024219992 23.343099024219992 23.343099024219992 11.671549512109996 11.671549512109996 11.671549512109996
 312 2097152 59238.195 59238.195 59238.195 22.090862964342517 22.090862964342517 22.090862964342517 11.045431482171258 11.045431482171258 11.045431482171258
 336 2097152 62582.016 62582.016 62582.016 22.519027574950602 22.519027574950602 22.519027574950602 11.259513787475301 11.259513787475301 11.259513787475301
 368 2097152 68626.881 68626.881 68626.881 22.491243219985474 22.491243219985474 22.491243219985474 11.245621609992737 11.245621609992737 11.245621609992737
 400 2097152 67794.085 67794.085 67794.085 24.747315344694155 24.747315344694155 24.747315344694155 12.373657672347077 12.373657672347077 12.373657672347077
 440 2097152 79412.937 79412.937 79412.937 23.239207989499242 23.239207989499242 23.239207989499242 11.619603994749621 11.619603994749621 11.619603994749621
 480 2097152 84665.06 84665.06 84665.06 23.779182581338745 23.779182581338745 23.779182581338745 11.889591290669372 11.889591290669372 11.889591290669372
 528 1048576 44124.126 44124.126 44124.126 25.095029780306582 25.095029780306582 25.095029780306582 12.547514890153291 12.547514890153291 12.547514890153291
 576 1048576 49812.078 49812.078 49812.078 24.250334467074428 24.250334467074428 24.250334467074428 12.125167233537214 12.125167233537214 12.125167233537214
 632 1048576 55889.13 55889.13 55889.13 23.714809373486403 23.714809373486403 23.714809373486403 11.857404686743202 11.857404686743202 11.857404686743202
 688 1048576 58501.005 58501.005 58501.005 24.663517763498255 24.663517763498255 24.663517763498255 12.331758881749128 12.331758881749128 12.331758881749128
 752 1048576 64620.018 64620.018 64620.018 24.40510468443385 24.40510468443385 24.40510468443385 12.202552342216926 12.202552342216926 12.202552342216926
 824 1048576 70783.138 70783.138 70783.138 24.41334612771759 24.41334612771759 24.41334612771759 12.206673063858794 12.206673063858794 12.206673063858794
 904 1048576 74573.994 74573.994 74573.994 25.422071506589816 25.422071506589816 25.422071506589816 12.711035753294908 12.711035753294908 12.711035753294908
 992 1048576 83428.86 83428.86 83428.86 24.93591287235616 24.93591287235616 24.93591287235616 12.46795643617808 12.46795643617808 12.46795643617808
 1088 524288 45401.096 45401.096 45401.096 25.128263159109643 25.128263159109643 25.128263159109643 12.564131579554822 12.564131579554822 12.564131579554822
 1192 524288 49628.019 49628.019 49628.019 25.185421807789666 25.185421807789666 25.185421807789666 12.592710903894833 12.592710903894833 12.592710903894833
 1304 524288 53964.138 53964.138 53964.138 25.337995837161337 25.337995837161337 25.337995837161337 12.668997918580668 12.668997918580668 12.668997918580668
 1432 524288 59088.945 59088.945 59088.945 25.411874116215817 25.411874116215817 25.411874116215817 12.705937058107908 12.705937058107908 12.705937058107908
 1568 524288 64193.01 64193.01 64193.01 25.612869189340085 25.612869189340085 25.612869189340085 12.806434594670042 12.806434594670042 12.806434594670042
 1720 524288 71233.034 71233.034 71233.034 25.31902150903751 25.31902150903751 25.31902150903751 12.659510754518754 12.659510754518754 12.659510754518754
 1888 524288 77627.182 77627.182 77627.182 25.50281276473491 25.50281276473491 25.50281276473491 12.751406382367454 12.751406382367454 12.751406382367454
 2072 262144 42328.119 42328.119 42328.119 25.664375400192007 25.664375400192007 25.664375400192007 12.832187700096004 12.832187700096004 12.832187700096004
 2272 262144 46449.9 46449.9 46449.9 25.64445426147311 25.64445426147311 25.64445426147311 12.822227130736556 12.822227130736556 12.822227130736556
 2496 262144 50873.995 50873.995 50873.995 25.722824558991285 25.722824558991285 25.722824558991285 12.861412279495642 12.861412279495642 12.861412279495642
 2744 262144 56082.964 56082.964 56082.964 25.65210840140332 25.65210840140332 25.65210840140332 12.82605420070166 12.82605420070166 12.82605420070166
 3016 262144 61667.919 61667.919 61667.919 25.64141345518729 25.64141345518729 25.64141345518729 12.820706727593645 12.820706727593645 12.820706727593645
 3312 262144 69561.005 69561.005 69561.005 24.962863259379297 24.962863259379297 24.962863259379297 12.481431629689649 12.481431629689649 12.481431629689649
 3640 262144 78890.085 78890.085 78890.085 24.19072460119671 24.19072460119671 24.19072460119671 12.095362300598355 12.095362300598355 12.095362300598355
 4000 262144 81688.881 81688.881 81688.881 25.67242902984557 25.67242902984557 25.67242902984557 12.836214514922785 12.836214514922785 12.836214514922785
 4400 131072 44638.157 44638.157 44638.157 25.839633119261624 25.839633119261624 25.839633119261624 12.919816559630812 12.919816559630812 12.919816559630812
 4840 131072 49572.945 49572.945 49572.945 25.59414132043194 25.59414132043194 25.59414132043194 12.79707066021597 12.79707066021597 12.79707066021597
 5320 131072 54289.818 54289.818 54289.818 25.688170109540614 25.688170109540614 25.688170109540614 12.844085054770307 12.844085054770307 12.844085054770307
 5848 131072 59028.149 59028.149 59028.149 25.970967038116 25.970967038116 25.970967038116 12.985483519058 12.985483519058 12.985483519058
 6432 131072 64632.893 64632.893 64632.893 26.087493994737326 26.087493994737326 26.087493994737326 13.043746997368663 13.043746997368663 13.043746997368663
 7072 131072 70952.892 70952.892 70952.892 26.12835524730972 26.12835524730972 26.12835524730972 13.06417762365486 13.06417762365486 13.06417762365486
 7776 131072 78162.909 78162.909 78162.909 26.07927174256014 26.07927174256014 26.07927174256014 13.03963587128007 13.03963587128007 13.03963587128007
 8552 65536 43337.822 43337.822 43337.822 25.86488411900349 25.86488411900349 25.86488411900349 12.932442059501746 12.932442059501746 12.932442059501746
 9400 65536 47251.94 47251.94 47251.94 26.074628893543842 26.074628893543842 26.074628893543842 13.037314446771921 13.037314446771921 13.037314446771921
 10336 65536 52263.975 52263.975 52263.975 25.921491658451163 25.921491658451163 25.921491658451163 12.960745829225582 12.960745829225582 12.960745829225582
 11368 65536 57075.977 57075.977 57075.977 26.106018229000266 26.106018229000266 26.106018229000266 13.053009114500133 13.053009114500133 13.053009114500133
 12504 65536 62999.01 62999.01 62999.01 26.015080046495964 26.015080046495964 26.015080046495964 13.007540023247982 13.007540023247982 13.007540023247982
 13752 65536 69220.066 69220.066 69220.066 26.04016794783177 26.04016794783177 26.04016794783177 13.020083973915884 13.020083973915884 13.020083973915884
 15120 65536 75976.133 75976.133 75976.133 26.084621074357653 26.084621074357653 26.084621074357653 13.042310537178826 13.042310537178826 13.042310537178826
 16632 32768 41813.85 41813.85 41813.85 26.067792178907226 26.067792178907226 26.067792178907226 13.033896089453613 13.033896089453613 13.033896089453613
 18288 32768 45930.862 45930.862 45930.862 26.0940534492908 26.0940534492908 26.0940534492908 13.0470267246454 13.0470267246454 13.0470267246454
 20112 32768 50427.914 50427.914 50427.914 26.13750852355305 26.13750852355305 26.13750852355305 13.068754261776524 13.068754261776524 13.068754261776524
 22120 32768 55884.838 55884.838 55884.838 25.940064816864997 25.940064816864997 25.940064816864997 12.970032408432498 12.970032408432498 12.970032408432498
 24328 32768 61313.868 61313.868 61313.868 26.003249509556305 26.003249509556305 26.003249509556305 13.001624754778152 13.001624754778152 13.001624754778152
 26760 32768 70098.877 70098.877 70098.877 25.01813773707103 25.01813773707103 25.01813773707103 12.509068868535515 12.509068868535515 12.509068868535515
 29432 32768 74172.02 74172.02 74172.02 26.00516410366065 26.00516410366065 26.00516410366065 13.002582051830325 13.002582051830325 13.002582051830325
 32368 32768 81816.912 81816.912 81816.912 25.927026529673963 25.927026529673963 25.927026529673963 12.963513264836982 12.963513264836982 12.963513264836982
 35600 16384 44934.034 44934.034 44934.034 25.96118567943399 25.96118567943399 25.96118567943399 12.980592839716994 12.980592839716994 12.980592839716994
 39160 16384 49268.007 49268.007 49268.007 26.045195617513006 26.045195617513006 26.045195617513006 13.022597808756503 13.022597808756503 13.022597808756503
 43072 16384 54274.797 54274.797 54274.797 26.004395668214105 26.004395668214105 26.004395668214105 13.002197834107053 13.002197834107053 13.002197834107053
 47376 16384 59783.936 59783.936 59783.936 25.96712213796027 25.96712213796027 25.96712213796027 12.983561068980135 12.983561068980135 12.983561068980135
 52112 16384 65723.896 65723.896 65723.896 25.98150931283806 25.98150931283806 25.98150931283806 12.99075465641903 12.99075465641903 12.99075465641903
 57320 16384 72144.985 72144.985 72144.985 26.034543634599135 26.034543634599135 26.034543634599135 13.017271817299568 13.017271817299568 13.017271817299568
 63048 16384 79288.96 79288.96 79288.96 26.056046945249374 26.056046945249374 26.056046945249374 13.028023472624687 13.028023472624687 13.028023472624687
 69352 8192 43595.076 43595.076 43595.076 26.064025395895623 26.064025395895623 26.064025395895623 13.032012697947811 13.032012697947811 13.032012697947811
 76280 8192 48010.826 48010.826 48010.826 26.0310355835161 26.0310355835161 26.0310355835161 13.01551779175805 13.01551779175805 13.01551779175805
 83904 8192 52999.02 52999.02 52999.02 25.937897266779654 25.937897266779654 25.937897266779654 12.968948633389827 12.968948633389827 12.968948633389827
 92288 8192 58323.145 58323.145 58323.145 25.92532676350015 25.92532676350015 25.92532676350015 12.962663381750074 12.962663381750074 12.962663381750074
 101512 8192 63730.001 63730.001 63730.001 26.097169024051954 26.097169024051954 26.097169024051954 13.048584512025977 13.048584512025977 13.048584512025977
 111656 8192 70211.172 70211.172 70211.172 26.05528225621985 26.05528225621985 26.05528225621985 13.027641128109925 13.027641128109925 13.027641128109925
 122816 8192 77286.959 77286.959 77286.959 26.035664619693474 26.035664619693474 26.035664619693474 13.017832309846737 13.017832309846737 13.017832309846737
 135096 4096 42424.917 42424.917 42424.917 26.08623682163008 26.08623682163008 26.08623682163008 13.04311841081504 13.04311841081504 13.04311841081504
 148600 4096 46695.948 46695.948 46695.948 26.069311195909336 26.069311195909336 26.069311195909336 13.034655597954668 13.034655597954668 13.034655597954668
 163456 4096 51539.898 51539.898 51539.898 25.980485099136207 25.980485099136207 25.980485099136207 12.990242549568103 12.990242549568103 12.990242549568103
 179800 4096 56447.029 56447.029 56447.029 26.093872894532677 26.093872894532677 26.093872894532677 13.046936447266338 13.046936447266338 13.046936447266338
 197776 4096 62096.119 62096.119 62096.119 26.091501660514407 26.091501660514407 26.091501660514407 13.045750830257203 13.045750830257203 13.045750830257203
 217552 4096 68373.919 68373.919 68373.919 26.065289368596822 26.065289368596822 26.065289368596822 13.032644684298411 13.032644684298411 13.032644684298411
 239304 4096 76810.122 76810.122 76810.122 25.522396227934642 25.522396227934642 25.522396227934642 12.761198113967321 12.761198113967321 12.761198113967321
 263232 2048 41710.854 41710.854 41710.854 25.849345400600047 25.849345400600047 25.849345400600047 12.924672700300023 12.924672700300023 12.924672700300023
 289552 2048 48281.908 48281.908 48281.908 24.564169916400154 24.564169916400154 24.564169916400154 12.282084958200077 12.282084958200077 12.282084958200077
 318504 2048 53086.042 53086.042 53086.042 24.575054663144787 24.575054663144787 24.575054663144787 12.287527331572393 12.287527331572393 12.287527331572393
 350352 2048 58853.865 58853.865 58853.865 24.383135958870334 24.383135958870334 24.383135958870334 12.191567979435167 12.191567979435167 12.191567979435167
 385384 2048 64994.097 64994.097 64994.097 24.28732664752616 24.28732664752616 24.28732664752616 12.14366332376308 12.14366332376308 12.14366332376308
 423920 2048 73519.945 73519.945 73519.945 23.617758691195974 23.617758691195974 23.617758691195974 11.808879345597987 11.808879345597987 11.808879345597987
 466312 2048 78191.996 78191.996 78191.996 24.42723104293181 24.42723104293181 24.42723104293181 12.213615521465904 12.213615521465904 12.213615521465904
 512936 2048 86003.065 86003.065 86003.065 24.42919744778863 24.42919744778863 24.42919744778863 12.214598723894316 12.214598723894316 12.214598723894316
 564224 1024 49048.185 49048.185 49048.185 23.559093002116185 23.559093002116185 23.559093002116185 11.779546501058093 11.779546501058093 11.779546501058093
 620640 1024 53360.939 53360.939 53360.939 23.82024649153944 23.82024649153944 23.82024649153944 11.91012324576972 11.91012324576972 11.91012324576972
 682704 1024 57765.007 57765.007 57765.007 24.204581019093446 24.204581019093446 24.204581019093446 12.102290509546723 12.102290509546723 12.102290509546723
 750968 1024 62867.165 62867.165 62867.165 24.464002218009988 24.464002218009988 24.464002218009988 12.232001109004994 12.232001109004994 12.232001109004994
 826064 1024 69314.003 69314.003 69314.003 24.40746456383424 24.40746456383424 24.40746456383424 12.20373228191712 12.20373228191712 12.20373228191712
 908664 1024 76108.932 76108.932 76108.932 24.451057492174506 24.451057492174506 24.451057492174506 12.225528746087253 12.225528746087253 12.225528746087253
 999528 1024 83766.937 83766.937 83766.937 24.437247168295052 24.437247168295052 24.437247168295052 12.218623584147526 12.218623584147526 12.218623584147526
 1099480 512 46037.912 46037.912 46037.912 24.455225510661737 24.455225510661737 24.455225510661737 12.227612755330869 12.227612755330869 12.227612755330869
 1209424 512 51177.979 51177.979 51177.979 24.198887884963177 24.198887884963177 24.198887884963177 12.099443942481589 12.099443942481589 12.099443942481589
 1330360 512 55927.992 55927.992 55927.992 24.35790364152534 24.35790364152534 24.35790364152534 12.17895182076267 12.17895182076267 12.17895182076267
 1463392 512 62823.057 62823.057 62823.057 23.852920879033313 23.852920879033313 23.852920879033313 11.926460439516656 11.926460439516656 11.926460439516656
 1609728 512 69821.119 69821.119 69821.119 23.60835082004343 23.60835082004343 23.60835082004343 11.804175410021715 11.804175410021715 11.804175410021715
 1770696 512 75590.849 75590.849 75590.849 23.986933973978783 23.986933973978783 23.986933973978783 11.993466986989391 11.993466986989391 11.993466986989391
 1947760 512 82955.122 82955.122 82955.122 24.043195789646358 24.043195789646358 24.043195789646358 12.021597894823179 12.021597894823179 12.021597894823179
 2142536 256 45090.914 45090.914 45090.914 24.3281480610484 24.3281480610484 24.3281480610484 12.1640740305242 12.1640740305242 12.1640740305242
 2356784 256 50390.959 50390.959 50390.959 23.94622829067412 23.94622829067412 23.94622829067412 11.97311414533706 11.97311414533706 11.97311414533706
 2592456 256 55141.926 55141.926 55141.926 24.071293266034992 24.071293266034992 24.071293266034992 12.035646633017496 12.035646633017496 12.035646633017496
 2851696 256 60998.917 60998.917 60998.917 23.93597171569456 23.93597171569456 23.93597171569456 11.96798585784728 11.96798585784728 11.96798585784728
 3136864 256 66820.86 66820.86 66820.86 24.0355237571022 24.0355237571022 24.0355237571022 12.0177618785511 12.0177618785511 12.0177618785511
 3450544 256 74383.974 74383.974 74383.974 23.750795137673066 23.750795137673066 23.750795137673066 11.875397568836533 11.875397568836533 11.875397568836533
 3795592 256 80029.011 80029.011 80029.011 24.282982879795927 24.282982879795927 24.282982879795927 12.141491439897964 12.141491439897964 12.141491439897964
 4175144 256 87915.897 87915.897 87915.897 24.314985127206292 24.314985127206292 24.314985127206292 12.157492563603146 12.157492563603146 12.157492563603146
 4592656 128 48609.972 48609.972 48609.972 24.186805456296085 24.186805456296085 24.186805456296085 12.093402728148043 12.093402728148043 12.093402728148043
 5051920 128 53472.042 53472.042 53472.042 24.18631254067312 24.18631254067312 24.18631254067312 12.09315627033656 12.09315627033656 12.09315627033656
 5557112 128 58717.012 58717.012 58717.012 24.228424157550798 24.228424157550798 24.228424157550798 12.114212078775399 12.114212078775399 12.114212078775399
 6112816 128 65281.868 65281.868 65281.868 23.9711415120658 23.9711415120658 23.9711415120658 11.9855707560329 11.9855707560329 11.9855707560329
 6724096 128 73084.116 73084.116 73084.116 23.553251653204647 23.553251653204647 23.553251653204647 11.776625826602324 11.776625826602324 11.776625826602324
 7396504 128 78448.057 78448.057 78448.057 24.137054458850393 24.137054458850393 24.137054458850393 12.068527229425197 12.068527229425197 12.068527229425197
 8136152 128 86769.104 86769.104 86769.104 24.00456863078821 24.00456863078821 24.00456863078821 12.002284315394105 12.002284315394105 12.002284315394105
 8949760 64 48635.006 48635.006 48635.006 23.554418395671625 23.554418395671625 23.554418395671625 11.777209197835813 11.777209197835813 11.777209197835813
 9844736 64 53471.088 53471.088 53471.088 23.566496496199964 23.566496496199964 23.566496496199964 11.783248248099982 11.783248248099982 11.783248248099982
 10829208 64 57657.003 57657.003 57657.003 24.041114728075616 24.041114728075616 24.041114728075616 12.020557364037808 12.020557364037808 12.020557364037808
 11912128 64 63980.103 63980.103 63980.103 23.83166504123946 23.83166504123946 23.83166504123946 11.91583252061973 11.91583252061973 11.91583252061973
 13103336 64 70043.087 70043.087 70043.087 23.945646598928455 23.945646598928455 23.945646598928455 11.972823299464228 11.972823299464228 11.972823299464228
 14413664 64 77113.152 77113.152 77113.152 23.92521825589492 23.92521825589492 23.92521825589492 11.96260912794746 11.96260912794746 11.96260912794746
 15855024 64 85047.007 85047.007 85047.007 23.862604265427002 23.862604265427002 23.862604265427002 11.931302132713501 11.931302132713501 11.931302132713501
 17440520 32 49625.158 49625.158 49625.158 22.49248818512578 22.49248818512578 22.49248818512578 11.24624409256289 11.24624409256289 11.24624409256289
 19184568 32 51509.857 51509.857 51509.857 23.836454292622086 23.836454292622086 23.836454292622086 11.918227146311043 11.918227146311043 11.918227146311043
 21103024 32 56766.987 56766.987 56766.987 23.79188340575483 23.79188340575483 23.79188340575483 11.895941702877415 11.895941702877415 11.895941702877415
 23213320 32 62671.9 62671.9 62671.9 23.70524078574289 23.70524078574289 23.70524078574289 11.852620392871446 11.852620392871446 11.852620392871446
 25534648 32 68786.86 68786.86 68786.86 23.757698374369756 23.757698374369756 23.757698374369756 11.878849187184878 11.878849187184878 11.878849187184878
 28088112 32 78176.022 78176.022 78176.022 22.994763893205004 22.994763893205004 22.994763893205004 11.497381946602502 11.497381946602502 11.497381946602502
 30896920 32 101767.063 101767.063 101767.063 19.4306765048334 19.4306765048334 19.4306765048334 9.7153382524167 9.7153382524167 9.7153382524167
 33986608 16 62770.844 62770.844 62770.844 17.326060742468275 17.326060742468275 17.326060742468275 8.663030371234138 8.663030371234138 8.663030371234138
 37385264 16 72515.011 72515.011 72515.011 16.497666228031047 16.497666228031047 16.497666228031047 8.248833114015524 8.248833114015524 8.248833114015524
 41123784 16 82227.945 82227.945 82227.945 16.003818263973393 16.003818263973393 16.003818263973393 8.001909131986697 8.001909131986697 8.001909131986697
 45236160 16 91931.105 91931.105 91931.105 15.74610813173626 15.74610813173626 15.74610813173626 7.87305406586813 7.87305406586813 7.87305406586813
 49759776 16 102892.876 102892.876 102892.876 15.475442945146172 15.475442945146172 15.475442945146172 7.737721472573086 7.737721472573086 7.737721472573086
 54735752 16 113736.868 113736.868 113736.868 15.39996744063675 15.39996744063675 15.39996744063675 7.699983720318375 7.699983720318375 7.699983720318375
 60209320 16 123934.984 123934.984 123934.984 15.546040172159945 15.546040172159945 15.546040172159945 7.773020086079972 7.773020086079972 7.773020086079972
 66230248 16 136409.998 136409.998 136409.998 15.536749263789302 15.536749263789302 15.536749263789302 7.768374631894651 7.768374631894651 7.768374631894651
 72853272 8 78258.991 78258.991 78258.991 14.894804253226315 14.894804253226315 14.894804253226315 7.447402126613158 7.447402126613158 7.447402126613158
 80138592 8 80425.978 80425.978 80425.978 15.94282722928156 15.94282722928156 15.94282722928156 7.97141361464078 7.97141361464078 7.97141361464078
 88152448 8 94332.933 94332.933 94332.933 14.95171540993006 14.95171540993006 14.95171540993006 7.47585770496503 7.47585770496503 7.47585770496503
 96967688 8 100887.06 100887.06 100887.06 15.378414317951181 15.378414317951181 15.378414317951181 7.689207158975591 7.689207158975591 7.689207158975591
 106664456 8 110780.001 110780.001 110780.001 15.405590184098301 15.405590184098301 15.405590184098301 7.702795092049151 7.702795092049151 7.702795092049151
 117330896 8 116716.862 116716.862 116716.862 16.08417416157059 16.08417416157059 16.08417416157059 8.042087080785295 8.042087080785295 8.042087080785295
 129063984 8 132101.059 132101.059 132101.059 15.632151321360713 15.632151321360713 15.632151321360713 7.816075660680356 7.816075660680356 7.816075660680356
 141970376 4 72166.92 72166.92 72166.92 15.738000291546323 15.738000291546323 15.738000291546323 7.869000145773161 7.869000145773161 7.869000145773161
 156167408 4 77937.126 77937.126 77937.126 16.03009153814576 16.03009153814576 16.03009153814576 8.01504576907288 8.01504576907288 8.01504576907288
 171784144 4 89306.116 89306.116 89306.116 15.38834307831728 15.38834307831728 15.38834307831728 7.69417153915864 7.69417153915864 7.69417153915864
 188962552 4 96174.002 96174.002 96174.002 15.718389425034013 15.718389425034013 15.718389425034013 7.859194712517007 7.859194712517007 7.859194712517007
 207858800 4 107405.901 107405.901 107405.901 15.482113966903924 15.482113966903924 15.482113966903924 7.741056983451962 7.741056983451962 7.741056983451962
 228644680 4 117833.138 117833.138 117833.138 15.523285478487383 15.523285478487383 15.523285478487383 7.761642739243691 7.761642739243691 7.761642739243691
 251509144 4 126609.087 126609.087 126609.087 15.892012174450006 15.892012174450006 15.892012174450006 7.946006087225003 7.946006087225003 7.946006087225003
 276660056 2 72906.017 72906.017 72906.017 15.178997146422084 15.178997146422084 15.178997146422084 7.589498573211042 7.589498573211042 7.589498573211042
 304326056 2 79582.214 79582.214 79582.214 15.296184446439248 15.296184446439248 15.296184446439248 7.648092223219624 7.648092223219624 7.648092223219624
 334758656 2 85791.111 85791.111 85791.111 15.60808116822266 15.60808116822266 15.60808116822266 7.80404058411133 7.80404058411133 7.80404058411133
 368234520 2 93010.902 93010.902 93010.902 15.836187461121492 15.836187461121492 15.836187461121492 7.918093730560746 7.918093730560746 7.918093730560746
 405057968 2 101933.956 101933.956 101933.956 15.894917999650675 15.894917999650675 15.894917999650675 7.947458999825337 7.947458999825337 7.947458999825337
 445563760 2 112954.855 112954.855 112954.855 15.778472204669733 15.778472204669733 15.778472204669733 7.889236102334866 7.889236102334866 7.889236102334866
 490120136 2 126806.021 126806.021 126806.021 15.460468899974396 15.460468899974396 15.460468899974396 7.730234449987198 7.730234449987198 7.730234449987198
 539132144 1 70322.037 70322.037 70322.037 15.333234559175242 15.333234559175242 15.333234559175242 7.666617279587621 7.666617279587621 7.666617279587621
 593045352 1 76301.813 76301.813 76301.813 15.54472505129072 15.54472505129072 15.54472505129072 7.77236252564536 7.77236252564536 7.77236252564536
 652349880 1 82473.993 82473.993 82473.993 15.819529436388512 15.819529436388512 15.819529436388512 7.909764718194256 7.909764718194256 7.909764718194256
 717584864 1 93178.988 93178.988 93178.988 15.402289280068162 15.402289280068162 15.402289280068162 7.701144640034081 7.701144640034081 7.701144640034081
 789343344 1 98306.894 98306.894 98306.894 16.05875868685262 16.05875868685262 16.05875868685262 8.02937934342631 8.02937934342631 8.02937934342631
 868277672 1 110245.943 110245.943 110245.943 15.751648511909412 15.751648511909412 15.751648511909412 7.875824255954706 7.875824255954706 7.875824255954706
 955105432 1 124156.952 124156.952 124156.952 15.38545231039499 15.38545231039499 15.38545231039499 7.692726155197495 7.692726155197495 7.692726155197495
 1050615968 1 138076.067 138076.067 138076.067 15.217930099356032 15.217930099356032 15.217930099356032 7.608965049678016 7.608965049678016 7.608965049678016
 
META_DATA
 MPI startup(): shm:tmi fabric is unknown or has been removed from the product, please use ofi or shm:ofi instead
 FLOPS          8
 MPI_PROCS      1
 OPENMP_THREADS 1
 ERT_VERSION  1.1.0
 HOSTNAME  shas0105.rc.int.colorado.edu
 UNAME  uname_result(system='Linux', node='shas0105.rc.int.colorado.edu', release='3.10.0-957.27.2.el7.x86_64', version='#1 SMP Mon Jul 29 17:46:05 UTC 2019', machine='x86_64', processor='x86_64')
 TIMESTAMP_DATA  1664512569.1823285
 CONFIG  {'ERT_RESULTS': ['lab5_results'], 'ERT_DRIVER': ['driver1'], 'ERT_KERNEL': ['kernel1'], 'ERT_MPI': ['True'], 'ERT_MPI_CFLAGS': ['-I/usr/include/mpi'], 'ERT_MPI_LDFLAGS': ['-lmpi'], 'ERT_OPENMP': ['True'], 'ERT_OPENMP_CFLAGS': ['-qopenmp'], 'ERT_OPENMP_LDFLAGS': ['-qopenmp'], 'ERT_FLOPS': ['1,2,4,8,16'], 'ERT_ALIGN': ['32'], 'ERT_CC': ['mpicc'], 'ERT_CFLAGS': ['-O3', '-msse3', '-axSSE3', '-xSSE3', '-fno-alias', '-fno-fnalias', '-DERT_INTEL', '-std=c++11'], 'ERT_LD': ['mpicc'], 'ERT_LDFLAGS': [], 'ERT_LDLIBS': [], 'ERT_PRECISION': ['FP64'], 'ERT_RUN': ['export', 'OMP_NUM_THREADS=ERT_OPENMP_THREADS;', 'mpirun', '-np', 'ERT_MPI_PROCS', 'ERT_CODE'], 'ERT_PROCS_THREADS': ['1-24'], 'ERT_MPI_PROCS': ['1'], 'ERT_OPENMP_THREADS': ['1'], 'ERT_NUM_EXPERIMENTS': ['1'], 'ERT_MEMORY_MAX': ['1073741824'], 'ERT_WORKING_SET_MIN': ['1'], 'ERT_TRIALS_MIN': ['1'], 'ERT_GNUPLOT': ['gnuplot'], 'ERT_GPU': [False], 'ERT_HIP': [False], 'ERT_OCL': [False], 'ERT_SYCL': [False], 'ERT_WSS_MULT': [1.1]}
 