fp64
 16 67108864 347711.802 347711.802 347711.802 6.176044746390288 6.176044746390288 6.176044746390288 1.544011186597572 1.544011186597572 1.544011186597572
 32 33554432 184162.14 184162.14 184162.14 11.660831308758684 11.660831308758684 11.660831308758684 2.915207827189671 2.915207827189671 2.915207827189671
 48 16777216 92052.937 92052.937 92052.937 17.49659259649695 17.49659259649695 17.49659259649695 4.374148149124237 4.374148149124237 4.374148149124237
 64 16777216 92075.825 92075.825 92075.825 23.322991110858904 23.322991110858904 23.322991110858904 5.830747777714726 5.830747777714726 5.830747777714726
 80 8388608 46278.0 46278.0 46278.0 29.002491032456028 29.002491032456028 29.002491032456028 7.250622758114007 7.250622758114007 7.250622758114007
 96 8388608 47917.843 47917.843 47917.843 33.611962374850634 33.611962374850634 33.611962374850634 8.402990593712659 8.402990593712659 8.402990593712659
 112 8388608 46070.814 46070.814 46070.814 40.78608621935788 40.78608621935788 40.78608621935788 10.19652155483947 10.19652155483947 10.19652155483947
 128 8388608 52711.01 52711.01 52711.01 40.74070384915789 40.74070384915789 40.74070384915789 10.185175962289472 10.185175962289472 10.185175962289472
 144 4194304 26972.055 26972.055 26972.055 44.78559575827648 44.78559575827648 44.78559575827648 11.19639893956912 11.19639893956912 11.19639893956912
 160 4194304 26236.057 26236.057 26236.057 51.15773608816294 51.15773608816294 51.15773608816294 12.789434022040735 12.789434022040735 12.789434022040735
 176 4194304 30791.044 30791.044 30791.044 47.94884538504118 47.94884538504118 47.94884538504118 11.987211346260295 11.987211346260295 11.987211346260295
 192 4194304 29876.947 29876.947 29876.947 53.90821009924474 53.90821009924474 53.90821009924474 13.477052524811185 13.477052524811185 13.477052524811185
 208 4194304 34658.194 34658.194 34658.194 50.343952255561845 50.343952255561845 50.343952255561845 12.585988063890461 12.585988063890461 12.585988063890461
 224 4194304 34056.187 34056.187 34056.187 55.174943454474224 55.174943454474224 55.174943454474224 13.793735863618556 13.793735863618556 13.793735863618556
 240 4194304 38360.119 38360.119 38360.119 52.48330746836317 52.48330746836317 52.48330746836317 13.120826867090793 13.120826867090793 13.120826867090793
 256 4194304 25765.896 25765.896 25765.896 83.34597205546433 83.34597205546433 83.34597205546433 20.836493013866082 20.836493013866082 20.836493013866082
 272 2097152 15347.004 15347.004 15347.004 74.33702942932705 74.33702942932705 74.33702942932705 18.58425735733176 18.58425735733176 18.58425735733176
 288 2097152 15141.01 15141.01 15141.01 79.78064554478202 79.78064554478202 79.78064554478202 19.945161386195505 19.945161386195505 19.945161386195505
 304 2097152 17594.099 17594.099 17594.099 72.47136758750761 72.47136758750761 72.47136758750761 18.117841896876904 18.117841896876904 18.117841896876904
 320 2097152 16962.051 16962.051 16962.051 79.12824221551982 79.12824221551982 79.12824221551982 19.782060553879955 19.782060553879955 19.782060553879955
 352 2097152 18950.939 18950.939 18950.939 77.90616644378413 77.90616644378413 77.90616644378413 19.476541610946033 19.476541610946033 19.476541610946033
 384 2097152 20927.191 20927.191 20927.191 76.96268151803078 76.96268151803078 76.96268151803078 19.240670379507694 19.240670379507694 19.240670379507694
 416 2097152 22680.044 22680.044 22680.044 76.93241088950268 76.93241088950268 76.93241088950268 19.23310272237567 19.23310272237567 19.23310272237567
 448 2097152 24555.206 24555.206 24555.206 76.52341389438965 76.52341389438965 76.52341389438965 19.130853473597412 19.130853473597412 19.130853473597412
 480 2097152 26482.821 26482.821 26482.821 76.02158093354178 76.02158093354178 76.02158093354178 19.005395233385446 19.005395233385446 19.005395233385446
 528 1048576 12789.011 12789.011 12789.011 86.58185187267411 86.58185187267411 86.58185187267411 21.645462968168527 21.645462968168527 21.645462968168527
 576 1048576 14199.972 14199.972 14199.972 85.06774182371626 85.06774182371626 85.06774182371626 21.266935455929065 21.266935455929065 21.266935455929065
 624 1048576 16559.124 16559.124 16559.124 79.02729927017877 79.02729927017877 79.02729927017877 19.756824817544693 19.756824817544693 19.756824817544693
 672 1048576 17389.059 17389.059 17389.059 81.04441672203193 81.04441672203193 81.04441672203193 20.26110418050798 20.26110418050798 20.26110418050798
 736 1048576 18629.074 18629.074 18629.074 82.85456765054452 82.85456765054452 82.85456765054452 20.71364191263613 20.71364191263613 20.71364191263613
 800 1048576 17924.07 17924.07 17924.07 93.60159829770805 93.60159829770805 93.60159829770805 23.400399574427013 23.400399574427013 23.400399574427013
 880 1048576 21641.016 21641.016 21641.016 85.27759325162923 85.27759325162923 85.27759325162923 21.319398312907307 21.319398312907307 21.319398312907307
 960 1048576 23222.923 23222.923 23222.923 86.69304548785698 86.69304548785698 86.69304548785698 21.673261371964244 21.673261371964244 21.673261371964244
 1056 524288 11596.918 11596.918 11596.918 95.48194235744359 95.48194235744359 95.48194235744359 23.870485589360896 23.870485589360896 23.870485589360896
 1152 524288 13501.883 13501.883 13501.883 89.46600648220696 89.46600648220696 89.46600648220696 22.36650162055174 22.36650162055174 22.36650162055174
 1264 524288 15012.98 15012.98 15012.98 88.28360951656501 88.28360951656501 88.28360951656501 22.070902379141252 22.070902379141252 22.070902379141252
 1376 524288 15800.953 15800.953 15800.953 91.31351608982067 91.31351608982067 91.31351608982067 22.828379022455167 22.828379022455167 22.828379022455167
 1504 524288 17313.004 17313.004 17313.004 91.09096861526746 91.09096861526746 91.09096861526746 22.772742153816864 22.772742153816864 22.772742153816864
 1648 524288 18700.838 18700.838 18700.838 92.40512366344224 92.40512366344224 92.40512366344224 23.10128091586056 23.10128091586056 23.10128091586056
 1808 524288 19385.099 19385.099 19385.099 97.79807717257468 97.79807717257468 97.79807717257468 24.44951929314367 24.44951929314367 24.44951929314367
 1984 524288 22017.002 22017.002 22017.002 94.48946700372738 94.48946700372738 94.48946700372738 23.622366750931846 23.622366750931846 23.622366750931846
 2176 262144 12020.826 12020.826 12020.826 94.9061809895593 94.9061809895593 94.9061809895593 23.726545247389826 23.726545247389826 23.726545247389826
 2384 262144 13108.015 13108.015 13108.015 95.35407092530792 95.35407092530792 95.35407092530792 23.83851773132698 23.83851773132698 23.83851773132698
 2608 262144 14067.173 14067.173 14067.173 97.2009872914764 97.2009872914764 97.2009872914764 24.3002468228691 24.3002468228691 24.3002468228691
 2864 262144 15310.049 15310.049 15310.049 98.07681425448082 98.07681425448082 98.07681425448082 24.519203563620206 24.519203563620206 24.519203563620206
 3136 262144 16623.02 16623.02 16623.02 98.90905310827998 98.90905310827998 98.90905310827998 24.727263277069994 24.727263277069994 24.727263277069994
 3440 262144 18495.083 18495.083 18495.083 97.5151460526022 97.5151460526022 97.5151460526022 24.37878651315055 24.37878651315055 24.37878651315055
 3776 262144 20192.862 20192.862 20192.862 98.04016330126952 98.04016330126952 98.04016330126952 24.51004082531738 24.51004082531738 24.51004082531738
 4144 131072 10922.194 10922.194 10922.194 99.4603040378151 99.4603040378151 99.4603040378151 24.865076009453777 24.865076009453777 24.865076009453777
 4544 131072 12011.051 12011.051 12011.051 99.17386380259313 99.17386380259313 99.17386380259313 24.793465950648283 24.793465950648283 24.793465950648283
 4992 131072 13121.843 13121.843 13121.843 99.72858599207443 99.72858599207443 99.72858599207443 24.932146498018607 24.932146498018607 24.932146498018607
 5488 131072 14438.868 14438.868 14438.868 99.63705409593051 99.63705409593051 99.63705409593051 24.909263523982627 24.909263523982627 24.909263523982627
 6032 131072 15860.081 15860.081 15860.081 99.70015966501053 99.70015966501053 99.70015966501053 24.925039916252633 24.925039916252633 24.925039916252633
 6624 131072 17359.972 17359.972 17359.972 100.02561386619746 100.02561386619746 100.02561386619746 25.006403466549365 25.006403466549365 25.006403466549365
 7280 131072 19026.995 19026.995 19026.995 100.30003791980815 100.30003791980815 100.30003791980815 25.075009479952037 25.075009479952037 25.075009479952037
 8000 131072 20719.051 20719.051 20719.051 101.2185355400689 101.2185355400689 101.2185355400689 25.304633885017225 25.304633885017225 25.304633885017225
 8800 65536 12232.065 12232.065 12232.065 94.2959017958129 94.2959017958129 94.2959017958129 23.573975448953224 23.573975448953224 23.573975448953224
 9680 65536 13013.124 13013.124 13013.124 97.49979789633912 97.49979789633912 97.49979789633912 24.37494947408478 24.37494947408478 24.37494947408478
 10640 65536 14130.116 14130.116 14130.116 98.69742612162561 98.69742612162561 98.69742612162561 24.674356530406403 24.674356530406403 24.674356530406403
 11696 65536 15152.931 15152.931 15152.931 101.16974148433725 101.16974148433725 101.16974148433725 25.292435371084313 25.292435371084313 25.292435371084313
 12864 65536 16615.868 16615.868 16615.868 101.47590291400968 101.47590291400968 101.47590291400968 25.36897572850242 25.36897572850242 25.36897572850242
 14144 65536 18172.026 18172.026 18172.026 102.01847432971975 102.01847432971975 102.01847432971975 25.504618582429938 25.504618582429938 25.504618582429938
 15552 65536 20090.103 20090.103 20090.103 101.46447452260449 101.46447452260449 101.46447452260449 25.366118630651123 25.366118630651123 25.366118630651123
 17104 32768 11041.88 11041.88 11041.88 101.51602299608402 101.51602299608402 101.51602299608402 25.379005749021005 25.379005749021005 25.379005749021005
 18800 32768 12145.042 12145.042 12145.042 101.44689495515948 101.44689495515948 101.44689495515948 25.36172373878987 25.36172373878987 25.36172373878987
 20672 32768 14328.003 14328.003 14328.003 94.55331576912707 94.55331576912707 94.55331576912707 23.638328942281767 23.638328942281767 23.638328942281767
 22736 32768 15565.872 15565.872 15565.872 95.72393348731121 95.72393348731121 95.72393348731121 23.930983371827804 23.930983371827804 23.930983371827804
 25008 32768 17252.922 17252.922 17252.922 94.99401249249259 94.99401249249259 94.99401249249259 23.748503123123147 23.748503123123147 23.748503123123147
 27504 32768 18921.137 18921.137 18921.137 95.26394444477624 95.26394444477624 95.26394444477624 23.81598611119406 23.81598611119406 23.81598611119406
 30240 32768 19514.799 19514.799 19514.799 101.55414052688936 101.55414052688936 101.55414052688936 25.38853513172234 25.38853513172234 25.38853513172234
 33264 16384 10782.003 10782.003 10782.003 101.09390175461832 101.09390175461832 101.09390175461832 25.27347543865458 25.27347543865458 25.27347543865458
 36576 16384 11846.066 11846.066 11846.066 101.17471639952029 101.17471639952029 101.17471639952029 25.293679099880073 25.293679099880073 25.293679099880073
 40224 16384 12986.898 12986.898 12986.898 101.49152106992756 101.49152106992756 101.49152106992756 25.37288026748189 25.37288026748189 25.37288026748189
 44240 16384 14323.95 14323.95 14323.95 101.2050670380726 101.2050670380726 101.2050670380726 25.30126675951815 25.30126675951815 25.30126675951815
 48656 16384 15717.03 15717.03 15717.03 101.44154512652837 101.44154512652837 101.44154512652837 25.360386281632092 25.360386281632092 25.360386281632092
 53520 16384 17235.994 17235.994 17235.994 101.74889594415038 101.74889594415038 101.74889594415038 25.437223986037594 25.437223986037594 25.437223986037594
 58864 16384 19103.05 19103.05 19103.05 100.97107802157247 100.97107802157247 100.97107802157247 25.242769505393117 25.242769505393117 25.242769505393117
 64736 16384 20894.051 20894.051 20894.051 101.52503447033799 101.52503447033799 101.52503447033799 25.381258617584496 25.381258617584496 25.381258617584496
 71200 8192 12576.103 12576.103 12576.103 92.75852782058162 92.75852782058162 92.75852782058162 23.189631955145405 23.189631955145405 23.189631955145405
 78320 8192 14138.937 14138.937 14138.937 90.7561070538754 90.7561070538754 90.7561070538754 22.68902676346885 22.68902676346885 22.68902676346885
 86144 8192 15542.984 15542.984 15542.984 90.80516945780809 90.80516945780809 90.80516945780809 22.701292364452023 22.701292364452023 22.701292364452023
 94752 8192 17059.088 17059.088 17059.088 91.00233072248646 91.00233072248646 91.00233072248646 22.750582680621616 22.750582680621616 22.750582680621616
 104224 8192 18799.782 18799.782 18799.782 90.83116048898866 90.83116048898866 90.83116048898866 22.707790122247165 22.707790122247165 22.707790122247165
 114640 8192 20630.836 20630.836 20630.836 91.0414759731501 91.0414759731501 91.0414759731501 22.760368993287525 22.760368993287525 22.760368993287525
 126096 8192 24242.163 24242.163 24242.163 85.22163900968737 85.22163900968737 85.22163900968737 21.30540975242184 21.30540975242184 21.30540975242184
 138704 4096 13339.043 13339.043 13339.043 85.18325999848715 85.18325999848715 85.18325999848715 21.295814999621786 21.295814999621786 21.295814999621786
 152560 4096 14905.93 14905.93 14905.93 83.84391446893954 83.84391446893954 83.84391446893954 20.960978617234886 20.960978617234886 20.960978617234886
 167808 4096 16086.817 16086.817 16086.817 85.4540171620029 85.4540171620029 85.4540171620029 21.363504290500725 21.363504290500725 21.363504290500725
 184576 4096 16661.882 16661.882 16661.882 90.74884769919747 90.74884769919747 90.74884769919747 22.687211924799367 22.687211924799367 22.687211924799367
 203024 4096 18391.132 18391.132 18391.132 90.43340061938547 90.43340061938547 90.43340061938547 22.608350154846367 22.608350154846367 22.608350154846367
 223312 4096 20227.194 20227.194 20227.194 90.44121018466525 90.44121018466525 90.44121018466525 22.610302546166313 22.610302546166313 22.610302546166313
 245632 4096 22264.957 22264.957 22264.957 90.37598159295796 90.37598159295796 90.37598159295796 22.59399539823949 22.59399539823949 22.59399539823949
 270192 2048 12328.863 12328.863 12328.863 89.76549029703713 89.76549029703713 89.76549029703713 22.441372574259283 22.441372574259283 22.441372574259283
 297200 2048 13484.001 13484.001 13484.001 90.27967292497235 90.27967292497235 90.27967292497235 22.569918231243086 22.569918231243086 22.569918231243086
 326912 2048 14866.114 14866.114 14866.114 90.07273534966838 90.07273534966838 90.07273534966838 22.518183837417094 22.518183837417094 22.518183837417094
 359600 2048 16430.855 16430.855 16430.855 89.64363692577166 89.64363692577166 89.64363692577166 22.410909231442915 22.410909231442915 22.410909231442915
 395552 2048 18090.963 18090.963 18090.963 89.55747640410299 89.55747640410299 89.55747640410299 22.389369101025746 22.389369101025746 22.389369101025746
 435104 2048 20701.17 20701.17 20701.17 86.09107523874256 86.09107523874256 86.09107523874256 21.52276880968564 21.52276880968564 21.52276880968564
 478608 2048 23193.121 23193.121 23193.121 84.52412971932496 84.52412971932496 84.52412971932496 21.13103242983124 21.13103242983124 21.13103242983124
 526464 1024 13633.013 13633.013 13633.013 79.08730608560265 79.08730608560265 79.08730608560265 19.771826521400662 19.771826521400662 19.771826521400662
 579104 1024 16871.929 16871.929 16871.929 70.29456987401973 70.29456987401973 70.29456987401973 17.573642468504932 17.573642468504932 17.573642468504932
 637008 1024 18747.091 18747.091 18747.091 69.58905699022851 69.58905699022851 69.58905699022851 17.39726424755713 17.39726424755713 17.39726424755713
 700704 1024 21164.894 21164.894 21164.894 67.80292837752933 67.80292837752933 67.80292837752933 16.95073209438233 16.95073209438233 16.95073209438233
 770768 1024 23260.832 23260.832 23260.832 67.8622701028063 67.8622701028063 67.8622701028063 16.965567525701577 16.965567525701577 16.965567525701577
 847840 1024 25596.857 25596.857 25596.857 67.83552840100641 67.83552840100641 67.83552840100641 16.958882100251603 16.958882100251603 16.958882100251603
 932624 1024 28159.857 28159.857 28159.857 67.8275444367491 67.8275444367491 67.8275444367491 16.956886109187273 16.956886109187273 16.956886109187273
 1025872 1024 30975.103 30975.103 30975.103 67.82821209666356 67.82821209666356 67.82821209666356 16.95705302416589 16.95705302416589 16.95705302416589
 1128448 512 17820.835 17820.835 17820.835 64.84156056660645 64.84156056660645 64.84156056660645 16.21039014165161 16.21039014165161 16.21039014165161
 1241280 512 19526.958 19526.958 19526.958 65.09312510427893 65.09312510427893 65.09312510427893 16.27328127606973 16.27328127606973 16.27328127606973
 1365408 512 21689.177 21689.177 21689.177 64.46430825844614 64.46430825844614 64.46430825844614 16.116077064611535 16.116077064611535 16.116077064611535
 1501936 512 22809.029 22809.029 22809.029 67.42866888371267 67.42866888371267 67.42866888371267 16.85716722092817 16.85716722092817 16.85716722092817
 1652128 512 25033.951 25033.951 25033.951 67.5793873687777 67.5793873687777 67.5793873687777 16.894846842194426 16.894846842194426 16.894846842194426
 1817328 512 27534.008 27534.008 27534.008 67.58710435473105 67.58710435473105 67.58710435473105 16.896776088682763 16.896776088682763 16.896776088682763
 1999056 512 30167.818 30167.818 30167.818 67.85486918543462 67.85486918543462 67.85486918543462 16.963717296358656 16.963717296358656 16.963717296358656
 2198960 256 16626.12 16626.12 16626.12 67.71679261306907 67.71679261306907 67.71679261306907 16.92919815326727 16.92919815326727 16.92919815326727
 2418848 256 18277.884 18277.884 18277.884 67.75675871452079 67.75675871452079 67.75675871452079 16.939189678630196 16.939189678630196 16.939189678630196
 2660720 256 20112.038 20112.038 20112.038 67.73498737422831 67.73498737422831 67.73498737422831 16.933746843557078 16.933746843557078 16.933746843557078
 2926784 256 22116.899 22116.899 22116.899 67.75422757051066 67.75422757051066 67.75422757051066 16.938556892627666 16.938556892627666 16.938556892627666
 3219456 256 24875.164 24875.164 24875.164 66.26535093396771 66.26535093396771 66.26535093396771 16.566337733491928 16.566337733491928 16.566337733491928
 3541392 256 26801.109 26801.109 26801.109 67.65364463089942 67.65364463089942 67.65364463089942 16.913411157724855 16.913411157724855 16.913411157724855
 3895520 256 29469.967 29469.967 29469.967 67.6792831155868 67.6792831155868 67.6792831155868 16.9198207788967 16.9198207788967 16.9198207788967
 4285072 128 16219.139 16219.139 16219.139 67.63481292071053 67.63481292071053 67.63481292071053 16.908703230177633 16.908703230177633 16.908703230177633
 4713568 128 18172.026 18172.026 18172.026 66.40279999599383 66.40279999599383 66.40279999599383 16.600699998998458 16.600699998998458 16.600699998998458
 5184912 128 19644.976 19644.976 19644.976 67.56625571851043 67.56625571851043 67.56625571851043 16.89156392962761 16.89156392962761 16.89156392962761
 5703392 128 21697.044 21697.044 21697.044 67.29342264319507 67.29342264319507 67.29342264319507 16.823355660798768 16.823355660798768 16.823355660798768
 6273728 128 23856.163 23856.163 23856.163 67.32324758176745 67.32324758176745 67.32324758176745 16.83081189544186 16.83081189544186 16.83081189544186
 6901088 128 26821.852 26821.852 26821.852 65.86713430526721 65.86713430526721 65.86713430526721 16.466783576316804 16.466783576316804 16.466783576316804
 7591184 128 28796.911 28796.911 28796.911 67.48442928479378 67.48442928479378 67.48442928479378 16.871107321198444 16.871107321198444 16.871107321198444
 8350288 128 31795.025 31795.025 31795.025 67.23296264116792 67.23296264116792 67.23296264116792 16.80824066029198 16.80824066029198 16.80824066029198
 9185312 64 17501.116 17501.116 17501.116 67.17971219663934 67.17971219663934 67.17971219663934 16.794928049159836 16.794928049159836 16.794928049159836
 10103840 64 19222.975 19222.975 19222.975 67.2784269864576 67.2784269864576 67.2784269864576 16.8196067466144 16.8196067466144 16.8196067466144
 11114224 64 21360.874 21360.874 21360.874 66.59936629933776 66.59936629933776 66.59936629933776 16.64984157483444 16.64984157483444 16.64984157483444
 12225632 64 23270.13 23270.13 23270.13 67.24848103555932 67.24848103555932 67.24848103555932 16.81212025888983 16.81212025888983 16.81212025888983
 13448192 64 26942.968 26942.968 26942.968 63.88934493037292 63.88934493037292 63.88934493037292 15.97233623259323 15.97233623259323 15.97233623259323
 14793008 64 28332.949 28332.949 28332.949 66.83049561836998 66.83049561836998 66.83049561836998 16.707623904592495 16.707623904592495 16.707623904592495
 16272304 64 31264.067 31264.067 31264.067 66.6213679749343 66.6213679749343 66.6213679749343 16.655341993733575 16.655341993733575 16.655341993733575
 17899520 32 17936.945 17936.945 17936.945 63.86646555475305 63.86646555475305 63.86646555475305 15.966616388688262 15.966616388688262 15.966616388688262
 19689472 32 19772.053 19772.053 19772.053 63.73269422249677 63.73269422249677 63.73269422249677 15.933173555624192 15.933173555624192 15.933173555624192
 21658416 32 20879.03 20879.03 20879.03 66.389033590162 66.389033590162 66.389033590162 16.5972583975405 16.5972583975405 16.5972583975405
 23824256 32 22913.933 22913.933 22913.933 66.54258716737976 66.54258716737976 66.54258716737976 16.63564679184494 16.63564679184494 16.63564679184494
 26206672 32 25419.95 25419.95 25419.95 65.98073591804862 65.98073591804862 65.98073591804862 16.495183979512156 16.495183979512156 16.495183979512156
 28827328 32 28014.183 28014.183 28014.183 65.85767616353473 65.85767616353473 65.85767616353473 16.464419040883683 16.464419040883683 16.464419040883683
 31710048 32 31162.977 31162.977 31162.977 65.12353014283583 65.12353014283583 65.12353014283583 16.280882535708958 16.280882535708958 16.280882535708958
 34881040 16 16891.956 16891.956 16891.956 66.07839139528899 66.07839139528899 66.07839139528899 16.519597848822247 16.519597848822247 16.519597848822247
 38369136 16 18847.227 18847.227 18847.227 65.14551726893299 65.14551726893299 65.14551726893299 16.286379317233248 16.286379317233248 16.286379317233248
 42206048 16 20677.09 20677.09 20677.09 65.318356499875 65.318356499875 65.318356499875 16.32958912496875 16.32958912496875 16.32958912496875
 46426640 16 22835.97 22835.97 22835.97 65.05755963070541 65.05755963070541 65.05755963070541 16.264389907676353 16.264389907676353 16.264389907676353
 51069296 16 25943.041 25943.041 25943.041 62.992517800823734 62.992517800823734 62.992517800823734 15.748129450205933 15.748129450205933 15.748129450205933
 56176224 16 33934.116 33934.116 33934.116 52.97439214270382 52.97439214270382 52.97439214270382 13.243598035675955 13.243598035675955 13.243598035675955
 61793840 16 42438.03 42438.03 42438.03 46.595067678683485 46.595067678683485 46.595067678683485 11.648766919670871 11.648766919670871 11.648766919670871
 67973216 8 26819.944 26819.944 26819.944 40.550847384319674 40.550847384319674 40.550847384319674 10.137711846079918 10.137711846079918 10.137711846079918
 74770528 8 30752.897 30752.897 30752.897 38.90132523124569 38.90132523124569 38.90132523124569 9.725331307811423 9.725331307811423 9.725331307811423
 82247568 8 34635.067 34635.067 34635.067 37.99504958370658 37.99504958370658 37.99504958370658 9.498762395926645 9.498762395926645 9.498762395926645
 90472320 8 40165.186 40165.186 40165.186 36.04009502159408 36.04009502159408 36.04009502159408 9.01002375539852 9.01002375539852 9.01002375539852
 99519552 8 44636.011 44636.011 44636.011 35.673278062414674 35.673278062414674 35.673278062414674 8.918319515603669 8.918319515603669 8.918319515603669
 109471504 8 48897.982 48897.982 48897.982 35.82037524575144 35.82037524575144 35.82037524575144 8.95509381143786 8.95509381143786 8.95509381143786
 120418640 8 55191.04 55191.04 55191.04 34.9096201122501 34.9096201122501 34.9096201122501 8.727405028062526 8.727405028062526 8.727405028062526
 132460496 8 60894.966 60894.966 60894.966 34.80366400073201 34.80366400073201 34.80366400073201 8.700916000183003 8.700916000183003 8.700916000183003
 145706544 4 32851.934 32851.934 32851.934 35.4820009074656 35.4820009074656 35.4820009074656 8.8705002268664 8.8705002268664 8.8705002268664
 160277184 4 36048.174 36048.174 36048.174 35.56955400847765 35.56955400847765 35.56955400847765 8.892388502119413 8.892388502119413 8.892388502119413
 176304896 4 40131.807 40131.807 40131.807 35.14516971538311 35.14516971538311 35.14516971538311 8.786292428845778 8.786292428845778 8.786292428845778
 193935376 4 43486.118 43486.118 43486.118 35.67766173103793 35.67766173103793 35.67766173103793 8.919415432759482 8.919415432759482 8.919415432759482
 213328912 4 48906.088 48906.088 48906.088 34.89609097337738 34.89609097337738 34.89609097337738 8.724022743344346 8.724022743344346 8.724022743344346
 234661792 4 52183.151 52183.151 52183.151 35.97510499126433 35.97510499126433 35.97510499126433 8.993776247816083 8.993776247816083 8.993776247816083
 258127968 4 59136.868 59136.868 59136.868 34.91939654294847 34.91939654294847 34.91939654294847 8.729849135737117 8.729849135737117 8.729849135737117
 283940752 2 31965.017 31965.017 31965.017 35.53143763383577 35.53143763383577 35.53143763383577 8.882859408458943 8.882859408458943 8.882859408458943
 312334816 2 35464.048 35464.048 35464.048 35.22833219715922 35.22833219715922 35.22833219715922 8.807083049289805 8.807083049289805 8.807083049289805
 343568288 2 39276.838 39276.838 39276.838 34.98940398409872 34.98940398409872 34.98940398409872 8.74735099602468 8.74735099602468 8.74735099602468
 377925104 2 42265.892 42265.892 42265.892 35.766438242921744 35.766438242921744 35.766438242921744 8.941609560730436 8.941609560730436 8.941609560730436
 415717600 2 47612.19 47612.19 47612.19 34.92530799360416 34.92530799360416 34.92530799360416 8.73132699840104 8.73132699840104 8.73132699840104
 457289360 2 52151.918 52151.918 52151.918 35.07363698493313 35.07363698493313 35.07363698493313 8.768409246233283 8.768409246233283 8.768409246233283
 503018288 2 57152.987 57152.987 57152.987 35.20503927467518 35.20503927467518 35.20503927467518 8.801259818668795 8.801259818668795 8.801259818668795
 553320112 1 31702.042 31702.042 31702.042 34.90753762801778 34.90753762801778 34.90753762801778 8.726884407004444 8.726884407004444 8.726884407004444
 608652112 1 34420.967 34420.967 34420.967 35.36519540546319 35.36519540546319 35.36519540546319 8.841298851365798 8.841298851365798 8.841298851365798
 669517312 1 38332.939 38332.939 38332.939 34.93169735824326 34.93169735824326 34.93169735824326 8.732924339560816 8.732924339560816 8.732924339560816
 736469040 1 42205.811 42205.811 42205.811 34.89894033786011 34.89894033786011 34.89894033786011 8.724735084465028 8.724735084465028 8.724735084465028
 810115936 1 45487.881 45487.881 45487.881 35.61897886604126 35.61897886604126 35.61897886604126 8.904744716510315 8.904744716510315 8.904744716510315
 891127520 1 50945.044 50945.044 50945.044 34.98387478083246 34.98387478083246 34.98387478083246 8.745968695208115 8.745968695208115 8.745968695208115
 980240272 1 55874.109 55874.109 55874.109 35.08745963179476 35.08745963179476 35.08745963179476 8.77186490794869 8.77186490794869 8.77186490794869
 
META_DATA
 MPI startup(): shm:tmi fabric is unknown or has been removed from the product, please use ofi or shm:ofi instead
 FLOPS          4
 MPI_PROCS      1
 OPENMP_THREADS 2
 ERT_VERSION  1.1.0
 HOSTNAME  ('shas0816.rc.int.colorado.edu', [], ['10.225.7.65'])
 UNAME  uname_result(system='Linux', node='shas0816.rc.int.colorado.edu', release='3.10.0-957.27.2.el7.x86_64', version='#1 SMP Mon Jul 29 17:46:05 UTC 2019', machine='x86_64', processor='x86_64')
 TIMESTAMP_DATA  1664512857.341038
 CONFIG  {'ERT_RESULTS': ['lab5_results'], 'ERT_DRIVER': ['driver1'], 'ERT_KERNEL': ['kernel1'], 'ERT_MPI': ['True'], 'ERT_MPI_CFLAGS': ['-I/usr/include/mpi'], 'ERT_MPI_LDFLAGS': ['-lmpi'], 'ERT_OPENMP': ['True'], 'ERT_OPENMP_CFLAGS': ['-qopenmp'], 'ERT_OPENMP_LDFLAGS': ['-qopenmp'], 'ERT_FLOPS': ['1,2,4,8,16'], 'ERT_ALIGN': ['32'], 'ERT_CC': ['mpicc'], 'ERT_CFLAGS': ['-O3', '-msse3', '-axSSE3', '-xSSE3', '-fno-alias', '-fno-fnalias', '-DERT_INTEL', '-std=c++11'], 'ERT_LD': ['mpicc'], 'ERT_LDFLAGS': [], 'ERT_LDLIBS': [], 'ERT_PRECISION': ['FP64'], 'ERT_RUN': ['export', 'OMP_NUM_THREADS=ERT_OPENMP_THREADS;', 'mpirun', '-np', 'ERT_MPI_PROCS', 'ERT_CODE'], 'ERT_PROCS_THREADS': ['1-24'], 'ERT_MPI_PROCS': ['1'], 'ERT_OPENMP_THREADS': ['2'], 'ERT_NUM_EXPERIMENTS': ['1'], 'ERT_MEMORY_MAX': ['1073741824'], 'ERT_WORKING_SET_MIN': ['1'], 'ERT_TRIALS_MIN': ['1'], 'ERT_GNUPLOT': ['gnuplot'], 'ERT_GPU': [False], 'ERT_HIP': [False], 'ERT_OCL': [False], 'ERT_SYCL': [False], 'ERT_WSS_MULT': [1.1]}
 