fp64
 32 33554432 343095.064 343095.064 343095.064 6.259150519285815 6.259150519285815 6.259150519285815 3.1295752596429076 3.1295752596429076 3.1295752596429076
 64 16777216 179522.038 179522.038 179522.038 11.96222854822983 11.96222854822983 11.96222854822983 5.981114274114915 5.981114274114915 5.981114274114915
 96 8388608 91153.86 91153.86 91153.86 17.669166571772166 17.669166571772166 17.669166571772166 8.834583285886083 8.834583285886083 8.834583285886083
 128 8388608 90013.981 90013.981 90013.981 23.857223335117244 23.857223335117244 23.857223335117244 11.928611667558622 11.928611667558622 11.928611667558622
 160 4194304 46539.068 46539.068 46539.068 28.83979713560229 28.83979713560229 28.83979713560229 14.419898567801145 14.419898567801145 14.419898567801145
 192 4194304 46386.003 46386.003 46386.003 34.72195558647293 34.72195558647293 34.72195558647293 17.360977793236465 17.360977793236465 17.360977793236465
 224 4194304 47267.914 47267.914 47267.914 39.7531440037739 39.7531440037739 39.7531440037739 19.87657200188695 19.87657200188695 19.87657200188695
 256 4194304 45443.058 45443.058 45443.058 47.25658312871463 47.25658312871463 47.25658312871463 23.628291564357315 23.628291564357315 23.628291564357315
 288 2097152 24220.943 24220.943 24220.943 49.87252362552523 49.87252362552523 49.87252362552523 24.936261812762616 24.936261812762616 24.936261812762616
 320 2097152 24225.95 24225.95 24225.95 55.40246223574308 55.40246223574308 55.40246223574308 27.70123111787154 27.70123111787154 27.70123111787154
 352 2097152 24804.115 24804.115 24804.115 59.52218041240334 59.52218041240334 59.52218041240334 29.76109020620167 29.76109020620167 29.76109020620167
 384 2097152 24564.028 24564.028 24564.028 65.56794089308154 65.56794089308154 65.56794089308154 32.78397044654077 32.78397044654077 32.78397044654077
 416 2097152 28190.851 28190.851 28190.851 61.89350098015843 61.89350098015843 61.89350098015843 30.946750490079214 30.946750490079214 30.946750490079214
 448 2097152 26551.962 26551.962 26551.962 70.76871351352492 70.76871351352492 70.76871351352492 35.38435675676246 35.38435675676246 35.38435675676246
 480 2097152 29106.855 29106.855 29106.855 69.16810215325565 69.16810215325565 69.16810215325565 34.58405107662782 34.58405107662782 34.58405107662782
 512 2097152 24885.893 24885.893 24885.893 86.29321230305058 86.29321230305058 86.29321230305058 43.14660615152529 43.14660615152529 43.14660615152529
 544 1048576 13194.084 13194.084 13194.084 86.4668352876941 86.4668352876941 86.4668352876941 43.23341764384705 43.23341764384705 43.23341764384705
 576 1048576 13414.86 13414.86 13414.86 90.04637782280247 90.04637782280247 90.04637782280247 45.023188911401235 45.023188911401235 45.023188911401235
 608 1048576 15625.0 15625.0 15625.0 81.604378624 81.604378624 81.604378624 40.802189312 40.802189312 40.802189312
 640 1048576 15820.026 15820.026 15820.026 84.84039659606121 84.84039659606121 84.84039659606121 42.420198298030606 42.420198298030606 42.420198298030606
 704 1048576 17302.99 17302.99 17302.99 85.3260048118851 85.3260048118851 85.3260048118851 42.66300240594255 42.66300240594255 42.66300240594255
 768 1048576 19181.967 19181.967 19181.967 83.96494144735 83.96494144735 83.96494144735 41.982470723675 41.982470723675 41.982470723675
 832 1048576 20763.159 20763.159 20763.159 84.03492281689891 84.03492281689891 84.03492281689891 42.017461408449456 42.017461408449456 42.017461408449456
 896 1048576 22409.201 22409.201 22409.201 83.85163719134832 83.85163719134832 83.85163719134832 41.92581859567416 41.92581859567416 41.92581859567416
 960 1048576 23932.934 23932.934 23932.934 84.12114954230016 84.12114954230016 84.12114954230016 42.06057477115008 42.06057477115008 42.06057477115008
 1056 524288 11965.036 11965.036 11965.036 92.54433133339506 92.54433133339506 92.54433133339506 46.27216566669753 46.27216566669753 46.27216566669753
 1152 524288 13362.885 13362.885 13362.885 90.39661360552006 90.39661360552006 90.39661360552006 45.19830680276003 45.19830680276003 45.19830680276003
 1248 524288 15830.04 15830.04 15830.04 82.66705883244767 82.66705883244767 82.66705883244767 41.33352941622383 41.33352941622383 41.33352941622383
 1344 524288 16002.893 16002.893 16002.893 88.06446084467352 88.06446084467352 88.06446084467352 44.03223042233676 44.03223042233676 44.03223042233676
 1472 524288 17587.9 17587.9 17587.9 87.75941823640116 87.75941823640116 87.75941823640116 43.87970911820058 43.87970911820058 43.87970911820058
 1600 524288 17326.117 17326.117 17326.117 96.83194451474616 96.83194451474616 96.83194451474616 48.41597225737308 48.41597225737308 48.41597225737308
 1760 524288 20350.933 20350.933 20350.933 90.68349642741195 90.68349642741195 90.68349642741195 45.341748213705976 45.341748213705976 45.341748213705976
 1920 524288 21698.952 21698.952 21698.952 92.78171222278384 92.78171222278384 92.78171222278384 46.39085611139192 46.39085611139192 46.39085611139192
 2112 262144 11400.938 11400.938 11400.938 97.12325915639573 97.12325915639573 97.12325915639573 48.561629578197866 48.561629578197866 48.561629578197866
 2304 262144 12878.18 12878.18 12878.18 93.79893370025889 93.79893370025889 93.79893370025889 46.89946685012944 46.89946685012944 46.89946685012944
 2528 262144 14507.055 14507.055 14507.055 91.36244840872253 91.36244840872253 91.36244840872253 45.681224204361264 45.681224204361264 45.681224204361264
 2752 262144 15218.019 15218.019 15218.019 94.81132701963377 94.81132701963377 94.81132701963377 47.40566350981688 47.40566350981688 47.40566350981688
 3008 262144 16669.989 16669.989 16669.989 94.60463975111199 94.60463975111199 94.60463975111199 47.302319875555995 47.302319875555995 47.302319875555995
 3296 262144 18152.952 18152.952 18152.952 95.1940625414533 95.1940625414533 95.1940625414533 47.59703127072665 47.59703127072665 47.59703127072665
 3616 262144 19189.119 19189.119 19189.119 98.79689672047999 98.79689672047999 98.79689672047999 49.398448360239996 49.398448360239996 49.398448360239996
 3968 262144 21414.995 21414.995 21414.995 97.14570486708028 97.14570486708028 97.14570486708028 48.57285243354014 48.57285243354014 48.57285243354014
 4352 131072 11776.209 11776.209 11776.209 96.87758496813362 96.87758496813362 96.87758496813362 48.43879248406681 48.43879248406681 48.43879248406681
 4768 131072 12846.947 12846.947 12846.947 97.29179952248576 97.29179952248576 97.29179952248576 48.64589976124288 48.64589976124288 48.64589976124288
 5216 131072 14008.999 14008.999 14008.999 97.60462571237245 97.60462571237245 97.60462571237245 48.80231285618623 48.80231285618623 48.80231285618623
 5728 131072 15291.929 15291.929 15291.929 98.19302927707813 98.19302927707813 98.19302927707813 49.09651463853906 49.09651463853906 49.09651463853906
 6272 131072 16494.989 16494.989 16494.989 99.67676656225717 99.67676656225717 99.67676656225717 49.838383281128586 49.838383281128586 49.838383281128586
 6880 131072 18332.005 18332.005 18332.005 98.3826220863457 98.3826220863457 98.3826220863457 49.19131104317285 49.19131104317285 49.19131104317285
 7552 131072 19989.014 19989.014 19989.014 99.03997705939872 99.03997705939872 99.03997705939872 49.51998852969936 49.51998852969936 49.51998852969936
 8288 65536 10935.068 10935.068 10935.068 99.34320810807944 99.34320810807944 99.34320810807944 49.67160405403972 49.67160405403972 49.67160405403972
 9088 65536 12039.9 12039.9 12039.9 98.93623169627655 98.93623169627655 98.93623169627655 49.468115848138275 49.468115848138275 49.468115848138275
 9984 65536 13139.963 13139.963 13139.963 99.59106034012424 99.59106034012424 99.59106034012424 49.79553017006212 49.79553017006212 49.79553017006212
 10976 65536 14430.046 14430.046 14430.046 99.69796853038444 99.69796853038444 99.69796853038444 49.84898426519222 49.84898426519222 49.84898426519222
 12064 65536 15878.916 15878.916 15878.916 99.58189891551791 99.58189891551791 99.58189891551791 49.790949457758956 49.790949457758956 49.790949457758956
 13248 65536 17424.107 17424.107 17424.107 99.65743759493671 99.65743759493671 99.65743759493671 49.828718797468355 49.828718797468355 49.828718797468355
 14560 65536 19268.036 19268.036 19268.036 99.0452955350509 99.0452955350509 99.0452955350509 49.52264776752545 49.52264776752545 49.52264776752545
 16000 65536 21538.973 21538.973 21538.973 97.36545934664571 97.36545934664571 97.36545934664571 48.682729673322854 48.682729673322854 48.682729673322854
 17600 32768 11829.853 11829.853 11829.853 97.50193852789211 97.50193852789211 97.50193852789211 48.750969263946054 48.750969263946054 48.750969263946054
 19360 32768 13211.012 13211.012 13211.012 96.03934656936198 96.03934656936198 96.03934656936198 48.01967328468099 48.01967328468099 48.01967328468099
 21280 32768 14564.037 14564.037 14564.037 95.7568344546227 95.7568344546227 95.7568344546227 47.87841722731135 47.87841722731135 47.87841722731135
 23392 32768 15774.965 15774.965 15774.965 97.18044458418767 97.18044458418767 97.18044458418767 48.590222292093834 48.590222292093834 48.590222292093834
 25728 32768 17234.087 17234.087 17234.087 97.83577209515074 97.83577209515074 97.83577209515074 48.91788604757537 48.91788604757537 48.91788604757537
 28288 32768 18905.878 18905.878 18905.878 98.05851746213531 98.05851746213531 98.05851746213531 49.02925873106766 49.02925873106766 49.02925873106766
 31104 32768 20862.103 20862.103 20862.103 97.70979196105014 97.70979196105014 97.70979196105014 48.85489598052507 48.85489598052507 48.85489598052507
 34208 16384 11595.011 11595.011 11595.011 96.67327991323165 96.67327991323165 96.67327991323165 48.33663995661583 48.33663995661583 48.33663995661583
 37600 16384 12612.82 12612.82 12612.82 97.68448293085923 97.68448293085923 97.68448293085923 48.842241465429616 48.842241465429616 48.842241465429616
 41344 16384 13894.081 13894.081 13894.081 97.50628285526766 97.50628285526766 97.50628285526766 48.75314142763383 48.75314142763383 48.75314142763383
 45472 16384 15210.152 15210.152 15210.152 97.96263022223579 97.96263022223579 97.96263022223579 48.981315111117894 48.981315111117894 48.981315111117894
 50016 16384 16474.009 16474.009 16474.009 99.48545542253862 99.48545542253862 99.48545542253862 49.74272771126931 49.74272771126931 49.74272771126931
 55008 16384 17889.977 17889.977 17889.977 100.75486089221916 100.75486089221916 100.75486089221916 50.37743044610958 50.37743044610958 50.37743044610958
 60480 16384 19734.144 19734.144 19734.144 100.42536630927594 100.42536630927594 100.42536630927594 50.21268315463797 50.21268315463797 50.21268315463797
 66528 8192 10725.021 10725.021 10725.021 101.63101330990399 101.63101330990399 101.63101330990399 50.815506654951996 50.815506654951996 50.815506654951996
 73152 8192 11826.992 11826.992 11826.992 101.33788608295329 101.33788608295329 101.33788608295329 50.668943041476645 50.668943041476645 50.668943041476645
 80448 8192 12989.998 12989.998 12989.998 101.46730061082381 101.46730061082381 101.46730061082381 50.733650305411906 50.733650305411906 50.733650305411906
 88480 8192 14348.03 14348.03 14348.03 101.03521668131444 101.03521668131444 101.03521668131444 50.51760834065722 50.51760834065722 50.51760834065722
 97312 8192 15916.824 15916.824 15916.824 100.16821245243399 100.16821245243399 100.16821245243399 50.084106226216996 50.084106226216996 50.084106226216996
 107040 8192 17297.983 17297.983 17297.983 101.3842689058025 101.3842689058025 101.3842689058025 50.69213445290125 50.69213445290125 50.69213445290125
 117728 8192 19090.176 19090.176 19090.176 101.03917072320338 101.03917072320338 101.03917072320338 50.51958536160169 50.51958536160169 50.51958536160169
 129472 8192 20982.981 20982.981 20982.981 101.09475140829608 101.09475140829608 101.09475140829608 50.54737570414804 50.54737570414804 50.54737570414804
 142400 4096 11620.045 11620.045 11620.045 100.39038575151817 100.39038575151817 100.39038575151817 50.19519287575908 50.19519287575908 50.19519287575908
 156640 4096 12737.036 12737.036 12737.036 100.7451717966409 100.7451717966409 100.7451717966409 50.37258589832045 50.37258589832045 50.37258589832045
 172288 4096 14045.0 14045.0 14045.0 100.49008871484513 100.49008871484513 100.49008871484513 50.245044357422564 50.245044357422564 50.245044357422564
 189504 4096 15347.004 15347.004 15347.004 101.1543860938591 101.1543860938591 101.1543860938591 50.57719304692955 50.57719304692955 50.57719304692955
 208448 4096 16892.91 16892.91 16892.91 101.08418360128597 101.08418360128597 101.08418360128597 50.542091800642986 50.542091800642986 50.542091800642986
 229280 4096 18621.922 18621.922 18621.922 100.8629377783883 100.8629377783883 100.8629377783883 50.43146888919415 50.43146888919415 50.43146888919415
 252192 4096 20336.151 20336.151 20336.151 101.59035817544824 101.59035817544824 101.59035817544824 50.79517908772412 50.79517908772412 50.79517908772412
 277408 2048 11257.172 11257.172 11257.172 100.9368221432523 100.9368221432523 100.9368221432523 50.46841107162615 50.46841107162615 50.46841107162615
 305120 2048 12362.957 12362.957 12362.957 101.09001592418382 101.09001592418382 101.09001592418382 50.54500796209191 50.54500796209191 50.54500796209191
 335616 2048 13746.977 13746.977 13746.977 99.99894056707886 99.99894056707886 99.99894056707886 49.99947028353943 49.99947028353943 49.99947028353943
 369152 2048 14936.924 14936.924 14936.924 101.22877990140405 101.22877990140405 101.22877990140405 50.61438995070203 50.61438995070203 50.61438995070203
 406048 2048 16391.039 16391.039 16391.039 101.46840648722757 101.46840648722757 101.46840648722757 50.734203243613784 50.734203243613784 50.734203243613784
 446624 2048 18120.05 18120.05 18120.05 100.95843576590573 100.95843576590573 100.95843576590573 50.47921788295287 50.47921788295287 50.47921788295287
 491264 2048 19924.879 19924.879 19924.879 100.99019140843969 100.99019140843969 100.99019140843969 50.49509570421984 50.49509570421984 50.49509570421984
 540384 1024 10945.082 10945.082 10945.082 101.11449434549691 101.11449434549691 101.11449434549691 50.557247172748454 50.557247172748454 50.557247172748454
 594400 1024 12042.046 12042.046 12042.046 101.09006393099644 101.09006393099644 101.09006393099644 50.54503196549822 50.54503196549822 50.54503196549822
 653824 1024 13257.027 13257.027 13257.027 101.00541788139981 101.00541788139981 101.00541788139981 50.502708940699904 50.502708940699904 50.502708940699904
 719200 1024 14592.886 14592.886 14592.886 100.93422233271745 100.93422233271745 100.93422233271745 50.46711116635873 50.46711116635873 50.46711116635873
 791104 1024 15997.887 15997.887 15997.887 101.27468658829756 101.27468658829756 101.27468658829756 50.63734329414878 50.63734329414878 50.63734329414878
 870208 1024 17591.0 17591.0 17591.0 101.31237473708147 101.31237473708147 101.31237473708147 50.656187368540735 50.656187368540735 50.656187368540735
 957216 1024 19391.06 19391.06 19391.06 101.09701934809132 101.09701934809132 101.09701934809132 50.54850967404566 50.54850967404566 50.54850967404566
 1052928 512 10679.96 10679.96 10679.96 100.9552724916573 100.9552724916573 100.9552724916573 50.47763624582865 50.47763624582865 50.47763624582865
 1158208 512 12432.098 12432.098 12432.098 95.39861992722386 95.39861992722386 95.39861992722386 47.69930996361193 47.69930996361193 47.69930996361193
 1274016 512 13695.002 13695.002 13695.002 95.26047414962042 95.26047414962042 95.26047414962042 47.63023707481021 47.63023707481021 47.63023707481021
 1401408 512 15203.953 15203.953 15203.953 94.3860976155346 94.3860976155346 94.3860976155346 47.1930488077673 47.1930488077673 47.1930488077673
 1541536 512 16478.062 16478.062 16478.062 95.79602649874724 95.79602649874724 95.79602649874724 47.89801324937362 47.89801324937362 47.89801324937362
 1695680 512 18258.81 18258.81 18258.81 95.0980003625647 95.0980003625647 95.0980003625647 47.54900018128235 47.54900018128235 47.54900018128235
 1865248 512 20128.965 20128.965 20128.965 94.88883069745513 94.88883069745513 94.88883069745513 47.44441534872757 47.44441534872757 47.44441534872757
 2051744 512 22119.999 22119.999 22119.999 94.98128168993135 94.98128168993135 94.98128168993135 47.490640844965675 47.490640844965675 47.490640844965675
 2256896 256 12404.919 12404.919 12404.919 93.15101146569357 93.15101146569357 93.15101146569357 46.575505732846786 46.575505732846786 46.575505732846786
 2482560 256 13419.151 13419.151 13419.151 94.72065110527484 94.72065110527484 94.72065110527484 47.36032555263742 47.36032555263742 47.36032555263742
 2730816 256 14758.11 14758.11 14758.11 94.73962397624085 94.73962397624085 94.73962397624085 47.369811988120425 47.369811988120425 47.369811988120425
 3003872 256 16213.894 16213.894 16213.894 94.85583561851335 94.85583561851335 94.85583561851335 47.42791780925668 47.42791780925668 47.42791780925668
 3304256 256 17829.895 17829.895 17829.895 94.8844102559213 94.8844102559213 94.8844102559213 47.44220512796065 47.44220512796065 47.44220512796065
 3634656 256 19663.095 19663.095 19663.095 94.64145252820066 94.64145252820066 94.64145252820066 47.32072626410033 47.32072626410033 47.32072626410033
 3998112 256 21492.004 21492.004 21492.004 95.24627596384217 95.24627596384217 95.24627596384217 47.62313798192108 47.62313798192108 47.62313798192108
 4397920 128 11951.923 11951.923 11951.923 94.19969656765691 94.19969656765691 94.19969656765691 47.09984828382846 47.09984828382846 47.09984828382846
 4837696 128 13098.955 13098.955 13098.955 94.54572338022383 94.54572338022383 94.54572338022383 47.27286169011192 47.27286169011192 47.27286169011192
 5321440 128 14437.914 14437.914 14437.914 94.3549490598157 94.3549490598157 94.3549490598157 47.17747452990785 47.17747452990785 47.17747452990785
 5853568 128 15727.043 15727.043 15727.043 95.2825911393515 95.2825911393515 95.2825911393515 47.64129556967575 47.64129556967575 47.64129556967575
 6438912 128 17670.87 17670.87 17670.87 93.28128564128423 93.28128564128423 93.28128564128423 46.640642820642114 46.640642820642114 46.640642820642114
 7082784 128 19083.977 19083.977 19083.977 95.01126017915449 95.01126017915449 95.01126017915449 47.505630089577245 47.505630089577245 47.505630089577245
 7791040 128 20982.981 20982.981 20982.981 95.05352170885537 95.05352170885537 95.05352170885537 47.526760854427685 47.526760854427685 47.526760854427685
 8570144 64 11560.917 11560.917 11560.917 94.88680110755921 94.88680110755921 94.88680110755921 47.443400553779604 47.443400553779604 47.443400553779604
 9427136 64 12811.899 12811.899 12811.899 94.18380585110762 94.18380585110762 94.18380585110762 47.09190292555381 47.09190292555381 47.09190292555381
 10369824 64 14030.933 14030.933 14030.933 94.6007989632621 94.6007989632621 94.6007989632621 47.30039948163105 47.30039948163105 47.30039948163105
 11406784 64 15356.779 15356.779 15356.779 95.07647091880399 95.07647091880399 95.07647091880399 47.538235459401996 47.538235459401996 47.538235459401996
 12547456 64 17003.059 17003.059 17003.059 94.45796594601006 94.45796594601006 94.45796594601006 47.22898297300503 47.22898297300503 47.22898297300503
 13802176 64 18638.849 18638.849 18638.849 94.78474384335642 94.78474384335642 94.78474384335642 47.39237192167821 47.39237192167821 47.39237192167821
 15182368 64 20532.846 20532.846 20532.846 94.64557928306675 94.64557928306675 94.64557928306675 47.322789641533376 47.322789641533376 47.322789641533376
 16700576 64 22634.029 22634.029 22634.029 94.44512631842966 94.44512631842966 94.44512631842966 47.22256315921483 47.22256315921483 47.22256315921483
 18370624 32 12454.987 12454.987 12454.987 94.39752414033029 94.39752414033029 94.39752414033029 47.198762070165145 47.198762070165145 47.198762070165145
 20207680 32 13691.902 13691.902 13691.902 94.45667373313071 94.45667373313071 94.45667373313071 47.22833686656536 47.22833686656536 47.22833686656536
 22228448 32 15038.013 15038.013 15038.013 94.60163866063954 94.60163866063954 94.60163866063954 47.30081933031977 47.30081933031977 47.30081933031977
 24451264 32 16644.955 16644.955 16644.955 94.01532752716963 94.01532752716963 94.01532752716963 47.007663763584816 47.007663763584816 47.007663763584816
 26896384 32 18429.995 18429.995 18429.995 93.40038214877433 93.40038214877433 93.40038214877433 46.70019107438716 46.70019107438716 46.70019107438716
 29586016 32 20537.138 20537.138 20537.138 92.19906999699764 92.19906999699764 92.19906999699764 46.09953499849882 46.09953499849882 46.09953499849882
 32544608 32 23513.794 23513.794 23513.794 88.58012926369943 88.58012926369943 88.58012926369943 44.29006463184972 44.29006463184972 44.29006463184972
 35799040 16 13150.93 13150.93 13150.93 87.109374013853 87.109374013853 87.109374013853 43.5546870069265 43.5546870069265 43.5546870069265
 39378944 16 14515.877 14515.877 14515.877 86.81020154689931 86.81020154689931 86.81020154689931 43.405100773449654 43.405100773449654 43.405100773449654
 43316832 16 15926.838 15926.838 15926.838 87.03162699338061 87.03162699338061 87.03162699338061 43.515813496690306 43.515813496690306 43.515813496690306
 47648512 16 17302.036 17302.036 17302.036 88.12560463982389 88.12560463982389 88.12560463982389 44.062802319911945 44.062802319911945 44.062802319911945
 52413344 16 19040.823 19040.823 19040.823 88.08584628931217 88.08584628931217 88.08584628931217 44.042923144656086 44.042923144656086 44.042923144656086
 57654656 16 22134.066 22134.066 22134.066 83.35336995922937 83.35336995922937 83.35336995922937 41.676684979614684 41.676684979614684 41.676684979614684
 63420096 16 27623.892 27623.892 27623.892 73.46694926261657 73.46694926261657 73.46694926261657 36.73347463130828 36.73347463130828 36.73347463130828
 69762080 8 16230.106 16230.106 16230.106 68.77301232659848 68.77301232659848 68.77301232659848 34.38650616329924 34.38650616329924 34.38650616329924
 76738272 8 19011.021 19011.021 19011.021 64.5842404781942 64.5842404781942 64.5842404781942 32.2921202390971 32.2921202390971 32.2921202390971
 84412096 8 21759.033 21759.033 21759.033 62.07047601793701 62.07047601793701 62.07047601793701 31.035238008968506 31.035238008968506 31.035238008968506
 92853280 8 24185.896 24185.896 24185.896 61.42639826120148 61.42639826120148 61.42639826120148 30.71319913060074 30.71319913060074 30.71319913060074
 102138592 8 26612.997 26612.997 26612.997 61.406743178906154 61.406743178906154 61.406743178906154 30.703371589453077 30.703371589453077 30.703371589453077
 112352448 8 29516.935 29516.935 29516.935 60.901959095685235 60.901959095685235 60.901959095685235 30.450979547842618 30.450979547842618 30.450979547842618
 123587680 8 32299.995 32299.995 32299.995 61.219912882339464 61.219912882339464 61.219912882339464 30.609956441169732 30.609956441169732 30.609956441169732
 135946432 4 17764.091 17764.091 17764.091 61.22302886198906 61.22302886198906 61.22302886198906 30.61151443099453 30.61151443099453 30.61151443099453
 149541056 4 19963.98 19963.98 19963.98 59.92434614741149 59.92434614741149 59.92434614741149 29.962173073705745 29.962173073705745 29.962173073705745
 164495136 4 21620.035 21620.035 21620.035 60.86766686547917 60.86766686547917 60.86766686547917 30.433833432739586 30.433833432739586 30.433833432739586
 180944640 4 24243.116 24243.116 24243.116 59.71002737436886 59.71002737436886 59.71002737436886 29.85501368718443 29.85501368718443 29.85501368718443
 199039104 4 25600.91 25600.91 25600.91 62.19750907291967 62.19750907291967 62.19750907291967 31.098754536459836 31.098754536459836 31.098754536459836
 218943008 4 29111.862 29111.862 29111.862 60.165992268031495 60.165992268031495 60.165992268031495 30.082996134015747 30.082996134015747 30.082996134015747
 240837280 4 31679.869 31679.869 31679.869 60.81774643701967 60.81774643701967 60.81774643701967 30.408873218509836 30.408873218509836 30.408873218509836
 264920992 4 34131.05 34131.05 34131.05 62.09501131667499 62.09501131667499 62.09501131667499 31.047505658337496 31.047505658337496 31.047505658337496
 291413088 2 18907.07 18907.07 18907.07 61.6516653294244 61.6516653294244 61.6516653294244 30.8258326647122 30.8258326647122 30.8258326647122
 320554368 2 21090.031 21090.031 21090.031 60.797325143808465 60.797325143808465 60.797325143808465 30.398662571904232 30.398662571904232 30.398662571904232
 352609792 2 23753.881 23753.881 23753.881 59.377209475790494 59.377209475790494 59.377209475790494 29.688604737895247 29.688604737895247 29.688604737895247
 387870752 2 25966.167 25966.167 25966.167 59.75017444815786 59.75017444815786 59.75017444815786 29.87508722407893 29.87508722407893 29.87508722407893
 426657824 2 27400.017 27400.017 27400.017 62.285775078168754 62.285775078168754 62.285775078168754 31.142887539084377 31.142887539084377 31.142887539084377
 469323584 2 31014.919 31014.919 31014.919 60.528751856485584 60.528751856485584 60.528751856485584 30.264375928242792 30.264375928242792 30.264375928242792
 516255936 2 34474.134 34474.134 34474.134 59.90067057231953 59.90067057231953 59.90067057231953 29.950335286159763 29.950335286159763 29.950335286159763
 567881504 1 18945.932 18945.932 18945.932 59.947592338028024 59.947592338028024 59.947592338028024 29.973796169014012 29.973796169014012 29.973796169014012
 624669632 1 20683.05 20683.05 20683.05 60.404015075146084 60.404015075146084 60.404015075146084 30.202007537573042 30.202007537573042 30.202007537573042
 687136576 1 23142.815 23142.815 23142.815 59.38228136896917 59.38228136896917 59.38228136896917 29.691140684484584 29.691140684484584 29.691140684484584
 755850208 1 24981.976 24981.976 24981.976 60.51164311421963 60.51164311421963 60.51164311421963 30.255821557109815 30.255821557109815 30.255821557109815
 831435200 1 27649.879 27649.879 27649.879 60.14024148170775 60.14024148170775 60.14024148170775 30.070120740853874 30.070120740853874 30.070120740853874
 914578720 1 30803.919 30803.919 30803.919 59.38067295917769 59.38067295917769 59.38067295917769 29.690336479588844 29.690336479588844 29.690336479588844
 1006036576 1 33954.859 33954.859 33954.859 59.257296636101486 59.257296636101486 59.257296636101486 29.628648318050743 29.628648318050743 29.628648318050743
 
META_DATA
 MPI startup(): shm:tmi fabric is unknown or has been removed from the product, please use ofi or shm:ofi instead
 FLOPS          8
 MPI_PROCS      4
 OPENMP_THREADS 1
 ERT_VERSION  1.1.0
 HOSTNAME  ('shas0420.rc.int.colorado.edu', [], ['10.225.6.135'])
 UNAME  uname_result(system='Linux', node='shas0420.rc.int.colorado.edu', release='3.10.0-957.27.2.el7.x86_64', version='#1 SMP Mon Jul 29 17:46:05 UTC 2019', machine='x86_64', processor='x86_64')
 TIMESTAMP_DATA  1664555398.3829167
 CONFIG  {'ERT_RESULTS': ['lab5_results'], 'ERT_DRIVER': ['driver1'], 'ERT_KERNEL': ['kernel1'], 'ERT_MPI': ['True'], 'ERT_MPI_CFLAGS': ['-I/usr/include/mpi'], 'ERT_MPI_LDFLAGS': ['-lmpi'], 'ERT_OPENMP': ['True'], 'ERT_OPENMP_CFLAGS': ['-qopenmp'], 'ERT_OPENMP_LDFLAGS': ['-qopenmp'], 'ERT_FLOPS': ['1,2,4,8,16'], 'ERT_ALIGN': ['32'], 'ERT_CC': ['mpicc'], 'ERT_CFLAGS': ['-O3', '-msse3', '-axSSE3', '-xSSE3', '-fno-alias', '-fno-fnalias', '-DERT_INTEL', '-std=c++11'], 'ERT_LD': ['mpicc'], 'ERT_LDFLAGS': [], 'ERT_LDLIBS': [], 'ERT_PRECISION': ['FP64'], 'ERT_RUN': ['export', 'OMP_NUM_THREADS=ERT_OPENMP_THREADS;', 'mpirun', '-np', 'ERT_MPI_PROCS', 'ERT_CODE'], 'ERT_PROCS_THREADS': ['1-24'], 'ERT_MPI_PROCS': ['1,2,4,8,12,24'], 'ERT_OPENMP_THREADS': ['1,2,4,8,12,24'], 'ERT_NUM_EXPERIMENTS': ['1'], 'ERT_MEMORY_MAX': ['1073741824'], 'ERT_WORKING_SET_MIN': ['1'], 'ERT_TRIALS_MIN': ['1'], 'ERT_GNUPLOT': ['gnuplot'], 'ERT_GPU': [False], 'ERT_HIP': [False], 'ERT_OCL': [False], 'ERT_SYCL': [False], 'ERT_WSS_MULT': [1.1]}
 