fp64
 32 33554432 101747.99 101747.99 101747.99 21.10590733045439 21.10590733045439 21.10590733045439 2.6382384163067987 2.6382384163067987 2.6382384163067987
 64 16777216 54837.942 54837.942 54837.942 39.16054413566432 39.16054413566432 39.16054413566432 4.89506801695804 4.89506801695804 4.89506801695804
 96 8388608 27197.123 27197.123 27197.123 59.219967347281546 59.219967347281546 59.219967347281546 7.402495918410193 7.402495918410193 7.402495918410193
 128 8388608 38087.845 38087.845 38087.845 56.38238781952615 56.38238781952615 56.38238781952615 7.047798477440769 7.047798477440769 7.047798477440769
 160 4194304 14533.997 14533.997 14533.997 92.3474306482931 92.3474306482931 92.3474306482931 11.543428831036637 11.543428831036637 11.543428831036637
 192 4194304 22410.87 22410.87 22410.87 71.86747930803222 71.86747930803222 71.86747930803222 8.983434913504027 8.983434913504027 8.983434913504027
 224 4194304 16510.01 16510.01 16510.01 113.81266225762432 113.81266225762432 113.81266225762432 14.22658278220304 14.22658278220304 14.22658278220304
 256 4194304 24275.064 24275.064 24275.064 88.46459263711932 88.46459263711932 88.46459263711932 11.058074079639916 11.058074079639916 11.058074079639916
 288 2097152 11837.959 11837.959 11837.959 102.04120085227528 102.04120085227528 102.04120085227528 12.75515010653441 12.75515010653441 12.75515010653441
 320 2097152 13067.961 13067.961 13067.961 102.70747517535445 102.70747517535445 102.70747517535445 12.838434396919306 12.838434396919306 12.838434396919306
 352 2097152 13751.984 13751.984 13751.984 107.35869151680222 107.35869151680222 107.35869151680222 13.419836439600278 13.419836439600278 13.419836439600278
 384 2097152 14985.085 14985.085 14985.085 107.48105439508686 107.48105439508686 107.48105439508686 13.435131799385857 13.435131799385857 13.435131799385857
 416 2097152 15836.0 15836.0 15836.0 110.18126193483204 110.18126193483204 110.18126193483204 13.772657741854005 13.772657741854005 13.772657741854005
 448 2097152 17003.059 17003.059 17003.059 110.51236086400688 110.51236086400688 110.51236086400688 13.81404510800086 13.81404510800086 13.81404510800086
 480 2097152 18117.189 18117.189 18117.189 111.12462976458434 111.12462976458434 111.12462976458434 13.890578720573043 13.890578720573043 13.890578720573043
 512 2097152 8105.04 8105.04 8105.04 264.9565761550838 264.9565761550838 264.9565761550838 33.11957201938547 33.11957201938547 33.11957201938547
 544 1048576 5257.13 5257.13 5257.13 217.01017247053048 217.01017247053048 217.01017247053048 27.12627155881631 27.12627155881631 27.12627155881631
 576 1048576 5299.091 5299.091 5299.091 227.9559932071368 227.9559932071368 227.9559932071368 28.4944991508921 28.4944991508921 28.4944991508921
 608 1048576 5879.879 5879.879 5879.879 216.85283251577115 216.85283251577115 216.85283251577115 27.106604064471394 27.106604064471394 27.106604064471394
 640 1048576 6369.114 6369.114 6369.114 210.73218033151866 210.73218033151866 210.73218033151866 26.341522541439833 26.341522541439833 26.341522541439833
 704 1048576 7450.104 7450.104 7450.104 198.17106016238162 198.17106016238162 198.17106016238162 24.771382520297703 24.771382520297703 24.771382520297703
 768 1048576 8358.002 8358.002 8358.002 192.7030809516437 192.7030809516437 192.7030809516437 24.087885118955462 24.087885118955462 24.087885118955462
 832 1048576 9341.955 9341.955 9341.955 186.77358903998146 186.77358903998146 186.77358903998146 23.346698629997682 23.346698629997682 23.346698629997682
 896 1048576 10180.95 10180.95 10180.95 184.56511347172903 184.56511347172903 184.56511347172903 23.07063918396613 23.07063918396613 23.07063918396613
 960 1048576 11090.04 11090.04 11090.04 181.5382018459807 181.5382018459807 181.5382018459807 22.692275230747587 22.692275230747587 22.692275230747587
 1056 524288 4336.834 4336.834 4336.834 255.32364300777942 255.32364300777942 255.32364300777942 31.915455375972428 31.915455375972428 31.915455375972428
 1152 524288 4814.863 4814.863 4814.863 250.88139621002716 250.88139621002716 250.88139621002716 31.360174526253395 31.360174526253395 31.360174526253395
 1248 524288 5486.012 5486.012 5486.012 238.5380943388385 238.5380943388385 238.5380943388385 29.817261792354813 29.817261792354813 29.817261792354813
 1344 524288 6085.157 6085.157 6085.157 231.59404827188519 231.59404827188519 231.59404827188519 28.949256033985648 28.949256033985648 28.949256033985648
 1472 524288 7091.045 7091.045 7091.045 217.6694509765486 217.6694509765486 217.6694509765486 27.208681372068575 27.208681372068575 27.208681372068575
 1600 524288 6412.029 6412.029 6412.029 261.65221648248934 261.65221648248934 261.65221648248934 32.70652706031117 32.70652706031117 32.70652706031117
 1760 524288 7461.071 7461.071 7461.071 247.34971158966323 247.34971158966323 247.34971158966323 30.918713948707904 30.918713948707904 30.918713948707904
 1920 524288 8125.067 8125.067 8125.067 247.7845314998633 247.7845314998633 247.7845314998633 30.973066437482913 30.973066437482913 30.973066437482913
 2112 262144 4303.932 4303.932 4303.932 257.27549970585034 257.27549970585034 257.27549970585034 32.15943746323129 32.15943746323129 32.15943746323129
 2304 262144 4750.013 4750.013 4750.013 254.30657810831252 254.30657810831252 254.30657810831252 31.788322263539065 31.788322263539065 31.788322263539065
 2528 262144 5374.193 5374.193 5374.193 246.62308629407244 246.62308629407244 246.62308629407244 30.827885786759055 30.827885786759055 30.827885786759055
 2752 262144 5538.94 5538.94 5538.94 260.4903783034299 260.4903783034299 260.4903783034299 32.56129728792874 32.56129728792874 32.56129728792874
 3008 262144 6199.837 6199.837 6199.837 254.3709300744519 254.3709300744519 254.3709300744519 31.796366259306488 31.796366259306488 31.796366259306488
 3296 262144 6597.042 6597.042 6597.042 261.9436480774262 261.9436480774262 261.9436480774262 32.742956009678274 32.742956009678274 32.742956009678274
 3616 262144 7177.114 7177.114 7177.114 264.1487104705318 264.1487104705318 264.1487104705318 33.018588808816475 33.018588808816475 33.018588808816475
 3968 262144 7905.006 7905.006 7905.006 263.17181593537055 263.17181593537055 263.17181593537055 32.89647699192132 32.89647699192132 32.89647699192132
 4352 131072 4333.019 4333.019 4333.019 263.2923345131881 263.2923345131881 263.2923345131881 32.911541814148514 32.911541814148514 32.911541814148514
 4768 131072 4754.066 4754.066 4754.066 262.91233483085847 262.91233483085847 262.91233483085847 32.86404185385731 32.86404185385731 32.86404185385731
 5216 131072 5172.014 5172.014 5172.014 264.373434410657 264.373434410657 264.373434410657 33.04667930133213 33.04667930133213 33.04667930133213
 5728 131072 5594.015 5594.015 5594.015 268.42273966015466 268.42273966015466 268.42273966015466 33.55284245751933 33.55284245751933 33.55284245751933
 6272 131072 6103.992 6103.992 6103.992 269.3593255037032 269.3593255037032 269.3593255037032 33.6699156879629 33.6699156879629 33.6699156879629
 6880 131072 6737.947 6737.947 6737.947 267.670659920596 267.670659920596 267.670659920596 33.4588324900745 33.4588324900745 33.4588324900745
 7552 131072 7312.059 7312.059 7312.059 270.7461042094983 270.7461042094983 270.7461042094983 33.84326302618729 33.84326302618729 33.84326302618729
 8288 65536 4066.944 4066.944 4066.944 267.1108173606521 267.1108173606521 267.1108173606521 33.38885217008151 33.38885217008151 33.38885217008151
 9088 65536 4472.017 4472.017 4472.017 266.3635527324695 266.3635527324695 266.3635527324695 33.295444091558686 33.295444091558686 33.295444091558686
 9984 65536 4838.943 4838.943 4838.943 270.4356815114375 270.4356815114375 270.4356815114375 33.80446018892969 33.80446018892969 33.80446018892969
 10976 65536 5276.918 5276.918 5276.918 272.630022297106 272.630022297106 272.630022297106 34.07875278713825 34.07875278713825 34.07875278713825
 12064 65536 5860.09 5860.09 5860.09 269.83418479920954 269.83418479920954 269.83418479920954 33.72927309990119 33.72927309990119 33.72927309990119
 13248 65536 6464.958 6464.958 6464.958 268.5929059399922 268.5929059399922 268.5929059399922 33.574113242499024 33.574113242499024 33.574113242499024
 14560 65536 7184.982 7184.982 7184.982 265.61073082716143 265.61073082716143 265.61073082716143 33.20134135339518 33.20134135339518 33.20134135339518
 16000 65536 7717.133 7717.133 7717.133 271.7527351154891 271.7527351154891 271.7527351154891 33.969091889436136 33.969091889436136 33.969091889436136
 17600 32768 4404.068 4404.068 4404.068 261.9018598259609 261.9018598259609 261.9018598259609 32.737732478245114 32.737732478245114 32.737732478245114
 19360 32768 4970.789 4970.789 4970.789 255.24659364941866 255.24659364941866 255.24659364941866 31.905824206177332 31.905824206177332 31.905824206177332
 21280 32768 5321.026 5321.026 5321.026 262.09345340541466 262.09345340541466 262.09345340541466 32.76168167567683 32.76168167567683 32.76168167567683
 23392 32768 5903.006 5903.006 5903.006 259.7012627125908 259.7012627125908 259.7012627125908 32.46265783907385 32.46265783907385 32.46265783907385
 25728 32768 6384.85 6384.85 6384.85 264.07984651166436 264.07984651166436 264.07984651166436 33.009980813958045 33.009980813958045 33.009980813958045
 28288 32768 6936.789 6936.789 6936.789 267.25367716965303 267.25367716965303 267.25367716965303 33.40670964620663 33.40670964620663 33.40670964620663
 31104 32768 7714.033 7714.033 7714.033 264.24980862799003 264.24980862799003 264.24980862799003 33.031226078498754 33.031226078498754 33.031226078498754
 34208 16384 4240.99 4240.99 4240.99 264.30803751010967 264.30803751010967 264.30803751010967 33.03850468876371 33.03850468876371 33.03850468876371
 37600 16384 4598.856 4598.856 4598.856 267.909410514267 267.909410514267 267.909410514267 33.488676314283374 33.488676314283374 33.488676314283374
 41344 16384 5098.82 5098.82 5098.82 265.70072918832204 265.70072918832204 265.70072918832204 33.212591148540255 33.212591148540255 33.212591148540255
 45472 16384 5574.942 5574.942 5574.942 267.2721072255101 267.2721072255101 267.2721072255101 33.409013403188766 33.409013403188766 33.409013403188766
 50016 16384 6103.992 6103.992 6103.992 268.50039908309185 268.50039908309185 268.50039908309185 33.56254988538648 33.56254988538648 33.56254988538648
 55008 16384 6730.08 6730.08 6730.08 267.8277440981385 267.8277440981385 267.8277440981385 33.478468012267314 33.478468012267314 33.478468012267314
 60480 16384 7355.213 7355.213 7355.213 269.44272585987653 269.44272585987653 269.44272585987653 33.68034073248457 33.68034073248457 33.68034073248457
 66528 8192 4118.919 4118.919 4118.919 264.63126660174674 264.63126660174674 264.63126660174674 33.07890832521834 33.07890832521834 33.07890832521834
 73152 8192 4457.951 4457.951 4457.951 268.8505028431223 268.8505028431223 268.8505028431223 33.606312855390286 33.606312855390286 33.606312855390286
 80448 8192 4875.898 4875.898 4875.898 270.3214940099239 270.3214940099239 270.3214940099239 33.79018675124049 33.79018675124049 33.79018675124049
 88480 8192 5417.109 5417.109 5417.109 267.60700587712006 267.60700587712006 267.60700587712006 33.45087573464001 33.45087573464001 33.45087573464001
 97312 8192 5828.142 5828.142 5828.142 273.56227902477326 273.56227902477326 273.56227902477326 34.19528487809666 34.19528487809666 34.19528487809666
 107040 8192 6465.912 6465.912 6465.912 271.229079517321 271.229079517321 271.229079517321 33.903634939665125 33.903634939665125 33.903634939665125
 117728 8192 7151.842 7151.842 7151.842 269.7005263818748 269.7005263818748 269.7005263818748 33.71256579773435 33.71256579773435 33.71256579773435
 129472 8192 7802.01 7802.01 7802.01 271.8875325717347 271.8875325717347 271.8875325717347 33.98594157146684 33.98594157146684 33.98594157146684
 142400 4096 4673.958 4673.958 4673.958 249.58307284746675 249.58307284746675 249.58307284746675 31.197884105933344 31.197884105933344 31.197884105933344
 156640 4096 5162.954 5162.954 5162.954 248.53889459406378 248.53889459406378 248.53889459406378 31.067361824257972 31.067361824257972 31.067361824257972
 172288 4096 5848.885 5848.885 5848.885 241.30809479071652 241.30809479071652 241.30809479071652 30.163511848839565 30.163511848839565 30.163511848839565
 189504 4096 6370.783 6370.783 6370.783 243.67754607243725 243.67754607243725 243.67754607243725 30.459693259054657 30.459693259054657 30.459693259054657
 208448 4096 7969.141 7969.141 7969.141 214.27729989970064 214.27729989970064 214.27729989970064 26.78466248746258 26.78466248746258 26.78466248746258
 229280 4096 8148.909 8148.909 8148.909 230.49242051911492 230.49242051911492 230.49242051911492 28.811552564889364 28.811552564889364 28.811552564889364
 252192 4096 8959.055 8959.055 8959.055 230.5998639365424 230.5998639365424 230.5998639365424 28.8249829920678 28.8249829920678 28.8249829920678
 277408 2048 5011.797 5011.797 5011.797 226.71771582129128 226.71771582129128 226.71771582129128 28.33971447766141 28.33971447766141 28.33971447766141
 305120 2048 5469.084 5469.084 5469.084 228.51569293870782 228.51569293870782 228.51569293870782 28.564461617338477 28.564461617338477 28.564461617338477
 335616 2048 6005.049 6005.049 6005.049 228.92121879438452 228.92121879438452 228.92121879438452 28.615152349298064 28.615152349298064 28.615152349298064
 369152 2048 6578.922 6578.922 6578.922 229.83196821606947 229.83196821606947 229.83196821606947 28.728996027008684 28.728996027008684 28.728996027008684
 406048 2048 7220.984 7220.984 7220.984 230.32492635352742 230.32492635352742 230.32492635352742 28.790615794190927 28.790615794190927 28.790615794190927
 446624 2048 7972.002 7972.002 7972.002 229.47459170231014 229.47459170231014 229.47459170231014 28.684323962788767 28.684323962788767 28.684323962788767
 491264 2048 8765.936 8765.936 8765.936 229.5496275583121 229.5496275583121 229.5496275583121 28.693703444789012 28.693703444789012 28.693703444789012
 540384 1024 4899.979 4899.979 4899.979 225.85942347916182 225.85942347916182 225.85942347916182 28.232427934895227 28.232427934895227 28.232427934895227
 594400 1024 5334.139 5334.139 5334.139 228.21512525264154 228.21512525264154 228.21512525264154 28.526890656580193 28.526890656580193 28.526890656580193
 653824 1024 5872.011 5872.011 5872.011 228.03628126718425 228.03628126718425 228.03628126718425 28.50453515839803 28.50453515839803 28.50453515839803
 719200 1024 6464.005 6464.005 6464.005 227.8651702775601 227.8651702775601 227.8651702775601 28.483146284695014 28.483146284695014 28.483146284695014
 791104 1024 6946.802 6946.802 6946.802 233.22688511922468 233.22688511922468 233.22688511922468 29.153360639903084 29.153360639903084 29.153360639903084
 870208 1024 7800.102 7800.102 7800.102 228.48239471740243 228.48239471740243 228.48239471740243 28.560299339675304 28.560299339675304 28.560299339675304
 957216 1024 9688.854 9688.854 9688.854 202.33335831048748 202.33335831048748 202.33335831048748 25.291669788810935 25.291669788810935 25.291669788810935
 1052928 512 5907.059 5907.059 5907.059 182.52708699879247 182.52708699879247 182.52708699879247 22.81588587484906 22.81588587484906 22.81588587484906
 1158208 512 7338.047 7338.047 7338.047 161.6240659129057 161.6240659129057 161.6240659129057 20.203008239113213 20.203008239113213 20.203008239113213
 1274016 512 8049.965 8049.965 8049.965 162.06187033111323 162.06187033111323 162.06187033111323 20.257733791389153 20.257733791389153 20.257733791389153
 1401408 512 9433.985 9433.985 9433.985 152.1140633571073 152.1140633571073 152.1140633571073 19.014257919638414 19.014257919638414 19.014257919638414
 1541536 512 10332.108 10332.108 10332.108 152.77936157848913 152.77936157848913 152.77936157848913 19.09742019731114 19.09742019731114 19.09742019731114
 1695680 512 11457.205 11457.205 11457.205 151.55322087716857 151.55322087716857 151.55322087716857 18.94415260964607 18.94415260964607 18.94415260964607
 1865248 512 12787.104 12787.104 12787.104 149.37033060808764 149.37033060808764 149.37033060808764 18.671291326010955 18.671291326010955 18.671291326010955
 2051744 512 14086.962 14086.962 14086.962 149.143999678568 149.143999678568 149.143999678568 18.642999959821 18.642999959821 18.642999959821
 2256896 256 7872.82 7872.82 7872.82 146.77469470913854 146.77469470913854 146.77469470913854 18.346836838642318 18.346836838642318 18.346836838642318
 2482560 256 8500.099 8500.099 8500.099 149.53599011023283 149.53599011023283 149.53599011023283 18.691998763779104 18.691998763779104 18.691998763779104
 2730816 256 9373.903 9373.903 9373.903 149.1564177696313 149.1564177696313 149.1564177696313 18.644552221203913 18.644552221203913 18.644552221203913
 3003872 256 10307.789 10307.789 10307.789 149.20585433015748 149.20585433015748 149.20585433015748 18.650731791269685 18.650731791269685 18.650731791269685
 3304256 256 11329.889 11329.889 11329.889 149.32000410595376 149.32000410595376 149.32000410595376 18.66500051324422 18.66500051324422 18.66500051324422
 3634656 256 12488.842 12488.842 12488.842 149.0085207259408 149.0085207259408 149.0085207259408 18.6260650907426 18.6260650907426 18.6260650907426
 3998112 256 13687.849 13687.849 13687.849 149.55113429436574 149.55113429436574 149.55113429436574 18.693891786795717 18.693891786795717 18.693891786795717
 4397920 128 7528.067 7528.067 7528.067 149.55599093366197 149.55599093366197 149.55599093366197 18.694498866707747 18.694498866707747 18.694498866707747
 4837696 128 8302.927 8302.927 8302.927 149.15826382672037 149.15826382672037 149.15826382672037 18.644782978340046 18.644782978340046 18.644782978340046
 5321440 128 9098.053 9098.053 9098.053 149.73408486409124 149.73408486409124 149.73408486409124 18.716760608011406 18.716760608011406 18.716760608011406
 5853568 128 10048.866 10048.866 10048.866 149.1226381165795 149.1226381165795 149.1226381165795 18.64032976457244 18.64032976457244 18.64032976457244
 6438912 128 11260.033 11260.033 11260.033 146.3904654631119 146.3904654631119 146.3904654631119 18.298808182888987 18.298808182888987 18.298808182888987
 7082784 128 12216.091 12216.091 12216.091 148.42658785040157 148.42658785040157 148.42658785040157 18.553323481300197 18.553323481300197 18.553323481300197
 7791040 128 13512.85 13512.85 13512.85 147.60070895480968 147.60070895480968 147.60070895480968 18.45008861935121 18.45008861935121 18.45008861935121
 8570144 64 7430.077 7430.077 7430.077 147.6402508345472 147.6402508345472 147.6402508345472 18.4550313543184 18.4550313543184 18.4550313543184
 9427136 64 8181.095 8181.095 8181.095 147.4953423716507 147.4953423716507 147.4953423716507 18.43691779645634 18.43691779645634 18.43691779645634
 10369824 64 9019.852 9019.852 9019.852 147.15734493204545 147.15734493204545 147.15734493204545 18.39466811650568 18.39466811650568 18.39466811650568
 11406784 64 9897.947 9897.947 9897.947 147.51224188207917 147.51224188207917 147.51224188207917 18.439030235259896 18.439030235259896 18.439030235259896
 12547456 64 10879.04 10879.04 10879.04 147.63015560196487 147.63015560196487 147.63015560196487 18.45376945024561 18.45376945024561 18.45376945024561
 13802176 64 11985.064 11985.064 11985.064 147.4066828512555 147.4066828512555 147.4066828512555 18.42583535640694 18.42583535640694 18.42583535640694
 15182368 64 13246.059 13246.059 13246.059 146.71104092168093 146.71104092168093 146.71104092168093 18.338880115210117 18.338880115210117 18.338880115210117
 16700576 64 14498.949 14498.949 14498.949 147.43646094623824 147.43646094623824 147.43646094623824 18.42955761827978 18.42955761827978 18.42955761827978
 18370624 32 7988.214 7988.214 7988.214 147.18182762755228 147.18182762755228 147.18182762755228 18.397728453444035 18.397728453444035 18.397728453444035
 20207680 32 8774.042 8774.042 8774.042 147.39974119111807 147.39974119111807 147.39974119111807 18.42496764888976 18.42496764888976 18.42496764888976
 22228448 32 9653.091 9653.091 9653.091 147.37462559919925 147.37462559919925 147.37462559919925 18.421828199899906 18.421828199899906 18.421828199899906
 24451264 32 10674.953 10674.953 10674.953 146.59370359757088 146.59370359757088 146.59370359757088 18.32421294969636 18.32421294969636 18.32421294969636
 26896384 32 11950.97 11950.97 11950.97 144.03588796557935 144.03588796557935 144.03588796557935 18.00448599569742 18.00448599569742 18.00448599569742
 29586016 32 12933.016 12933.016 12933.016 146.40861992283934 146.40861992283934 146.40861992283934 18.301077490354917 18.301077490354917 18.301077490354917
 32544608 32 14200.211 14200.211 14200.211 146.67774387296078 146.67774387296078 146.67774387296078 18.334717984120097 18.334717984120097 18.334717984120097
 35799040 16 7965.088 7965.088 7965.088 143.8238070941589 143.8238070941589 143.8238070941589 17.977975886769862 17.977975886769862 17.977975886769862
 39378944 16 8764.982 8764.982 8764.982 143.76825964959198 143.76825964959198 143.76825964959198 17.971032456198998 17.971032456198998 17.971032456198998
 43316832 16 9478.092 9478.092 9478.092 146.2465888704182 146.2465888704182 146.2465888704182 18.280823608802276 18.280823608802276 18.280823608802276
 47648512 16 10505.915 10505.915 10505.915 145.1327546434556 145.1327546434556 145.1327546434556 18.14159433043195 18.14159433043195 18.14159433043195
 52413344 16 12125.969 12125.969 12125.969 138.31694671164013 138.31694671164013 138.31694671164013 17.289618338955016 17.289618338955016 17.289618338955016
 57654656 16 15938.044 15938.044 15938.044 115.75755418920917 115.75755418920917 115.75755418920917 14.469694273651147 14.469694273651147 14.469694273651147
 63420096 16 20848.036 20848.036 20848.036 97.34456866824289 97.34456866824289 97.34456866824289 12.16807108353036 12.16807108353036 12.16807108353036
 69762080 8 13682.842 13682.842 13682.842 81.57612870191734 81.57612870191734 81.57612870191734 10.197016087739668 10.197016087739668 10.197016087739668
 76738272 8 16490.936 16490.936 16490.936 74.45376975570095 74.45376975570095 74.45376975570095 9.306721219462618 9.306721219462618 9.306721219462618
 84412096 8 18939.018 18939.018 18939.018 71.31275423044639 71.31275423044639 71.31275423044639 8.914094278805798 8.914094278805798 8.914094278805798
 92853280 8 21394.014 21394.014 21394.014 69.44243749676896 69.44243749676896 69.44243749676896 8.68030468709612 8.68030468709612 8.68030468709612
 102138592 8 23839.951 23839.951 23839.951 68.54953149861758 68.54953149861758 68.54953149861758 8.568691437327198 8.568691437327198 8.568691437327198
 112352448 8 26525.974 26525.974 26525.974 67.76901643649353 67.76901643649353 67.76901643649353 8.471127054561691 8.471127054561691 8.471127054561691
 123587680 8 29069.901 29069.901 29069.901 68.022346550131 68.022346550131 68.022346550131 8.502793318766376 8.502793318766376 8.502793318766376
 135946432 4 16031.981 16031.981 16031.981 67.83762131454621 67.83762131454621 67.83762131454621 8.479702664318276 8.479702664318276 8.479702664318276
 149541056 4 17702.818 17702.818 17702.818 67.57841875796272 67.57841875796272 67.57841875796272 8.44730234474534 8.44730234474534 8.44730234474534
 164495136 4 19427.061 19427.061 19427.061 67.73855746888322 67.73855746888322 67.73855746888322 8.467319683610402 8.467319683610402 8.467319683610402
 180944640 4 21245.956 21245.956 21245.956 68.13330122683112 68.13330122683112 68.13330122683112 8.51666265335389 8.51666265335389 8.51666265335389
 199039104 4 23322.105 23322.105 23322.105 68.27483333944342 68.27483333944342 68.27483333944342 8.534354167430427 8.534354167430427 8.534354167430427
 218943008 4 25764.942 25764.942 25764.942 67.98168084368287 67.98168084368287 67.98168084368287 8.497710105460358 8.497710105460358 8.497710105460358
 240837280 4 28400.898 28400.898 28400.898 67.83934226305097 67.83934226305097 67.83934226305097 8.47991778288137 8.47991778288137 8.47991778288137
 264920992 4 31153.917 31153.917 31153.917 68.02893953912762 68.02893953912762 68.02893953912762 8.503617442390953 8.503617442390953 8.503617442390953
 291413088 2 17122.984 17122.984 17122.984 68.07530463148245 68.07530463148245 68.07530463148245 8.509413078935307 8.509413078935307 8.509413078935307
 320554368 2 18806.934 18806.934 18806.934 68.17791097687693 68.17791097687693 68.17791097687693 8.522238872109616 8.522238872109616 8.522238872109616
 352609792 2 20714.998 20714.998 20714.998 68.08782544898146 68.08782544898146 68.08782544898146 8.510978181122683 8.510978181122683 8.510978181122683
 387870752 2 22768.974 22768.974 22768.974 68.14022485158972 68.14022485158972 68.14022485158972 8.517528106448715 8.517528106448715 8.517528106448715
 426657824 2 24996.996 24996.996 24996.996 68.2734555784223 68.2734555784223 68.2734555784223 8.534181947302788 8.534181947302788 8.534181947302788
 469323584 2 27544.022 27544.022 27544.022 68.15614422614098 68.15614422614098 68.15614422614098 8.519518028267623 8.519518028267623 8.519518028267623
 516255936 2 30290.127 30290.127 30290.127 68.17481300094911 68.17481300094911 68.17481300094911 8.52185162511864 8.52185162511864 8.52185162511864
 567881504 1 16528.13 16528.13 16528.13 68.71696967533532 68.71696967533532 68.71696967533532 8.589621209416915 8.589621209416915 8.589621209416915
 624669632 1 18211.842 18211.842 18211.842 68.6003790281071 68.6003790281071 68.6003790281071 8.575047378513387 8.575047378513387 8.575047378513387
 687136576 1 20022.869 20022.869 20022.869 68.63517670719416 68.63517670719416 68.63517670719416 8.57939708839927 8.57939708839927 8.57939708839927
 755850208 1 22091.866 22091.866 22091.866 68.42791894537112 68.42791894537112 68.42791894537112 8.55348986817139 8.55348986817139 8.55348986817139
 831435200 1 31479.836 31479.836 31479.836 52.823350159765766 52.823350159765766 52.823350159765766 6.602918769970721 6.602918769970721 6.602918769970721
 914578720 1 32932.043 32932.043 32932.043 55.54339401293748 55.54339401293748 55.54339401293748 6.942924251617185 6.942924251617185 6.942924251617185
 1006036576 1 29769.182 29769.182 29769.182 67.58913133723325 67.58913133723325 67.58913133723325 8.448641417154157 8.448641417154157 8.448641417154157
 
META_DATA
 MPI startup(): shm:tmi fabric is unknown or has been removed from the product, please use ofi or shm:ofi instead
 FLOPS          2
 MPI_PROCS      2
 OPENMP_THREADS 2
 ERT_VERSION  1.1.0
 HOSTNAME  ('shas0420.rc.int.colorado.edu', [], ['10.225.6.135'])
 UNAME  uname_result(system='Linux', node='shas0420.rc.int.colorado.edu', release='3.10.0-957.27.2.el7.x86_64', version='#1 SMP Mon Jul 29 17:46:05 UTC 2019', machine='x86_64', processor='x86_64')
 TIMESTAMP_DATA  1664554931.6652288
 CONFIG  {'ERT_RESULTS': ['lab5_results'], 'ERT_DRIVER': ['driver1'], 'ERT_KERNEL': ['kernel1'], 'ERT_MPI': ['True'], 'ERT_MPI_CFLAGS': ['-I/usr/include/mpi'], 'ERT_MPI_LDFLAGS': ['-lmpi'], 'ERT_OPENMP': ['True'], 'ERT_OPENMP_CFLAGS': ['-qopenmp'], 'ERT_OPENMP_LDFLAGS': ['-qopenmp'], 'ERT_FLOPS': ['1,2,4,8,16'], 'ERT_ALIGN': ['32'], 'ERT_CC': ['mpicc'], 'ERT_CFLAGS': ['-O3', '-msse3', '-axSSE3', '-xSSE3', '-fno-alias', '-fno-fnalias', '-DERT_INTEL', '-std=c++11'], 'ERT_LD': ['mpicc'], 'ERT_LDFLAGS': [], 'ERT_LDLIBS': [], 'ERT_PRECISION': ['FP64'], 'ERT_RUN': ['export', 'OMP_NUM_THREADS=ERT_OPENMP_THREADS;', 'mpirun', '-np', 'ERT_MPI_PROCS', 'ERT_CODE'], 'ERT_PROCS_THREADS': ['1-24'], 'ERT_MPI_PROCS': ['1,2,4,8,12,24'], 'ERT_OPENMP_THREADS': ['1,2,4,8,12,24'], 'ERT_NUM_EXPERIMENTS': ['1'], 'ERT_MEMORY_MAX': ['1073741824'], 'ERT_WORKING_SET_MIN': ['1'], 'ERT_TRIALS_MIN': ['1'], 'ERT_GNUPLOT': ['gnuplot'], 'ERT_GPU': [False], 'ERT_HIP': [False], 'ERT_OCL': [False], 'ERT_SYCL': [False], 'ERT_WSS_MULT': [1.1]}
 