fp64
 16 67108864 706686.02 706686.02 706686.02 3.038808731492948 3.038808731492948 3.038808731492948 1.519404365746474 1.519404365746474 1.519404365746474
 32 33554432 371122.122 371122.122 371122.122 5.786460899789747 5.786460899789747 5.786460899789747 2.8932304498948733 2.8932304498948733 2.8932304498948733
 48 16777216 186285.019 186285.019 186285.019 8.64595953365418 8.64595953365418 8.64595953365418 4.32297976682709 4.32297976682709 4.32297976682709
 64 16777216 184820.89 184820.89 184820.89 11.619269055570504 11.619269055570504 11.619269055570504 5.809634527785252 5.809634527785252 5.809634527785252
 80 8388608 93194.008 93194.008 93194.008 14.401969706035178 14.401969706035178 14.401969706035178 7.200984853017589 7.200984853017589 7.200984853017589
 96 8388608 92811.823 92811.823 92811.823 17.35352979759917 17.35352979759917 17.35352979759917 8.676764898799584 8.676764898799584 8.676764898799584
 112 8388608 93826.056 93826.056 93826.056 20.026933584419236 20.026933584419236 20.026933584419236 10.013466792209618 10.013466792209618 10.013466792209618
 128 8388608 93445.063 93445.063 93445.063 22.981242444022968 22.981242444022968 22.981242444022968 11.490621222011484 11.490621222011484 11.490621222011484
 144 4194304 50489.902 50489.902 50489.902 23.924775136224266 23.924775136224266 23.924775136224266 11.962387568112133 11.962387568112133 11.962387568112133
 160 4194304 50438.166 50438.166 50438.166 26.610350582533076 26.610350582533076 26.610350582533076 13.305175291266538 13.305175291266538 13.305175291266538
 176 4194304 51803.112 51803.112 51803.112 28.500121923177122 28.500121923177122 28.500121923177122 14.250060961588561 14.250060961588561 14.250060961588561
 192 4194304 51244.974 51244.974 51244.974 31.4296722250264 31.4296722250264 31.4296722250264 15.7148361125132 15.7148361125132 15.7148361125132
 208 4194304 52404.881 52404.881 52404.881 33.29518988889604 33.29518988889604 33.29518988889604 16.64759494444802 16.64759494444802 16.64759494444802
 224 4194304 52563.906 52563.906 52563.906 35.74787977133967 35.74787977133967 35.74787977133967 17.873939885669834 17.873939885669834 17.873939885669834
 240 4194304 59730.053 59730.053 59730.053 33.706079584426284 33.706079584426284 33.706079584426284 16.853039792213142 16.853039792213142 16.853039792213142
 256 4194304 50323.009 50323.009 50323.009 42.67399129491641 42.67399129491641 42.67399129491641 21.336995647458206 21.336995647458206 21.336995647458206
 272 2097152 27463.198 27463.198 27463.198 41.54107209218679 41.54107209218679 41.54107209218679 20.770536046093394 20.770536046093394 20.770536046093394
 288 2097152 27868.032 27868.032 27868.032 43.345707081145875 43.345707081145875 43.345707081145875 21.672853540572937 21.672853540572937 21.672853540572937
 304 2097152 32536.983 32536.983 32536.983 39.188280486854 39.188280486854 39.188280486854 19.594140243427 19.594140243427 19.594140243427
 320 2097152 30936.003 30936.003 30936.003 43.38560737791498 43.38560737791498 43.38560737791498 21.69280368895749 21.69280368895749 21.69280368895749
 352 2097152 33857.107 33857.107 33857.107 43.606649794384374 43.606649794384374 43.606649794384374 21.803324897192187 21.803324897192187 21.803324897192187
 384 2097152 37672.997 37672.997 37672.997 42.752445100133656 42.752445100133656 42.752445100133656 21.376222550066828 21.376222550066828 21.376222550066828
 416 2097152 40712.833 40712.833 40712.833 42.857014249045264 42.857014249045264 42.857014249045264 21.428507124522632 21.428507124522632 21.428507124522632
 448 2097152 43973.923 43973.923 43973.923 42.73096562251223 42.73096562251223 42.73096562251223 21.365482811256115 21.365482811256115 21.365482811256115
 480 2097152 46866.894 46866.894 46866.894 42.95710144563879 42.95710144563879 42.95710144563879 21.478550722819396 21.478550722819396 21.478550722819396
 528 1048576 23369.074 23369.074 23369.074 47.38297529461372 47.38297529461372 47.38297529461372 23.69148764730686 23.69148764730686 23.69148764730686
 576 1048576 25994.062 25994.062 25994.062 46.47059593841085 46.47059593841085 46.47059593841085 23.235297969205426 23.235297969205426 23.235297969205426
 624 1048576 29676.914 29676.914 29676.914 44.09565118529507 44.09565118529507 44.09565118529507 22.047825592647534 22.047825592647534 22.047825592647534
 672 1048576 31090.021 31090.021 31090.021 45.329211710728664 45.329211710728664 45.329211710728664 22.664605855364332 22.664605855364332 22.664605855364332
 736 1048576 34109.831 34109.831 34109.831 45.25099734443129 45.25099734443129 45.25099734443129 22.625498672215645 22.625498672215645 22.625498672215645
 800 1048576 33852.816 33852.816 33852.816 49.559292201865865 49.559292201865865 49.559292201865865 24.779646100932933 24.779646100932933 24.779646100932933
 880 1048576 39831.877 39831.877 39831.877 46.33208121224114 46.33208121224114 46.33208121224114 23.16604060612057 23.16604060612057 23.16604060612057
 960 1048576 42415.142 42415.142 42415.142 47.465735703537185 47.465735703537185 47.465735703537185 23.732867851768592 23.732867851768592 23.732867851768592
 1056 524288 23597.956 23597.956 23597.956 46.9233969247167 46.9233969247167 46.9233969247167 23.46169846235835 23.46169846235835 23.46169846235835
 1152 524288 26688.099 26688.099 26688.099 45.262105480049364 45.262105480049364 45.262105480049364 22.631052740024682 22.631052740024682 22.631052740024682
 1264 524288 29879.093 29879.093 29879.093 44.3587783605078 44.3587783605078 44.3587783605078 22.1793891802539 22.1793891802539 22.1793891802539
 1376 524288 31100.988 31100.988 31100.988 46.39211384538652 46.39211384538652 46.39211384538652 23.19605692269326 23.19605692269326 23.19605692269326
 1504 524288 32451.868 32451.868 32451.868 48.596842067766325 48.596842067766325 48.596842067766325 24.298421033883162 24.298421033883162 24.298421033883162
 1648 524288 35459.995 35459.995 35459.995 48.73247297412196 48.73247297412196 48.73247297412196 24.36623648706098 24.36623648706098 24.36623648706098
 1808 524288 37431.955 37431.955 37431.955 50.6472453282229 50.6472453282229 50.6472453282229 25.32362266411145 25.32362266411145 25.32362266411145
 1984 524288 41863.918 41863.918 41863.918 49.69374304621942 49.69374304621942 49.69374304621942 24.84687152310971 24.84687152310971 24.84687152310971
 2176 262144 22812.843 22812.843 22812.843 50.00914125433643 50.00914125433643 50.00914125433643 25.004570627168214 25.004570627168214 25.004570627168214
 2384 262144 24903.059 24903.059 24903.059 50.1907252438345 50.1907252438345 50.1907252438345 25.09536262191725 25.09536262191725 25.09536262191725
 2608 262144 27064.8 27064.8 27064.8 50.52108657739942 50.52108657739942 50.52108657739942 25.26054328869971 25.26054328869971 25.26054328869971
 2864 262144 29632.092 29632.092 29632.092 50.67346686153647 50.67346686153647 50.67346686153647 25.336733430768234 25.336733430768234 25.336733430768234
 3136 262144 32122.135 32122.135 32122.135 51.18486576312565 51.18486576312565 51.18486576312565 25.592432881562825 25.592432881562825 25.592432881562825
 3440 262144 35746.098 35746.098 35746.098 50.45447813632694 50.45447813632694 50.45447813632694 25.22723906816347 25.22723906816347 25.22723906816347
 3776 262144 38916.111 38916.111 38916.111 50.8712570996624 50.8712570996624 50.8712570996624 25.4356285498312 25.4356285498312 25.4356285498312
 4144 131072 21193.981 21193.981 21193.981 51.25628526325469 51.25628526325469 51.25628526325469 25.628142631627345 25.628142631627345 25.628142631627345
 4544 131072 23293.972 23293.972 23293.972 51.13693516932191 51.13693516932191 51.13693516932191 25.568467584660954 25.568467584660954 25.568467584660954
 4992 131072 25521.04 25521.04 25521.04 51.276235137753 51.276235137753 51.276235137753 25.6381175688765 25.6381175688765 25.6381175688765
 5488 131072 28136.015 28136.015 28136.015 51.13184194705611 51.13184194705611 51.13184194705611 25.565920973528055 25.565920973528055 25.565920973528055
 6032 131072 30865.192 30865.192 30865.192 51.230933797528294 51.230933797528294 51.230933797528294 25.615466898764147 25.615466898764147 25.615466898764147
 6624 131072 33778.906 33778.906 33778.906 51.40610107384767 51.40610107384767 51.40610107384767 25.703050536923836 25.703050536923836 25.703050536923836
 7280 131072 37240.982 37240.982 37240.982 51.24484418805067 51.24484418805067 51.24484418805067 25.622422094025335 25.622422094025335 25.622422094025335
 8000 131072 40414.81 40414.81 40414.81 51.89068066879444 51.89068066879444 51.89068066879444 25.94534033439722 25.94534033439722 25.94534033439722
 8800 65536 22264.004 22264.004 22264.004 51.807105316725604 51.807105316725604 51.807105316725604 25.903552658362802 25.903552658362802 25.903552658362802
 9680 65536 24879.932 24879.932 24879.932 50.99599789902963 50.99599789902963 50.99599789902963 25.497998949514816 25.497998949514816 25.497998949514816
 10640 65536 27231.932 27231.932 27231.932 51.212160782422636 51.212160782422636 51.212160782422636 25.606080391211318 25.606080391211318 25.606080391211318
 11696 65536 29731.035 29731.035 29731.035 51.56289083107937 51.56289083107937 51.56289083107937 25.781445415539686 25.781445415539686 25.781445415539686
 12864 65536 32328.129 32328.129 32328.129 52.15613337845812 52.15613337845812 52.15613337845812 26.07806668922906 26.07806668922906 26.07806668922906
 14144 65536 35547.018 35547.018 35547.018 52.15296450464565 52.15296450464565 52.15296450464565 26.076482252322826 26.076482252322826 26.076482252322826
 15552 65536 39158.106 39158.106 39158.106 52.05644379225083 52.05644379225083 52.05644379225083 26.028221896125416 26.028221896125416 26.028221896125416
 17104 32768 21696.806 21696.806 21696.806 51.66326066610911 51.66326066610911 51.66326066610911 25.831630333054555 25.831630333054555 25.831630333054555
 18800 32768 23649.931 23649.931 23649.931 52.09642260689894 52.09642260689894 52.09642260689894 26.04821130344947 26.04821130344947 26.04821130344947
 20672 32768 26116.848 26116.848 26116.848 51.87303582729432 51.87303582729432 51.87303582729432 25.93651791364716 25.93651791364716 25.93651791364716
 22736 32768 28708.22 28708.22 28708.22 51.90243407637255 51.90243407637255 51.90243407637255 25.951217038186275 25.951217038186275 25.951217038186275
 25008 32768 31681.061 31681.061 31681.061 51.73198864772868 51.73198864772868 51.73198864772868 25.86599432386434 25.86599432386434 25.86599432386434
 27504 32768 34740.925 34740.925 34740.925 51.884114887556954 51.884114887556954 51.884114887556954 25.942057443778477 25.942057443778477 25.942057443778477
 30240 32768 38078.07 38078.07 38078.07 52.04593194980733 52.04593194980733 52.04593194980733 26.022965974903666 26.022965974903666 26.022965974903666
 33264 16384 20979.881 20979.881 20979.881 51.95428668065371 51.95428668065371 51.95428668065371 25.977143340326855 25.977143340326855 25.977143340326855
 36576 16384 23044.109 23044.109 23044.109 52.0099244453322 52.0099244453322 52.0099244453322 26.0049622226661 26.0049622226661 26.0049622226661
 40224 16384 25301.933 25301.933 25301.933 52.093254377046996 52.093254377046996 52.093254377046996 26.046627188523498 26.046627188523498 26.046627188523498
 44240 16384 27951.956 27951.956 27951.956 51.86242851841925 51.86242851841925 51.86242851841925 25.931214259209625 25.931214259209625 25.931214259209625
 48656 16384 32846.928 32846.928 32846.928 48.53908432471981 48.53908432471981 48.53908432471981 24.269542162359905 24.269542162359905 24.269542162359905
 53520 16384 35954.952 35954.952 35954.952 48.776128528832416 48.776128528832416 48.776128528832416 24.388064264416208 24.388064264416208 24.388064264416208
 58864 16384 39783.001 39783.001 39783.001 48.48441554220608 48.48441554220608 48.48441554220608 24.24220777110304 24.24220777110304 24.24220777110304
 64736 16384 43522.12 43522.12 43522.12 48.740025715659065 48.740025715659065 48.740025715659065 24.370012857829533 24.370012857829533 24.370012857829533
 71200 8192 23943.901 23943.901 23943.901 48.71974704539581 48.71974704539581 48.71974704539581 24.359873522697907 24.359873522697907 24.359873522697907
 78320 8192 26278.973 26278.973 26278.973 48.82971948713521 48.82971948713521 48.82971948713521 24.414859743567604 24.414859743567604 24.414859743567604
 86144 8192 28986.931 28986.931 28986.931 48.69033206723402 48.69033206723402 48.69033206723402 24.34516603361701 24.34516603361701 24.34516603361701
 94752 8192 31833.887 31833.887 31833.887 48.76617071613027 48.76617071613027 48.76617071613027 24.383085358065134 24.383085358065134 24.383085358065134
 104224 8192 34995.794 34995.794 34995.794 48.79460703191931 48.79460703191931 48.79460703191931 24.397303515959656 24.397303515959656 24.397303515959656
 114640 8192 36140.919 36140.919 36140.919 51.97050357241884 51.97050357241884 51.97050357241884 25.98525178620942 25.98525178620942 25.98525178620942
 126096 8192 40024.042 40024.042 40024.042 51.61789666321057 51.61789666321057 51.61789666321057 25.808948331605286 25.808948331605286 25.808948331605286
 138704 4096 21893.024 21893.024 21893.024 51.90069530824065 51.90069530824065 51.90069530824065 25.950347654120325 25.950347654120325 25.950347654120325
 152560 4096 23995.876 23995.876 23995.876 52.082762888089604 52.082762888089604 52.082762888089604 26.041381444044802 26.041381444044802 26.041381444044802
 167808 4096 26419.878 26419.878 26419.878 52.03215306293239 52.03215306293239 52.03215306293239 26.016076531466194 26.016076531466194 26.016076531466194
 184576 4096 29139.996 29139.996 29139.996 51.88904596967 51.88904596967 51.88904596967 25.944522984835 25.944522984835 25.944522984835
 203024 4096 31934.023 31934.023 31934.023 52.0815247111208 52.0815247111208 52.0815247111208 26.0407623555604 26.0407623555604 26.0407623555604
 223312 4096 35228.968 35228.968 35228.968 51.928058295661685 51.928058295661685 51.928058295661685 25.964029147830843 25.964029147830843 25.964029147830843
 245632 4096 38807.154 38807.154 38807.154 51.85171125921782 51.85171125921782 51.85171125921782 25.92585562960891 25.92585562960891 25.92585562960891
 270192 2048 21386.147 21386.147 21386.147 51.74875268555855 51.74875268555855 51.74875268555855 25.874376342779275 25.874376342779275 25.874376342779275
 297200 2048 23452.997 23452.997 23452.997 51.90514457491297 51.90514457491297 51.90514457491297 25.952572287456483 25.952572287456483 25.952572287456483
 326912 2048 25929.928 25929.928 25929.928 51.64038835742235 51.64038835742235 51.64038835742235 25.820194178711176 25.820194178711176 25.820194178711176
 359600 2048 28540.85 28540.85 28540.85 51.607488915011295 51.607488915011295 51.607488915011295 25.803744457505648 25.803744457505648 25.803744457505648
 395552 2048 31687.975 31687.975 31687.975 51.12920570026959 51.12920570026959 51.12920570026959 25.564602850134793 25.564602850134793 25.564602850134793
 435104 2048 34706.831 34706.831 34706.831 51.34971798491196 51.34971798491196 51.34971798491196 25.67485899245598 25.67485899245598 25.67485899245598
 478608 2048 38375.854 38375.854 38375.854 51.083641500199576 51.083641500199576 51.083641500199576 25.541820750099788 25.541820750099788 25.541820750099788
 526464 1024 21196.842 21196.842 21196.842 50.86598616907179 50.86598616907179 50.86598616907179 25.432993084535894 25.432993084535894 25.432993084535894
 579104 1024 23670.912 23670.912 23670.912 50.103899334339125 50.103899334339125 50.103899334339125 25.051949667169563 25.051949667169563 25.051949667169563
 637008 1024 26365.042 26365.042 26365.042 49.48190046501727 49.48190046501727 49.48190046501727 24.740950232508634 24.740950232508634 24.740950232508634
 700704 1024 29147.863 29147.863 29147.863 49.23317335476704 49.23317335476704 49.23317335476704 24.61658667738352 24.61658667738352 24.61658667738352
 770768 1024 32211.065 32211.065 32211.065 49.00591967387605 49.00591967387605 49.00591967387605 24.502959836938025 24.502959836938025 24.502959836938025
 847840 1024 35513.878 35513.878 35513.878 48.8928953351701 48.8928953351701 48.8928953351701 24.44644766758505 24.44644766758505 24.44644766758505
 932624 1024 39064.169 39064.169 39064.169 48.89426809514365 48.89426809514365 48.89426809514365 24.447134047571826 24.447134047571826 24.447134047571826
 1025872 1024 42948.961 42948.961 42948.961 48.91819981396057 48.91819981396057 48.91819981396057 24.459099906980285 24.459099906980285 24.459099906980285
 1128448 512 24486.065 24486.065 24486.065 47.19136178066995 47.19136178066995 47.19136178066995 23.595680890334975 23.595680890334975 23.595680890334975
 1241280 512 25994.062 25994.062 25994.062 48.898503050427436 48.898503050427436 48.898503050427436 24.449251525213718 24.449251525213718 24.449251525213718
 1365408 512 28707.981 28707.981 28707.981 48.703452604347206 48.703452604347206 48.703452604347206 24.351726302173603 24.351726302173603 24.351726302173603
 1501936 512 31455.994 31455.994 31455.994 48.89314462610846 48.89314462610846 48.89314462610846 24.44657231305423 24.44657231305423 24.44657231305423
 1652128 512 34675.121 34675.121 34675.121 48.789420864602036 48.789420864602036 48.789420864602036 24.394710432301018 24.394710432301018 24.394710432301018
 1817328 512 38079.977 38079.977 38079.977 48.86935388642698 48.86935388642698 48.86935388642698 24.43467694321349 24.43467694321349 24.43467694321349
 1999056 512 41893.959 41893.959 41893.959 48.86225586844155 48.86225586844155 48.86225586844155 24.431127934220775 24.431127934220775 24.431127934220775
 2198960 256 23051.977 23051.977 23051.977 48.840388830858195 48.840388830858195 48.840388830858195 24.420194415429098 24.420194415429098 24.420194415429098
 2418848 256 25579.929 25579.929 25579.929 48.41491843077437 48.41491843077437 48.41491843077437 24.207459215387185 24.207459215387185 24.207459215387185
 2660720 256 27983.189 27983.189 27983.189 48.68239427607769 48.68239427607769 48.68239427607769 24.341197138038844 24.341197138038844 24.341197138038844
 2926784 256 30968.189 30968.189 30968.189 48.38879690381636 48.38879690381636 48.38879690381636 24.19439845190818 24.19439845190818 24.19439845190818
 3219456 256 35063.028 35063.028 35063.028 47.01138395691325 47.01138395691325 47.01138395691325 23.505691978456625 23.505691978456625 23.505691978456625
 3541392 256 37238.121 37238.121 37238.121 48.69184199707606 48.69184199707606 48.69184199707606 24.34592099853803 24.34592099853803 24.34592099853803
 3895520 256 41136.026 41136.026 41136.026 48.485632520749576 48.485632520749576 48.485632520749576 24.242816260374788 24.242816260374788 24.242816260374788
 4285072 128 22514.82 22514.82 22514.82 48.72250508775997 48.72250508775997 48.72250508775997 24.361252543879985 24.361252543879985 24.361252543879985
 4713568 128 24940.014 24940.014 24940.014 48.38302849388938 48.38302849388938 48.38302849388938 24.19151424694469 24.19151424694469 24.19151424694469
 5184912 128 27266.979 27266.979 27266.979 48.6793007762246 48.6793007762246 48.6793007762246 24.3396503881123 24.3396503881123 24.3396503881123
 5703392 128 30164.957 30164.957 30164.957 48.402799049241146 48.402799049241146 48.402799049241146 24.201399524620573 24.201399524620573 24.201399524620573
 6273728 128 33262.014 33262.014 33262.014 48.28554181956631 48.28554181956631 48.28554181956631 24.142770909783156 24.142770909783156 24.142770909783156
 6901088 128 36891.937 36891.937 36891.937 47.88793085058125 47.88793085058125 47.88793085058125 23.943965425290624 23.943965425290624 23.943965425290624
 7591184 128 39997.101 39997.101 39997.101 48.5870989499964 48.5870989499964 48.5870989499964 24.2935494749982 24.2935494749982 24.2935494749982
 8350288 128 43992.996 43992.996 43992.996 48.591228658307344 48.591228658307344 48.591228658307344 24.295614329153672 24.295614329153672 24.295614329153672
 9185312 64 24344.921 24344.921 24344.921 48.29425965276289 48.29425965276289 48.29425965276289 24.147129826381445 24.147129826381445 24.147129826381445
 10103840 64 26689.053 26689.053 26689.053 48.45775232264704 48.45775232264704 48.45775232264704 24.22887616132352 24.22887616132352 24.22887616132352
 11114224 64 29407.978 29407.978 29407.978 48.37533107512527 48.37533107512527 48.37533107512527 24.187665537562633 24.187665537562633 24.187665537562633
 12225632 64 32753.944 32753.944 32753.944 47.776869130630494 47.776869130630494 47.776869130630494 23.888434565315247 23.888434565315247 23.888434565315247
 13448192 64 36772.013 36772.013 36772.013 46.811921229332754 46.811921229332754 46.811921229332754 23.405960614666377 23.405960614666377 23.405960614666377
 14793008 64 39268.97 39268.97 39268.97 48.218861457277846 48.218861457277846 48.218861457277846 24.109430728638923 24.109430728638923 24.109430728638923
 16272304 64 43299.913 43299.913 43299.913 48.1029814540274 48.1029814540274 48.1029814540274 24.0514907270137 24.0514907270137 24.0514907270137
 17899520 32 24526.834 24526.834 24526.834 46.70677348735675 46.70677348735675 46.70677348735675 23.353386743678374 23.353386743678374 23.353386743678374
 19689472 32 26959.896 26959.896 26959.896 46.74076665577641 46.74076665577641 46.74076665577641 23.370383327888206 23.370383327888206 23.370383327888206
 21658416 32 28995.037 28995.037 28995.037 47.80606501726485 47.80606501726485 47.80606501726485 23.903032508632425 23.903032508632425 23.903032508632425
 23824256 32 32037.973 32037.973 32037.973 47.59203661230377 47.59203661230377 47.59203661230377 23.796018306151886 23.796018306151886 23.796018306151886
 26206672 32 35145.998 35145.998 35145.998 47.72170669331968 47.72170669331968 47.72170669331968 23.86085334665984 23.86085334665984 23.86085334665984
 28827328 32 38814.068 38814.068 38814.068 47.53299736580046 47.53299736580046 47.53299736580046 23.76649868290023 23.76649868290023 23.76649868290023
 31710048 32 42779.922 42779.922 42779.922 47.439148486525994 47.439148486525994 47.439148486525994 23.719574243262997 23.719574243262997 23.719574243262997
 34881040 16 23873.091 23873.091 23873.091 46.75528945958444 46.75528945958444 46.75528945958444 23.37764472979222 23.37764472979222 23.37764472979222
 38369136 16 26369.095 26369.095 26369.095 46.56255180543738 46.56255180543738 46.56255180543738 23.28127590271869 23.28127590271869 23.28127590271869
 42206048 16 29762.03 29762.03 29762.03 45.37975185160421 45.37975185160421 45.37975185160421 22.689875925802106 22.689875925802106 22.689875925802106
 46426640 16 33876.896 33876.896 33876.896 43.85444522426139 43.85444522426139 43.85444522426139 21.927222612130695 21.927222612130695 21.927222612130695
 51069296 16 39045.095 39045.095 39045.095 41.854616360902696 41.854616360902696 41.854616360902696 20.927308180451348 20.927308180451348 20.927308180451348
 56176224 16 45488.834 45488.834 45488.834 39.51825118225716 39.51825118225716 39.51825118225716 19.75912559112858 19.75912559112858 19.75912559112858
 61793840 16 52601.099 52601.099 52601.099 37.59242520769385 37.59242520769385 37.59242520769385 18.796212603846925 18.796212603846925 18.796212603846925
 67973216 8 31255.96 31255.96 31255.96 34.79565036556228 34.79565036556228 34.79565036556228 17.39782518278114 17.39782518278114 17.39782518278114
 74770528 8 36162.853 36162.853 36162.853 33.081694301055286 33.081694301055286 33.081694301055286 16.540847150527643 16.540847150527643 16.540847150527643
 82247568 8 40071.964 40071.964 40071.964 32.83994485521099 32.83994485521099 32.83994485521099 16.419972427605494 16.419972427605494 16.419972427605494
 90472320 8 45966.864 45966.864 45966.864 31.491317745757026 31.491317745757026 31.491317745757026 15.745658872878513 15.745658872878513 15.745658872878513
 99519552 8 49819.946 49819.946 49819.946 31.961352025552173 31.961352025552173 31.961352025552173 15.980676012776087 15.980676012776087 15.980676012776087
 109471504 8 55608.988 55608.988 55608.988 31.49749936107451 31.49749936107451 31.49749936107451 15.748749680537255 15.748749680537255 15.748749680537255
 120418640 8 60363.054 60363.054 60363.054 31.918501671568837 31.918501671568837 31.918501671568837 15.959250835784418 15.959250835784418 15.959250835784418
 132460496 8 68965.912 68965.912 68965.912 30.730659169706918 30.730659169706918 30.730659169706918 15.365329584853459 15.365329584853459 15.365329584853459
 145706544 4 37662.983 37662.983 37662.983 30.949549375842057 30.949549375842057 30.949549375842057 15.474774687921029 15.474774687921029 15.474774687921029
 160277184 4 41415.93 41415.93 41415.93 30.959523835393767 30.959523835393767 30.959523835393767 15.479761917696884 15.479761917696884 15.479761917696884
 176304896 4 46356.916 46356.916 46356.916 30.425647124584387 30.425647124584387 30.425647124584387 15.212823562292193 15.212823562292193 15.212823562292193
 193935376 4 50594.091 50594.091 50594.091 30.665300578282945 30.665300578282945 30.665300578282945 15.332650289141473 15.332650289141473 15.332650289141473
 213328912 4 55058.002 55058.002 55058.002 30.996971085147624 30.996971085147624 30.996971085147624 15.498485542573812 15.498485542573812 15.498485542573812
 234661792 4 61666.012 61666.012 61666.012 30.44293404282411 30.44293404282411 30.44293404282411 15.221467021412055 15.221467021412055 15.221467021412055
 258127968 4 64648.867 64648.867 64648.867 31.94214902482359 31.94214902482359 31.94214902482359 15.971074512411795 15.971074512411795 15.971074512411795
 283940752 2 37270.069 37270.069 37270.069 30.47386383964033 30.47386383964033 30.47386383964033 15.236931919820165 15.236931919820165 15.236931919820165
 312334816 2 40717.125 40717.125 40717.125 30.68338602001001 30.68338602001001 30.68338602001001 15.341693010005004 15.341693010005004 15.341693010005004
 343568288 2 44647.932 44647.932 44647.932 30.780219607931674 30.780219607931674 30.780219607931674 15.390109803965837 15.390109803965837 15.390109803965837
 377925104 2 49165.964 49165.964 49165.964 30.746888558922592 30.746888558922592 30.746888558922592 15.373444279461296 15.373444279461296 15.373444279461296
 415717600 2 54258.823 54258.823 54258.823 30.647004635541027 30.647004635541027 30.647004635541027 15.323502317770513 15.323502317770513 15.323502317770513
 457289360 2 60009.003 60009.003 60009.003 30.481383601723895 30.481383601723895 30.481383601723895 15.240691800861947 15.240691800861947 15.240691800861947
 503018288 2 122956.991 122956.991 122956.991 16.364040268356927 16.364040268356927 16.364040268356927 8.182020134178464 8.182020134178464 8.182020134178464
 553320112 1 36424.16 36424.16 36424.16 30.38203829546103 30.38203829546103 30.38203829546103 15.191019147730515 15.191019147730515 15.191019147730515
 608652112 1 37755.966 37755.966 37755.966 32.241374091713084 32.241374091713084 32.241374091713084 16.120687045856542 16.120687045856542 16.120687045856542
 669517312 1 44245.005 44245.005 44245.005 30.264085719958672 30.264085719958672 30.264085719958672 15.132042859979336 15.132042859979336 15.132042859979336
 736469040 1 48783.064 48783.064 48783.064 30.19363605369273 30.19363605369273 30.19363605369273 15.096818026846366 15.096818026846366 15.096818026846366
 810115936 1 53884.983 53884.983 53884.983 30.068337815008682 30.068337815008682 30.068337815008682 15.034168907504341 15.034168907504341 15.034168907504341
 891127520 1 59291.84 59291.84 59291.84 30.059027346764747 30.059027346764747 30.059027346764747 15.029513673382374 15.029513673382374 15.029513673382374
 980240272 1 64946.175 64946.175 64946.175 30.18623566360913 30.18623566360913 30.18623566360913 15.093117831804564 15.093117831804564 15.093117831804564
 
META_DATA
 MPI startup(): shm:tmi fabric is unknown or has been removed from the product, please use ofi or shm:ofi instead
 FLOPS          8
 MPI_PROCS      2
 OPENMP_THREADS 1
 ERT_VERSION  1.1.0
 HOSTNAME  ('shas0339.rc.int.colorado.edu', [], ['10.225.6.91'])
 UNAME  uname_result(system='Linux', node='shas0339.rc.int.colorado.edu', release='3.10.0-957.27.2.el7.x86_64', version='#1 SMP Mon Jul 29 17:46:05 UTC 2019', machine='x86_64', processor='x86_64')
 TIMESTAMP_DATA  1664517394.0643783
 CONFIG  {'ERT_RESULTS': ['lab5_results'], 'ERT_DRIVER': ['driver1'], 'ERT_KERNEL': ['kernel1'], 'ERT_MPI': ['True'], 'ERT_MPI_CFLAGS': ['-I/usr/include/mpi'], 'ERT_MPI_LDFLAGS': ['-lmpi'], 'ERT_OPENMP': ['True'], 'ERT_OPENMP_CFLAGS': ['-qopenmp'], 'ERT_OPENMP_LDFLAGS': ['-qopenmp'], 'ERT_FLOPS': ['1,2,4,8,16'], 'ERT_ALIGN': ['32'], 'ERT_CC': ['mpicc'], 'ERT_CFLAGS': ['-O3', '-msse3', '-axSSE3', '-xSSE3', '-fno-alias', '-fno-fnalias', '-DERT_INTEL', '-std=c++11'], 'ERT_LD': ['mpicc'], 'ERT_LDFLAGS': [], 'ERT_LDLIBS': [], 'ERT_PRECISION': ['FP64'], 'ERT_RUN': ['export', 'OMP_NUM_THREADS=ERT_OPENMP_THREADS;', 'mpirun', '-np', 'ERT_MPI_PROCS', 'ERT_CODE'], 'ERT_PROCS_THREADS': ['1-8'], 'ERT_MPI_PROCS': ['1,2'], 'ERT_OPENMP_THREADS': ['1'], 'ERT_NUM_EXPERIMENTS': ['1'], 'ERT_MEMORY_MAX': ['1073741824'], 'ERT_WORKING_SET_MIN': ['1'], 'ERT_TRIALS_MIN': ['1'], 'ERT_GNUPLOT': ['gnuplot'], 'ERT_GPU': [False], 'ERT_HIP': [False], 'ERT_OCL': [False], 'ERT_SYCL': [False], 'ERT_WSS_MULT': [1.1]}
 