fp64
 8 134217728 2662330.151 2662330.151 2662330.151 0.8066180849859594 0.8066180849859594 0.8066180849859594 0.8066180849859594 0.8066180849859594 0.8066180849859594
 16 67108864 1353462.934 1353462.934 1353462.934 1.5866586325000904 1.5866586325000904 1.5866586325000904 1.5866586325000904 1.5866586325000904 1.5866586325000904
 24 33554432 674160.957 674160.957 674160.957 2.389062610755728 2.389062610755728 2.389062610755728 2.389062610755728 2.389062610755728 2.389062610755728
 32 33554432 674324.989 674324.989 674324.989 3.18464195014431 3.18464195014431 3.18464195014431 3.18464195014431 3.18464195014431 3.18464195014431
 40 16777216 339021.921 339021.921 339021.921 3.958969013098124 3.958969013098124 3.958969013098124 3.958969013098124 3.958969013098124 3.958969013098124
 48 16777216 338284.969 338284.969 338284.969 4.761112327163434 4.761112327163434 4.761112327163434 4.761112327163434 4.761112327163434 4.761112327163434
 56 16777216 346953.869 346953.869 346953.869 5.415844467784274 5.415844467784274 5.415844467784274 5.415844467784274 5.415844467784274 5.415844467784274
 64 16777216 346901.894 346901.894 346901.894 6.190463889482253 6.190463889482253 6.190463889482253 6.190463889482253 6.190463889482253 6.190463889482253
 72 8388608 176299.81 176299.81 176299.81 6.851734848721618 6.851734848721618 6.851734848721618 6.851734848721618 6.851734848721618 6.851734848721618
 80 8388608 175672.054 175672.054 175672.054 7.640243564295093 7.640243564295093 7.640243564295093 7.640243564295093 7.640243564295093 7.640243564295093
 88 8388608 199797.869 199797.869 199797.869 7.389443217735219 7.389443217735219 7.389443217735219 7.389443217735219 7.389443217735219 7.389443217735219
 96 8388608 200137.138 200137.138 200137.138 8.047545558486 8.047545558486 8.047545558486 8.047545558486 8.047545558486 8.047545558486
 104 8388608 232913.017 232913.017 232913.017 7.491339412773138 7.491339412773138 7.491339412773138 7.491339412773138 7.491339412773138 7.491339412773138
 112 8388608 234397.173 234397.173 234397.173 8.016513885173861 8.016513885173861 8.016513885173861 8.016513885173861 8.016513885173861 8.016513885173861
 120 8388608 265177.011 265177.011 265177.011 7.592158582706099 7.592158582706099 7.592158582706099 7.592158582706099 7.592158582706099 7.592158582706099
 128 8388608 179877.043 179877.043 179877.043 11.938619916050099 11.938619916050099 11.938619916050099 11.938619916050099 11.938619916050099 11.938619916050099
 136 4194304 110180.14 110180.14 110180.14 10.35441312744747 10.35441312744747 10.35441312744747 10.35441312744747 10.35441312744747 10.35441312744747
 144 4194304 112430.811 112430.811 112430.811 10.744025959218598 10.744025959218598 10.744025959218598 10.744025959218598 10.744025959218598 10.744025959218598
 152 4194304 133855.104 133855.104 133855.104 9.52573624685989 9.52573624685989 9.52573624685989 9.52573624685989 9.52573624685989 9.52573624685989
 160 4194304 130264.997 130264.997 130264.997 10.303437691707774 10.303437691707774 10.303437691707774 10.303437691707774 10.303437691707774 10.303437691707774
 176 4194304 149242.878 149242.878 149242.878 9.892565915272687 9.892565915272687 9.892565915272687 9.892565915272687 9.892565915272687 9.892565915272687
 192 4194304 163651.943 163651.943 163651.943 9.841696386091792 9.841696386091792 9.841696386091792 9.841696386091792 9.841696386091792 9.841696386091792
 208 4194304 178596.02 178596.02 178596.02 9.769705192758495 9.769705192758495 9.769705192758495 9.769705192758495 9.769705192758495 9.769705192758495
 224 4194304 196979.046 196979.046 196979.046 9.53933035090443 9.53933035090443 9.53933035090443 9.53933035090443 9.53933035090443 9.53933035090443
 240 4194304 212806.94 212806.94 212806.94 9.460527556103198 9.460527556103198 9.460527556103198 9.460527556103198 9.460527556103198 9.460527556103198
 264 2097152 100254.059 100254.059 100254.059 11.04490199244701 11.04490199244701 11.04490199244701 11.04490199244701 11.04490199244701 11.04490199244701
 288 2097152 111668.11 111668.11 111668.11 10.817408407825653 10.817408407825653 10.817408407825653 10.817408407825653 10.817408407825653 10.817408407825653
 312 2097152 126991.987 126991.987 126991.987 10.304767087391111 10.304767087391111 10.304767087391111 10.304767087391111 10.304767087391111 10.304767087391111
 336 2097152 134462.833 134462.833 134462.833 10.48086011991135 10.48086011991135 10.48086011991135 10.48086011991135 10.48086011991135 10.48086011991135
 368 2097152 152338.028 152338.028 152338.028 10.132098283430583 10.132098283430583 10.132098283430583 10.132098283430583 10.132098283430583 10.132098283430583
 400 2097152 150670.052 150670.052 150670.052 11.135070159795259 11.135070159795259 11.135070159795259 11.135070159795259 11.135070159795259 11.135070159795259
 440 2097152 171447.992 171447.992 171447.992 10.764160830766686 10.764160830766686 10.764160830766686 10.764160830766686 10.764160830766686 10.764160830766686
 480 2097152 188097.954 188097.954 188097.954 10.703284523764674 10.703284523764674 10.703284523764674 10.703284523764674 10.703284523764674 10.703284523764674
 528 1048576 96669.912 96669.912 96669.912 11.454404303171394 11.454404303171394 11.454404303171394 11.454404303171394 11.454404303171394 11.454404303171394
 576 1048576 109259.129 109259.129 109259.129 11.055914165305126 11.055914165305126 11.055914165305126 11.055914165305126 11.055914165305126 11.055914165305126
 632 1048576 125811.1 125811.1 125811.1 10.534842029041952 10.534842029041952 10.534842029041952 10.534842029041952 10.534842029041952 10.534842029041952
 688 1048576 128106.833 128106.833 128106.833 11.262791704483085 11.262791704483085 11.262791704483085 11.262791704483085 11.262791704483085 11.262791704483085
 752 1048576 143920.183 143920.183 143920.183 10.957867556352399 10.957867556352399 10.957867556352399 10.957867556352399 10.957867556352399 10.957867556352399
 824 1048576 154818.058 154818.058 154818.058 11.161832607408112 11.161832607408112 11.161832607408112 11.161832607408112 11.161832607408112 11.161832607408112
 904 1048576 163947.821 163947.821 163947.821 11.56359014981968 11.56359014981968 11.56359014981968 11.56359014981968 11.56359014981968 11.56359014981968
 992 1048576 185115.099 185115.099 185115.099 11.238277132650321 11.238277132650321 11.238277132650321 11.238277132650321 11.238277132650321 11.238277132650321
 1088 524288 100213.051 100213.051 100213.051 11.384252615959172 11.384252615959172 11.384252615959172 11.384252615959172 11.384252615959172 11.384252615959172
 1192 524288 109862.089 109862.089 109862.089 11.377014613293944 11.377014613293944 11.377014613293944 11.377014613293944 11.377014613293944 11.377014613293944
 1304 524288 119681.835 119681.835 119681.835 11.424817341746138 11.424817341746138 11.424817341746138 11.424817341746138 11.424817341746138 11.424817341746138
 1432 524288 130695.105 130695.105 130695.105 11.489036502170451 11.489036502170451 11.489036502170451 11.489036502170451 11.489036502170451 11.489036502170451
 1568 524288 142276.049 142276.049 142276.049 11.556176739206473 11.556176739206473 11.556176739206473 11.556176739206473 11.556176739206473 11.556176739206473
 1720 524288 156927.109 156927.109 156927.109 11.49292006647494 11.49292006647494 11.49292006647494 11.49292006647494 11.49292006647494 11.49292006647494
 1888 524288 173057.079 173057.079 173057.079 11.439644650421956 11.439644650421956 11.439644650421956 11.439644650421956 11.439644650421956 11.439644650421956
 2072 262144 93996.048 93996.048 93996.048 11.557132018997223 11.557132018997223 11.557132018997223 11.557132018997223 11.557132018997223 11.557132018997223
 2272 262144 103269.1 103269.1 103269.1 11.53474113747481 11.53474113747481 11.53474113747481 11.53474113747481 11.53474113747481 11.53474113747481
 2496 262144 112753.153 112753.153 112753.153 11.606086510059722 11.606086510059722 11.606086510059722 11.606086510059722 11.606086510059722 11.606086510059722
 2744 262144 124127.15 124127.15 124127.15 11.590101537012652 11.590101537012652 11.590101537012652 11.590101537012652 11.590101537012652 11.590101537012652
 3016 262144 136384.964 136384.964 136384.964 11.594039120030857 11.594039120030857 11.594039120030857 11.594039120030857 11.594039120030857 11.594039120030857
 3312 262144 150143.147 150143.147 150143.147 11.565242175188986 11.565242175188986 11.565242175188986 11.565242175188986 11.565242175188986 11.565242175188986
 3640 262144 164158.821 164158.821 164158.821 11.625377840646165 11.625377840646165 11.625377840646165 11.625377840646165 11.625377840646165 11.625377840646165
 4000 262144 179135.084 179135.084 179135.084 11.707098091404584 11.707098091404584 11.707098091404584 11.707098091404584 11.707098091404584 11.707098091404584
 4400 131072 98762.035 98762.035 98762.035 11.678916903646225 11.678916903646225 11.678916903646225 11.678916903646225 11.678916903646225 11.678916903646225
 4840 131072 109715.939 109715.939 109715.939 11.564199072297054 11.564199072297054 11.564199072297054 11.564199072297054 11.564199072297054 11.564199072297054
 5320 131072 120388.031 120388.031 120388.031 11.584258571352494 11.584258571352494 11.584258571352494 11.584258571352494 11.584258571352494 11.584258571352494
 5848 131072 131670.952 131670.952 131670.952 11.642796597992245 11.642796597992245 11.642796597992245 11.642796597992245 11.642796597992245 11.642796597992245
 6432 131072 144021.988 144021.988 144021.988 11.707311025313718 11.707311025313718 11.707311025313718 11.707311025313718 11.707311025313718 11.707311025313718
 7072 131072 157985.926 157985.926 157985.926 11.734477968626143 11.734477968626143 11.734477968626143 11.734477968626143 11.734477968626143 11.734477968626143
 7776 131072 174906.969 174906.969 174906.969 11.654376927656894 11.654376927656894 11.654376927656894 11.654376927656894 11.654376927656894 11.654376927656894
 8552 65536 96103.907 96103.907 96103.907 11.663706284074383 11.663706284074383 11.663706284074383 11.663706284074383 11.663706284074383 11.663706284074383
 9400 65536 105277.061 105277.061 105277.061 11.703183849328772 11.703183849328772 11.703183849328772 11.703183849328772 11.703183849328772 11.703183849328772
 10336 65536 116067.886 116067.886 116067.886 11.672136356476761 11.672136356476761 11.672136356476761 11.672136356476761 11.672136356476761 11.672136356476761
 11368 65536 127494.812 127494.812 127494.812 11.686957866175762 11.686957866175762 11.686957866175762 11.686957866175762 11.686957866175762 11.686957866175762
 12504 65536 140342.951 140342.951 140342.951 11.677995056552573 11.677995056552573 11.677995056552573 11.677995056552573 11.677995056552573 11.677995056552573
 13752 65536 153908.014 153908.014 153908.014 11.711554825208777 11.711554825208777 11.711554825208777 11.711554825208777 11.711554825208777 11.711554825208777
 15120 65536 177891.016 177891.016 177891.016 11.140577442089597 11.140577442089597 11.140577442089597 11.140577442089597 11.140577442089597 11.140577442089597
 16632 32768 99959.135 99959.135 99959.135 10.904403604532993 10.904403604532993 10.904403604532993 10.904403604532993 10.904403604532993 10.904403604532993
 18288 32768 109613.18 109613.18 109613.18 10.93410817932661 10.93410817932661 10.93410817932661 10.93410817932661 10.93410817932661 10.93410817932661
 20112 32768 114039.183 114039.183 114039.183 11.557957513603021 11.557957513603021 11.557957513603021 11.557957513603021 11.557957513603021 11.557957513603021
 22120 32768 124626.16 124626.16 124626.16 11.632038730873198 11.632038730873198 11.632038730873198 11.632038730873198 11.632038730873198 11.632038730873198
 24328 32768 136409.998 136409.998 136409.998 11.687998177376999 11.687998177376999 11.687998177376999 11.687998177376999 11.687998177376999 11.687998177376999
 26760 32768 150068.998 150068.998 150068.998 11.686246882250792 11.686246882250792 11.686246882250792 11.686246882250792 11.686246882250792 11.686246882250792
 29432 32768 165317.059 165317.059 165317.059 11.667613515916708 11.667613515916708 11.667613515916708 11.667613515916708 11.667613515916708 11.667613515916708
 32368 32768 181704.998 181704.998 181704.998 11.674248211928656 11.674248211928656 11.674248211928656 11.674248211928656 11.674248211928656 11.674248211928656
 35600 16384 99595.07 99595.07 99595.07 11.712836790013801 11.712836790013801 11.712836790013801 11.712836790013801 11.712836790013801 11.712836790013801
 39160 16384 109832.048 109832.048 109832.048 11.683246405457176 11.683246405457176 11.683246405457176 11.683246405457176 11.683246405457176 11.683246405457176
 43072 16384 120486.975 120486.975 120486.975 11.713990628447595 11.713990628447595 11.713990628447595 11.713990628447595 11.713990628447595 11.713990628447595
 47376 16384 132703.066 132703.066 132703.066 11.698424270016492 11.698424270016492 11.698424270016492 11.698424270016492 11.698424270016492 11.698424270016492
 52112 16384 146147.966 146147.966 146147.966 11.68409019116968 11.68409019116968 11.68409019116968 11.68409019116968 11.68409019116968 11.68409019116968
 57320 16384 160544.157 160544.157 160544.157 11.699346741096283 11.699346741096283 11.699346741096283 11.699346741096283 11.699346741096283 11.699346741096283
 63048 16384 176568.031 176568.031 176568.031 11.700628093881843 11.700628093881843 11.700628093881843 11.700628093881843 11.700628093881843 11.700628093881843
 69352 8192 97028.017 97028.017 97028.017 11.710670826138804 11.710670826138804 11.710670826138804 11.710670826138804 11.710670826138804 11.710670826138804
 76280 8192 106697.083 106697.083 106697.083 11.71326792504721 11.71326792504721 11.71326792504721 11.71326792504721 11.71326792504721 11.71326792504721
 83904 8192 117416.143 117416.143 117416.143 11.707786517906657 11.707786517906657 11.707786517906657 11.707786517906657 11.707786517906657 11.707786517906657
 92288 8192 129082.918 129082.918 129082.918 11.71376209515189 11.71376209515189 11.71376209515189 11.71376209515189 11.71376209515189 11.71376209515189
 101512 8192 141979.218 141979.218 141979.218 11.71419755248969 11.71419755248969 11.71419755248969 11.71419755248969 11.71419755248969 11.71419755248969
 111656 8192 156160.116 156160.116 156160.116 11.714719166832586 11.714719166832586 11.714719166832586 11.714719166832586 11.714719166832586 11.714719166832586
 122816 8192 171793.938 171793.938 171793.938 11.712970593875088 11.712970593875088 11.712970593875088 11.712970593875088 11.712970593875088 11.712970593875088
 135096 4096 94397.068 94397.068 94397.068 11.723949222660178 11.723949222660178 11.723949222660178 11.723949222660178 11.723949222660178 11.723949222660178
 148600 4096 103886.843 103886.843 103886.843 11.717857284391634 11.717857284391634 11.717857284391634 11.717857284391634 11.717857284391634 11.717857284391634
 163456 4096 114395.142 114395.142 114395.142 11.705318325493227 11.705318325493227 11.705318325493227 11.705318325493227 11.705318325493227 11.705318325493227
 179800 4096 125718.117 125718.117 125718.117 11.716064757794616 11.716064757794616 11.716064757794616 11.716064757794616 11.716064757794616 11.716064757794616
 197776 4096 138379.097 138379.097 138379.097 11.708278396989396 11.708278396989396 11.708278396989396 11.708278396989396 11.708278396989396 11.708278396989396
 217552 4096 152255.058 152255.058 152255.058 11.70526619877548 11.70526619877548 11.70526619877548 11.70526619877548 11.70526619877548 11.70526619877548
 239304 4096 167552.948 167552.948 167552.948 11.700052976686509 11.700052976686509 11.700052976686509 11.700052976686509 11.700052976686509 11.700052976686509
 263232 2048 92311.859 92311.859 92311.859 11.679954056607182 11.679954056607182 11.679954056607182 11.679954056607182 11.679954056607182 11.679954056607182
 289552 2048 101523.161 101523.161 101523.161 11.682112537847399 11.682112537847399 11.682112537847399 11.682112537847399 11.682112537847399 11.682112537847399
 318504 2048 111591.101 111591.101 111591.101 11.690828142290666 11.690828142290666 11.690828142290666 11.690828142290666 11.690828142290666 11.690828142290666
 350352 2048 122778.893 122778.893 122778.893 11.688017027486964 11.688017027486964 11.688017027486964 11.688017027486964 11.688017027486964 11.688017027486964
 385384 2048 134976.149 134976.149 134976.149 11.694902215649964 11.694902215649964 11.694902215649964 11.694902215649964 11.694902215649964 11.694902215649964
 423920 2048 148379.087 148379.087 148379.087 11.702298181683785 11.702298181683785 11.702298181683785 11.702298181683785 11.702298181683785 11.702298181683785
 466312 2048 163383.961 163383.961 163383.961 11.690339371806513 11.690339371806513 11.690339371806513 11.690339371806513 11.690339371806513 11.690339371806513
 512936 2048 179668.903 179668.903 179668.903 11.69365327510237 11.69365327510237 11.69365327510237 11.69365327510237 11.69365327510237 11.69365327510237
 564224 1024 98943.949 98943.949 98943.949 11.678639913593909 11.678639913593909 11.678639913593909 11.678639913593909 11.678639913593909 11.678639913593909
 620640 1024 112071.991 112071.991 112071.991 11.341555625615682 11.341555625615682 11.341555625615682 11.341555625615682 11.341555625615682 11.341555625615682
 682704 1024 119608.879 119608.879 119608.879 11.689581941487805 11.689581941487805 11.689581941487805 11.689581941487805 11.689581941487805 11.689581941487805
 750968 1024 131612.062 131612.062 131612.062 11.685725765773656 11.685725765773656 11.685725765773656 11.685725765773656 11.685725765773656 11.685725765773656
 826064 1024 144737.005 144737.005 144737.005 11.688642251509902 11.688642251509902 11.688642251509902 11.688642251509902 11.688642251509902 11.688642251509902
 908664 1024 159080.029 159080.029 159080.029 11.69816150838142 11.69816150838142 11.69816150838142 11.69816150838142 11.69816150838142 11.69816150838142
 999528 1024 175055.981 175055.981 175055.981 11.693592714207234 11.693592714207234 11.693592714207234 11.693592714207234 11.693592714207234 11.693592714207234
 1099480 512 96317.053 96317.053 96317.053 11.689181561649315 11.689181561649315 11.689181561649315 11.689181561649315 11.689181561649315 11.689181561649315
 1209424 512 105965.853 105965.853 105965.853 11.687257177083263 11.687257177083263 11.687257177083263 11.687257177083263 11.687257177083263 11.687257177083263
 1330360 512 116634.13 116634.13 116634.13 11.680017161357487 11.680017161357487 11.680017161357487 11.680017161357487 11.680017161357487 11.680017161357487
 1463392 512 128234.863 128234.863 128234.863 11.685694302960341 11.685694302960341 11.685694302960341 11.685694302960341 11.685694302960341 11.685694302960341
 1609728 512 141384.84 141384.84 141384.84 11.658686122217913 11.658686122217913 11.658686122217913 11.658686122217913 11.658686122217913 11.658686122217913
 1770696 512 155164.003 155164.003 155164.003 11.685653044153547 11.685653044153547 11.685653044153547 11.685653044153547 11.685653044153547 11.685653044153547
 1947760 512 170657.873 170657.873 170657.873 11.687162185596911 11.687162185596911 11.687162185596911 11.687162185596911 11.687162185596911 11.687162185596911
 2142536 256 93870.163 93870.163 93870.163 11.686124716753714 11.686124716753714 11.686124716753714 11.686124716753714 11.686124716753714 11.686124716753714
 2356784 256 103570.938 103570.938 103570.938 11.65069498549873 11.65069498549873 11.65069498549873 11.65069498549873 11.65069498549873 11.65069498549873
 2592456 256 113972.902 113972.902 113972.902 11.646079451412055 11.646079451412055 11.646079451412055 11.646079451412055 11.646079451412055 11.646079451412055
 2851696 256 125532.866 125532.866 125532.866 11.630964850272758 11.630964850272758 11.630964850272758 11.630964850272758 11.630964850272758 11.630964850272758
 3136864 256 137619.019 137619.019 137619.019 11.670439011049773 11.670439011049773 11.670439011049773 11.670439011049773 11.670439011049773 11.670439011049773
 3450544 256 151592.016 151592.016 151592.016 11.654166061093877 11.654166061093877 11.654166061093877 11.654166061093877 11.654166061093877 11.654166061093877
 3795592 256 166855.097 166855.097 166855.097 11.646890858839031 11.646890858839031 11.646890858839031 11.646890858839031 11.646890858839031 11.646890858839031
 4175144 256 183562.04 183562.04 183562.04 11.645510847449724 11.645510847449724 11.645510847449724 11.645510847449724 11.645510847449724 11.645510847449724
 4592656 128 101138.115 101138.115 101138.115 11.624894689801168 11.624894689801168 11.624894689801168 11.624894689801168 11.624894689801168 11.624894689801168
 5051920 128 111414.909 111414.909 111414.909 11.607885619688473 11.607885619688473 11.607885619688473 11.607885619688473 11.607885619688473 11.607885619688473
 5557112 128 122674.942 122674.942 122674.942 11.59666879646864 11.59666879646864 11.59666879646864 11.59666879646864 11.59666879646864 11.59666879646864
 6112816 128 134786.844 134786.844 134786.844 11.610041822776115 11.610041822776115 11.610041822776115 11.610041822776115 11.610041822776115 11.610041822776115
 6724096 128 148789.883 148789.883 148789.883 11.56912379586991 11.56912379586991 11.56912379586991 11.56912379586991 11.56912379586991 11.56912379586991
 7396504 128 163348.198 163348.198 163348.198 11.591832950615103 11.591832950615103 11.591832950615103 11.591832950615103 11.591832950615103 11.591832950615103
 8136152 128 179878.95 179878.95 179878.95 11.579203191924348 11.579203191924348 11.579203191924348 11.579203191924348 11.579203191924348 11.579203191924348
 8949760 64 99045.992 99045.992 99045.992 11.566033686653368 11.566033686653368 11.566033686653368 11.566033686653368 11.566033686653368 11.566033686653368
 9844736 64 109061.003 109061.003 109061.003 11.55432439952895 11.55432439952895 11.55432439952895 11.55432439952895 11.55432439952895 11.55432439952895
 10829208 64 119848.013 119848.013 119848.013 11.56580396539407 11.56580396539407 11.56580396539407 11.56580396539407 11.56580396539407 11.56580396539407
 11912128 64 131925.106 131925.106 131925.106 11.557712024881754 11.557712024881754 11.557712024881754 11.557712024881754 11.557712024881754 11.557712024881754
 13103336 64 145200.014 145200.014 145200.014 11.55114907909031 11.55114907909031 11.55114907909031 11.55114907909031 11.55114907909031 11.55114907909031
 14413664 64 160048.962 160048.962 160048.962 11.527403670384317 11.527403670384317 11.527403670384317 11.527403670384317 11.527403670384317 11.527403670384317
 15855024 64 175928.116 175928.116 175928.116 11.535638067084172 11.535638067084172 11.535638067084172 11.535638067084172 11.535638067084172 11.535638067084172
 17440520 32 96914.053 96914.053 96914.053 11.517352184208002 11.517352184208002 11.517352184208002 11.517352184208002 11.517352184208002 11.517352184208002
 19184568 32 107035.875 107035.875 107035.875 11.471035781227554 11.471035781227554 11.471035781227554 11.471035781227554 11.471035781227554 11.471035781227554
 21103024 32 118571.043 118571.043 118571.043 11.390584933962334 11.390584933962334 11.390584933962334 11.390584933962334 11.390584933962334 11.390584933962334
 23213320 32 131900.072 131900.072 131900.072 11.263469818272732 11.263469818272732 11.263469818272732 11.263469818272732 11.263469818272732 11.263469818272732
 25534648 32 147428.989 147428.989 147428.989 11.084777037981315 11.084777037981315 11.084777037981315 11.084777037981315 11.084777037981315 11.084777037981315
 28088112 32 164952.993 164952.993 164952.993 10.897887545453631 10.897887545453631 10.897887545453631 10.897887545453631 10.897887545453631 10.897887545453631
 30896920 32 185588.121 185588.121 185588.121 10.65479228597826 10.65479228597826 10.65479228597826 10.65479228597826 10.65479228597826 10.65479228597826
 33986608 16 103895.187 103895.187 103895.187 10.467967645122965 10.467967645122965 10.467967645122965 10.467967645122965 10.467967645122965 10.467967645122965
 37385264 16 115901.947 115901.947 115901.947 10.321901218794883 10.321901218794883 10.321901218794883 10.321901218794883 10.321901218794883 10.321901218794883
 41123784 16 128273.01 128273.01 128273.01 10.259064537426852 10.259064537426852 10.259064537426852 10.259064537426852 10.259064537426852 10.259064537426852
 45236160 16 142842.054 142842.054 142842.054 10.133970210201541 10.133970210201541 10.133970210201541 10.133970210201541 10.133970210201541 10.133970210201541
 49759776 16 157419.92 157419.92 157419.92 10.115065691813335 10.115065691813335 10.115065691813335 10.115065691813335 10.115065691813335 10.115065691813335
 54735752 16 173419.952 173419.952 173419.952 10.10001469727082 10.10001469727082 10.10001469727082 10.10001469727082 10.10001469727082 10.10001469727082
 60209320 16 193368.912 193368.912 193368.912 9.963846929024454 9.963846929024454 9.963846929024454 9.963846929024454 9.963846929024454 9.963846929024454
 66230248 16 210274.935 210274.935 210274.935 10.079032653131009 10.079032653131009 10.079032653131009 10.079032653131009 10.079032653131009 10.079032653131009
 72853272 8 115749.121 115749.121 115749.121 10.070507161777929 10.070507161777929 10.070507161777929 10.070507161777929 10.070507161777929 10.070507161777929
 80138592 8 127024.889 127024.889 127024.889 10.094222337797122 10.094222337797122 10.094222337797122 10.094222337797122 10.094222337797122 10.094222337797122
 88152448 8 140144.11 140144.11 140144.11 10.064205823562617 10.064205823562617 10.064205823562617 10.064205823562617 10.064205823562617 10.064205823562617
 96967688 8 154238.939 154238.939 154238.939 10.05895799114645 10.05895799114645 10.05895799114645 10.05895799114645 10.05895799114645 10.05895799114645
 106664456 8 169586.897 169586.897 169586.897 10.063462013813487 10.063462013813487 10.063462013813487 10.063462013813487 10.063462013813487 10.063462013813487
 117330896 8 186709.881 186709.881 186709.881 10.054606247646852 10.054606247646852 10.054606247646852 10.054606247646852 10.054606247646852 10.054606247646852
 129063984 8 205413.818 205413.818 205413.818 10.052993338549404 10.052993338549404 10.052993338549404 10.052993338549404 10.052993338549404 10.052993338549404
 141970376 4 112936.02 112936.02 112936.02 10.056694117607474 10.056694117607474 10.056694117607474 10.056694117607474 10.056694117607474 10.056694117607474
 156167408 4 124114.037 124114.037 124114.037 10.066059361198606 10.066059361198606 10.066059361198606 10.066059361198606 10.066059361198606 10.066059361198606
 171784144 4 136614.084 136614.084 136614.084 10.05952762527764 10.05952762527764 10.05952762527764 10.05952762527764 10.05952762527764 10.05952762527764
 188962552 4 150316.0 150316.0 150316.0 10.056816413422391 10.056816413422391 10.056816413422391 10.056816413422391 10.056816413422391 10.056816413422391
 207858800 4 165430.069 165430.069 165430.069 10.051802613949222 10.051802613949222 10.051802613949222 10.051802613949222 10.051802613949222 10.051802613949222
 228644680 4 182188.034 182188.034 182188.034 10.039942798877778 10.039942798877778 10.039942798877778 10.039942798877778 10.039942798877778 10.039942798877778
 251509144 4 200188.875 200188.875 200188.875 10.050873965898456 10.050873965898456 10.050873965898456 10.050873965898456 10.050873965898456 10.050873965898456
 276660056 2 110310.078 110310.078 110310.078 10.032086315812414 10.032086315812414 10.032086315812414 10.032086315812414 10.032086315812414 10.032086315812414
 304326056 2 121402.979 121402.979 121402.979 10.02697161162742 10.02697161162742 10.02697161162742 10.02697161162742 10.02697161162742 10.02697161162742
 334758656 2 133526.087 133526.087 133526.087 10.028262297538907 10.028262297538907 10.028262297538907 10.028262297538907 10.028262297538907 10.028262297538907
 368234520 2 146898.985 146898.985 146898.985 10.026877176857282 10.026877176857282 10.026877176857282 10.026877176857282 10.026877176857282 10.026877176857282
 405057968 2 161677.122 161677.122 161677.122 10.02140471055639 10.02140471055639 10.02140471055639 10.02140471055639 10.02140471055639 10.02140471055639
 445563760 2 177902.937 177902.937 177902.937 10.018131628709423 10.018131628709423 10.018131628709423 10.018131628709423 10.018131628709423 10.018131628709423
 490120136 2 195923.09 195923.09 195923.09 10.006378237501256 10.006378237501256 10.006378237501256 10.006378237501256 10.006378237501256 10.006378237501256
 539132144 1 107834.101 107834.101 107834.101 9.999288518202604 9.999288518202604 9.999288518202604 9.999288518202604 9.999288518202604 9.999288518202604
 593045352 1 118436.098 118436.098 118436.098 10.014604702697989 10.014604702697989 10.014604702697989 10.014604702697989 10.014604702697989 10.014604702697989
 652349880 1 130326.986 130326.986 130326.986 10.010971634071243 10.010971634071243 10.010971634071243 10.010971634071243 10.010971634071243 10.010971634071243
 717584864 1 143445.015 143445.015 143445.015 10.005016402975034 10.005016402975034 10.005016402975034 10.005016402975034 10.005016402975034 10.005016402975034
 789343344 1 157767.057 157767.057 157767.057 10.006440622138244 10.006440622138244 10.006440622138244 10.006440622138244 10.006440622138244 10.006440622138244
 868277672 1 173685.074 173685.074 173685.074 9.998299243606851 9.998299243606851 9.998299243606851 9.998299243606851 9.998299243606851 9.998299243606851
 955105432 1 191097.975 191097.975 191097.975 9.995976482743995 9.995976482743995 9.995976482743995 9.995976482743995 9.995976482743995 9.995976482743995
 1050615968 1 210168.839 210168.839 210168.839 9.997828155676304 9.997828155676304 9.997828155676304 9.997828155676304 9.997828155676304 9.997828155676304
 
META_DATA
 MPI startup(): shm:tmi fabric is unknown or has been removed from the product, please use ofi or shm:ofi instead
 FLOPS          16
 MPI_PROCS      1
 OPENMP_THREADS 1
 ERT_VERSION  1.1.0
 HOSTNAME  ('shas0339.rc.int.colorado.edu', [], ['10.225.6.91'])
 UNAME  uname_result(system='Linux', node='shas0339.rc.int.colorado.edu', release='3.10.0-957.27.2.el7.x86_64', version='#1 SMP Mon Jul 29 17:46:05 UTC 2019', machine='x86_64', processor='x86_64')
 TIMESTAMP_DATA  1664517423.8231049
 CONFIG  {'ERT_RESULTS': ['lab5_results'], 'ERT_DRIVER': ['driver1'], 'ERT_KERNEL': ['kernel1'], 'ERT_MPI': ['True'], 'ERT_MPI_CFLAGS': ['-I/usr/include/mpi'], 'ERT_MPI_LDFLAGS': ['-lmpi'], 'ERT_OPENMP': ['True'], 'ERT_OPENMP_CFLAGS': ['-qopenmp'], 'ERT_OPENMP_LDFLAGS': ['-qopenmp'], 'ERT_FLOPS': ['1,2,4,8,16'], 'ERT_ALIGN': ['32'], 'ERT_CC': ['mpicc'], 'ERT_CFLAGS': ['-O3', '-msse3', '-axSSE3', '-xSSE3', '-fno-alias', '-fno-fnalias', '-DERT_INTEL', '-std=c++11'], 'ERT_LD': ['mpicc'], 'ERT_LDFLAGS': [], 'ERT_LDLIBS': [], 'ERT_PRECISION': ['FP64'], 'ERT_RUN': ['export', 'OMP_NUM_THREADS=ERT_OPENMP_THREADS;', 'mpirun', '-np', 'ERT_MPI_PROCS', 'ERT_CODE'], 'ERT_PROCS_THREADS': ['1-8'], 'ERT_MPI_PROCS': ['1,2'], 'ERT_OPENMP_THREADS': ['1'], 'ERT_NUM_EXPERIMENTS': ['1'], 'ERT_MEMORY_MAX': ['1073741824'], 'ERT_WORKING_SET_MIN': ['1'], 'ERT_TRIALS_MIN': ['1'], 'ERT_GNUPLOT': ['gnuplot'], 'ERT_GPU': [False], 'ERT_HIP': [False], 'ERT_OCL': [False], 'ERT_SYCL': [False], 'ERT_WSS_MULT': [1.1]}
 