fp64
 64 16777216 120313.168 120313.168 120313.168 17.849115634624464 17.849115634624464 17.849115634624464 1.115569727164029 1.115569727164029 1.115569727164029
 128 8388608 72579.145 72579.145 72579.145 29.588164038030488 29.588164038030488 29.588164038030488 1.8492602523769055 1.8492602523769055 1.8492602523769055
 192 4194304 26282.072 26282.072 26282.072 61.28180213493061 61.28180213493061 61.28180213493061 3.830112633433163 3.830112633433163 3.830112633433163
 256 4194304 53103.924 53103.924 53103.924 40.43926486487138 40.43926486487138 40.43926486487138 2.5274540540544614 2.5274540540544614 2.5274540540544614
 320 2097152 37662.983 37662.983 37662.983 35.63651025729959 35.63651025729959 35.63651025729959 2.2272818910812244 2.2272818910812244 2.2272818910812244
 384 2097152 26007.175 26007.175 26007.175 61.929553517442784 61.929553517442784 61.929553517442784 3.870597094840174 3.870597094840174 3.870597094840174
 448 2097152 39747.0 39747.0 39747.0 47.27522057010592 47.27522057010592 47.27522057010592 2.95470128563162 2.95470128563162 2.95470128563162
 512 2097152 44125.795 44125.795 44125.795 48.66730781847671 48.66730781847671 48.66730781847671 3.0417067386547942 3.0417067386547942 3.0417067386547942
 576 1048576 32552.958 32552.958 32552.958 37.10752036727354 37.10752036727354 37.10752036727354 2.319220022954596 2.319220022954596 2.319220022954596
 640 1048576 21052.837 21052.837 21052.837 63.75279873206638 63.75279873206638 63.75279873206638 3.984549920754149 3.984549920754149 3.984549920754149
 704 1048576 14631.987 14631.987 14631.987 100.90188079035336 100.90188079035336 100.90188079035336 6.306367549397085 6.306367549397085 6.306367549397085
 768 1048576 33543.11 33543.11 33543.11 48.01620171772981 48.01620171772981 48.01620171772981 3.001012607358113 3.001012607358113 3.001012607358113
 832 1048576 35083.055 35083.055 35083.055 49.734279526113106 49.734279526113106 49.734279526113106 3.108392470382069 3.108392470382069 3.108392470382069
 896 1048576 18032.074 18032.074 18032.074 104.20588291729503 104.20588291729503 104.20588291729503 6.512867682330939 6.512867682330939 6.512867682330939
 960 1048576 20401.955 20401.955 20401.955 98.6800490443195 98.6800490443195 98.6800490443195 6.167503065269969 6.167503065269969 6.167503065269969
 1024 1048576 16741.991 16741.991 16741.991 128.26931086033912 128.26931086033912 128.26931086033912 8.016831928771195 8.016831928771195 8.016831928771195
 1088 524288 13359.07 13359.07 13359.07 85.398960256964 85.398960256964 85.398960256964 5.33743501606025 5.33743501606025 5.33743501606025
 1152 524288 28762.817 28762.817 28762.817 41.99726167294393 41.99726167294393 41.99726167294393 2.6248288545589955 2.6248288545589955 2.6248288545589955
 1216 524288 27401.924 27401.924 27401.924 46.532076214794266 46.532076214794266 46.532076214794266 2.9082547634246416 2.9082547634246416 2.9082547634246416
 1280 524288 11684.895 11684.895 11684.895 114.86429959362064 114.86429959362064 114.86429959362064 7.17901872460129 7.17901872460129 7.17901872460129
 1408 524288 28725.863 28725.863 28725.863 51.39601925971728 51.39601925971728 51.39601925971728 3.21225120373233 3.21225120373233 3.21225120373233
 1536 524288 41267.157 41267.157 41267.157 39.02892404242919 39.02892404242919 39.02892404242919 2.4393077526518243 2.4393077526518243 2.4393077526518243
 1664 524288 17095.089 17095.089 17095.089 102.06618193096274 102.06618193096274 102.06618193096274 6.379136370685171 6.379136370685171 6.379136370685171
 1792 524288 29793.978 29793.978 29793.978 63.0680532824452 63.0680532824452 63.0680532824452 3.941753330152825 3.941753330152825 3.941753330152825
 1920 524288 17313.004 17313.004 17313.004 116.28634291310739 116.28634291310739 116.28634291310739 7.267896432069212 7.267896432069212 7.267896432069212
 2112 262144 25820.017 25820.017 25820.017 42.885186946236324 42.885186946236324 42.885186946236324 2.6803241841397702 2.6803241841397702 2.6803241841397702
 2304 262144 9310.961 9310.961 9310.961 129.73521766442798 129.73521766442798 129.73521766442798 8.108451104026749 8.108451104026749 8.108451104026749
 2496 262144 13476.849 13476.849 13476.849 97.10154413691211 97.10154413691211 97.10154413691211 6.068846508557007 6.068846508557007 6.068846508557007
 2688 262144 11809.826 11809.826 11809.826 119.33166026324182 119.33166026324182 119.33166026324182 7.4582287664526135 7.4582287664526135 7.4582287664526135
 2944 262144 11475.086 11475.086 11475.086 134.50913326488362 134.50913326488362 134.50913326488362 8.406820829055226 8.406820829055226 8.406820829055226
 3200 262144 12063.026 12063.026 12063.026 139.0796637593254 139.0796637593254 139.0796637593254 8.692478984957837 8.692478984957837 8.692478984957837
 3520 262144 50071.001 50071.001 50071.001 36.85753676064915 36.85753676064915 36.85753676064915 2.3035960475405717 2.3035960475405717 2.3035960475405717
 3840 262144 16110.897 16110.897 16110.897 124.96299368061254 124.96299368061254 124.96299368061254 7.810187105038284 7.810187105038284 7.810187105038284
 4224 131072 21638.87 21638.87 21638.87 51.17163031156433 51.17163031156433 51.17163031156433 3.1982268944727705 3.1982268944727705 3.1982268944727705
 4608 131072 10151.148 10151.148 10151.148 118.9973342916486 118.9973342916486 118.9973342916486 7.437333393228037 7.437333393228037 7.437333393228037
 5056 131072 27521.849 27521.849 27521.849 48.15810391227712 48.15810391227712 48.15810391227712 3.00988149451732 3.00988149451732 3.00988149451732
 5504 131072 26931.047 26931.047 26931.047 53.575361403513206 53.575361403513206 53.575361403513206 3.3484600877195754 3.3484600877195754 3.3484600877195754
 6016 131072 14312.029 14312.029 14312.029 110.19110595709384 110.19110595709384 110.19110595709384 6.886944122318365 6.886944122318365 6.886944122318365
 6592 131072 56632.996 56632.996 56632.996 30.513187894915536 30.513187894915536 30.513187894915536 1.907074243432221 1.907074243432221 1.907074243432221
 7232 131072 20160.913 20160.913 20160.913 94.0347001150196 94.0347001150196 94.0347001150196 5.877168757188725 5.877168757188725 5.877168757188725
 7936 131072 29223.204 29223.204 29223.204 71.18914079373363 71.18914079373363 71.18914079373363 4.449321299608352 4.449321299608352 4.449321299608352
 8704 65536 27455.807 27455.807 27455.807 41.55225479258358 41.55225479258358 41.55225479258358 2.597015924536474 2.597015924536474 2.597015924536474
 9536 65536 26652.098 26652.098 26652.098 46.89696818614429 46.89696818614429 46.89696818614429 2.9310605116340183 2.9310605116340183 2.9310605116340183
 10432 65536 13510.942 13510.942 13510.942 101.20264775024569 101.20264775024569 101.20264775024569 6.3251654843903555 6.3251654843903555 6.3251654843903555
 11456 65536 33092.022 33092.022 33092.022 45.37531227315152 45.37531227315152 45.37531227315152 2.83595701707197 2.83595701707197 2.83595701707197
 12544 65536 29269.934 29269.934 29269.934 56.172561509704806 56.172561509704806 56.172561509704806 3.5107850943565504 3.5107850943565504 3.5107850943565504
 13760 65536 28160.095 28160.095 28160.095 64.04632938915867 64.04632938915867 64.04632938915867 4.002895586822417 4.002895586822417 4.002895586822417
 15104 65536 29071.093 29071.093 29071.093 68.09896992865043 68.09896992865043 68.09896992865043 4.256185620540652 4.256185620540652 4.256185620540652
 16576 32768 10814.905 10814.905 10814.905 100.44699754644166 100.44699754644166 100.44699754644166 6.277937346652604 6.277937346652604 6.277937346652604
 18176 32768 25592.089 25592.089 25592.089 46.544943478431954 46.544943478431954 46.544943478431954 2.909058967401997 2.909058967401997 2.909058967401997
 19968 32768 12701.988 12701.988 12701.988 103.02504206428159 103.02504206428159 103.02504206428159 6.4390651290175995 6.4390651290175995 6.4390651290175995
 21952 32768 27251.005 27251.005 27251.005 52.79241158261869 52.79241158261869 52.79241158261869 3.299525723913668 3.299525723913668 3.299525723913668
 24128 32768 7553.101 7553.101 7553.101 209.35144492308524 209.35144492308524 209.35144492308524 13.084465307692827 13.084465307692827 13.084465307692827
 26496 32768 15175.104 15175.104 15175.104 114.4270151954148 114.4270151954148 114.4270151954148 7.151688449713425 7.151688449713425 7.151688449713425
 29120 32768 16137.838 16137.838 16137.838 118.25675285623763 118.25675285623763 118.25675285623763 7.391047053514852 7.391047053514852 7.391047053514852
 32000 32768 15108.824 15108.824 15108.824 138.80312590840956 138.80312590840956 138.80312590840956 8.675195369275597 8.675195369275597 8.675195369275597
 35200 16384 25702.0 25702.0 25702.0 44.877192436386274 44.877192436386274 44.877192436386274 2.804824527274142 2.804824527274142 2.804824527274142
 38720 16384 9913.206 9913.206 9913.206 127.98855990685556 127.98855990685556 127.98855990685556 7.999284994178472 7.999284994178472 7.999284994178472
 42560 16384 26943.207 26943.207 26943.207 51.76095332675135 51.76095332675135 51.76095332675135 3.2350595829219593 3.2350595829219593 3.2350595829219593
 46784 16384 26846.886 26846.886 26846.886 57.10226921662349 57.10226921662349 57.10226921662349 3.568891826038968 3.568891826038968 3.568891826038968
 51456 16384 9454.966 9454.966 9454.966 178.33064740793358 178.33064740793358 178.33064740793358 11.145665462995849 11.145665462995849 11.145665462995849
 56576 16384 12316.227 12316.227 12316.227 150.52356277616514 150.52356277616514 150.52356277616514 9.407722673510321 9.407722673510321 9.407722673510321
 62208 16384 39175.987 39175.987 39175.987 52.03268379683707 52.03268379683707 52.03268379683707 3.252042737302317 3.252042737302317 3.252042737302317
 68416 8192 7110.119 7110.119 7110.119 157.6524589813476 157.6524589813476 157.6524589813476 9.853278686334225 9.853278686334225 9.853278686334225
 75200 8192 10354.996 10354.996 10354.996 118.98380260117918 118.98380260117918 118.98380260117918 7.436487662573699 7.436487662573699 7.436487662573699
 82688 8192 26396.036 26396.036 26396.036 51.32438037287114 51.32438037287114 51.32438037287114 3.2077737733044462 3.2077737733044462 3.2077737733044462
 90944 8192 27629.137 27629.137 27629.137 53.92953446211513 53.92953446211513 53.92953446211513 3.3705959038821955 3.3705959038821955 3.3705959038821955
 100032 8192 34220.219 34220.219 34220.219 47.89344825642408 47.89344825642408 47.89344825642408 2.993340516026505 2.993340516026505 2.993340516026505
 110016 8192 28601.885 28601.885 28601.885 63.020396872443904 63.020396872443904 63.020396872443904 3.938774804527744 3.938774804527744 3.938774804527744
 120960 8192 15692.949 15692.949 15692.949 126.28656602401497 126.28656602401497 126.28656602401497 7.892910376500936 7.892910376500936 7.892910376500936
 133056 4096 25090.933 25090.933 25090.933 43.441778430479246 43.441778430479246 43.441778430479246 2.715111151904953 2.715111151904953 2.715111151904953
 146304 4096 11920.214 11920.214 11920.214 100.54537343037633 100.54537343037633 100.54537343037633 6.284085839398521 6.284085839398521 6.284085839398521
 160896 4096 27983.189 27983.189 27983.189 47.101852187039874 47.101852187039874 47.101852187039874 2.943865761689992 2.943865761689992 2.943865761689992
 176960 4096 11639.833 11639.833 11639.833 124.5427077862715 124.5427077862715 124.5427077862715 7.783919236641969 7.783919236641969 7.783919236641969
 194624 4096 27312.994 27312.994 27312.994 58.37367401025315 58.37367401025315 58.37367401025315 3.6483546256408217 3.6483546256408217 3.6483546256408217
 214080 4096 29088.974 29088.974 29088.974 60.28893834481753 60.28893834481753 60.28893834481753 3.7680586465510957 3.7680586465510957 3.7680586465510957
 235456 4096 28862.0 28862.0 28862.0 66.83028036865082 66.83028036865082 66.83028036865082 4.176892523040676 4.176892523040676 4.176892523040676
 258944 4096 31496.048 31496.048 31496.048 67.3503306827574 67.3503306827574 67.3503306827574 4.209395667672338 4.209395667672338 4.209395667672338
 284800 2048 50642.014 50642.014 50642.014 23.03503964119594 23.03503964119594 23.03503964119594 1.4396899775747463 1.4396899775747463 1.4396899775747463
 313280 2048 9454.012 9454.012 9454.012 135.73019369977527 135.73019369977527 135.73019369977527 8.483137106235954 8.483137106235954 8.483137106235954
 344576 2048 27592.897 27592.897 27592.897 51.15023971567754 51.15023971567754 51.15023971567754 3.1968899822298464 3.1968899822298464 3.1968899822298464
 379008 2048 28017.998 28017.998 28017.998 55.4078406315826 55.4078406315826 55.4078406315826 3.4629900394739126 3.4629900394739126 3.4629900394739126
 416896 2048 28526.068 28526.068 28526.068 59.86124747371422 59.86124747371422 59.86124747371422 3.741327967107139 3.741327967107139 3.741327967107139
 458560 2048 14556.885 14556.885 14556.885 129.0290992887558 129.0290992887558 129.0290992887558 8.064318705547237 8.064318705547237 8.064318705547237
 504384 2048 14681.816 14681.816 14681.816 140.71534910940173 140.71534910940173 140.71534910940173 8.794709319337608 8.794709319337608 8.794709319337608
 554816 1024 7785.797 7785.797 7785.797 145.94050782469668 145.94050782469668 145.94050782469668 9.121281739043543 9.121281739043543 9.121281739043543
 610240 1024 26934.147 26934.147 26934.147 46.401006128020306 46.401006128020306 46.401006128020306 2.900062883001269 2.900062883001269 2.900062883001269
 671232 1024 26942.015 26942.015 26942.015 51.02376848947638 51.02376848947638 51.02376848947638 3.188985530592274 3.188985530592274 3.188985530592274
 738304 1024 27367.115 27367.115 27367.115 55.25049286342385 55.25049286342385 55.25049286342385 3.4531558039639907 3.4531558039639907 3.4531558039639907
 812096 1024 27974.844 27974.844 27974.844 59.45243548096282 59.45243548096282 59.45243548096282 3.715777217560176 3.715777217560176 3.715777217560176
 893248 1024 12511.015 12511.015 12511.015 146.2209024607516 146.2209024607516 146.2209024607516 9.138806403796975 9.138806403796975 9.138806403796975
 982528 1024 12775.183 12775.183 12775.183 157.50986455536489 157.50986455536489 157.50986455536489 9.844366534710305 9.844366534710305 9.844366534710305
 1080768 512 13156.891 13156.891 13156.891 84.11610554499539 84.11610554499539 84.11610554499539 5.257256596562212 5.257256596562212 5.257256596562212
 1188800 512 26300.907 26300.907 26300.907 46.28476120614396 46.28476120614396 46.28476120614396 2.8927975753839976 2.8927975753839976 2.8927975753839976
 1307648 512 28644.085 28644.085 28644.085 46.74722728968302 46.74722728968302 46.74722728968302 2.9217017056051886 2.9217017056051886 2.9217017056051886
 1438400 512 27146.101 27146.101 27146.101 54.259048104182625 54.259048104182625 54.259048104182625 3.391190506511414 3.391190506511414 3.391190506511414
 1582208 512 14701.128 14701.128 14701.128 110.20793724127836 110.20793724127836 110.20793724127836 6.887996077579897 6.887996077579897 6.887996077579897
 1740416 512 28846.025 28846.025 28846.025 61.78272340816456 61.78272340816456 61.78272340816456 3.861420213010285 3.861420213010285 3.861420213010285
 1914432 512 29107.094 29107.094 29107.094 67.35053550862892 67.35053550862892 67.35053550862892 4.209408469289308 4.209408469289308 4.209408469289308
 2105856 256 51562.071 51562.071 51562.071 20.910685918725026 20.910685918725026 20.910685918725026 1.3069178699203141 1.3069178699203141 1.3069178699203141
 2316416 256 15524.149 15524.149 15524.149 76.39742391032192 76.39742391032192 76.39742391032192 4.77483899439512 4.77483899439512 4.77483899439512
 2548032 256 29578.924 29578.924 29578.924 44.10547131464282 44.10547131464282 44.10547131464282 2.7565919571651762 2.7565919571651762 2.7565919571651762
 2802816 256 17607.927 17607.927 17607.927 81.49975814870201 81.49975814870201 81.49975814870201 5.093734884293876 5.093734884293876 5.093734884293876
 3083072 256 17411.947 17411.947 17411.947 90.65803290120283 90.65803290120283 90.65803290120283 5.666127056325177 5.666127056325177 5.666127056325177
 3391360 256 18714.905 18714.905 18714.905 92.78039722883979 92.78039722883979 92.78039722883979 5.798774826802487 5.798774826802487 5.798774826802487
 3730496 256 21342.993 21342.993 21342.993 89.49138258162762 89.49138258162762 89.49138258162762 5.593211411351726 5.593211411351726 5.593211411351726
 4103488 256 39569.139 39569.139 39569.139 53.096577512085865 53.096577512085865 53.096577512085865 3.3185360945053666 3.3185360945053666 3.3185360945053666
 4513792 128 38209.2 38209.2 38209.2 30.242212660825142 30.242212660825142 30.242212660825142 1.8901382913015714 1.8901382913015714 1.8901382913015714
 4965120 128 29812.098 29812.098 29812.098 42.63607076563346 42.63607076563346 42.63607076563346 2.6647544228520914 2.6647544228520914 2.6647544228520914
 5461632 128 30920.982 30920.982 30920.982 45.217768051480384 45.217768051480384 45.217768051480384 2.826110503217524 2.826110503217524 2.826110503217524
 6007744 128 17457.008 17457.008 17457.008 88.10114906288636 88.10114906288636 88.10114906288636 5.506321816430398 5.506321816430398 5.506321816430398
 6608512 128 15357.971 15357.971 15357.971 110.156417927863 110.156417927863 110.156417927863 6.884776120491438 6.884776120491438 6.884776120491438
 7269312 128 18808.126 18808.126 18808.126 98.94360937394825 98.94360937394825 98.94360937394825 6.1839755858717655 6.1839755858717655 6.1839755858717655
 7996224 128 32416.821 32416.821 32416.821 63.14725753028034 63.14725753028034 63.14725753028034 3.9467035956425214 3.9467035956425214 3.9467035956425214
 8795840 64 12043.953 12043.953 12043.953 93.47989983023015 93.47989983023015 93.47989983023015 5.8424937393893845 5.8424937393893845 5.8424937393893845
 9675392 64 12794.971 12794.971 12794.971 96.79194864919975 96.79194864919975 96.79194864919975 6.049496790574985 6.049496790574985 6.049496790574985
 10642880 64 16447.067 16447.067 16447.067 82.82866726328774 82.82866726328774 82.82866726328774 5.176791703955484 5.176791703955484 5.176791703955484
 11707136 64 31252.861 31252.861 31252.861 47.94803931710444 47.94803931710444 47.94803931710444 2.9967524573190274 2.9967524573190274 2.9967524573190274
 12877824 64 16685.963 16685.963 16685.963 98.78731434319974 98.78731434319974 98.78731434319974 6.174207146449984 6.174207146449984 6.174207146449984
 14165568 64 33211.946 33211.946 33211.946 54.594593884983425 54.594593884983425 54.594593884983425 3.412162117811464 3.412162117811464 3.412162117811464
 15582080 64 34702.063 34702.063 34702.063 57.47514895584161 57.47514895584161 57.47514895584161 3.5921968097401007 3.5921968097401007 3.5921968097401007
 17140288 32 28679.848 28679.848 28679.848 38.24910201755602 38.24910201755602 38.24910201755602 2.390568876097251 2.390568876097251 2.390568876097251
 18854272 32 29440.165 29440.165 29440.165 40.98731810776196 40.98731810776196 40.98731810776196 2.5617073817351224 2.5617073817351224 2.5617073817351224
 20739648 32 30402.899 30402.899 30402.899 43.65825351062739 43.65825351062739 43.65825351062739 2.728640844414212 2.728640844414212 2.728640844414212
 22813568 32 16981.125 16981.125 16981.125 85.98183877687727 85.98183877687727 85.98183877687727 5.373864923554829 5.373864923554829 5.373864923554829
 25094912 32 32571.077 32571.077 32571.077 49.30983301534671 49.30983301534671 49.30983301534671 3.0818645634591695 3.0818645634591695 3.0818645634591695
 27604352 32 17205.0 17205.0 17205.0 102.68401790177272 102.68401790177272 102.68401790177272 6.417751118860795 6.417751118860795 6.417751118860795
 30364736 32 15295.029 15295.029 15295.029 127.05717027408055 127.05717027408055 127.05717027408055 7.941073142130034 7.941073142130034 7.941073142130034
 33401152 32 37179.947 37179.947 37179.947 57.49534091589749 57.49534091589749 57.49534091589749 3.5934588072435933 3.5934588072435933 3.5934588072435933
 36741248 16 12727.976 12727.976 12727.976 92.37289070941051 92.37289070941051 92.37289070941051 5.773305669338157 5.773305669338157 5.773305669338157
 40415360 16 31783.819 31783.819 31783.819 40.69024933724925 40.69024933724925 40.69024933724925 2.543140583578078 2.543140583578078 2.543140583578078
 44456896 16 22444.963 22444.963 22444.963 63.38262495687786 63.38262495687786 63.38262495687786 3.9614140598048664 3.9614140598048664 3.9614140598048664
 48902528 16 32451.153 32451.153 32451.153 48.22265933047125 48.22265933047125 48.22265933047125 3.0139162081544533 3.0139162081544533 3.0139162081544533
 53792768 16 25627.851 25627.851 25627.851 67.16788606270576 67.16788606270576 67.16788606270576 4.19799287891911 4.19799287891911 4.19799287891911
 59172032 16 34844.875 34844.875 34844.875 54.34099057608903 54.34099057608903 54.34099057608903 3.396311911005564 3.396311911005564 3.396311911005564
 65089216 16 19440.889 19440.889 19440.889 107.13784292477573 107.13784292477573 107.13784292477573 6.696115182798483 6.696115182798483 6.696115182798483
 71598080 8 49828.053 49828.053 49828.053 22.990448372526213 22.990448372526213 22.990448372526213 1.4369030232828883 1.4369030232828883 1.4369030232828883
 78757888 8 14805.079 14805.079 14805.079 85.11445349261561 85.11445349261561 85.11445349261561 5.319653343288476 5.319653343288476 5.319653343288476
 86633664 8 31801.939 31801.939 31801.939 43.58660721913843 43.58660721913843 43.58660721913843 2.724162951196152 2.724162951196152 2.724162951196152
 95297024 8 16088.009 16088.009 16088.009 94.77570431493417 94.77570431493417 94.77570431493417 5.923481519683386 5.923481519683386 5.923481519683386
 104826688 8 16757.011 16757.011 16757.011 100.09106086998452 100.09106086998452 100.09106086998452 6.255691304374032 6.255691304374032 6.255691304374032
 115309312 8 38760.9 38760.9 38760.9 47.59819797785913 47.59819797785913 47.59819797785913 2.9748873736161956 2.9748873736161956 2.9748873736161956
 126840192 8 43768.167 43768.167 43768.167 46.36801609717857 46.36801609717857 46.36801609717857 2.8980010060736605 2.8980010060736605 2.8980010060736605
 139524160 4 31059.027 31059.027 31059.027 35.93780577865495 35.93780577865495 35.93780577865495 2.2461128611659342 2.2461128611659342 2.2461128611659342
 153476544 4 32198.906 32198.906 32198.906 38.13211392958506 38.13211392958506 38.13211392958506 2.3832571205990662 2.3832571205990662 2.3832571205990662
 168824192 4 39732.933 39732.933 39732.933 33.99179053809091 33.99179053809091 33.99179053809091 2.124486908630682 2.124486908630682 2.124486908630682
 185706560 4 28559.923 28559.923 28559.923 52.018784504426016 52.018784504426016 52.018784504426016 3.251174031526626 3.251174031526626 3.251174031526626
 204277184 4 44487.953 44487.953 44487.953 36.733932712076005 36.733932712076005 36.733932712076005 2.2958707945047503 2.2958707945047503 2.2958707945047503
 224704896 4 43962.955 43962.955 43962.955 40.889862112317054 40.889862112317054 40.889862112317054 2.555616382019816 2.555616382019816 2.555616382019816
 247175360 4 76639.891 76639.891 76639.891 25.801222499129075 25.801222499129075 25.801222499129075 1.6125764061955672 1.6125764061955672 1.6125764061955672
 271892864 2 23267.031 23267.031 23267.031 46.7430269036045 46.7430269036045 46.7430269036045 2.9214391814752814 2.9214391814752814 2.9214391814752814
 299082112 2 34362.078 34362.078 34362.078 34.81536966419784 34.81536966419784 34.81536966419784 2.175960604012365 2.175960604012365 2.175960604012365
 328990272 2 52012.92 52012.92 52012.92 25.30065775964895 25.30065775964895 25.30065775964895 1.5812911099780593 1.5812911099780593 1.5812911099780593
 361889280 2 26044.13 26044.13 26044.13 55.580935896111704 55.580935896111704 55.580935896111704 3.4738084935069815 3.4738084935069815 3.4738084935069815
 398078208 2 31356.096 31356.096 31356.096 50.781603424099735 50.781603424099735 50.781603424099735 3.1738502140062335 3.1738502140062335 3.1738502140062335
 437886016 2 47729.015 47729.015 47729.015 36.69767884378087 36.69767884378087 36.69767884378087 2.2936049277363044 2.2936049277363044 2.2936049277363044
 481674560 2 33715.963 33715.963 33715.963 57.14498618947944 57.14498618947944 57.14498618947944 3.571561636842465 3.571561636842465 3.571561636842465
 529841984 2 52255.869 52255.869 52255.869 40.55751012388676 40.55751012388676 40.55751012388676 2.5348443827429223 2.5348443827429223 2.5348443827429223
 582826176 1 35306.931 35306.931 35306.931 33.01483077076283 33.01483077076283 33.01483077076283 2.0634269231726767 2.0634269231726767 2.0634269231726767
 641108736 1 18532.991 18532.991 18532.991 69.1856739152358 69.1856739152358 69.1856739152358 4.324104619702237 4.324104619702237 4.324104619702237
 705219584 1 33565.998 33565.998 33565.998 42.019878807119035 42.019878807119035 42.019878807119035 2.6262424254449397 2.6262424254449397 2.6262424254449397
 775741504 1 45469.046 45469.046 45469.046 34.12174093118206 34.12174093118206 34.12174093118206 2.1326088081988788 2.1326088081988788 2.1326088081988788
 853315648 1 32779.932 32779.932 32779.932 52.063295799393366 52.063295799393366 52.063295799393366 3.2539559874620854 3.2539559874620854 3.2539559874620854
 938647168 1 34382.82 34382.82 34382.82 54.599777912341104 54.599777912341104 54.599777912341104 3.412486119521319 3.412486119521319 3.412486119521319
 1032511872 1 35013.914 35013.914 35013.914 58.97723242251637 58.97723242251637 58.97723242251637 3.6860770264072733 3.6860770264072733 3.6860770264072733
 
META_DATA
 MPI startup(): shm:tmi fabric is unknown or has been removed from the product, please use ofi or shm:ofi instead
 FLOPS          1
 MPI_PROCS      4
 OPENMP_THREADS 2
 ERT_VERSION  1.1.0
 HOSTNAME  ('shas0642.rc.int.colorado.edu', [], ['10.225.7.27'])
 UNAME  uname_result(system='Linux', node='shas0642.rc.int.colorado.edu', release='3.10.0-957.27.2.el7.x86_64', version='#1 SMP Mon Jul 29 17:46:05 UTC 2019', machine='x86_64', processor='x86_64')
 TIMESTAMP_DATA  1664551184.3926094
 CONFIG  {'ERT_RESULTS': ['lab5_results'], 'ERT_DRIVER': ['driver1'], 'ERT_KERNEL': ['kernel1'], 'ERT_MPI': ['True'], 'ERT_MPI_CFLAGS': ['-I/usr/include/mpi'], 'ERT_MPI_LDFLAGS': ['-lmpi'], 'ERT_OPENMP': ['True'], 'ERT_OPENMP_CFLAGS': ['-qopenmp'], 'ERT_OPENMP_LDFLAGS': ['-qopenmp'], 'ERT_FLOPS': ['1,2,4,8,16'], 'ERT_ALIGN': ['32'], 'ERT_CC': ['mpicc'], 'ERT_CFLAGS': ['-O3', '-msse3', '-axSSE3', '-xSSE3', '-fno-alias', '-fno-fnalias', '-DERT_INTEL', '-std=c++11'], 'ERT_LD': ['mpicc'], 'ERT_LDFLAGS': [], 'ERT_LDLIBS': [], 'ERT_PRECISION': ['FP64'], 'ERT_RUN': ['export', 'OMP_NUM_THREADS=ERT_OPENMP_THREADS;', 'mpirun', '-np', 'ERT_MPI_PROCS', 'ERT_CODE'], 'ERT_PROCS_THREADS': ['1-24'], 'ERT_MPI_PROCS': ['1,2,4,8,12,24'], 'ERT_OPENMP_THREADS': ['1,2,4,8,12,24'], 'ERT_NUM_EXPERIMENTS': ['1'], 'ERT_MEMORY_MAX': ['1073741824'], 'ERT_WORKING_SET_MIN': ['1'], 'ERT_TRIALS_MIN': ['1'], 'ERT_GNUPLOT': ['gnuplot'], 'ERT_GPU': [False], 'ERT_HIP': [False], 'ERT_OCL': [False], 'ERT_SYCL': [False], 'ERT_WSS_MULT': [1.1]}
 