fp64
 64 16777216 92769.861 92769.861 92769.861 23.14850561218368 23.14850561218368 23.14850561218368 1.44678160076148 1.44678160076148 1.44678160076148
 128 8388608 57657.957 57657.957 57657.957 37.24522615326103 37.24522615326103 37.24522615326103 2.3278266345788143 2.3278266345788143 2.3278266345788143
 192 4194304 28987.169 28987.169 28987.169 55.562953940069136 55.562953940069136 55.562953940069136 3.472684621254321 3.472684621254321 3.472684621254321
 256 4194304 78428.03 78428.03 78428.03 27.38158344663254 27.38158344663254 27.38158344663254 1.7113489654145337 1.7113489654145337 1.7113489654145337
 320 2097152 18753.052 18753.052 18753.052 71.57113839389983 71.57113839389983 71.57113839389983 4.473196149618739 4.473196149618739 4.473196149618739
 384 2097152 43977.022 43977.022 43977.022 36.62396094032925 36.62396094032925 36.62396094032925 2.288997558770578 2.288997558770578 2.288997558770578
 448 2097152 20918.846 20918.846 20918.846 89.82561428101721 89.82561428101721 89.82561428101721 5.614100892563576 5.614100892563576 5.614100892563576
 512 2097152 52321.911 52321.911 52321.911 41.043677628670714 41.043677628670714 41.043677628670714 2.5652298517919196 2.5652298517919196 2.5652298517919196
 576 1048576 32289.028 32289.028 32289.028 37.41083664704927 37.41083664704927 37.41083664704927 2.3381772904405795 2.3381772904405795 2.3381772904405795
 640 1048576 20550.966 20550.966 20550.966 65.30969298474825 65.30969298474825 65.30969298474825 4.081855811546766 4.081855811546766 4.081855811546766
 704 1048576 20158.052 20158.052 20158.052 73.2409564178126 73.2409564178126 73.2409564178126 4.577559776113287 4.577559776113287 4.577559776113287
 768 1048576 18721.104 18721.104 18721.104 86.03193145019654 86.03193145019654 86.03193145019654 5.376995715637284 5.376995715637284 5.376995715637284
 832 1048576 26000.977 26000.977 26000.977 67.10634235013555 67.10634235013555 67.10634235013555 4.194146396883472 4.194146396883472 4.194146396883472
 896 1048576 36731.958 36731.958 36731.958 51.155677353219225 51.155677353219225 51.155677353219225 3.1972298345762016 3.1972298345762016 3.1972298345762016
 960 1048576 22476.196 22476.196 22476.196 89.57324985064197 89.57324985064197 89.57324985064197 5.598328115665123 5.598328115665123 5.598328115665123
 1024 1048576 31395.197 31395.197 31395.197 68.4016618210741 68.4016618210741 68.4016618210741 4.275103863817131 4.275103863817131 4.275103863817131
 1088 524288 16771.078 16771.078 16771.078 68.02488713009383 68.02488713009383 68.02488713009383 4.251555445630864 4.251555445630864 4.251555445630864
 1152 524288 7607.937 7607.937 7607.937 158.77622961388877 158.77622961388877 158.77622961388877 9.923514350868048 9.923514350868048 9.923514350868048
 1216 524288 54517.984 54517.984 54517.984 23.388033130498737 23.388033130498737 23.388033130498737 1.461752070656171 1.461752070656171 1.461752070656171
 1280 524288 27250.051 27250.051 27250.051 49.25411992806912 49.25411992806912 49.25411992806912 3.07838249550432 3.07838249550432 3.07838249550432
 1408 524288 15610.933 15610.933 15610.933 94.57442473169284 94.57442473169284 94.57442473169284 5.910901545730803 5.910901545730803 5.910901545730803
 1536 524288 30291.08 30291.08 30291.08 53.171188878045946 53.171188878045946 53.171188878045946 3.3231993048778716 3.3231993048778716 3.3231993048778716
 1664 524288 30019.045 30019.045 30019.045 58.12411634014341 58.12411634014341 58.12411634014341 3.632757271258963 3.632757271258963 3.632757271258963
 1792 524288 12709.141 12709.141 12709.141 147.85013338037558 147.85013338037558 147.85013338037558 9.240633336273474 9.240633336273474 9.240633336273474
 1920 524288 15687.943 15687.943 15687.943 128.3320522008526 128.3320522008526 128.3320522008526 8.020753262553287 8.020753262553287 8.020753262553287
 2112 262144 25467.873 25467.873 25467.873 43.47815995470057 43.47815995470057 43.47815995470057 2.717384997168786 2.717384997168786 2.717384997168786
 2304 262144 25930.882 25930.882 25930.882 46.58382048092309 46.58382048092309 46.58382048092309 2.911488780057693 2.911488780057693 2.911488780057693
 2496 262144 24276.018 24276.018 24276.018 53.90599265497331 53.90599265497331 53.90599265497331 3.369124540935832 3.369124540935832 3.369124540935832
 2688 262144 11579.037 11579.037 11579.037 121.71013392564511 121.71013392564511 121.71013392564511 7.606883370352819 7.606883370352819 7.606883370352819
 2944 262144 10039.091 10039.091 10039.091 153.74936555510854 153.74936555510854 153.74936555510854 9.609335347194284 9.609335347194284 9.609335347194284
 3200 262144 14080.048 14080.048 14080.048 119.1559574228724 119.1559574228724 119.1559574228724 7.447247338929525 7.447247338929525 7.447247338929525
 3520 262144 9500.027 9500.027 9500.027 194.26194893972408 194.26194893972408 194.26194893972408 12.141371808732755 12.141371808732755 12.141371808732755
 3840 262144 15028.0 15028.0 15028.0 133.967655043918 133.967655043918 133.967655043918 8.372978440244875 8.372978440244875 8.372978440244875
 4224 131072 25629.997 25629.997 25629.997 43.203136387413544 43.203136387413544 43.203136387413544 2.7001960242133465 2.7001960242133465 2.7001960242133465
 4608 131072 25876.045 25876.045 25876.045 46.68254178720125 46.68254178720125 46.68254178720125 2.9176588617000783 2.9176588617000783 2.9176588617000783
 5056 131072 29181.957 29181.957 29181.957 45.41847772580846 45.41847772580846 45.41847772580846 2.8386548578630286 2.8386548578630286 2.8386548578630286
 5504 131072 46221.972 46221.972 46221.972 31.21546990682267 31.21546990682267 31.21546990682267 1.9509668691764168 1.9509668691764168 1.9509668691764168
 6016 131072 27210.951 27210.951 27210.951 57.95675072142829 57.95675072142829 57.95675072142829 3.6222969200892683 3.6222969200892683 3.6222969200892683
 6592 131072 7817.03 7817.03 7817.03 221.0626347858458 221.0626347858458 221.0626347858458 13.816414674115363 13.816414674115363 13.816414674115363
 7232 131072 28965.95 28965.95 28965.95 65.45013741997069 65.45013741997069 65.45013741997069 4.090633588748168 4.090633588748168 4.090633588748168
 7936 131072 33216.0 33216.0 33216.0 62.63170712909441 62.63170712909441 62.63170712909441 3.9144816955684005 3.9144816955684005 3.9144816955684005
 8704 65536 6680.012 6680.012 6680.012 170.78572433702215 170.78572433702215 170.78572433702215 10.674107771063884 10.674107771063884 10.674107771063884
 9536 65536 22088.051 22088.051 22088.051 56.587273906602256 56.587273906602256 56.587273906602256 3.536704619162641 3.536704619162641 3.536704619162641
 10432 65536 26454.926 26454.926 26454.926 51.6857655923891 51.6857655923891 51.6857655923891 3.230360349524319 3.230360349524319 3.230360349524319
 11456 65536 48098.087 48098.087 48098.087 31.21872252424509 31.21872252424509 31.21872252424509 1.9511701577653182 1.9511701577653182 1.9511701577653182
 12544 65536 10230.064 10230.064 10230.064 160.71914779809785 160.71914779809785 160.71914779809785 10.044946737381116 10.044946737381116 10.044946737381116
 13760 65536 28039.932 28039.932 28039.932 64.32079507182827 64.32079507182827 64.32079507182827 4.020049691989267 4.020049691989267 4.020049691989267
 15104 65536 30454.874 30454.874 30454.874 65.00475056964609 65.00475056964609 65.00475056964609 4.062796910602881 4.062796910602881 4.062796910602881
 16576 32768 26968.002 26968.002 26968.002 40.28198811317204 40.28198811317204 40.28198811317204 2.5176242570732525 2.5176242570732525 2.5176242570732525
 18176 32768 14714.003 14714.003 14714.003 80.95569478951445 80.95569478951445 80.95569478951445 5.059730924344653 5.059730924344653 5.059730924344653
 19968 32768 10582.924 10582.924 10582.924 123.65418555401133 123.65418555401133 123.65418555401133 7.728386597125708 7.728386597125708 7.728386597125708
 21952 32768 26446.819 26446.819 26446.819 54.39770552367754 54.39770552367754 54.39770552367754 3.399856595229846 3.399856595229846 3.399856595229846
 24128 32768 13957.977 13957.977 13957.977 113.2866609538044 113.2866609538044 113.2866609538044 7.080416309612775 7.080416309612775 7.080416309612775
 26496 32768 9400.129 9400.129 9400.129 184.72532196100713 184.72532196100713 184.72532196100713 11.545332622562945 11.545332622562945 11.545332622562945
 29120 32768 42610.884 42610.884 42610.884 44.78687463982207 44.78687463982207 44.78687463982207 2.799179664988879 2.799179664988879 2.799179664988879
 32000 32768 11907.101 11907.101 11907.101 176.12616202718024 176.12616202718024 176.12616202718024 11.007885126698765 11.007885126698765 11.007885126698765
 35200 16384 18473.148 18473.148 18473.148 62.43838895244059 62.43838895244059 62.43838895244059 3.902399309527537 3.902399309527537 3.902399309527537
 38720 16384 9721.994 9721.994 9721.994 130.5058365598662 130.5058365598662 130.5058365598662 8.156614784991637 8.156614784991637 8.156614784991637
 42560 16384 8579.969 8579.969 8579.969 162.54208843878106 162.54208843878106 162.54208843878106 10.158880527423817 10.158880527423817 10.158880527423817
 46784 16384 11566.162 11566.162 11566.162 132.5433719500038 132.5433719500038 132.5433719500038 8.283960746875238 8.283960746875238 8.283960746875238
 51456 16384 14216.9 14216.9 14216.9 118.599005971766 118.599005971766 118.599005971766 7.412437873235375 7.412437873235375 7.412437873235375
 56576 16384 36695.004 36695.004 36695.004 50.52138345590588 50.52138345590588 50.52138345590588 3.1575864659941173 3.1575864659941173 3.1575864659941173
 62208 16384 30788.898 30788.898 30788.898 66.20671334193253 66.20671334193253 66.20671334193253 4.137919583870783 4.137919583870783 4.137919583870783
 68416 8192 7164.001 7164.001 7164.001 156.46672076120592 156.46672076120592 156.46672076120592 9.77917004757537 9.77917004757537 9.77917004757537
 75200 8192 27390.003 27390.003 27390.003 44.98271869484644 44.98271869484644 44.98271869484644 2.8114199184279025 2.8114199184279025 2.8114199184279025
 82688 8192 26479.959 26479.959 26479.959 51.16171788634568 51.16171788634568 51.16171788634568 3.197607367896605 3.197607367896605 3.197607367896605
 90944 8192 43564.081 43564.081 43564.081 34.20309717999101 34.20309717999101 34.20309717999101 2.1376935737494382 2.1376935737494382 2.1376935737494382
 100032 8192 6121.159 6121.159 6121.159 267.74738052058444 267.74738052058444 267.74738052058444 16.734211282536528 16.734211282536528 16.734211282536528
 110016 8192 9408.951 9408.951 9408.951 191.57312478298593 191.57312478298593 191.57312478298593 11.97332029893662 11.97332029893662 11.97332029893662
 120960 8192 11080.027 11080.027 11080.027 178.86315980998964 178.86315980998964 178.86315980998964 11.178947488124352 11.178947488124352 11.178947488124352
 133056 4096 18077.85 18077.85 18077.85 60.29449032932567 60.29449032932567 60.29449032932567 3.7684056455828543 3.7684056455828543 3.7684056455828543
 146304 4096 10538.101 10538.101 10538.101 113.73229085581926 113.73229085581926 113.73229085581926 7.108268178488704 7.108268178488704 7.108268178488704
 160896 4096 25903.94 25903.94 25903.94 50.88260828275544 50.88260828275544 50.88260828275544 3.180163017672215 3.180163017672215 3.180163017672215
 176960 4096 10556.936 10556.936 10556.936 137.31790360384872 137.31790360384872 137.31790360384872 8.582368975240545 8.582368975240545 8.582368975240545
 194624 4096 48989.058 48989.058 48989.058 32.5452228128167 32.5452228128167 32.5452228128167 2.0340764258010435 2.0340764258010435 2.0340764258010435
 214080 4096 16208.172 16208.172 16208.172 108.20118147808402 108.20118147808402 108.20118147808402 6.7625738423802515 6.7625738423802515 6.7625738423802515
 235456 4096 12208.939 12208.939 12208.939 157.98715613207665 157.98715613207665 157.98715613207665 9.87419725825479 9.87419725825479 9.87419725825479
 258944 4096 15470.028 15470.028 15470.028 137.1212287398575 137.1212287398575 137.1212287398575 8.570076796241093 8.570076796241093 8.570076796241093
 284800 2048 10406.971 10406.971 10406.971 112.09225047326451 112.09225047326451 112.09225047326451 7.005765654579032 7.005765654579032 7.005765654579032
 313280 2048 10110.14 10110.14 10110.14 126.9215737863175 126.9215737863175 126.9215737863175 7.932598361644843 7.932598361644843 7.932598361644843
 344576 2048 11823.893 11823.893 11823.893 119.36705584192954 119.36705584192954 119.36705584192954 7.460440990120596 7.460440990120596 7.460440990120596
 379008 2048 29501.915 29501.915 29501.915 52.62088132244975 52.62088132244975 52.62088132244975 3.2888050826531092 3.2888050826531092 3.2888050826531092
 416896 2048 13228.893 13228.893 13228.893 129.08155020983236 129.08155020983236 129.08155020983236 8.067596888114522 8.067596888114522 8.067596888114522
 458560 2048 13267.994 13267.994 13267.994 141.5633561486386 141.5633561486386 141.5633561486386 8.847709759289913 8.847709759289913 8.847709759289913
 504384 2048 17023.087 17023.087 17023.087 121.36205753985749 121.36205753985749 121.36205753985749 7.585128596241093 7.585128596241093 7.585128596241093
 554816 1024 21967.888 21967.888 21967.888 51.72382379225532 51.72382379225532 51.72382379225532 3.2327389870159573 3.2327389870159573 3.2327389870159573
 610240 1024 11217.117 11217.117 11217.117 111.41646467626217 111.41646467626217 111.41646467626217 6.963529042266385 6.963529042266385 6.963529042266385
 671232 1024 52534.103 52534.103 52534.103 26.16744281329025 26.16744281329025 26.16744281329025 1.6354651758306407 1.6354651758306407 1.6354651758306407
 738304 1024 20364.046 20364.046 20364.046 74.25079436571691 74.25079436571691 74.25079436571691 4.640674647857307 4.640674647857307 4.640674647857307
 812096 1024 28370.857 28370.857 28370.857 58.62257202875472 58.62257202875472 58.62257202875472 3.66391075179717 3.66391075179717 3.66391075179717
 893248 1024 29628.992 29628.992 29628.992 61.74263046140753 61.74263046140753 61.74263046140753 3.8589144038379706 3.8589144038379706 3.8589144038379706
 982528 1024 16345.024 16345.024 16345.024 123.10886444706354 123.10886444706354 123.10886444706354 7.694304027941471 7.694304027941471 7.694304027941471
 1080768 512 10077.953 10077.953 10077.953 109.81460540647491 109.81460540647491 109.81460540647491 6.863412837904682 6.863412837904682 6.863412837904682
 1188800 512 7454.157 7454.157 7454.157 163.30903682334568 163.30903682334568 163.30903682334568 10.206814801459105 10.206814801459105 10.206814801459105
 1307648 512 12462.854 12462.854 12462.854 107.44180682851618 107.44180682851618 107.44180682851618 6.715112926782261 6.715112926782261 6.715112926782261
 1438400 512 14163.971 14163.971 14163.971 103.99072407024839 103.99072407024839 103.99072407024839 6.499420254390524 6.499420254390524 6.499420254390524
 1582208 512 28723.955 28723.955 28723.955 56.40521968510256 56.40521968510256 56.40521968510256 3.52532623031891 3.52532623031891 3.52532623031891
 1740416 512 31179.905 31179.905 31179.905 57.15815952614353 57.15815952614353 57.15815952614353 3.5723849703839705 3.5723849703839705 3.5723849703839705
 1914432 512 30825.853 30825.853 30825.853 63.59526751782019 63.59526751782019 63.59526751782019 3.974704219863762 3.974704219863762 3.974704219863762
 2105856 256 13429.88 13429.88 13429.88 80.28353730636462 80.28353730636462 80.28353730636462 5.017721081647789 5.017721081647789 5.017721081647789
 2316416 256 11998.892 11998.892 11998.892 98.84287582553455 98.84287582553455 98.84287582553455 6.177679739095909 6.177679739095909 6.177679739095909
 2548032 256 15724.897 15724.897 15724.897 82.963493115408 82.963493115408 82.963493115408 5.185218319713 5.185218319713 5.185218319713
 2802816 256 24114.847 24114.847 24114.847 59.508641792336476 59.508641792336476 59.508641792336476 3.7192901120210298 3.7192901120210298 3.7192901120210298
 3083072 256 18425.941 18425.941 18425.941 85.66905017225444 85.66905017225444 85.66905017225444 5.354315635765903 5.354315635765903 5.354315635765903
 3391360 256 15650.988 15650.988 15650.988 110.9435596014769 110.9435596014769 110.9435596014769 6.933972475092307 6.933972475092307 6.933972475092307
 3730496 256 33885.002 33885.002 33885.002 56.36753251482765 56.36753251482765 56.36753251482765 3.522970782176728 3.522970782176728 3.522970782176728
 4103488 256 35995.96 35995.96 35995.96 58.36726832677889 58.36726832677889 58.36726832677889 3.6479542704236807 3.6479542704236807 3.6479542704236807
 4513792 128 9383.917 9383.917 9383.917 123.13948983137851 123.13948983137851 123.13948983137851 7.696218114461157 7.696218114461157 7.696218114461157
 4965120 128 15218.019 15218.019 15218.019 83.52405920902056 83.52405920902056 83.52405920902056 5.220253700563785 5.220253700563785 5.220253700563785
 5461632 128 16467.094 16467.094 16467.094 84.90737904332117 84.90737904332117 84.90737904332117 5.306711190207573 5.306711190207573 5.306711190207573
 6007744 128 33329.01 33329.01 33329.01 46.14545898603049 46.14545898603049 46.14545898603049 2.8840911866269057 2.8840911866269057 2.8840911866269057
 6608512 128 18037.081 18037.081 18037.081 93.7945043324915 93.7945043324915 93.7945043324915 5.862156520780719 5.862156520780719 5.862156520780719
 7269312 128 20167.828 20167.828 20167.828 92.27289483032084 92.27289483032084 92.27289483032084 5.767055926895052 5.767055926895052 5.767055926895052
 7996224 128 16762.018 16762.018 16762.018 122.12332333732131 122.12332333732131 122.12332333732131 7.632707708582582 7.632707708582582 7.632707708582582
 8795840 64 15310.049 15310.049 15310.049 73.53781297499438 73.53781297499438 73.53781297499438 4.596113310937149 4.596113310937149 4.596113310937149
 9675392 64 54889.202 54889.202 54889.202 22.56272874945422 22.56272874945422 22.56272874945422 1.4101705468408887 1.4101705468408887 1.4101705468408887
 10642880 64 13662.1 13662.1 13662.1 99.71297531126255 99.71297531126255 99.71297531126255 6.23206095695391 6.23206095695391 6.23206095695391
 11707136 64 11277.199 11277.199 11277.199 132.87992949313033 132.87992949313033 132.87992949313033 8.304995593320646 8.304995593320646 8.304995593320646
 12877824 64 14250.994 14250.994 14250.994 115.66642102298266 115.66642102298266 115.66642102298266 7.229151313936416 7.229151313936416 7.229151313936416
 14165568 64 16044.855 16044.855 16044.855 113.00773388104784 113.00773388104784 113.00773388104784 7.06298336756549 7.06298336756549 7.06298336756549
 15582080 64 21493.912 21493.912 21493.912 92.79400790326116 92.79400790326116 92.79400790326116 5.7996254939538225 5.7996254939538225 5.7996254939538225
 17140288 32 14273.167 14273.167 14273.167 76.8559936277632 76.8559936277632 76.8559936277632 4.8034996017352 4.8034996017352 4.8034996017352
 18854272 32 15830.994 15830.994 15830.994 76.22221371570224 76.22221371570224 76.22221371570224 4.76388835723139 4.76388835723139 4.76388835723139
 20739648 32 16633.034 16633.034 16633.034 79.8012841193014 79.8012841193014 79.8012841193014 4.9875802574563375 4.9875802574563375 4.9875802574563375
 22813568 32 13576.031 13576.031 13576.031 107.54751164018408 107.54751164018408 107.54751164018408 6.721719477511505 6.721719477511505 6.721719477511505
 25094912 32 16774.178 16774.178 16774.178 95.74682991917696 95.74682991917696 95.74682991917696 5.98417686994856 5.98417686994856 5.98417686994856
 27604352 32 19858.837 19858.837 19858.837 88.96183235705091 88.96183235705091 88.96183235705091 5.560114522315682 5.560114522315682 5.560114522315682
 30364736 32 55391.073 55391.073 55391.073 35.08404872388011 35.08404872388011 35.08404872388011 2.192753045242507 2.192753045242507 2.192753045242507
 33401152 32 48676.014 48676.014 48676.014 43.91636767957212 43.91636767957212 43.91636767957212 2.7447729799732574 2.7447729799732574 2.7447729799732574
 36741248 16 26002.169 26002.169 26002.169 45.21622546180666 45.21622546180666 45.21622546180666 2.826014091362916 2.826014091362916 2.826014091362916
 40415360 16 14119.864 14119.864 14119.864 91.59376605893654 91.59376605893654 91.59376605893654 5.724610378683534 5.724610378683534 5.724610378683534
 44456896 16 32801.867 32801.867 32801.867 43.37011280485956 43.37011280485956 43.37011280485956 2.7106320503037225 2.7106320503037225 2.7106320503037225
 48902528 16 24631.023 24631.023 24631.023 63.532923338182094 63.532923338182094 63.532923338182094 3.970807708636381 3.970807708636381 3.970807708636381
 53792768 16 17978.907 17978.907 17978.907 95.74378331230035 95.74378331230035 95.74378331230035 5.983986457018772 5.983986457018772 5.983986457018772
 59172032 16 30185.938 30185.938 30185.938 62.728049862157675 62.728049862157675 62.728049862157675 3.9205031163848547 3.9205031163848547 3.9205031163848547
 65089216 16 16160.965 16160.965 16160.965 128.8818404099013 128.8818404099013 128.8818404099013 8.05511502561883 8.05511502561883 8.05511502561883
 71598080 8 13448.954 13448.954 13448.954 85.17906150917015 85.17906150917015 85.17906150917015 5.323691344323135 5.323691344323135 5.323691344323135
 78757888 8 29284.954 29284.954 29284.954 43.0298168813924 43.0298168813924 43.0298168813924 2.689363555087025 2.689363555087025 2.689363555087025
 86633664 8 32336.95 32336.95 32336.95 42.86547197555737 42.86547197555737 42.86547197555737 2.6790919984723356 2.6790919984723356 2.6790919984723356
 95297024 8 33811.092 33811.092 33811.092 45.09621824695873 45.09621824695873 45.09621824695873 2.8185136404349205 2.8185136404349205 2.8185136404349205
 104826688 8 18610.001 18610.001 18610.001 90.12503588796153 90.12503588796153 90.12503588796153 5.632814742997596 5.632814742997596 5.632814742997596
 115309312 8 37150.145 37150.145 37150.145 49.66195938131602 49.66195938131602 49.66195938131602 3.103872461332251 3.103872461332251 3.103872461332251
 126840192 8 48705.101 48705.101 48705.101 41.6679778982493 41.6679778982493 41.6679778982493 2.604248618640581 2.604248618640581 2.604248618640581
 139524160 4 42251.825 42251.825 42251.825 26.41763474122124 26.41763474122124 26.41763474122124 1.6511021713263274 1.6511021713263274 1.6511021713263274
 153476544 4 22030.83 22030.83 22030.83 55.73155219299499 55.73155219299499 55.73155219299499 3.483222012062187 3.483222012062187 3.483222012062187
 168824192 4 24381.876 24381.876 24381.876 55.39333954450429 55.39333954450429 55.39333954450429 3.4620837215315183 3.4620837215315183 3.4620837215315183
 185706560 4 21221.876 21221.876 21221.876 70.00570920308836 70.00570920308836 70.00570920308836 4.375356825193022 4.375356825193022 4.375356825193022
 204277184 4 45499.802 45499.802 45499.802 35.91702381474099 35.91702381474099 35.91702381474099 2.244813988421312 2.244813988421312 2.244813988421312
 224704896 4 29092.073 29092.073 29092.073 61.791374165739235 61.791374165739235 61.791374165739235 3.861960885358702 3.861960885358702 3.861960885358702
 247175360 4 34703.016 34703.016 34703.016 56.98072121454803 56.98072121454803 56.98072121454803 3.561295075909252 3.561295075909252 3.561295075909252
 271892864 2 38956.881 38956.881 38956.881 27.9173134009368 27.9173134009368 27.9173134009368 1.74483208755855 1.74483208755855 1.74483208755855
 299082112 2 39281.13 39281.13 39281.13 30.455550744085013 30.455550744085013 30.455550744085013 1.9034719215053133 1.9034719215053133 1.9034719215053133
 328990272 2 40218.115 40218.115 40218.115 32.7206058265038 32.7206058265038 32.7206058265038 2.0450378641564875 2.0450378641564875 2.0450378641564875
 361889280 2 29101.133 29101.133 29101.133 49.74229422613889 49.74229422613889 49.74229422613889 3.1088933891336805 3.1088933891336805 3.1088933891336805
 398078208 2 23130.178 23130.178 23130.178 68.84135660348139 68.84135660348139 68.84135660348139 4.302584787717587 4.302584787717587 4.302584787717587
 437886016 2 46030.998 46030.998 46030.998 38.051403187043654 38.051403187043654 38.051403187043654 2.3782126991902284 2.3782126991902284 2.3782126991902284
 481674560 2 33132.792 33132.792 33132.792 58.15079634701476 58.15079634701476 58.15079634701476 3.6344247716884226 3.6344247716884226 3.6344247716884226
 529841984 2 38930.893 38930.893 38930.893 54.43923251388044 54.43923251388044 54.43923251388044 3.4024520321175276 3.4024520321175276 3.4024520321175276
 582826176 1 41007.042 41007.042 41007.042 28.42566288980317 28.42566288980317 28.42566288980317 1.7766039306126982 1.7766039306126982 1.7766039306126982
 641108736 1 39901.972 39901.972 39901.972 32.134188054665564 32.134188054665564 32.134188054665564 2.008386753416598 2.008386753416598 2.008386753416598
 705219584 1 34470.797 34470.797 34470.797 40.91692942289672 40.91692942289672 40.91692942289672 2.557308088931045 2.557308088931045 2.557308088931045
 775741504 1 37706.852 37706.852 37706.852 41.14591713994051 41.14591713994051 41.14591713994051 2.5716198212462817 2.5716198212462817 2.5716198212462817
 853315648 1 26480.913 26480.913 26480.913 64.44760027722609 64.44760027722609 64.44760027722609 4.02797501732663 4.02797501732663 4.02797501732663
 938647168 1 71485.043 71485.043 71485.043 26.261358421509236 26.261358421509236 26.261358421509236 1.6413349013443272 1.6413349013443272 1.6413349013443272
 1032511872 1 53263.187 53263.187 53263.187 38.770187446725636 38.770187446725636 38.770187446725636 2.4231367154203522 2.4231367154203522 2.4231367154203522
 
META_DATA
 MPI startup(): shm:tmi fabric is unknown or has been removed from the product, please use ofi or shm:ofi instead
 FLOPS          1
 MPI_PROCS      4
 OPENMP_THREADS 2
 ERT_VERSION  1.1.0
 HOSTNAME  ('shas0420.rc.int.colorado.edu', [], ['10.225.6.135'])
 UNAME  uname_result(system='Linux', node='shas0420.rc.int.colorado.edu', release='3.10.0-957.27.2.el7.x86_64', version='#1 SMP Mon Jul 29 17:46:05 UTC 2019', machine='x86_64', processor='x86_64')
 TIMESTAMP_DATA  1664552271.7837522
 CONFIG  {'ERT_RESULTS': ['lab5_results'], 'ERT_DRIVER': ['driver1'], 'ERT_KERNEL': ['kernel1'], 'ERT_MPI': ['True'], 'ERT_MPI_CFLAGS': ['-I/usr/include/mpi'], 'ERT_MPI_LDFLAGS': ['-lmpi'], 'ERT_OPENMP': ['True'], 'ERT_OPENMP_CFLAGS': ['-qopenmp'], 'ERT_OPENMP_LDFLAGS': ['-qopenmp'], 'ERT_FLOPS': ['1,2,4,8,16'], 'ERT_ALIGN': ['32'], 'ERT_CC': ['mpicc'], 'ERT_CFLAGS': ['-O3', '-msse3', '-axSSE3', '-xSSE3', '-fno-alias', '-fno-fnalias', '-DERT_INTEL', '-std=c++11'], 'ERT_LD': ['mpicc'], 'ERT_LDFLAGS': [], 'ERT_LDLIBS': [], 'ERT_PRECISION': ['FP64'], 'ERT_RUN': ['export', 'OMP_NUM_THREADS=ERT_OPENMP_THREADS;', 'mpirun', '-np', 'ERT_MPI_PROCS', 'ERT_CODE'], 'ERT_PROCS_THREADS': ['1-24'], 'ERT_MPI_PROCS': ['1,2,4'], 'ERT_OPENMP_THREADS': ['1,2,4'], 'ERT_NUM_EXPERIMENTS': ['1'], 'ERT_MEMORY_MAX': ['1073741824'], 'ERT_WORKING_SET_MIN': ['1'], 'ERT_TRIALS_MIN': ['1'], 'ERT_GNUPLOT': ['gnuplot'], 'ERT_GPU': [False], 'ERT_HIP': [False], 'ERT_OCL': [False], 'ERT_SYCL': [False], 'ERT_WSS_MULT': [1.1]}
 