fp64
 32 33554432 186820.03 186820.03 186820.03 11.4949325722729 11.4949325722729 11.4949325722729 2.873733143068225 2.873733143068225 2.873733143068225
 64 16777216 99109.173 99109.173 99109.173 21.66785962385137 21.66785962385137 21.66785962385137 5.416964905962843 5.416964905962843 5.416964905962843
 96 8388608 49559.832 49559.832 49559.832 32.49834938907783 32.49834938907783 32.49834938907783 8.124587347269458 8.124587347269458 8.124587347269458
 128 8388608 49481.153 49481.153 49481.153 43.40003249317978 43.40003249317978 43.40003249317978 10.850008123294945 10.850008123294945 10.850008123294945
 160 4194304 24642.944 24642.944 24642.944 54.464973016211054 54.464973016211054 54.464973016211054 13.616243254052764 13.616243254052764 13.616243254052764
 192 4194304 24679.899 24679.899 24679.899 65.26010240155358 65.26010240155358 65.26010240155358 16.315025600388395 16.315025600388395 16.315025600388395
 224 4194304 24543.047 24543.047 24543.047 76.56132476134687 76.56132476134687 76.56132476134687 19.140331190336717 19.140331190336717 19.140331190336717
 256 4194304 24780.035 24780.035 24780.035 86.6618488634096 86.6618488634096 86.6618488634096 21.6654622158524 21.6654622158524 21.6654622158524
 288 2097152 14292.002 14292.002 14292.002 84.51996802127512 84.51996802127512 84.51996802127512 21.12999200531878 21.12999200531878 21.12999200531878
 320 2097152 13870.955 13870.955 13870.955 96.76170674621899 96.76170674621899 96.76170674621899 24.190426686554748 24.190426686554748 24.190426686554748
 352 2097152 16359.806 16359.806 16359.806 90.24526378858036 90.24526378858036 90.24526378858036 22.56131594714509 22.56131594714509 22.56131594714509
 384 2097152 16057.014 16057.014 16057.014 100.30586857556456 100.30586857556456 100.30586857556456 25.07646714389114 25.07646714389114 25.07646714389114
 416 2097152 18377.066 18377.066 18377.066 94.94608464702692 94.94608464702692 94.94608464702692 23.73652116175673 23.73652116175673 23.73652116175673
 448 2097152 18314.123 18314.123 18314.123 102.60104685329459 102.60104685329459 102.60104685329459 25.650261713323648 25.650261713323648 25.650261713323648
 480 2097152 20570.04 20570.04 20570.04 97.87369980807037 97.87369980807037 97.87369980807037 24.468424952017592 24.468424952017592 24.468424952017592
 512 2097152 13692.856 13692.856 13692.856 156.83241304808874 156.83241304808874 156.83241304808874 39.208103262022185 39.208103262022185 39.208103262022185
 544 1048576 8527.04 8527.04 8527.04 133.79211168236571 133.79211168236571 133.79211168236571 33.44802792059143 33.44802792059143 33.44802792059143
 576 1048576 7708.073 7708.073 7708.073 156.71355888819423 156.71355888819423 156.71355888819423 39.17838972204856 39.17838972204856 39.17838972204856
 608 1048576 8960.962 8960.962 8960.962 142.29146558148557 142.29146558148557 142.29146558148557 35.57286639537139 35.57286639537139 35.57286639537139
 640 1048576 8577.108 8577.108 8577.108 156.48366325805856 156.48366325805856 156.48366325805856 39.12091581451464 39.12091581451464 39.12091581451464
 704 1048576 9666.92 9666.92 9666.92 152.72651558097095 152.72651558097095 152.72651558097095 38.18162889524274 38.18162889524274 38.18162889524274
 768 1048576 10654.926 10654.926 10654.926 151.16132538133067 151.16132538133067 151.16132538133067 37.79033134533267 37.79033134533267 37.79033134533267
 832 1048576 11585.951 11585.951 11585.951 150.59881264818057 150.59881264818057 150.59881264818057 37.64970316204514 37.64970316204514 37.64970316204514
 896 1048576 12385.845 12385.845 12385.845 151.70932560515652 151.70932560515652 151.70932560515652 37.92733140128913 37.92733140128913 37.92733140128913
 960 1048576 13641.119 13641.119 13641.119 147.58803291724087 147.58803291724087 147.58803291724087 36.89700822931022 36.89700822931022 36.89700822931022
 1056 524288 6543.159 6543.159 6543.159 169.22961156835711 169.22961156835711 169.22961156835711 42.30740289208928 42.30740289208928 42.30740289208928
 1152 524288 7183.075 7183.075 7183.075 168.16747033826042 168.16747033826042 168.16747033826042 42.041867584565104 42.041867584565104 42.041867584565104
 1248 524288 8429.05 8429.05 8429.05 155.2515227694699 155.2515227694699 155.2515227694699 38.81288069236747 38.81288069236747 38.81288069236747
 1344 524288 8707.047 8707.047 8707.047 161.85580989743133 161.85580989743133 161.85580989743133 40.46395247435783 40.46395247435783 40.46395247435783
 1472 524288 9573.936 9573.936 9573.936 161.21936390633905 161.21936390633905 161.21936390633905 40.304840976584764 40.304840976584764 40.304840976584764
 1600 524288 9090.9 9090.9 9090.9 184.54956054956057 184.54956054956057 184.54956054956057 46.13739013739014 46.13739013739014 46.13739013739014
 1760 524288 10951.042 10951.042 10951.042 168.52220637999565 168.52220637999565 168.52220637999565 42.13055159499891 42.13055159499891 42.13055159499891
 1920 524288 11759.043 11759.043 11759.043 171.21001428432567 171.21001428432567 171.21001428432567 42.80250357108142 42.80250357108142 42.80250357108142
 2112 262144 5892.992 5892.992 5892.992 187.90051912508957 187.90051912508957 187.90051912508957 46.97512978127239 46.97512978127239 46.97512978127239
 2304 262144 6826.878 6826.878 6826.878 176.94172240956993 176.94172240956993 176.94172240956993 44.23543060239248 44.23543060239248 44.23543060239248
 2528 262144 7723.093 7723.093 7723.093 171.61518888870046 171.61518888870046 171.61518888870046 42.903797222175115 42.903797222175115 42.903797222175115
 2752 262144 7961.035 7961.035 7961.035 181.2378134250132 181.2378134250132 181.2378134250132 45.3094533562533 45.3094533562533 45.3094533562533
 3008 262144 8726.835 8726.835 8726.835 180.71366125290555 180.71366125290555 180.71366125290555 45.17841531322639 45.17841531322639 45.17841531322639
 3296 262144 9468.079 9468.079 9468.079 182.51360682562958 182.51360682562958 182.51360682562958 45.628401706407395 45.628401706407395 45.628401706407395
 3616 262144 9768.963 9768.963 9768.963 194.06618778267458 194.06618778267458 194.06618778267458 48.516546945668644 48.516546945668644 48.516546945668644
 3968 262144 11112.928 11112.928 11112.928 187.2031191059638 187.2031191059638 187.2031191059638 46.80077977649095 46.80077977649095 46.80077977649095
 4352 131072 6008.148 6008.148 6008.148 189.8839189713702 189.8839189713702 189.8839189713702 47.47097974284255 47.47097974284255 47.47097974284255
 4768 131072 6707.907 6707.907 6707.907 186.3327252449982 186.3327252449982 186.3327252449982 46.58318131124955 46.58318131124955 46.58318131124955
 5216 131072 7112.026 7112.026 7112.026 192.25788882099138 192.25788882099138 192.25788882099138 48.064472205247846 48.064472205247846 48.064472205247846
 5728 131072 7791.996 7791.996 7791.996 192.70554451003312 192.70554451003312 192.70554451003312 48.17638612750828 48.17638612750828 48.17638612750828
 6272 131072 8401.155 8401.155 8401.155 195.7072769160907 195.7072769160907 195.7072769160907 48.926819229022676 48.926819229022676 48.926819229022676
 6880 131072 9432.077 9432.077 9432.077 191.21458826088892 191.21458826088892 191.21458826088892 47.80364706522223 47.80364706522223 47.80364706522223
 7552 131072 10288.0 10288.0 10288.0 192.42918818040434 192.42918818040434 192.42918818040434 48.107297045101085 48.107297045101085 48.107297045101085
 8288 65536 5542.994 5542.994 5542.994 195.9815825165966 195.9815825165966 195.9815825165966 48.99539562914915 48.99539562914915 48.99539562914915
 9088 65536 6197.929 6197.929 6197.929 192.19038101275441 192.19038101275441 192.19038101275441 48.047595253188604 48.047595253188604 48.047595253188604
 9984 65536 6646.156 6646.156 6646.156 196.8992073011828 196.8992073011828 196.8992073011828 49.2248018252957 49.2248018252957 49.2248018252957
 10976 65536 7303.953 7303.953 7303.953 196.9681721664967 196.9681721664967 196.9681721664967 49.24204304162417 49.24204304162417 49.24204304162417
 12064 65536 8005.142 8005.142 8005.142 197.5296138407039 197.5296138407039 197.5296138407039 49.38240346017597 49.38240346017597 49.38240346017597
 13248 65536 8744.001 8744.001 8744.001 198.5866488350127 198.5866488350127 198.5866488350127 49.64666220875318 49.64666220875318 49.64666220875318
 14560 65536 9638.071 9638.071 9638.071 198.00729004797745 198.00729004797745 198.00729004797745 49.50182251199436 49.50182251199436 49.50182251199436
 16000 65536 10557.89 10557.89 10557.89 198.63362849963394 198.63362849963394 198.63362849963394 49.658407124908486 49.658407124908486 49.658407124908486
 17600 32768 5794.048 5794.048 5794.048 199.07215128352408 199.07215128352408 199.07215128352408 49.76803782088102 49.76803782088102 49.76803782088102
 19360 32768 6526.947 6526.947 6526.947 194.39057188605946 194.39057188605946 194.39057188605946 48.597642971514865 48.597642971514865 48.597642971514865
 21280 32768 7131.815 7131.815 7131.815 195.54714753537493 195.54714753537493 195.54714753537493 48.88678688384373 48.88678688384373 48.88678688384373
 23392 32768 7688.999 7688.999 7688.999 199.37811306777382 199.37811306777382 199.37811306777382 49.844528266943456 49.844528266943456 49.844528266943456
 25728 32768 8434.057 8434.057 8434.057 199.91686183766603 199.91686183766603 199.91686183766603 49.97921545941651 49.97921545941651 49.97921545941651
 28288 32768 9302.139 9302.139 9302.139 199.2963519465792 199.2963519465792 199.2963519465792 49.8240879866448 49.8240879866448 49.8240879866448
 31104 32768 10118.008 10118.008 10118.008 201.46571775788277 201.46571775788277 201.46571775788277 50.36642943947069 50.36642943947069 50.36642943947069
 34208 16384 5589.008 5589.008 5589.008 200.55933790039307 200.55933790039307 200.55933790039307 50.13983447509827 50.13983447509827 50.13983447509827
 37600 16384 6223.917 6223.917 6223.917 197.9584239314245 197.9584239314245 197.9584239314245 49.489605982856126 49.489605982856126 49.489605982856126
 41344 16384 6782.055 6782.055 6782.055 199.75659177048846 199.75659177048846 199.75659177048846 49.939147942622114 49.939147942622114 49.939147942622114
 45472 16384 7465.839 7465.839 7465.839 199.57924300269534 199.57924300269534 199.57924300269534 49.894810750673834 49.894810750673834 49.894810750673834
 50016 16384 8203.983 8203.983 8203.983 199.7717801219237 199.7717801219237 199.7717801219237 49.94294503048093 49.94294503048093 49.94294503048093
 55008 16384 9003.162 9003.162 9003.162 200.2076763697021 200.2076763697021 200.2076763697021 50.05191909242553 50.05191909242553 50.05191909242553
 60480 16384 9907.961 9907.961 9907.961 200.02184505974537 200.02184505974537 200.02184505974537 50.00546126493634 50.00546126493634 50.00546126493634
 66528 8192 5445.957 5445.957 5445.957 200.14751346732996 200.14751346732996 200.14751346732996 50.03687836683249 50.03687836683249 50.03687836683249
 73152 8192 5949.974 5949.974 5949.974 201.43321096865296 201.43321096865296 201.43321096865296 50.35830274216324 50.35830274216324 50.35830274216324
 80448 8192 6613.97 6613.97 6613.97 199.28424713145054 199.28424713145054 199.28424713145054 49.821061782862635 49.821061782862635 49.821061782862635
 88480 8192 7294.893 7294.893 7294.893 198.722081324565 198.722081324565 198.722081324565 49.68052033114125 49.68052033114125 49.68052033114125
 97312 8192 7987.976 7987.976 7987.976 199.59496723575538 199.59496723575538 199.59496723575538 49.898741808938844 49.898741808938844 49.898741808938844
 107040 8192 8772.135 8772.135 8772.135 199.92206686285607 199.92206686285607 199.92206686285607 49.98051671571402 49.98051671571402 49.98051671571402
 117728 8192 9756.088 9756.088 9756.088 197.70788783373007 197.70788783373007 197.70788783373007 49.42697195843252 49.42697195843252 49.42697195843252
 129472 8192 10709.047 10709.047 10709.047 198.08198133783517 198.08198133783517 198.08198133783517 49.52049533445879 49.52049533445879 49.52049533445879
 142400 4096 6350.994 6350.994 6350.994 183.67846041107896 183.67846041107896 183.67846041107896 45.91961510276974 45.91961510276974 45.91961510276974
 156640 4096 7257.938 7257.938 7257.938 176.79882082211228 176.79882082211228 176.79882082211228 44.19970520552807 44.19970520552807 44.19970520552807
 172288 4096 7954.836 7954.836 7954.836 177.424562366842 177.424562366842 177.424562366842 44.3561405917105 44.3561405917105 44.3561405917105
 189504 4096 8702.993 8702.993 8702.993 178.3773430588764 178.3773430588764 178.3773430588764 44.5943357647191 44.5943357647191 44.5943357647191
 208448 4096 9536.028 9536.028 9536.028 179.06889702924528 179.06889702924528 179.06889702924528 44.76722425731132 44.76722425731132 44.76722425731132
 229280 4096 10466.814 10466.814 10466.814 179.44923450440604 179.44923450440604 179.44923450440604 44.86230862610151 44.86230862610151 44.86230862610151
 252192 4096 11533.022 11533.022 11533.022 179.13404344498778 179.13404344498778 179.13404344498778 44.783510861246945 44.783510861246945 44.783510861246945
 277408 2048 6386.042 6386.042 6386.042 177.92917240444078 177.92917240444078 177.92917240444078 44.482293101110194 44.482293101110194 44.482293101110194
 305120 2048 7014.99 7014.99 7014.99 178.15727748720954 178.15727748720954 178.15727748720954 44.539319371802385 44.539319371802385 44.539319371802385
 335616 2048 7739.782 7739.782 7739.782 177.6126428367104 177.6126428367104 177.6126428367104 44.4031607091776 44.4031607091776 44.4031607091776
 369152 2048 8487.94 8487.94 8487.94 178.14058440563903 178.14058440563903 178.14058440563903 44.53514610140976 44.53514610140976 44.53514610140976
 406048 2048 9280.92 9280.92 9280.92 179.2034203505687 179.2034203505687 179.2034203505687 44.80085508764218 44.80085508764218 44.80085508764218
 446624 2048 10354.996 10354.996 10354.996 176.66563116006998 176.66563116006998 176.66563116006998 44.166407790017495 44.166407790017495 44.166407790017495
 491264 2048 11498.928 11498.928 11498.928 174.99173349028712 174.99173349028712 174.99173349028712 43.74793337257178 43.74793337257178 43.74793337257178
 540384 1024 6332.159 6332.159 6332.159 174.77552790446356 174.77552790446356 174.77552790446356 43.69388197611589 43.69388197611589 43.69388197611589
 594400 1024 6984.949 6984.949 6984.949 174.27918228178905 174.27918228178905 174.27918228178905 43.56979557044726 43.56979557044726 43.56979557044726
 653824 1024 7979.155 7979.155 7979.155 167.81621011247432 167.81621011247432 167.81621011247432 41.95405252811858 41.95405252811858 41.95405252811858
 719200 1024 8940.935 8940.935 8940.935 164.73910167113397 164.73910167113397 164.73910167113397 41.18477541778349 41.18477541778349 41.18477541778349
 791104 1024 9824.038 9824.038 9824.038 164.92006565935515 164.92006565935515 164.92006565935515 41.230016414838786 41.230016414838786 41.230016414838786
 870208 1024 10958.91 10958.91 10958.91 162.6243836293938 162.6243836293938 162.6243836293938 40.65609590734845 40.65609590734845 40.65609590734845
 957216 1024 12462.854 12462.854 12462.854 157.29770789259027 157.29770789259027 157.29770789259027 39.32442697314757 39.32442697314757 39.32442697314757
 1052928 512 6956.1 6956.1 6956.1 155.00039849915902 155.00039849915902 155.00039849915902 38.750099624789755 38.750099624789755 38.750099624789755
 1158208 512 8497.0 8497.0 8497.0 139.57926232788043 139.57926232788043 139.57926232788043 34.89481558197011 34.89481558197011 34.89481558197011
 1274016 512 9399.176 9399.176 9399.176 138.7985908551984 138.7985908551984 138.7985908551984 34.6996477137996 34.6996477137996 34.6996477137996
 1401408 512 10623.932 10623.932 10623.932 135.07633444942982 135.07633444942982 135.07633444942982 33.769083612357456 33.769083612357456 33.769083612357456
 1541536 512 11693.001 11693.001 11693.001 134.9980953563589 134.9980953563589 134.9980953563589 33.749523839089726 33.749523839089726 33.749523839089726
 1695680 512 13148.069 13148.069 13148.069 132.0632193214076 132.0632193214076 132.0632193214076 33.0158048303519 33.0158048303519 33.0158048303519
 1865248 512 14413.118 14413.118 14413.118 132.51913652549015 132.51913652549015 132.51913652549015 33.12978413137254 33.12978413137254 33.12978413137254
 2051744 512 15898.943 15898.943 15898.943 132.14626003753835 132.14626003753835 132.14626003753835 33.03656500938459 33.03656500938459 33.03656500938459
 2256896 256 8749.962 8749.962 8749.962 132.06123089448846 132.06123089448846 132.06123089448846 33.015307723622115 33.015307723622115 33.015307723622115
 2482560 256 9609.938 9609.938 9609.938 132.266276847988 132.266276847988 132.266276847988 33.066569211997 33.066569211997 33.066569211997
 2730816 256 10592.937 10592.937 10592.937 131.99151396822242 131.99151396822242 131.99151396822242 32.997878492055605 32.997878492055605 32.997878492055605
 3003872 256 11691.093 11691.093 11691.093 131.55164055234184 131.55164055234184 131.55164055234184 32.88791013808546 32.88791013808546 32.88791013808546
 3304256 256 13047.934 13047.934 13047.934 129.65876988648168 129.65876988648168 129.65876988648168 32.41469247162042 32.41469247162042 32.41469247162042
 3634656 256 14110.088 14110.088 14110.088 131.8874745501233 131.8874745501233 131.8874745501233 32.971868637530825 32.971868637530825 32.971868637530825
 3998112 256 15501.022 15501.022 15501.022 132.05796004934382 132.05796004934382 132.05796004934382 33.014490012335955 33.014490012335955 33.014490012335955
 4397920 128 8488.894 8488.894 8488.894 132.62829292013777 132.62829292013777 132.62829292013777 33.15707323003444 33.15707323003444 33.15707323003444
 4837696 128 9330.988 9330.988 9330.988 132.72444204193596 132.72444204193596 132.72444204193596 33.18111051048399 33.18111051048399 33.18111051048399
 5321440 128 10653.973 10653.973 10653.973 127.86672539906004 127.86672539906004 127.86672539906004 31.96668134976501 31.96668134976501 31.96668134976501
 5853568 128 11415.958 11415.958 11415.958 131.26479687469066 131.26479687469066 131.26479687469066 32.816199218672665 32.816199218672665 32.816199218672665
 6438912 128 12696.981 12696.981 12696.981 129.82310298802525 129.82310298802525 129.82310298802525 32.455775747006314 32.455775747006314 32.455775747006314
 7082784 128 13737.917 13737.917 13737.917 131.98454350830625 131.98454350830625 131.98454350830625 32.99613587707656 32.99613587707656 32.99613587707656
 7791040 128 15111.923 15111.923 15111.923 131.98229239256975 131.98229239256975 131.98229239256975 32.99557309814244 32.99557309814244 32.99557309814244
 8570144 64 8330.822 8330.822 8330.822 131.67709404906262 131.67709404906262 131.67709404906262 32.919273512265654 32.919273512265654 32.919273512265654
 9427136 64 9186.029 9186.029 9186.029 131.35963407039102 131.35963407039102 131.35963407039102 32.839908517597756 32.839908517597756 32.839908517597756
 10369824 64 10078.907 10078.907 10078.907 131.69458474019058 131.69458474019058 131.69458474019058 32.923646185047645 32.923646185047645 32.923646185047645
 11406784 64 11101.007 11101.007 11101.007 131.5257572578776 131.5257572578776 131.5257572578776 32.8814393144694 32.8814393144694 32.8814393144694
 12547456 64 12233.019 12233.019 12233.019 131.290106555054 131.290106555054 131.290106555054 32.8225266387635 32.8225266387635 32.8225266387635
 13802176 64 13847.828 13847.828 13847.828 127.5780236438523 127.5780236438523 127.5780236438523 31.894505910963076 31.894505910963076 31.894505910963076
 15182368 64 15738.964 15738.964 15738.964 123.47338134835303 123.47338134835303 123.47338134835303 30.868345337088257 30.868345337088257 30.868345337088257
 16700576 64 16644.001 16644.001 16644.001 128.43508769315747 128.43508769315747 128.43508769315747 32.10877192328937 32.10877192328937 32.10877192328937
 18370624 32 9153.843 9153.843 9153.843 128.44003726085316 128.44003726085316 128.44003726085316 32.11000931521329 32.11000931521329 32.11000931521329
 20207680 32 9869.099 9869.099 9869.099 131.04453810829133 131.04453810829133 131.04453810829133 32.761134527072834 32.761134527072834 32.761134527072834
 22228448 32 10882.854 10882.854 10882.854 130.72128616261875 130.72128616261875 130.72128616261875 32.68032154065469 32.68032154065469 32.68032154065469
 24451264 32 12247.086 12247.086 12247.086 127.7757742535653 127.7757742535653 127.7757742535653 31.943943563391326 31.943943563391326 31.943943563391326
 26896384 32 14061.928 14061.928 14061.928 122.41341130462338 122.41341130462338 122.41341130462338 30.603352826155845 30.603352826155845 30.603352826155845
 29586016 32 14896.87 14896.87 14896.87 127.1075752154647 127.1075752154647 127.1075752154647 31.776893803866177 31.776893803866177 31.776893803866177
 32544608 32 16370.058 16370.058 16370.058 127.23564644670167 127.23564644670167 127.23564644670167 31.808911611675416 31.808911611675416 31.808911611675416
 35799040 16 9081.125 9081.125 9081.125 126.14838800258777 126.14838800258777 126.14838800258777 31.53709700064694 31.53709700064694 31.53709700064694
 39378944 16 10068.893 10068.893 10068.893 125.15042199773102 125.15042199773102 125.15042199773102 31.287605499432754 31.287605499432754 31.287605499432754
 43316832 16 10674.0 10674.0 10674.0 129.86121641371557 129.86121641371557 129.86121641371557 32.46530410342889 32.46530410342889 32.46530410342889
 47648512 16 11736.87 11736.87 11736.87 129.91132934078675 129.91132934078675 129.91132934078675 32.47783233519669 32.47783233519669 32.47783233519669
 52413344 16 13211.966 13211.966 13211.966 126.94757222354342 126.94757222354342 126.94757222354342 31.736893055885854 31.736893055885854 31.736893055885854
 57654656 16 16699.076 16699.076 16699.076 110.48210044675525 110.48210044675525 110.48210044675525 27.620525111688814 27.620525111688814 27.620525111688814
 63420096 16 21852.016 21852.016 21852.016 92.87212090637313 92.87212090637313 92.87212090637313 23.21803022659328 23.21803022659328 23.21803022659328
 69762080 8 13921.022 13921.022 13921.022 80.18041204158718 80.18041204158718 80.18041204158718 20.045103010396794 20.045103010396794 20.045103010396794
 76738272 8 16577.005 16577.005 16577.005 74.06720043819736 74.06720043819736 74.06720043819736 18.51680010954934 18.51680010954934 18.51680010954934
 84412096 8 18713.951 18713.951 18713.951 72.17041104788615 72.17041104788615 72.17041104788615 18.042602761971537 18.042602761971537 18.042602761971537
 92853280 8 20722.866 20722.866 20722.866 71.69145812167099 71.69145812167099 71.69145812167099 17.922864530417748 17.922864530417748 17.922864530417748
 102138592 8 23886.919 23886.919 23886.919 68.41474499076251 68.41474499076251 68.41474499076251 17.10368624769063 17.10368624769063 17.10368624769063
 112352448 8 25629.997 25629.997 25629.997 70.13809513906693 70.13809513906693 70.13809513906693 17.534523784766733 17.534523784766733 17.534523784766733
 123587680 8 28108.12 28108.12 28108.12 70.34988039043522 70.34988039043522 70.34988039043522 17.587470097608804 17.587470097608804 17.587470097608804
 135946432 4 15444.994 15444.994 15444.994 70.41579012591394 70.41579012591394 70.41579012591394 17.603947531478486 17.603947531478486 17.603947531478486
 149541056 4 17256.975 17256.975 17256.975 69.32434264985609 69.32434264985609 69.32434264985609 17.331085662464023 17.331085662464023 17.331085662464023
 164495136 4 19389.868 19389.868 19389.868 67.86849131721785 67.86849131721785 67.86849131721785 16.96712282930446 16.96712282930446 16.96712282930446
 180944640 4 20828.962 20828.962 20828.962 69.49732396650394 69.49732396650394 69.49732396650394 17.374330991625985 17.374330991625985 17.374330991625985
 199039104 4 23211.002 23211.002 23211.002 68.60164123892626 68.60164123892626 68.60164123892626 17.150410309731566 17.150410309731566 17.150410309731566
 218943008 4 25290.012 25290.012 25290.012 69.25833265717708 69.25833265717708 69.25833265717708 17.31458316429427 17.31458316429427 17.31458316429427
 240837280 4 28275.967 28275.967 28275.967 68.13907513755409 68.13907513755409 68.13907513755409 17.034768784388522 17.034768784388522 17.034768784388522
 264920992 4 30802.965 30802.965 30802.965 68.80402376849112 68.80402376849112 68.80402376849112 17.20100594212278 17.20100594212278 17.20100594212278
 291413088 2 16765.833 16765.833 16765.833 69.52546598788143 69.52546598788143 69.52546598788143 17.381366496970358 17.381366496970358 17.381366496970358
 320554368 2 18435.955 18435.955 18435.955 69.54982652105626 69.54982652105626 69.54982652105626 17.387456630264065 17.387456630264065 17.387456630264065
 352609792 2 21059.99 21059.99 21059.99 66.97245193373786 66.97245193373786 66.97245193373786 16.743112983434465 16.743112983434465 16.743112983434465
 387870752 2 22835.016 22835.016 22835.016 67.94315397020085 67.94315397020085 67.94315397020085 16.985788492550213 16.985788492550213 16.985788492550213
 426657824 2 25024.176 25024.176 25024.176 68.19930038855226 68.19930038855226 68.19930038855226 17.049825097138065 17.049825097138065 17.049825097138065
 469323584 2 27400.97 27400.97 27400.97 68.51196640118945 68.51196640118945 68.51196640118945 17.127991600297364 17.127991600297364 17.127991600297364
 516255936 2 30153.036 30153.036 30153.036 68.48477028979768 68.48477028979768 68.48477028979768 17.12119257244942 17.12119257244942 17.12119257244942
 567881504 1 16797.066 16797.066 16797.066 67.61674973474535 67.61674973474535 67.61674973474535 16.90418743368634 16.90418743368634 16.90418743368634
 624669632 1 18342.018 18342.018 18342.018 68.11351204649347 68.11351204649347 68.11351204649347 17.028378011623367 17.028378011623367 17.028378011623367
 687136576 1 20269.871 20269.871 20269.871 67.79881095444564 67.79881095444564 67.79881095444564 16.94970273861141 16.94970273861141 16.94970273861141
 755850208 1 22051.096 22051.096 22051.096 68.55443448253094 68.55443448253094 68.55443448253094 17.138608620632734 17.138608620632734 17.138608620632734
 831435200 1 24130.106 24130.106 24130.106 68.91268525716382 68.91268525716382 68.91268525716382 17.228171314290954 17.228171314290954 17.228171314290954
 914578720 1 26896.0 26896.0 26896.0 68.00853063652588 68.00853063652588 68.00853063652588 17.00213265913147 17.00213265913147 17.00213265913147
 1006036576 1 29680.014 29680.014 29680.014 67.79219012497771 67.79219012497771 67.79219012497771 16.948047531244427 16.948047531244427 16.948047531244427
 
META_DATA
 MPI startup(): shm:tmi fabric is unknown or has been removed from the product, please use ofi or shm:ofi instead
 FLOPS          4
 MPI_PROCS      4
 OPENMP_THREADS 1
 ERT_VERSION  1.1.0
 HOSTNAME  ('shas0420.rc.int.colorado.edu', [], ['10.225.6.135'])
 UNAME  uname_result(system='Linux', node='shas0420.rc.int.colorado.edu', release='3.10.0-957.27.2.el7.x86_64', version='#1 SMP Mon Jul 29 17:46:05 UTC 2019', machine='x86_64', processor='x86_64')
 TIMESTAMP_DATA  1664552902.2159476
 CONFIG  {'ERT_RESULTS': ['lab5_results'], 'ERT_DRIVER': ['driver1'], 'ERT_KERNEL': ['kernel1'], 'ERT_MPI': ['True'], 'ERT_MPI_CFLAGS': ['-I/usr/include/mpi'], 'ERT_MPI_LDFLAGS': ['-lmpi'], 'ERT_OPENMP': ['True'], 'ERT_OPENMP_CFLAGS': ['-qopenmp'], 'ERT_OPENMP_LDFLAGS': ['-qopenmp'], 'ERT_FLOPS': ['1,2,4,8,16'], 'ERT_ALIGN': ['32'], 'ERT_CC': ['mpicc'], 'ERT_CFLAGS': ['-O3', '-msse3', '-axSSE3', '-xSSE3', '-fno-alias', '-fno-fnalias', '-DERT_INTEL', '-std=c++11'], 'ERT_LD': ['mpicc'], 'ERT_LDFLAGS': [], 'ERT_LDLIBS': [], 'ERT_PRECISION': ['FP64'], 'ERT_RUN': ['export', 'OMP_NUM_THREADS=ERT_OPENMP_THREADS;', 'mpirun', '-np', 'ERT_MPI_PROCS', 'ERT_CODE'], 'ERT_PROCS_THREADS': ['1-24'], 'ERT_MPI_PROCS': ['1,2,4'], 'ERT_OPENMP_THREADS': ['1,2,4'], 'ERT_NUM_EXPERIMENTS': ['1'], 'ERT_MEMORY_MAX': ['1073741824'], 'ERT_WORKING_SET_MIN': ['1'], 'ERT_TRIALS_MIN': ['1'], 'ERT_GNUPLOT': ['gnuplot'], 'ERT_GPU': [False], 'ERT_HIP': [False], 'ERT_OCL': [False], 'ERT_SYCL': [False], 'ERT_WSS_MULT': [1.1]}
 