fp64
 32 33554432 695577.86 695577.86 695577.86 3.0873375526932385 3.0873375526932385 3.0873375526932385 3.0873375526932385 3.0873375526932385 3.0873375526932385
 64 16777216 357427.12 357427.12 357427.12 6.008172093936241 6.008172093936241 6.008172093936241 6.008172093936241 6.008172093936241 6.008172093936241
 96 8388608 180337.906 180337.906 180337.906 8.931082608888671 8.931082608888671 8.931082608888671 8.931082608888671 8.931082608888671 8.931082608888671
 128 8388608 178683.996 178683.996 178683.996 12.018332341302687 12.018332341302687 12.018332341302687 12.018332341302687 12.018332341302687 12.018332341302687
 160 4194304 90678.93 90678.93 90678.93 14.801423880939048 14.801423880939048 14.801423880939048 14.801423880939048 14.801423880939048 14.801423880939048
 192 4194304 90441.942 90441.942 90441.942 17.80825024743498 17.80825024743498 17.80825024743498 17.80825024743498 17.80825024743498 17.80825024743498
 224 4194304 87965.012 87965.012 87965.012 21.36131342766144 21.36131342766144 21.36131342766144 21.36131342766144 21.36131342766144 21.36131342766144
 256 4194304 87973.833 87973.833 87973.833 24.4104817849644 24.4104817849644 24.4104817849644 24.4104817849644 24.4104817849644 24.4104817849644
 288 2097152 46993.017 46993.017 46993.017 25.705086183336558 25.705086183336558 25.705086183336558 25.705086183336558 25.705086183336558 25.705086183336558
 320 2097152 46970.129 46970.129 46970.129 28.575124415774972 28.575124415774972 28.575124415774972 28.575124415774972 28.575124415774972 28.575124415774972
 352 2097152 53408.861 53408.861 53408.861 27.643259570729285 27.643259570729285 27.643259570729285 27.643259570729285 27.643259570729285 27.643259570729285
 384 2097152 53478.003 53478.003 53478.003 30.11729394607349 30.11729394607349 30.11729394607349 30.11729394607349 30.11729394607349 30.11729394607349
 416 2097152 62189.102 62189.102 62189.102 28.05685253342298 28.05685253342298 28.05685253342298 28.05685253342298 28.05685253342298 28.05685253342298
 448 2097152 62484.026 62484.026 62484.026 30.072457110878226 30.072457110878226 30.072457110878226 30.072457110878226 30.072457110878226 30.072457110878226
 480 2097152 70772.886 70772.886 70772.886 28.446853502625284 28.446853502625284 28.446853502625284 28.446853502625284 28.446853502625284 28.446853502625284
 512 2097152 48012.018 48012.018 48012.018 44.72804388267954 44.72804388267954 44.72804388267954 44.72804388267954 44.72804388267954 44.72804388267954
 544 1048576 29740.095 29740.095 29740.095 38.360694140351605 38.360694140351605 38.360694140351605 38.360694140351605 38.360694140351605 38.360694140351605
 576 1048576 29088.974 29088.974 29088.974 41.52637188234965 41.52637188234965 41.52637188234965 41.52637188234965 41.52637188234965 41.52637188234965
 608 1048576 33942.938 33942.938 33942.938 37.56505745024194 37.56505745024194 37.56505745024194 37.56505745024194 37.56505745024194 37.56505745024194
 640 1048576 33082.962 33082.962 33082.962 40.57004569300657 40.57004569300657 40.57004569300657 40.57004569300657 40.57004569300657 40.57004569300657
 704 1048576 38002.968 38002.968 38002.968 38.84946586277156 38.84946586277156 38.84946586277156 38.84946586277156 38.84946586277156 38.84946586277156
 768 1048576 41744.947 41744.947 41744.947 38.582220166670716 38.582220166670716 38.582220166670716 38.582220166670716 38.582220166670716 38.582220166670716
 832 1048576 45391.083 45391.083 45391.083 38.439939051465245 38.439939051465245 38.439939051465245 38.439939051465245 38.439939051465245 38.439939051465245
 896 1048576 51769.018 51769.018 51769.018 36.29677101466364 36.29677101466364 36.29677101466364 36.29677101466364 36.29677101466364 36.29677101466364
 960 1048576 56965.113 56965.113 56965.113 35.34208595355547 35.34208595355547 35.34208595355547 35.34208595355547 35.34208595355547 35.34208595355547
 1056 524288 26712.894 26712.894 26712.894 41.45175195169793 41.45175195169793 41.45175195169793 41.45175195169793 41.45175195169793 41.45175195169793
 1152 524288 29815.912 29815.912 29815.912 40.51392263298872 40.51392263298872 40.51392263298872 40.51392263298872 40.51392263298872 40.51392263298872
 1248 524288 33851.862 33851.862 33851.862 38.657337312789465 38.657337312789465 38.657337312789465 38.657337312789465 38.657337312789465 38.657337312789465
 1344 524288 35825.014 35825.014 35825.014 39.33804866063695 39.33804866063695 39.33804866063695 39.33804866063695 39.33804866063695 39.33804866063695
 1472 524288 40573.835 40573.835 40573.835 38.04185313022543 38.04185313022543 38.04185313022543 38.04185313022543 38.04185313022543 38.04185313022543
 1600 524288 39232.969 39232.969 39232.969 42.76305471553784 42.76305471553784 42.76305471553784 42.76305471553784 42.76305471553784 42.76305471553784
 1760 524288 45717.001 45717.001 45717.001 40.367778280119474 40.367778280119474 40.367778280119474 40.367778280119474 40.367778280119474 40.367778280119474
 1920 524288 50179.958 50179.958 50179.958 40.1209168010862 40.1209168010862 40.1209168010862 40.1209168010862 40.1209168010862 40.1209168010862
 2112 262144 25882.959 25882.959 25882.959 42.7808990463571 42.7808990463571 42.7808990463571 42.7808990463571 42.7808990463571 42.7808990463571
 2304 262144 29110.909 29110.909 29110.909 41.49508186089276 41.49508186089276 41.49508186089276 41.49508186089276 41.49508186089276 41.49508186089276
 2528 262144 33581.018 33581.018 33581.018 39.4687279581578 39.4687279581578 39.4687279581578 39.4687279581578 39.4687279581578 39.4687279581578
 2752 262144 35334.11 35334.11 35334.11 40.83421305927898 40.83421305927898 40.83421305927898 40.83421305927898 40.83421305927898 40.83421305927898
 3008 262144 39646.149 39646.149 39646.149 39.77834780371733 39.77834780371733 39.77834780371733 39.77834780371733 39.77834780371733 39.77834780371733
 3296 262144 42708.874 42708.874 42708.874 40.461222367979076 40.461222367979076 40.461222367979076 40.461222367979076 40.461222367979076 40.461222367979076
 3616 262144 46505.928 46505.928 46505.928 40.76524197087305 40.76524197087305 40.76524197087305 40.76524197087305 40.76524197087305 40.76524197087305
 3968 262144 47471.046 47471.046 47471.046 43.82407718591244 43.82407718591244 43.82407718591244 43.82407718591244 43.82407718591244 43.82407718591244
 4352 131072 25682.926 25682.926 25682.926 44.42058852640077 44.42058852640077 44.42058852640077 44.42058852640077 44.42058852640077 44.42058852640077
 4768 131072 28108.12 28108.12 28108.12 44.46766955598596 44.46766955598596 44.46766955598596 44.46766955598596 44.46766955598596 44.46766955598596
 5216 131072 30715.942 30715.942 30715.942 44.51574703455294 44.51574703455294 44.51574703455294 44.51574703455294 44.51574703455294 44.51574703455294
 5728 131072 33448.935 33448.935 33448.935 44.8911402410869 44.8911402410869 44.8911402410869 44.8911402410869 44.8911402410869 44.8911402410869
 6272 131072 36537.17 36537.17 36537.17 44.99984996101231 44.99984996101231 44.99984996101231 44.99984996101231 44.99984996101231 44.99984996101231
 6880 131072 40269.136 40269.136 40269.136 44.78742032111144 44.78742032111144 44.78742032111144 44.78742032111144 44.78742032111144 44.78742032111144
 7552 131072 44224.977 44224.977 44224.977 44.76455664408825 44.76455664408825 44.76455664408825 44.76455664408825 44.76455664408825 44.76455664408825
 8288 65536 25922.06 25922.06 25922.06 41.907345943956614 41.907345943956614 41.907345943956614 41.907345943956614 41.907345943956614 41.907345943956614
 9088 65536 27613.878 27613.878 27613.878 43.13708983577026 43.13708983577026 43.13708983577026 43.13708983577026 43.13708983577026 43.13708983577026
 9984 65536 30107.021 30107.021 30107.021 43.465703498197314 43.465703498197314 43.465703498197314 43.465703498197314 43.465703498197314 43.465703498197314
 10976 65536 33344.984 33344.984 33344.984 43.14430836134155 43.14430836134155 43.14430836134155 43.14430836134155 43.14430836134155 43.14430836134155
 12064 65536 36370.039 36370.039 36370.039 43.47679165260175 43.47679165260175 43.47679165260175 43.47679165260175 43.47679165260175 43.47679165260175
 13248 65536 40017.128 40017.128 40017.128 43.39246574616749 43.39246574616749 43.39246574616749 43.39246574616749 43.39246574616749 43.39246574616749
 14560 65536 43797.016 43797.016 43797.016 43.57393480870934 43.57393480870934 43.57393480870934 43.57393480870934 43.57393480870934 43.57393480870934
 16000 65536 47796.011 47796.011 47796.011 43.87713443282955 43.87713443282955 43.87713443282955 43.87713443282955 43.87713443282955 43.87713443282955
 17600 32768 26394.129 26394.129 26394.129 43.70038503638442 43.70038503638442 43.70038503638442 43.70038503638442 43.70038503638442 43.70038503638442
 19360 32768 29242.992 29242.992 29242.992 43.387385257979076 43.387385257979076 43.387385257979076 43.387385257979076 43.387385257979076 43.387385257979076
 21280 32768 32048.941 32048.941 32048.941 43.514888058235684 43.514888058235684 43.514888058235684 43.514888058235684 43.514888058235684 43.514888058235684
 23392 32768 35112.143 35112.143 35112.143 43.66062510055282 43.66062510055282 43.66062510055282 43.66062510055282 43.66062510055282 43.66062510055282
 25728 32768 38439.035 38439.035 38439.035 43.86453010591967 43.86453010591967 43.86453010591967 43.86453010591967 43.86453010591967 43.86453010591967
 28288 32768 40446.997 40446.997 40446.997 45.834858098365125 45.834858098365125 45.834858098365125 45.834858098365125 45.834858098365125 45.834858098365125
 31104 32768 45943.975 45943.975 45943.975 44.36777061627776 44.36777061627776 44.36777061627776 44.36777061627776 44.36777061627776 44.36777061627776
 34208 16384 25665.045 25665.045 25665.045 43.67526898939784 43.67526898939784 43.67526898939784 43.67526898939784 43.67526898939784 43.67526898939784
 37600 16384 28069.973 28069.973 28069.973 43.89305255120836 43.89305255120836 43.89305255120836 43.89305255120836 43.89305255120836 43.89305255120836
 41344 16384 30996.084 30996.084 30996.084 43.70746291692848 43.70746291692848 43.70746291692848 43.70746291692848 43.70746291692848 43.70746291692848
 45472 16384 34114.122 34114.122 34114.122 43.67770321041825 43.67770321041825 43.67770321041825 43.67770321041825 43.67770321041825 43.67770321041825
 50016 16384 37458.181 37458.181 37458.181 43.75344034991982 43.75344034991982 43.75344034991982 43.75344034991982 43.75344034991982 43.75344034991982
 55008 16384 41100.025 41100.025 41100.025 43.85647317732775 43.85647317732775 43.85647317732775 43.85647317732775 43.85647317732775 43.85647317732775
 60480 16384 45131.922 45131.922 45131.922 43.91146116046199 43.91146116046199 43.91146116046199 43.91146116046199 43.91146116046199 43.91146116046199
 66528 8192 24022.102 24022.102 24022.102 45.37466171777973 45.37466171777973 45.37466171777973 45.37466171777973 45.37466171777973 45.37466171777973
 73152 8192 26371.002 26371.002 26371.002 45.44849558617454 45.44849558617454 45.44849558617454 45.44849558617454 45.44849558617454 45.44849558617454
 80448 8192 29854.059 29854.059 29854.059 44.15011144715698 44.15011144715698 44.15011144715698 44.15011144715698 44.15011144715698 44.15011144715698
 88480 8192 31633.139 31633.139 31633.139 45.82714096125586 45.82714096125586 45.82714096125586 45.82714096125586 45.82714096125586 45.82714096125586
 97312 8192 34775.972 34775.972 34775.972 45.84659223903217 45.84659223903217 45.84659223903217 45.84659223903217 45.84659223903217 45.84659223903217
 107040 8192 38265.944 38265.944 38265.944 45.830395821412374 45.830395821412374 45.830395821412374 45.830395821412374 45.830395821412374 45.830395821412374
 117728 8192 42224.884 42224.884 42224.884 45.680541170936074 45.680541170936074 45.680541170936074 45.680541170936074 45.680541170936074 45.680541170936074
 129472 8192 46367.884 46367.884 46367.884 45.74867483709198 45.74867483709198 45.74867483709198 45.74867483709198 45.74867483709198 45.74867483709198
 142400 4096 25428.057 25428.057 25428.057 45.87612808953511 45.87612808953511 45.87612808953511 45.87612808953511 45.87612808953511 45.87612808953511
 156640 4096 28093.815 28093.815 28093.815 45.675351674381 45.675351674381 45.675351674381 45.675351674381 45.675351674381 45.675351674381
 172288 4096 30793.905 30793.905 30793.905 45.833202901678106 45.833202901678106 45.833202901678106 45.833202901678106 45.833202901678106 45.833202901678106
 189504 4096 33853.054 33853.054 33853.054 45.857510167324946 45.857510167324946 45.857510167324946 45.857510167324946 45.857510167324946 45.857510167324946
 208448 4096 37263.87 37263.87 37263.87 45.82470945717661 45.82470945717661 45.82470945717661 45.82470945717661 45.82470945717661 45.82470945717661
 229280 4096 41133.881 41133.881 41133.881 45.66215767483744 45.66215767483744 45.66215767483744 45.66215767483744 45.66215767483744 45.66215767483744
 252192 4096 44996.023 44996.023 44996.023 45.91421032921065 45.91421032921065 45.91421032921065 45.91421032921065 45.91421032921065 45.91421032921065
 277408 2048 24764.061 24764.061 24764.061 45.883555528311774 45.883555528311774 45.883555528311774 45.883555528311774 45.883555528311774 45.883555528311774
 305120 2048 27306.08 27306.08 27306.08 45.76898331800096 45.76898331800096 45.76898331800096 45.76898331800096 45.76898331800096 45.76898331800096
 335616 2048 30043.125 30043.125 30043.125 45.75699551894152 45.75699551894152 45.75699551894152 45.75699551894152 45.75699551894152 45.75699551894152
 369152 2048 32796.86 32796.86 32796.86 46.10339502013303 46.10339502013303 46.10339502013303 46.10339502013303 46.10339502013303 46.10339502013303
 406048 2048 36180.019 36180.019 36180.019 45.96936800945295 45.96936800945295 45.96936800945295 45.96936800945295 45.96936800945295 45.96936800945295
 446624 2048 39664.984 39664.984 39664.984 46.120575871151246 46.120575871151246 46.120575871151246 46.120575871151246 46.120575871151246 46.120575871151246
 491264 2048 43766.975 43766.975 43766.975 45.975700719549394 45.975700719549394 45.975700719549394 45.975700719549394 45.975700719549394 45.975700719549394
 540384 1024 24065.971 24065.971 24065.971 45.98636107389974 45.98636107389974 45.98636107389974 45.98636107389974 45.98636107389974 45.98636107389974
 594400 1024 27715.206 27715.206 27715.206 43.92286313874052 43.92286313874052 43.92286313874052 43.92286313874052 43.92286313874052 43.92286313874052
 653824 1024 30487.061 30487.061 30487.061 43.92130655034278 43.92130655034278 43.92130655034278 43.92130655034278 43.92130655034278 43.92130655034278
 719200 1024 32788.992 32788.992 32788.992 44.9212223419372 44.9212223419372 44.9212223419372 44.9212223419372 44.9212223419372 44.9212223419372
 791104 1024 35356.998 35356.998 35356.998 45.823488521282265 45.823488521282265 45.823488521282265 45.823488521282265 45.823488521282265 45.823488521282265
 870208 1024 38707.972 38707.972 38707.972 46.041833036357474 46.041833036357474 46.041833036357474 46.041833036357474 46.041833036357474 46.041833036357474
 957216 1024 42695.045 42695.045 42695.045 45.91582859322434 45.91582859322434 45.91582859322434 45.91582859322434 45.91582859322434 45.91582859322434
 1052928 512 23574.829 23574.829 23574.829 45.73514709268941 45.73514709268941 45.73514709268941 45.73514709268941 45.73514709268941 45.73514709268941
 1158208 512 25895.119 25895.119 25895.119 45.80032986139203 45.80032986139203 45.80032986139203 45.80032986139203 45.80032986139203 45.80032986139203
 1274016 512 28532.028 28532.028 28532.028 45.72378745737948 45.72378745737948 45.72378745737948 45.72378745737948 45.72378745737948 45.72378745737948
 1401408 512 31268.835 31268.835 31268.835 45.893676307415994 45.893676307415994 45.893676307415994 45.893676307415994 45.893676307415994 45.893676307415994
 1541536 512 35979.986 35979.986 35979.986 43.87252579809231 43.87252579809231 43.87252579809231 43.87252579809231 43.87252579809231 43.87252579809231
 1695680 512 39622.784 39622.784 39622.784 43.82267333865283 43.82267333865283 43.82267333865283 43.82267333865283 43.82267333865283 43.82267333865283
 1865248 512 43584.108 43584.108 43584.108 43.82363296273036 43.82363296273036 43.82363296273036 43.82363296273036 43.82363296273036 43.82363296273036
 2051744 512 47947.884 47947.884 47947.884 43.8181141841421 43.8181141841421 43.8181141841421 43.8181141841421 43.8181141841421 43.8181141841421
 2256896 256 26360.989 26360.989 26360.989 43.834878577582955 43.834878577582955 43.834878577582955 43.834878577582955 43.834878577582955 43.834878577582955
 2482560 256 28980.017 28980.017 28980.017 43.86024756300177 43.86024756300177 43.86024756300177 43.86024756300177 43.86024756300177 43.86024756300177
 2730816 256 31880.14 31880.14 31880.14 43.85732910834143 43.85732910834143 43.85732910834143 43.85732910834143 43.85732910834143 43.85732910834143
 3003872 256 35053.968 35053.968 35053.968 43.87470382810871 43.87470382810871 43.87470382810871 43.87470382810871 43.87470382810871 43.87470382810871
 3304256 256 38571.119 38571.119 38571.119 43.86129093117574 43.86129093117574 43.86129093117574 43.86129093117574 43.86129093117574 43.86129093117574
 3634656 256 42415.857 42415.857 42415.857 43.87377748845202 43.87377748845202 43.87377748845202 43.87377748845202 43.87377748845202 43.87377748845202
 3998112 256 46667.814 46667.814 46667.814 43.86392180272253 43.86392180272253 43.86392180272253 43.86392180272253 43.86392180272253 43.86392180272253
 4397920 128 25632.858 25632.858 25632.858 43.92282436862873 43.92282436862873 43.92282436862873 43.92282436862873 43.92282436862873 43.92282436862873
 4837696 128 28264.999 28264.999 28264.999 43.81568087088912 43.81568087088912 43.81568087088912 43.81568087088912 43.81568087088912 43.81568087088912
 5321440 128 31147.003 31147.003 31147.003 43.737390721027 43.737390721027 43.737390721027 43.737390721027 43.737390721027 43.737390721027
 5853568 128 34232.14 34232.14 34232.14 43.77504321961759 43.77504321961759 43.77504321961759 43.77504321961759 43.77504321961759 43.77504321961759
 6438912 128 37620.068 37620.068 37620.068 43.81601521826064 43.81601521826064 43.81601521826064 43.81601521826064 43.81601521826064 43.81601521826064
 7082784 128 42390.108 42390.108 42390.108 42.77395811305788 42.77395811305788 42.77395811305788 42.77395811305788 42.77395811305788 42.77395811305788
 7791040 128 43549.061 43549.061 43549.061 45.79906418648154 45.79906418648154 45.79906418648154 45.79906418648154 45.79906418648154 45.79906418648154
 8570144 64 23959.16 23959.16 23959.16 45.78534606388538 45.78534606388538 45.78534606388538 45.78534606388538 45.78534606388538 45.78534606388538
 9427136 64 27169.943 27169.943 27169.943 44.41206991122506 44.41206991122506 44.41206991122506 44.41206991122506 44.41206991122506 44.41206991122506
 10369824 64 30266.047 30266.047 30266.047 43.85566017260199 43.85566017260199 43.85566017260199 43.85566017260199 43.85566017260199 43.85566017260199
 11406784 64 33333.063 33333.063 33333.063 43.802405797511014 43.802405797511014 43.802405797511014 43.802405797511014 43.802405797511014 43.802405797511014
 12547456 64 36730.051 36730.051 36730.051 43.72643991155907 43.72643991155907 43.72643991155907 43.72643991155907 43.72643991155907 43.72643991155907
 13802176 64 40361.166 40361.166 40361.166 43.771741579517304 43.771741579517304 43.771741579517304 43.771741579517304 43.771741579517304 43.771741579517304
 15182368 64 44430.017 44430.017 44430.017 43.73941842065916 43.73941842065916 43.73941842065916 43.73941842065916 43.73941842065916 43.73941842065916
 16700576 64 48771.858 48771.858 48771.858 43.83006544470789 43.83006544470789 43.83006544470789 43.83006544470789 43.83006544470789 43.83006544470789
 18370624 32 25754.929 25754.929 25754.929 45.650288377809154 45.650288377809154 45.650288377809154 45.650288377809154 45.650288377809154 45.650288377809154
 20207680 32 28107.882 28107.882 28107.882 46.01170305183435 46.01170305183435 46.01170305183435 46.01170305183435 46.01170305183435 46.01170305183435
 22228448 32 31018.019 31018.019 31018.019 45.864330407431886 45.864330407431886 45.864330407431886 45.864330407431886 45.864330407431886 45.864330407431886
 24451264 32 34119.129 34119.129 34119.129 45.86520646526469 45.86520646526469 45.86520646526469 45.86520646526469 45.86520646526469 45.86520646526469
 26896384 32 39916.992 39916.992 39916.992 43.12370471201838 43.12370471201838 43.12370471201838 43.12370471201838 43.12370471201838 43.12370471201838
 29586016 32 41152.954 41152.954 41152.954 46.01139991068442 46.01139991068442 46.01139991068442 46.01139991068442 46.01139991068442 46.01139991068442
 32544608 32 45763.016 45763.016 45763.016 45.51393448368875 45.51393448368875 45.51393448368875 45.51393448368875 45.51393448368875 45.51393448368875
 35799040 16 25730.133 25730.133 25730.133 44.522477983304626 44.522477983304626 44.522477983304626 44.522477983304626 44.522477983304626 44.522477983304626
 39378944 16 27511.12 27511.12 27511.12 45.804249627059896 45.804249627059896 45.804249627059896 45.804249627059896 45.804249627059896 45.804249627059896
 43316832 16 30205.965 30205.965 30205.965 45.889565984731824 45.889565984731824 45.889565984731824 45.889565984731824 45.889565984731824 45.889565984731824
 47648512 16 33267.975 33267.975 33267.975 45.83243747177278 45.83243747177278 45.83243747177278 45.83243747177278 45.83243747177278 45.83243747177278
 52413344 16 36949.873 36949.873 36949.873 45.39195596152658 45.39195596152658 45.39195596152658 45.39195596152658 45.39195596152658 45.39195596152658
 57654656 16 42191.982 42191.982 42191.982 43.7274786474833 43.7274786474833 43.7274786474833 43.7274786474833 43.7274786474833 43.7274786474833
 63420096 16 47839.165 47839.165 47839.165 42.4222093341303 42.4222093341303 42.4222093341303 42.4222093341303 42.4222093341303 42.4222093341303
 69762080 8 28321.028 28321.028 28321.028 39.41217388012893 39.41217388012893 39.41217388012893 39.41217388012893 39.41217388012893 39.41217388012893
 76738272 8 31754.971 31754.971 31754.971 38.66520148924085 38.66520148924085 38.66520148924085 38.66520148924085 38.66520148924085 38.66520148924085
 84412096 8 35263.062 35263.062 35263.062 38.30051786200529 38.30051786200529 38.30051786200529 38.30051786200529 38.30051786200529 38.30051786200529
 92853280 8 38872.004 38872.004 38872.004 38.219086414994194 38.219086414994194 38.219086414994194 38.219086414994194 38.219086414994194 38.219086414994194
 102138592 8 42114.019 42114.019 42114.019 38.80459549586089 38.80459549586089 38.80459549586089 38.80459549586089 38.80459549586089 38.80459549586089
 112352448 8 47075.987 47075.987 47075.987 38.18590501352632 38.18590501352632 38.18590501352632 38.18590501352632 38.18590501352632 38.18590501352632
 123587680 8 51758.051 51758.051 51758.051 38.20473997369028 38.20473997369028 38.20473997369028 38.20473997369028 38.20473997369028 38.20473997369028
 135946432 4 28549.91 28549.91 28549.91 38.093691223545015 38.093691223545015 38.093691223545015 38.093691223545015 38.093691223545015 38.093691223545015
 149541056 4 31363.964 31363.964 31363.964 38.14340712800206 38.14340712800206 38.14340712800206 38.14340712800206 38.14340712800206 38.14340712800206
 164495136 4 34456.968 34456.968 34456.968 38.19143599634187 38.19143599634187 38.19143599634187 38.19143599634187 38.19143599634187 38.19143599634187
 180944640 4 38028.002 38028.002 38028.002 38.065558111625215 38.065558111625215 38.065558111625215 38.065558111625215 38.065558111625215 38.065558111625215
 199039104 4 39927.959 39927.959 39927.959 39.87964503770402 39.87964503770402 39.87964503770402 39.87964503770402 39.87964503770402 39.87964503770402
 218943008 4 45528.173 45528.173 45528.173 38.4716527939744 38.4716527939744 38.4716527939744 38.4716527939744 38.4716527939744 38.4716527939744
 240837280 4 50055.981 50055.981 50055.981 38.49086965251964 38.49086965251964 38.49086965251964 38.49086965251964 38.49086965251964 38.49086965251964
 264920992 4 54639.816 54639.816 54639.816 38.78797717766839 38.78797717766839 38.78797717766839 38.78797717766839 38.78797717766839 38.78797717766839
 291413088 2 28963.089 28963.089 28963.089 40.24613369105761 40.24613369105761 40.24613369105761 40.24613369105761 40.24613369105761 40.24613369105761
 320554368 2 32112.122 32112.122 32112.122 39.92939090104353 39.92939090104353 39.92939090104353 39.92939090104353 39.92939090104353 39.92939090104353
 352609792 2 35343.885 35343.885 35343.885 39.90617239729021 39.90617239729021 39.90617239729021 39.90617239729021 39.90617239729021 39.90617239729021
 387870752 2 39110.899 39110.899 39110.899 39.668814772066476 39.668814772066476 39.668814772066476 39.668814772066476 39.668814772066476 39.668814772066476
 426657824 2 42788.029 42788.029 42788.029 39.88571887711864 39.88571887711864 39.88571887711864 39.88571887711864 39.88571887711864 39.88571887711864
 469323584 2 47080.994 47080.994 47080.994 39.87371923371032 39.87371923371032 39.87371923371032 39.87371923371032 39.87371923371032 39.87371923371032
 516255936 2 51774.025 51774.025 51774.025 39.88532365409102 39.88532365409102 39.88532365409102 39.88532365409102 39.88532365409102 39.88532365409102
 567881504 1 28392.076 28392.076 28392.076 40.00281656050794 40.00281656050794 40.00281656050794 40.00281656050794 40.00281656050794 40.00281656050794
 624669632 1 31122.923 31122.923 31122.923 40.142092823350815 40.142092823350815 40.142092823350815 40.142092823350815 40.142092823350815 40.142092823350815
 687136576 1 34461.975 34461.975 34461.975 39.877956849542144 39.877956849542144 39.877956849542144 39.877956849542144 39.877956849542144 39.877956849542144
 755850208 1 37883.997 37883.997 37883.997 39.903403434436974 39.903403434436974 39.903403434436974 39.903403434436974 39.903403434436974 39.903403434436974
 831435200 1 41784.048 41784.048 41784.048 39.796776032805624 39.796776032805624 39.796776032805624 39.796776032805624 39.796776032805624 39.796776032805624
 914578720 1 45707.941 45707.941 45707.941 40.01837317502444 40.01837317502444 40.01837317502444 40.01837317502444 40.01837317502444 40.01837317502444
 1006036576 1 50310.135 50310.135 50310.135 39.99339600261459 39.99339600261459 39.99339600261459 39.99339600261459 39.99339600261459 39.99339600261459
 
META_DATA
 MPI startup(): shm:tmi fabric is unknown or has been removed from the product, please use ofi or shm:ofi instead
 FLOPS          16
 MPI_PROCS      4
 OPENMP_THREADS 1
 ERT_VERSION  1.1.0
 HOSTNAME  ('shas0420.rc.int.colorado.edu', [], ['10.225.6.135'])
 UNAME  uname_result(system='Linux', node='shas0420.rc.int.colorado.edu', release='3.10.0-957.27.2.el7.x86_64', version='#1 SMP Mon Jul 29 17:46:05 UTC 2019', machine='x86_64', processor='x86_64')
 TIMESTAMP_DATA  1664555752.053831
 CONFIG  {'ERT_RESULTS': ['lab5_results'], 'ERT_DRIVER': ['driver1'], 'ERT_KERNEL': ['kernel1'], 'ERT_MPI': ['True'], 'ERT_MPI_CFLAGS': ['-I/usr/include/mpi'], 'ERT_MPI_LDFLAGS': ['-lmpi'], 'ERT_OPENMP': ['True'], 'ERT_OPENMP_CFLAGS': ['-qopenmp'], 'ERT_OPENMP_LDFLAGS': ['-qopenmp'], 'ERT_FLOPS': ['1,2,4,8,16'], 'ERT_ALIGN': ['32'], 'ERT_CC': ['mpicc'], 'ERT_CFLAGS': ['-O3', '-msse3', '-axSSE3', '-xSSE3', '-fno-alias', '-fno-fnalias', '-DERT_INTEL', '-std=c++11'], 'ERT_LD': ['mpicc'], 'ERT_LDFLAGS': [], 'ERT_LDLIBS': [], 'ERT_PRECISION': ['FP64'], 'ERT_RUN': ['export', 'OMP_NUM_THREADS=ERT_OPENMP_THREADS;', 'mpirun', '-np', 'ERT_MPI_PROCS', 'ERT_CODE'], 'ERT_PROCS_THREADS': ['1-24'], 'ERT_MPI_PROCS': ['1,2,4,8,12,24'], 'ERT_OPENMP_THREADS': ['1,2,4,8,12,24'], 'ERT_NUM_EXPERIMENTS': ['1'], 'ERT_MEMORY_MAX': ['1073741824'], 'ERT_WORKING_SET_MIN': ['1'], 'ERT_TRIALS_MIN': ['1'], 'ERT_GNUPLOT': ['gnuplot'], 'ERT_GPU': [False], 'ERT_HIP': [False], 'ERT_OCL': [False], 'ERT_SYCL': [False], 'ERT_WSS_MULT': [1.1]}
 