fp64
 32 33554432 340210.915 340210.915 340210.915 6.312212669602326 6.312212669602326 6.312212669602326 3.156106334801163 3.156106334801163 3.156106334801163
 64 16777216 176471.949 176471.949 176471.949 12.168980170327242 12.168980170327242 12.168980170327242 6.084490085163621 6.084490085163621 6.084490085163621
 96 8388608 87689.877 87689.877 87689.877 18.367145571432378 18.367145571432378 18.367145571432378 9.183572785716189 9.183572785716189 9.183572785716189
 128 8388608 88582.039 88582.039 88582.039 24.24287894298753 24.24287894298753 24.24287894298753 12.121439471493765 12.121439471493765 12.121439471493765
 160 4194304 44095.993 44095.993 44095.993 30.437624570559052 30.437624570559052 30.437624570559052 15.218812285279526 15.218812285279526 15.218812285279526
 192 4194304 43884.993 43884.993 43884.993 36.70076319711387 36.70076319711387 36.70076319711387 18.350381598556936 18.350381598556936 18.350381598556936
 224 4194304 44384.003 44384.003 44384.003 42.33615863805705 42.33615863805705 42.33615863805705 21.168079319028525 21.168079319028525 21.168079319028525
 256 4194304 45014.858 45014.858 45014.858 47.70610734793388 47.70610734793388 47.70610734793388 23.85305367396694 23.85305367396694 23.85305367396694
 288 2097152 23834.944 23834.944 23834.944 50.680192577754745 50.680192577754745 50.680192577754745 25.340096288877373 25.340096288877373 25.340096288877373
 320 2097152 23795.128 23795.128 23795.128 56.405549909208304 56.405549909208304 56.405549909208304 28.202774954604152 28.202774954604152 28.202774954604152
 352 2097152 24487.019 24487.019 24487.019 60.292966163010696 60.292966163010696 60.292966163010696 30.146483081505348 30.146483081505348 30.146483081505348
 384 2097152 24314.165 24314.165 24314.165 66.24174574779762 66.24174574779762 66.24174574779762 33.12087287389881 33.12087287389881 33.12087287389881
 416 2097152 24731.874 24731.874 24731.874 70.5498687240603 70.5498687240603 70.5498687240603 35.27493436203015 35.27493436203015 35.27493436203015
 448 2097152 24800.062 24800.062 24800.062 75.76788283835741 75.76788283835741 75.76788283835741 37.883941419178704 37.883941419178704 37.883941419178704
 480 2097152 28205.872 28205.872 28205.872 71.37754578195631 71.37754578195631 71.37754578195631 35.68877289097816 35.68877289097816 35.68877289097816
 512 2097152 23930.073 23930.073 23930.073 89.73995390653427 89.73995390653427 89.73995390653427 44.869976953267134 44.869976953267134 44.869976953267134
 544 1048576 13008.833 13008.833 13008.833 87.69815770561432 87.69815770561432 87.69815770561432 43.84907885280716 43.84907885280716 43.84907885280716
 576 1048576 13165.951 13165.951 13165.951 91.74875039410371 91.74875039410371 91.74875039410371 45.874375197051855 45.874375197051855 45.874375197051855
 608 1048576 15326.977 15326.977 15326.977 83.19112216322893 83.19112216322893 83.19112216322893 41.59556108161446 41.59556108161446 41.59556108161446
 640 1048576 15515.089 15515.089 15515.089 86.50786856588448 86.50786856588448 86.50786856588448 43.25393428294224 43.25393428294224 43.25393428294224
 704 1048576 17056.942 17056.942 17056.942 86.55684049344836 86.55684049344836 86.55684049344836 43.27842024672418 43.27842024672418 43.27842024672418
 768 1048576 19193.888 19193.888 19193.888 83.9127922388627 83.9127922388627 83.9127922388627 41.95639611943135 41.95639611943135 41.95639611943135
 832 1048576 20451.069 20451.069 20451.069 85.31732321669837 85.31732321669837 85.31732321669837 42.658661608349185 42.658661608349185 42.658661608349185
 896 1048576 22269.964 22269.964 22269.964 84.3758971500807 84.3758971500807 84.3758971500807 42.18794857504035 42.18794857504035 42.18794857504035
 960 1048576 23571.968 23571.968 23571.968 85.4093268750407 85.4093268750407 85.4093268750407 42.70466343752035 42.70466343752035 42.70466343752035
 1056 524288 11763.096 11763.096 11763.096 94.13306292833111 94.13306292833111 94.13306292833111 47.06653146416556 47.06653146416556 47.06653146416556
 1152 524288 13109.922 13109.922 13109.922 92.1408649113244 92.1408649113244 92.1408649113244 46.0704324556622 46.0704324556622 46.0704324556622
 1248 524288 14984.846 14984.846 14984.846 87.32974953496353 87.32974953496353 87.32974953496353 43.66487476748176 43.66487476748176 43.66487476748176
 1344 524288 15653.133 15653.133 15653.133 90.03220914305143 90.03220914305143 90.03220914305143 45.016104571525716 45.016104571525716 45.016104571525716
 1472 524288 17168.045 17168.045 17168.045 89.90562827625394 89.90562827625394 89.90562827625394 44.95281413812697 44.95281413812697 44.95281413812697
 1600 524288 18372.059 18372.059 18372.059 91.31919291136612 91.31919291136612 91.31919291136612 45.65959645568306 45.65959645568306 45.65959645568306
 1760 524288 20087.004 20087.004 20087.004 91.87501331706808 91.87501331706808 91.87501331706808 45.93750665853404 45.93750665853404 45.93750665853404
 1920 524288 21333.933 21333.933 21333.933 94.36918734112457 94.36918734112457 94.36918734112457 47.184593670562286 47.184593670562286 47.184593670562286
 2112 262144 12216.091 12216.091 12216.091 90.64243676639278 90.64243676639278 90.64243676639278 45.32121838319639 45.32121838319639 45.32121838319639
 2304 262144 13782.024 13782.024 13782.024 87.6474712277384 87.6474712277384 87.6474712277384 43.8237356138692 43.8237356138692 43.8237356138692
 2528 262144 15455.961 15455.961 15455.961 85.75332611152423 85.75332611152423 85.75332611152423 42.876663055762116 42.876663055762116 42.876663055762116
 2752 262144 16124.01 16124.01 16124.01 89.48397923345371 89.48397923345371 89.48397923345371 44.741989616726855 44.741989616726855 44.741989616726855
 3008 262144 17904.997 17904.997 17904.997 88.07922749163265 88.07922749163265 88.07922749163265 44.039613745816325 44.039613745816325 44.039613745816325
 3296 262144 19529.104 19529.104 19529.104 88.48604871990031 88.48604871990031 88.48604871990031 44.243024359950155 44.243024359950155 44.243024359950155
 3616 262144 20605.087 20605.087 20605.087 92.00763908446491 92.00763908446491 92.00763908446491 46.003819542232456 46.003819542232456 46.003819542232456
 3968 262144 23078.918 23078.918 23078.918 90.14178151679381 90.14178151679381 90.14178151679381 45.07089075839691 45.07089075839691 45.07089075839691
 4352 131072 12567.043 12567.043 12567.043 90.78115575796151 90.78115575796151 90.78115575796151 45.39057787898076 45.39057787898076 45.39057787898076
 4768 131072 13732.195 13732.195 13732.195 91.0198691469208 91.0198691469208 91.0198691469208 45.5099345734604 45.5099345734604 45.5099345734604
 5216 131072 14475.822 14475.822 14475.822 94.45702661997363 94.45702661997363 94.45702661997363 47.228513309986816 47.228513309986816 47.228513309986816
 5728 131072 16310.215 16310.215 16310.215 92.06260199513005 92.06260199513005 92.06260199513005 46.031300997565026 46.031300997565026 46.031300997565026
 6272 131072 16123.056 16123.056 16123.056 101.97614943469775 101.97614943469775 101.97614943469775 50.98807471734887 50.98807471734887 50.98807471734887
 6880 131072 18023.968 18023.968 18023.968 100.06402141859107 100.06402141859107 100.06402141859107 50.032010709295534 50.032010709295534 50.032010709295534
 7552 131072 19628.048 19628.048 19628.048 100.86135350800039 100.86135350800039 100.86135350800039 50.430676754000196 50.430676754000196 50.430676754000196
 8288 65536 10835.171 10835.171 10835.171 100.25912244486034 100.25912244486034 100.25912244486034 50.12956122243017 50.12956122243017 50.12956122243017
 9088 65536 13219.118 13219.118 13219.118 90.11057590982999 90.11057590982999 90.11057590982999 45.055287954914995 45.055287954914995 45.055287954914995
 9984 65536 14113.903 14113.903 14113.903 92.71870778763322 92.71870778763322 92.71870778763322 46.35935389381661 46.35935389381661 46.35935389381661
 10976 65536 15182.972 15182.972 15182.972 94.75393038991312 94.75393038991312 94.75393038991312 47.37696519495656 47.37696519495656 47.37696519495656
 12064 65536 16647.816 16647.816 16647.816 94.98258558359848 94.98258558359848 94.98258558359848 47.49129279179924 47.49129279179924 47.49129279179924
 13248 65536 17111.063 17111.063 17111.063 101.48065353975963 101.48065353975963 101.48065353975963 50.740326769879815 50.740326769879815 50.740326769879815
 14560 65536 19948.006 19948.006 19948.006 95.66912702953869 95.66912702953869 95.66912702953869 47.83456351476934 47.83456351476934 47.83456351476934
 16000 65536 21630.049 21630.049 21630.049 96.95549002223713 96.95549002223713 96.95549002223713 48.477745011118564 48.477745011118564 48.477745011118564
 17600 32768 11919.975 11919.975 11919.975 96.76476670462816 96.76476670462816 96.76476670462816 48.38238335231408 48.38238335231408 48.38238335231408
 19360 32768 12567.043 12567.043 12567.043 100.96066035582118 100.96066035582118 100.96066035582118 50.48033017791059 50.48033017791059 50.48033017791059
 21280 32768 13821.125 13821.125 13821.125 100.90394812289159 100.90394812289159 100.90394812289159 50.451974061445796 50.451974061445796 50.451974061445796
 23392 32768 14963.15 14963.15 14963.15 102.45290009122411 102.45290009122411 102.45290009122411 51.226450045612054 51.226450045612054 51.226450045612054
 25728 32768 16536.951 16536.951 16536.951 101.96016230561486 101.96016230561486 101.96016230561486 50.98008115280743 50.98008115280743 50.98008115280743
 28288 32768 17988.92 17988.92 17988.92 103.056902137538 103.056902137538 103.056902137538 51.528451068769 51.528451068769 51.528451068769
 31104 32768 19905.09 19905.09 19905.09 102.40756228683216 102.40756228683216 102.40756228683216 51.20378114341608 51.20378114341608 51.20378114341608
 34208 16384 11090.04 11090.04 11090.04 101.07517592362156 101.07517592362156 101.07517592362156 50.53758796181078 50.53758796181078 50.53758796181078
 37600 16384 13079.882 13079.882 13079.882 94.19632378946538 94.19632378946538 94.19632378946538 47.09816189473269 47.09816189473269 47.09816189473269
 41344 16384 14475.822 14475.822 14475.822 93.58779017868555 93.58779017868555 93.58779017868555 46.793895089342776 46.793895089342776 46.793895089342776
 45472 16384 15787.84 15787.84 15787.84 94.37810973508725 94.37810973508725 94.37810973508725 47.189054867543625 47.189054867543625 47.189054867543625
 50016 16384 17441.034 17441.034 17441.034 93.96944516018947 93.96944516018947 93.96944516018947 46.98472258009473 46.98472258009473 46.98472258009473
 55008 16384 19141.912 19141.912 19141.912 94.16520899270668 94.16520899270668 94.16520899270668 47.08260449635334 47.08260449635334 47.08260449635334
 60480 16384 20975.113 20975.113 20975.113 94.48381231605283 94.48381231605283 94.48381231605283 47.24190615802642 47.24190615802642 47.24190615802642
 66528 8192 11244.059 11244.059 11244.059 96.93961513364525 96.93961513364525 96.93961513364525 48.469807566822624 48.469807566822624 48.469807566822624
 73152 8192 12326.002 12326.002 12326.002 97.23528910671926 97.23528910671926 97.23528910671926 48.61764455335963 48.61764455335963 48.61764455335963
 80448 8192 13530.97 13530.97 13530.97 97.4106092911299 97.4106092911299 97.4106092911299 48.70530464556495 48.70530464556495 48.70530464556495
 88480 8192 15459.061 15459.061 15459.061 93.77389221764506 93.77389221764506 93.77389221764506 46.88694610882253 46.88694610882253 46.88694610882253
 97312 8192 16427.994 16427.994 16427.994 97.05139945875317 97.05139945875317 97.05139945875317 48.52569972937658 48.52569972937658 48.52569972937658
 107040 8192 18043.041 18043.041 18043.041 97.1977705975395 97.1977705975395 97.1977705975395 48.59888529876975 48.59888529876975 48.59888529876975
 117728 8192 19836.903 19836.903 19836.903 97.235720313801 97.235720313801 97.235720313801 48.6178601569005 48.6178601569005 48.6178601569005
 129472 8192 21883.965 21883.965 21883.965 96.93258273809155 96.93258273809155 96.93258273809155 48.46629136904578 48.46629136904578 48.46629136904578
 142400 4096 12054.92 12054.92 12054.92 96.76885454237771 96.76885454237771 96.76885454237771 48.384427271188855 48.384427271188855 48.384427271188855
 156640 4096 13295.889 13295.889 13295.889 96.51064926910867 96.51064926910867 96.51064926910867 48.255324634554334 48.255324634554334 48.255324634554334
 172288 4096 14590.979 14590.979 14590.979 96.72985589246616 96.72985589246616 96.72985589246616 48.36492794623308 48.36492794623308 48.36492794623308
 189504 4096 16011.953 16011.953 16011.953 96.95361758806062 96.95361758806062 96.95361758806062 48.47680879403031 48.47680879403031 48.47680879403031
 208448 4096 17601.013 17601.013 17601.013 97.01748507316029 97.01748507316029 97.01748507316029 48.508742536580144 48.508742536580144 48.508742536580144
 229280 4096 19341.946 19341.946 19341.946 97.10821031141334 97.10821031141334 97.10821031141334 48.55410515570667 48.55410515570667 48.55410515570667
 252192 4096 21250.01 21250.01 21250.01 97.22145373108059 97.22145373108059 97.22145373108059 48.61072686554029 48.61072686554029 48.61072686554029
 277408 2048 11703.968 11703.968 11703.968 97.08358464411386 97.08358464411386 97.08358464411386 48.54179232205693 48.54179232205693 48.54179232205693
 305120 2048 12900.829 12900.829 12900.829 96.8752876268649 96.8752876268649 96.8752876268649 48.43764381343245 48.43764381343245 48.43764381343245
 335616 2048 14140.844 14140.844 14140.844 97.21365542254763 97.21365542254763 97.21365542254763 48.606827711273816 48.606827711273816 48.606827711273816
 369152 2048 15583.992 15583.992 15583.992 97.02562680987002 97.02562680987002 97.02562680987002 48.51281340493501 48.51281340493501 48.51281340493501
 406048 2048 17092.943 17092.943 17092.943 97.30171147238951 97.30171147238951 97.30171147238951 48.65085573619476 48.65085573619476 48.65085573619476
 446624 2048 18785.954 18785.954 18785.954 97.37977129082718 97.37977129082718 97.37977129082718 48.68988564541359 48.68988564541359 48.68988564541359
 491264 2048 20660.877 20660.877 20660.877 97.39263943152075 97.39263943152075 97.39263943152075 48.696319715760374 48.696319715760374 48.696319715760374
 540384 1024 11430.025 11430.025 11430.025 96.82449793416899 96.82449793416899 96.82449793416899 48.412248967084494 48.412248967084494 48.412248967084494
 594400 1024 12562.037 12562.037 12562.037 96.90555759388387 96.90555759388387 96.90555759388387 48.452778796941935 48.452778796941935 48.452778796941935
 653824 1024 13767.958 13767.958 13767.958 97.25709157450945 97.25709157450945 97.25709157450945 48.62854578725472 48.62854578725472 48.62854578725472
 719200 1024 15166.998 15166.998 15166.998 97.11358833171865 97.11358833171865 97.11358833171865 48.55679416585932 48.55679416585932 48.55679416585932
 791104 1024 16660.929 16660.929 16660.929 97.24433685540583 97.24433685540583 97.24433685540583 48.62216842770292 48.62216842770292 48.62216842770292
 870208 1024 18352.032 18352.032 18352.032 97.11109832415288 97.11109832415288 97.11109832415288 48.55554916207644 48.55554916207644 48.55554916207644
 957216 1024 20134.926 20134.926 20134.926 97.362084568873 97.362084568873 97.362084568873 48.6810422844365 48.6810422844365 48.6810422844365
 1052928 512 11181.116 11181.116 11181.116 96.430291216011 96.430291216011 96.430291216011 48.2151456080055 48.2151456080055 48.2151456080055
 1158208 512 13041.973 13041.973 13041.973 90.93754388235584 90.93754388235584 90.93754388235584 45.46877194117792 45.46877194117792 45.46877194117792
 1274016 512 14123.917 14123.917 14123.917 92.36760482237328 92.36760482237328 92.36760482237328 46.18380241118664 46.18380241118664 46.18380241118664
 1401408 512 14969.11 14969.11 14969.11 95.86687465053032 95.86687465053032 95.86687465053032 47.93343732526516 47.93343732526516 47.93343732526516
 1541536 512 17127.037 17127.037 17127.037 92.16613848618415 92.16613848618415 92.16613848618415 46.083069243092076 46.083069243092076 46.083069243092076
 1695680 512 18864.155 18864.155 18864.155 92.04633443692548 92.04633443692548 92.04633443692548 46.02316721846274 46.02316721846274 46.02316721846274
 1865248 512 20714.998 20714.998 20714.998 92.20439953699247 92.20439953699247 92.20439953699247 46.102199768496234 46.102199768496234 46.102199768496234
 2051744 512 22803.068 22803.068 22803.068 92.136104492606 92.136104492606 92.136104492606 46.068052246303 46.068052246303 46.068052246303
 2256896 256 12911.081 12911.081 12911.081 89.49914821229919 89.49914821229919 89.49914821229919 44.749574106149595 44.749574106149595 44.749574106149595
 2482560 256 14057.875 14057.875 14057.875 90.41698834283275 90.41698834283275 90.41698834283275 45.208494171416376 45.208494171416376 45.208494171416376
 2730816 256 15290.022 15290.022 15290.022 91.44380511682716 91.44380511682716 91.44380511682716 45.72190255841358 45.72190255841358 45.72190255841358
 3003872 256 16704.082 16704.082 16704.082 92.07225299780018 92.07225299780018 92.07225299780018 46.03612649890009 46.03612649890009 46.03612649890009
 3304256 256 18812.18 18812.18 18812.18 89.92998536054833 89.92998536054833 89.92998536054833 44.964992680274165 44.964992680274165 44.964992680274165
 3634656 256 20696.878 20696.878 20696.878 89.91423112220113 89.91423112220113 89.91423112220113 44.957115561100565 44.957115561100565 44.957115561100565
 3998112 256 22745.132 22745.132 22745.132 89.99874540187324 89.99874540187324 89.99874540187324 44.99937270093662 44.99937270093662 44.99937270093662
 4397920 128 12244.94 12244.94 12244.94 91.94553178700751 91.94553178700751 91.94553178700751 45.972765893503755 45.972765893503755 45.972765893503755
 4837696 128 13494.015 13494.015 13494.015 91.77773820467814 91.77773820467814 91.77773820467814 45.88886910233907 45.88886910233907 45.88886910233907
 5321440 128 14807.94 14807.94 14807.94 91.99717448882154 91.99717448882154 91.99717448882154 45.99858724441077 45.99858724441077 45.99858724441077
 5853568 128 16540.051 16540.051 16540.051 90.59908025676583 90.59908025676583 90.59908025676583 45.299540128382915 45.299540128382915 45.299540128382915
 6438912 128 18503.189 18503.189 18503.189 89.0852637348081 89.0852637348081 89.0852637348081 44.54263186740405 44.54263186740405 44.54263186740405
 7082784 128 19689.083 19689.083 19689.083 92.09127230557156 92.09127230557156 92.09127230557156 46.04563615278578 46.04563615278578 46.04563615278578
 7791040 128 22146.94 22146.94 22146.94 90.0578698456762 90.0578698456762 90.0578698456762 45.0289349228381 45.0289349228381 45.0289349228381
 8570144 64 11953.831 11953.831 11953.831 91.76793883065605 91.76793883065605 91.76793883065605 45.883969415328025 45.883969415328025 45.883969415328025
 9427136 64 13224.84 13224.84 13224.84 91.24294947991808 91.24294947991808 91.24294947991808 45.62147473995904 45.62147473995904 45.62147473995904
 10369824 64 14456.987 14456.987 14456.987 91.81287027511334 91.81287027511334 91.81287027511334 45.90643513755667 45.90643513755667 45.90643513755667
 11406784 64 16137.123 16137.123 16137.123 90.47885127974794 90.47885127974794 90.47885127974794 45.23942563987397 45.23942563987397 45.23942563987397
 12547456 64 17801.046 17801.046 17801.046 90.22359517524983 90.22359517524983 90.22359517524983 45.11179758762491 45.11179758762491 45.11179758762491
 13802176 64 19415.855 19415.855 19415.855 90.99153902828384 90.99153902828384 90.99153902828384 45.49576951414192 45.49576951414192 45.49576951414192
 15182368 64 21240.95 21240.95 21240.95 91.49040433690583 91.49040433690583 91.49040433690583 45.74520216845291 45.74520216845291 45.74520216845291
 16700576 64 23319.006 23319.006 23319.006 91.67087688042965 91.67087688042965 91.67087688042965 45.83543844021482 45.83543844021482 45.83543844021482
 18370624 32 12895.107 12895.107 12895.107 91.175663451261 91.175663451261 91.175663451261 45.5878317256305 45.5878317256305 45.5878317256305
 20207680 32 14150.858 14150.858 14150.858 91.39315227387624 91.39315227387624 91.39315227387624 45.69657613693812 45.69657613693812 45.69657613693812
 22228448 32 15577.078 15577.078 15577.078 91.32782618152135 91.32782618152135 91.32782618152135 45.66391309076067 45.66391309076067 45.66391309076067
 24451264 32 17433.167 17433.167 17433.167 89.76457897753173 89.76457897753173 89.76457897753173 44.88228948876586 44.88228948876586 44.88228948876586
 26896384 32 18378.973 18378.973 18378.973 93.65967162583021 93.65967162583021 93.65967162583021 46.82983581291511 46.82983581291511 46.82983581291511
 29586016 32 20744.085 20744.085 20744.085 91.27927426059043 91.27927426059043 91.27927426059043 45.63963713029521 45.63963713029521 45.63963713029521
 32544608 32 22895.098 22895.098 22895.098 90.9738369322551 90.9738369322551 90.9738369322551 45.48691846612755 45.48691846612755 45.48691846612755
 35799040 16 12859.821 12859.821 12859.821 89.08127725883587 89.08127725883587 89.08127725883587 44.540638629417934 44.540638629417934 44.540638629417934
 39378944 16 14157.057 14157.057 14157.057 89.0104636860613 89.0104636860613 89.0104636860613 44.50523184303065 44.50523184303065 44.50523184303065
 43316832 16 15372.038 15372.038 15372.038 90.17272947152485 90.17272947152485 90.17272947152485 45.08636473576242 45.08636473576242 45.08636473576242
 47648512 16 16961.813 16961.813 16961.813 89.89324336967988 89.89324336967988 89.89324336967988 44.94662168483994 44.94662168483994 44.94662168483994
 52413344 16 18771.172 18771.172 18771.172 89.3512140850875 89.3512140850875 89.3512140850875 44.67560704254375 44.67560704254375 44.67560704254375
 57654656 16 22395.134 22395.134 22395.134 82.38169023681664 82.38169023681664 82.38169023681664 41.19084511840832 41.19084511840832 41.19084511840832
 63420096 16 29060.841 29060.841 29060.841 69.8342856629648 69.8342856629648 69.8342856629648 34.9171428314824 34.9171428314824 34.9171428314824
 69762080 8 17174.006 17174.006 17174.006 64.99318097361791 64.99318097361791 64.99318097361791 32.496590486808955 32.496590486808955 32.496590486808955
 76738272 8 19949.913 19949.913 19949.913 61.544747187619315 61.544747187619315 61.544747187619315 30.772373593809657 30.772373593809657 30.772373593809657
 84412096 8 22566.08 22566.08 22566.08 59.85060480154284 59.85060480154284 59.85060480154284 29.92530240077142 29.92530240077142 29.92530240077142
 92853280 8 25190.115 25190.115 25190.115 58.97759815705485 58.97759815705485 58.97759815705485 29.488799078527425 29.488799078527425 29.488799078527425
 102138592 8 27853.966 27853.966 27853.966 58.67090783409443 58.67090783409443 58.67090783409443 29.335453917047214 29.335453917047214 29.335453917047214
 112352448 8 30870.914 30870.914 30870.914 58.2308372210813 58.2308372210813 58.2308372210813 29.11541861054065 29.11541861054065 29.11541861054065
 123587680 8 34153.938 34153.938 34153.938 57.89677547578847 57.89677547578847 57.89677547578847 28.948387737894237 28.948387737894237 28.948387737894237
 135946432 4 18757.105 18757.105 18757.105 57.98183973486314 57.98183973486314 57.98183973486314 28.99091986743157 28.99091986743157 28.99091986743157
 149541056 4 20378.113 20378.113 20378.113 58.70653715582007 58.70653715582007 58.70653715582007 29.353268577910036 29.353268577910036 29.353268577910036
 164495136 4 22711.992 22711.992 22711.992 57.94124478381289 57.94124478381289 57.94124478381289 28.970622391906446 28.970622391906446 28.970622391906446
 180944640 4 24708.986 24708.986 24708.986 58.58423813911262 58.58423813911262 58.58423813911262 29.29211906955631 29.29211906955631 29.29211906955631
 199039104 4 27369.976 27369.976 27369.976 58.177355800385065 58.177355800385065 58.177355800385065 29.088677900192533 29.088677900192533 29.088677900192533
 218943008 4 30122.995 30122.995 30122.995 58.146411537099816 58.146411537099816 58.146411537099816 29.073205768549908 29.073205768549908 29.073205768549908
 240837280 4 32927.99 32927.99 32927.99 58.51247646758882 58.51247646758882 58.51247646758882 29.25623823379441 29.25623823379441 29.25623823379441
 264920992 4 36396.98 36396.98 36396.98 58.2292249521801 58.2292249521801 58.2292249521801 29.11461247609005 29.11461247609005 29.11461247609005
 291413088 2 19874.096 19874.096 19874.096 58.65184268003938 58.65184268003938 58.65184268003938 29.32592134001969 29.32592134001969 29.32592134001969
 320554368 2 22073.03 22073.03 22073.03 58.08978069617084 58.08978069617084 58.08978069617084 29.04489034808542 29.04489034808542 29.04489034808542
 352609792 2 23944.139 23944.139 23944.139 58.90540344758272 58.90540344758272 58.90540344758272 29.45270172379136 29.45270172379136 29.45270172379136
 387870752 2 26676.178 26676.178 26676.178 58.159868628856806 58.159868628856806 58.159868628856806 29.079934314428403 29.079934314428403 29.079934314428403
 426657824 2 29226.065 29226.065 29226.065 58.394152479986616 58.394152479986616 58.394152479986616 29.197076239993308 29.197076239993308 29.197076239993308
 469323584 2 32332.897 32332.897 32332.897 58.06143309707139 58.06143309707139 58.06143309707139 29.030716548535693 29.030716548535693 29.030716548535693
 516255936 2 33878.803 33878.803 33878.803 60.953267563792025 60.953267563792025 60.953267563792025 30.476633781896012 30.476633781896012 30.476633781896012
 567881504 1 18936.157 18936.157 18936.157 59.97853777828311 59.97853777828311 59.97853777828311 29.989268889141556 29.989268889141556 29.989268889141556
 624669632 1 20791.054 20791.054 20791.054 60.09023227009079 60.09023227009079 60.09023227009079 30.045116135045394 30.045116135045394 30.045116135045394
 687136576 1 23103.952 23103.952 23103.952 59.482167899240785 59.482167899240785 59.482167899240785 29.741083949620393 29.741083949620393 29.741083949620393
 755850208 1 24356.127 24356.127 24356.127 62.06653529109944 62.06653529109944 62.06653529109944 31.03326764554972 31.03326764554972 31.03326764554972
 831435200 1 27286.768 27286.768 27286.768 60.940540851155404 60.940540851155404 60.940540851155404 30.470270425577702 30.470270425577702 30.470270425577702
 914578720 1 30667.067 30667.067 30667.067 59.64565962568249 59.64565962568249 59.64565962568249 29.822829812841245 29.822829812841245 29.822829812841245
 1006036576 1 33888.102 33888.102 33888.102 59.37402903237249 59.37402903237249 59.37402903237249 29.687014516186245 29.687014516186245 29.687014516186245
 
META_DATA
 MPI startup(): shm:tmi fabric is unknown or has been removed from the product, please use ofi or shm:ofi instead
 FLOPS          8
 MPI_PROCS      1
 OPENMP_THREADS 4
 ERT_VERSION  1.1.0
 HOSTNAME  ('shas0420.rc.int.colorado.edu', [], ['10.225.6.135'])
 UNAME  uname_result(system='Linux', node='shas0420.rc.int.colorado.edu', release='3.10.0-957.27.2.el7.x86_64', version='#1 SMP Mon Jul 29 17:46:05 UTC 2019', machine='x86_64', processor='x86_64')
 TIMESTAMP_DATA  1664555304.6966615
 CONFIG  {'ERT_RESULTS': ['lab5_results'], 'ERT_DRIVER': ['driver1'], 'ERT_KERNEL': ['kernel1'], 'ERT_MPI': ['True'], 'ERT_MPI_CFLAGS': ['-I/usr/include/mpi'], 'ERT_MPI_LDFLAGS': ['-lmpi'], 'ERT_OPENMP': ['True'], 'ERT_OPENMP_CFLAGS': ['-qopenmp'], 'ERT_OPENMP_LDFLAGS': ['-qopenmp'], 'ERT_FLOPS': ['1,2,4,8,16'], 'ERT_ALIGN': ['32'], 'ERT_CC': ['mpicc'], 'ERT_CFLAGS': ['-O3', '-msse3', '-axSSE3', '-xSSE3', '-fno-alias', '-fno-fnalias', '-DERT_INTEL', '-std=c++11'], 'ERT_LD': ['mpicc'], 'ERT_LDFLAGS': [], 'ERT_LDLIBS': [], 'ERT_PRECISION': ['FP64'], 'ERT_RUN': ['export', 'OMP_NUM_THREADS=ERT_OPENMP_THREADS;', 'mpirun', '-np', 'ERT_MPI_PROCS', 'ERT_CODE'], 'ERT_PROCS_THREADS': ['1-24'], 'ERT_MPI_PROCS': ['1,2,4,8,12,24'], 'ERT_OPENMP_THREADS': ['1,2,4,8,12,24'], 'ERT_NUM_EXPERIMENTS': ['1'], 'ERT_MEMORY_MAX': ['1073741824'], 'ERT_WORKING_SET_MIN': ['1'], 'ERT_TRIALS_MIN': ['1'], 'ERT_GNUPLOT': ['gnuplot'], 'ERT_GPU': [False], 'ERT_HIP': [False], 'ERT_OCL': [False], 'ERT_SYCL': [False], 'ERT_WSS_MULT': [1.1]}
 