fp64
 96 8388608 189486.027 189486.027 189486.027 8.49990240177446 8.49990240177446 8.49990240177446 8.49990240177446 8.49990240177446 8.49990240177446
 192 4194304 96196.175 96196.175 96196.175 16.743001850125538 16.743001850125538 16.743001850125538 16.743001850125538 16.743001850125538 16.743001850125538
 288 2097152 48122.883 48122.883 48122.883 25.101562431328148 25.101562431328148 25.101562431328148 25.101562431328148 25.101562431328148 25.101562431328148
 384 2097152 48111.916 48111.916 48111.916 33.476379032587275 33.476379032587275 33.476379032587275 33.476379032587275 33.476379032587275 33.476379032587275
 480 2097152 49785.852 49785.852 49785.852 40.438514941955795 40.438514941955795 40.438514941955795 40.438514941955795 40.438514941955795 40.438514941955795
 576 1048576 24283.886 24283.886 24283.886 49.743255754042 49.743255754042 49.743255754042 49.743255754042 49.743255754042 49.743255754042
 672 1048576 24757.862 24757.862 24757.862 56.922772410638686 56.922772410638686 56.922772410638686 56.922772410638686 56.922772410638686 56.922772410638686
 768 1048576 24787.903 24787.903 24787.903 64.97575595644375 64.97575595644375 64.97575595644375 64.97575595644375 64.97575595644375 64.97575595644375
 864 1048576 25753.021 25753.021 25753.021 70.35832137907238 70.35832137907238 70.35832137907238 70.35832137907238 70.35832137907238 70.35832137907238
 960 1048576 25074.005 25074.005 25074.005 80.29295359875695 80.29295359875695 80.29295359875695 80.29295359875695 80.29295359875695 80.29295359875695
 1056 524288 14576.912 14576.912 14576.912 75.96233386055975 75.96233386055975 75.96233386055975 75.96233386055975 75.96233386055975 75.96233386055975
 1152 524288 14295.101 14295.101 14295.101 84.5016451440252 84.5016451440252 84.5016451440252 84.5016451440252 84.5016451440252 84.5016451440252
 1248 524288 16620.159 16620.159 16620.159 78.73708356219697 78.73708356219697 78.73708356219697 78.73708356219697 78.73708356219697 78.73708356219697
 1344 524288 16727.924 16727.924 16727.924 84.24752192800494 84.24752192800494 84.24752192800494 84.24752192800494 84.24752192800494 84.24752192800494
 1440 524288 18945.932 18945.932 18945.932 79.69781798013419 79.69781798013419 79.69781798013419 79.69781798013419 79.69781798013419 79.69781798013419
 1536 524288 13216.972 13216.972 13216.972 121.85943467232887 121.85943467232887 121.85943467232887 121.85943467232887 121.85943467232887 121.85943467232887
 1632 524288 15902.996 15902.996 15902.996 107.60714723188009 107.60714723188009 107.60714723188009 107.60714723188009 107.60714723188009 107.60714723188009
 1728 524288 16282.082 16282.082 16282.082 111.28425271411851 111.28425271411851 111.28425271411851 111.28425271411851 111.28425271411851 111.28425271411851
 1824 524288 19429.207 19429.207 19429.207 98.43956184109832 98.43956184109832 98.43956184109832 98.43956184109832 98.43956184109832 98.43956184109832
 1920 524288 19312.143 19312.143 19312.143 104.24870611200423 104.24870611200423 104.24870611200423 104.24870611200423 104.24870611200423 104.24870611200423
 2112 262144 10777.95 10777.95 10777.95 102.73718619960195 102.73718619960195 102.73718619960195 102.73718619960195 102.73718619960195 102.73718619960195
 2304 262144 11782.885 11782.885 11782.885 102.51814831427107 102.51814831427107 102.51814831427107 102.51814831427107 102.51814831427107 102.51814831427107
 2496 262144 12941.122 12941.122 12941.122 101.12128206503269 101.12128206503269 101.12128206503269 101.12128206503269 101.12128206503269 101.12128206503269
 2688 262144 14186.144 14186.144 14186.144 99.34243893196066 99.34243893196066 99.34243893196066 99.34243893196066 99.34243893196066 99.34243893196066
 2880 262144 16144.991 16144.991 16144.991 93.52432838147757 93.52432838147757 93.52432838147757 93.52432838147757 93.52432838147757 93.52432838147757
 3168 262144 14449.12 14449.12 14449.12 114.95124851894094 114.95124851894094 114.95124851894094 114.95124851894094 114.95124851894094 114.95124851894094
 3456 262144 16057.014 16057.014 16057.014 112.84410214751013 112.84410214751013 112.84410214751013 112.84410214751013 112.84410214751013 112.84410214751013
 3744 262144 18177.032 18177.032 18177.032 107.98981219816305 107.98981219816305 107.98981219816305 107.98981219816305 107.98981219816305 107.98981219816305
 4032 262144 19443.035 19443.035 19443.035 108.72424063424253 108.72424063424253 108.72424063424253 108.72424063424253 108.72424063424253 108.72424063424253
 4416 131072 10978.937 10978.937 10978.937 105.44080032520452 105.44080032520452 105.44080032520452 105.44080032520452 105.44080032520452 105.44080032520452
 4800 131072 10539.055 10539.055 10539.055 119.39317139914347 119.39317139914347 119.39317139914347 119.39317139914347 119.39317139914347 119.39317139914347
 5280 131072 12272.835 12272.835 12272.835 112.77918427160473 112.77918427160473 112.77918427160473 112.77918427160473 112.77918427160473 112.77918427160473
 5760 131072 13983.011 13983.011 13983.011 107.9845707051221 107.9845707051221 107.9845707051221 107.9845707051221 107.9845707051221 107.9845707051221
 6336 131072 13811.111 13811.111 13811.111 120.26146079051858 120.26146079051858 120.26146079051858 120.26146079051858 120.26146079051858 120.26146079051858
 6912 131072 15660.048 15660.048 15660.048 115.7045832809708 115.7045832809708 115.7045832809708 115.7045832809708 115.7045832809708 115.7045832809708
 7584 131072 18048.048 18048.048 18048.048 110.15596235116395 110.15596235116395 110.15596235116395 110.15596235116395 110.15596235116395 110.15596235116395
 8256 65536 9176.016 9176.016 9176.016 117.93031224008328 117.93031224008328 117.93031224008328 117.93031224008328 117.93031224008328 117.93031224008328
 9024 65536 10309.935 10309.935 10309.935 114.7236842909291 114.7236842909291 114.7236842909291 114.7236842909291 114.7236842909291 114.7236842909291
 9888 65536 11060.953 11060.953 11060.953 117.1725380263346 117.1725380263346 117.1725380263346 117.1725380263346 117.1725380263346 117.1725380263346
 10848 65536 11723.042 11723.042 11723.042 121.28840415311998 121.28840415311998 121.28840415311998 121.28840415311998 121.28840415311998 121.28840415311998
 11904 65536 13247.967 13247.967 13247.967 117.77513395074126 117.77513395074126 117.77513395074126 117.77513395074126 117.77513395074126 117.77513395074126
 13056 65536 14319.897 14319.897 14319.897 119.50337575752114 119.50337575752114 119.50337575752114 119.50337575752114 119.50337575752114 119.50337575752114
 14304 65536 15708.923 15708.923 15708.923 119.34961346490782 119.34961346490782 119.34961346490782 119.34961346490782 119.34961346490782 119.34961346490782
 15648 65536 17092.943 17092.943 17092.943 119.99189700685248 119.99189700685248 119.99189700685248 119.99189700685248 119.99189700685248 119.99189700685248
 17184 32768 9349.823 9349.823 9349.823 120.44833618775456 120.44833618775456 120.44833618775456 120.44833618775456 120.44833618775456 120.44833618775456
 18816 32768 10169.029 10169.029 10169.029 121.26284387624422 121.26284387624422 121.26284387624422 121.26284387624422 121.26284387624422 121.26284387624422
 20640 32768 11209.011 11209.011 11209.011 120.67639508962922 120.67639508962922 120.67639508962922 120.67639508962922 120.67639508962922 120.67639508962922
 22656 32768 12346.983 12346.983 12346.983 120.25477122629877 120.25477122629877 120.25477122629877 120.25477122629877 120.25477122629877 120.25477122629877
 24864 32768 13428.926 13428.926 13428.926 121.34158040635567 121.34158040635567 121.34158040635567 121.34158040635567 121.34158040635567 121.34158040635567
 27264 32768 14756.918 14756.918 14756.918 121.08039795301431 121.08039795301431 121.08039795301431 121.08039795301431 121.08039795301431 121.08039795301431
 29952 32768 16085.148 16085.148 16085.148 122.03395778515684 122.03395778515684 122.03395778515684 122.03395778515684 122.03395778515684 122.03395778515684
 32928 16384 8865.118 8865.118 8865.118 121.71126250096164 121.71126250096164 121.71126250096164 121.71126250096164 121.71126250096164 121.71126250096164
 36192 16384 9747.982 9747.982 9747.982 121.65999649978836 121.65999649978836 121.65999649978836 121.65999649978836 121.65999649978836 121.65999649978836
 39744 16384 10725.975 10725.975 10725.975 121.41846237754608 121.41846237754608 121.41846237754608 121.41846237754608 121.41846237754608 121.41846237754608
 43680 16384 11725.903 11725.903 11725.903 122.06362614461334 122.06362614461334 122.06362614461334 122.06362614461334 122.06362614461334 122.06362614461334
 48000 16384 12780.905 12780.905 12780.905 123.06358587283138 123.06358587283138 123.06358587283138 123.06358587283138 123.06358587283138 123.06358587283138
 52800 16384 14095.068 14095.068 14095.068 122.74863803424007 122.74863803424007 122.74863803424007 122.74863803424007 122.74863803424007 122.74863803424007
 58080 16384 15665.054 15665.054 15665.054 121.49115094017549 121.49115094017549 121.49115094017549 121.49115094017549 121.49115094017549 121.49115094017549
 63840 16384 17159.939 17159.939 17159.939 121.9065592249483 121.9065592249483 121.9065592249483 121.9065592249483 121.9065592249483 121.9065592249483
 70176 8192 9402.037 9402.037 9402.037 122.2887746559602 122.2887746559602 122.2887746559602 122.2887746559602 122.2887746559602 122.2887746559602
 77184 8192 10277.987 10277.987 10277.987 123.03796998381104 123.03796998381104 123.03796998381104 123.03796998381104 123.03796998381104 123.03796998381104
 84864 8192 11274.099 11274.099 11274.099 123.32797290497449 123.32797290497449 123.32797290497449 123.32797290497449 123.32797290497449 123.32797290497449
 93312 8192 12453.079 12453.079 12453.079 122.76673166531747 122.76673166531747 122.76673166531747 122.76673166531747 122.76673166531747 122.76673166531747
 102624 8192 13724.804 13724.804 13724.804 122.50751384136342 122.50751384136342 122.50751384136342 122.50751384136342 122.50751384136342 122.50751384136342
 112800 8192 15022.039 15022.039 15022.039 123.0269206463916 123.0269206463916 123.0269206463916 123.0269206463916 123.0269206463916 123.0269206463916
 124032 8192 16563.177 16563.177 16563.177 122.69024764995267 122.69024764995267 122.69024764995267 122.69024764995267 122.69024764995267 122.69024764995267
 136416 4096 9103.06 9103.06 9103.06 122.76310075952482 122.76310075952482 122.76310075952482 122.76310075952482 122.76310075952482 122.76310075952482
 150048 4096 10028.839 10028.839 10028.839 122.56585393384022 122.56585393384022 122.56585393384022 122.56585393384022 122.56585393384022 122.56585393384022
 165024 4096 10993.004 10993.004 10993.004 122.97608624539752 122.97608624539752 122.97608624539752 122.97608624539752 122.97608624539752 122.97608624539752
 181440 4096 12077.093 12077.093 12077.093 123.07237180338016 123.07237180338016 123.07237180338016 123.07237180338016 123.07237180338016 123.07237180338016
 199584 4096 13361.931 13361.931 13361.931 122.36196459927834 122.36196459927834 122.36196459927834 122.36196459927834 122.36196459927834 122.36196459927834
 219456 4096 14686.823 14686.823 14686.823 122.40792661557916 122.40792661557916 122.40792661557916 122.40792661557916 122.40792661557916 122.40792661557916
 241344 4096 16098.976 16098.976 16098.976 122.80843502096033 122.80843502096033 122.80843502096033 122.80843502096033 122.80843502096033 122.80843502096033
 265440 2048 8860.111 8860.111 8860.111 122.71203374314383 122.71203374314383 122.71203374314383 122.71203374314383 122.71203374314383 122.71203374314383
 291936 2048 9747.028 9747.028 9747.028 122.68045767386737 122.68045767386737 122.68045767386737 122.68045767386737 122.68045767386737 122.68045767386737
 321120 2048 10719.061 10719.061 10719.061 122.70734535422459 122.70734535422459 122.70734535422459 122.70734535422459 122.70734535422459 122.70734535422459
 353184 2048 11793.852 11793.852 11793.852 122.66065946901826 122.66065946901826 122.66065946901826 122.66065946901826 122.66065946901826 122.66065946901826
 388416 2048 12979.984 12979.984 12979.984 122.56963768214197 122.56963768214197 122.56963768214197 122.56963768214197 122.56963768214197 122.56963768214197
 427200 2048 14217.138 14217.138 14217.138 123.0775983183113 123.0775983183113 123.0775983183113 123.0775983183113 123.0775983183113 123.0775983183113
 469920 2048 15671.968 15671.968 15671.968 122.81752489540558 122.81752489540558 122.81752489540558 122.81752489540558 122.81752489540558 122.81752489540558
 516864 2048 17208.099 17208.099 17208.099 123.02782219000485 123.02782219000485 123.02782219000485 123.02782219000485 123.02782219000485 123.02782219000485
 568512 1024 9478.092 9478.092 9478.092 122.8425062765797 122.8425062765797 122.8425062765797 122.8425062765797 122.8425062765797 122.8425062765797
 625344 1024 10426.044 10426.044 10426.044 122.83705228943978 122.83705228943978 122.83705228943978 122.83705228943978 122.83705228943978 122.83705228943978
 687840 1024 11471.033 11471.033 11471.033 122.80466109721766 122.80466109721766 122.80466109721766 122.80466109721766 122.80466109721766 122.80466109721766
 756576 1024 12601.852 12601.852 12601.852 122.95555034291785 122.95555034291785 122.95555034291785 122.95555034291785 122.95555034291785 122.95555034291785
 832224 1024 13864.994 13864.994 13864.994 122.92791125621835 122.92791125621835 122.92791125621835 122.92791125621835 122.92791125621835 122.92791125621835
 915360 1024 15282.154 15282.154 15282.154 122.66970218988763 122.66970218988763 122.66970218988763 122.66970218988763 122.66970218988763 122.66970218988763
 1006848 1024 16762.018 16762.018 16762.018 123.01768820436776 123.01768820436776 123.01768820436776 123.01768820436776 123.01768820436776 123.01768820436776
 1107456 512 9219.885 9219.885 9219.885 122.9988165795994 122.9988165795994 122.9988165795994 122.9988165795994 122.9988165795994 122.9988165795994
 1218144 512 10139.942 10139.942 10139.942 123.01642908805594 123.01642908805594 123.01642908805594 123.01642908805594 123.01642908805594 123.01642908805594
 1339872 512 11157.036 11157.036 11157.036 122.9743211369041 122.9743211369041 122.9743211369041 122.9743211369041 122.9743211369041 122.9743211369041
 1473792 512 12269.02 12269.02 12269.02 123.00599461081651 123.00599461081651 123.00599461081651 123.00599461081651 123.00599461081651 123.00599461081651
 1621152 512 13497.114 13497.114 13497.114 122.99367464778027 122.99367464778027 122.99367464778027 122.99367464778027 122.99367464778027 122.99367464778027
 1783200 512 14837.027 14837.027 14837.027 123.07026198712181 123.07026198712181 123.07026198712181 123.07026198712181 123.07026198712181 123.07026198712181
 1961472 512 16325.951 16325.951 16325.951 123.02789148393256 123.02789148393256 123.02789148393256 123.02789148393256 123.02789148393256 123.02789148393256
 2157600 256 8980.036 8980.036 8980.036 123.01634425519006 123.01634425519006 123.01634425519006 123.01634425519006 123.01634425519006 123.01634425519006
 2373312 256 9886.026 9886.026 9886.026 122.914479893134 122.914479893134 122.914479893134 122.914479893134 122.914479893134 122.914479893134
 2610624 256 10867.834 10867.834 10867.834 122.99042182646514 122.99042182646514 122.99042182646514 122.99042182646514 122.99042182646514 122.99042182646514
 2871648 256 11963.129 11963.129 11963.129 122.90127240122546 122.90127240122546 122.90127240122546 122.90127240122546 122.90127240122546 122.90127240122546
 3158784 256 13173.819 13173.819 13173.819 122.76602616143428 122.76602616143428 122.76602616143428 122.76602616143428 122.76602616143428 122.76602616143428
 3474624 256 14484.167 14484.167 14484.167 122.82428723722946 122.82428723722946 122.82428723722946 122.82428723722946 122.82428723722946 122.82428723722946
 3822048 256 15944.004 15944.004 15944.004 122.73507808954388 122.73507808954388 122.73507808954388 122.73507808954388 122.73507808954388 122.73507808954388
 4204224 128 8754.969 8754.969 8754.969 122.93376983973332 122.93376983973332 122.93376983973332 122.93376983973332 122.93376983973332 122.93376983973332
 4624608 128 9639.025 9639.025 9639.025 122.82358931530939 122.82358931530939 122.82358931530939 122.82358931530939 122.82358931530939 122.82358931530939
 5087040 128 10603.189 10603.189 10603.189 122.81986485386614 122.81986485386614 122.81986485386614 122.81986485386614 122.81986485386614 122.81986485386614
 5595744 128 11665.106 11665.106 11665.106 122.80303873792488 122.80303873792488 122.80303873792488 122.80303873792488 122.80303873792488 122.80303873792488
 6155232 128 12821.913 12821.913 12821.913 122.89425080329276 122.89425080329276 122.89425080329276 122.89425080329276 122.89425080329276 122.89425080329276
 6770688 128 14132.023 14132.023 14132.023 122.65024816333799 122.65024816333799 122.65024816333799 122.65024816333799 122.65024816333799 122.65024816333799
 7447680 128 15524.149 15524.149 15524.149 122.81549732613362 122.81549732613362 122.81549732613362 122.81549732613362 122.81549732613362 122.81549732613362
 8192448 128 17066.956 17066.956 17066.956 122.8846367213931 122.8846367213931 122.8846367213931 122.8846367213931 122.8846367213931 122.8846367213931
 9011616 64 9387.016 9387.016 9387.016 122.8810995954412 122.8810995954412 122.8810995954412 122.8810995954412 122.8810995954412 122.8810995954412
 9912768 64 10333.061 10333.061 10333.061 122.79365272304113 122.79365272304113 122.79365272304113 122.79365272304113 122.79365272304113 122.79365272304113
 10903968 64 11357.069 11357.069 11357.069 122.89331904208737 122.89331904208737 122.89331904208737 122.89331904208737 122.89331904208737 122.89331904208737
 11994336 64 12485.981 12485.981 12485.981 122.95990262999759 122.95990262999759 122.95990262999759 122.95990262999759 122.95990262999759 122.95990262999759
 13193760 64 13744.831 13744.831 13744.831 122.86810074274467 122.86810074274467 122.86810074274467 122.86810074274467 122.86810074274467 122.86810074274467
 14513088 64 15132.904 15132.904 15132.904 122.75735470204529 122.75735470204529 122.75735470204529 122.75735470204529 122.75735470204529 122.75735470204529
 15964320 64 16625.166 16625.166 16625.166 122.91203347984616 122.91203347984616 122.91203347984616 122.91203347984616 122.91203347984616 122.91203347984616
 17560704 32 9166.956 9166.956 9166.956 122.60177271495576 122.60177271495576 122.60177271495576 122.60177271495576 122.60177271495576 122.60177271495576
 19316736 32 10120.153 10120.153 10120.153 122.15932940934788 122.15932940934788 122.15932940934788 122.15932940934788 122.15932940934788 122.15932940934788
 21248352 32 11062.145 11062.145 11062.145 122.9322638602188 122.9322638602188 122.9322638602188 122.9322638602188 122.9322638602188 122.9322638602188
 23373120 32 12181.997 12181.997 12181.997 122.79429062410703 122.79429062410703 122.79429062410703 122.79429062410703 122.79429062410703 122.79429062410703
 25710432 32 13396.978 13396.978 13396.978 122.8237926493572 122.8237926493572 122.8237926493572 122.8237926493572 122.8237926493572 122.8237926493572
 28281408 32 14746.904 14746.904 14746.904 122.73831252987068 122.73831252987068 122.73831252987068 122.73831252987068 122.73831252987068 122.73831252987068
 31109472 32 16205.072 16205.072 16205.072 122.86315099371356 122.86315099371356 122.86315099371356 122.86315099371356 122.86315099371356 122.86315099371356
 34220352 16 8936.882 8936.882 8936.882 122.53169103049588 122.53169103049588 122.53169103049588 122.53169103049588 122.53169103049588 122.53169103049588
 37642368 16 9824.038 9824.038 9824.038 122.61310227016631 122.61310227016631 122.61310227016631 122.61310227016631 122.61310227016631 122.61310227016631
 41406528 16 10816.097 10816.097 10816.097 122.50342207544921 122.50342207544921 122.50342207544921 122.50342207544921 122.50342207544921 122.50342207544921
 45547104 16 11902.094 11902.094 11902.094 122.45805889283012 122.45805889283012 122.45805889283012 122.45805889283012 122.45805889283012 122.45805889283012
 50101728 16 13139.963 13139.963 13139.963 122.01368420900424 122.01368420900424 122.01368420900424 122.01368420900424 122.01368420900424 122.01368420900424
 55111872 16 14655.113 14655.113 14655.113 120.33888131739414 120.33888131739414 120.33888131739414 120.33888131739414 120.33888131739414 120.33888131739414
 60623040 16 16738.892 16738.892 16738.892 115.8940077993215 115.8940077993215 115.8940077993215 115.8940077993215 115.8940077993215 115.8940077993215
 66685344 16 19427.061 19427.061 19427.061 109.84322373826897 109.84322373826897 109.84322373826897 109.84322373826897 109.84322373826897 109.84322373826897
 73353792 8 11077.166 11077.166 11077.166 105.95315372180936 105.95315372180936 105.95315372180936 105.95315372180936 105.95315372180936 105.95315372180936
 80689152 8 12959.003 12959.003 12959.003 99.6239010053474 99.6239010053474 99.6239010053474 99.6239010053474 99.6239010053474 99.6239010053474
 88758048 8 14631.987 14631.987 14631.987 97.0564536450176 97.0564536450176 97.0564536450176 97.0564536450176 97.0564536450176 97.0564536450176
 97633824 8 16422.987 16422.987 16422.987 95.11918775798823 95.11918775798823 95.11918775798823 95.11918775798823 95.11918775798823 95.11918775798823
 107397120 8 18236.16 18236.16 18236.16 94.22783743946093 94.22783743946093 94.22783743946093 94.22783743946093 94.22783743946093 94.22783743946093
 118136832 8 20198.822 20198.822 20198.822 93.57918555844493 93.57918555844493 93.57918555844493 93.57918555844493 93.57918555844493 93.57918555844493
 129950496 8 22456.169 22456.169 22456.169 92.58961027591126 92.58961027591126 92.58961027591126 92.58961027591126 92.58961027591126 92.58961027591126
 142945536 4 12441.874 12441.874 12441.874 91.91254372130759 91.91254372130759 91.91254372130759 91.91254372130759 91.91254372130759 91.91254372130759
 157240032 4 13767.958 13767.958 13767.958 91.36578249294485 91.36578249294485 91.36578249294485 91.36578249294485 91.36578249294485 91.36578249294485
 172963968 4 15057.087 15057.087 15057.087 91.89770531311933 91.89770531311933 91.89770531311933 91.89770531311933 91.89770531311933 91.89770531311933
 190260288 4 16495.943 16495.943 16495.943 92.27009962388935 92.27009962388935 92.27009962388935 92.27009962388935 92.27009962388935 92.27009962388935
 209286240 4 18074.036 18074.036 18074.036 92.63508825588264 92.63508825588264 92.63508825588264 92.63508825588264 92.63508825588264 92.63508825588264
 230214816 4 19924.879 19924.879 19924.879 92.43310978199666 92.43310978199666 92.43310978199666 92.43310978199666 92.43310978199666 92.43310978199666
 253236288 4 21870.136 21870.136 21870.136 92.63272546636198 92.63272546636198 92.63272546636198 92.63272546636198 92.63272546636198 92.63272546636198
 278559840 2 11932.85 11932.85 11932.85 93.3757953883607 93.3757953883607 93.3757953883607 93.3757953883607 93.3757953883607 93.3757953883607
 306415776 2 13212.919 13212.919 13212.919 92.76247769323341 92.76247769323341 92.76247769323341 92.76247769323341 92.76247769323341 92.76247769323341
 337057344 2 14478.207 14478.207 14478.207 93.12129437022139 93.12129437022139 93.12129437022139 93.12129437022139 93.12129437022139 93.12129437022139
 370763040 2 15924.931 15924.931 15924.931 93.127697696147 93.127697696147 93.127697696147 93.127697696147 93.127697696147 93.127697696147
 407839296 2 17518.997 17518.997 17518.997 93.11932549563198 93.11932549563198 93.11932549563198 93.11932549563198 93.11932549563198 93.11932549563198
 448623168 2 19351.959 19351.959 19351.959 92.72925144167576 92.72925144167576 92.72925144167576 92.72925144167576 92.72925144167576 92.72925144167576
 493485408 2 21238.089 21238.089 21238.089 92.9434673712875 92.9434673712875 92.9434673712875 92.9434673712875 92.9434673712875 92.9434673712875
 542833920 1 11808.872 11808.872 11808.872 91.93662527631767 91.93662527631767 91.93662527631767 91.93662527631767 91.93662527631767 91.93662527631767
 597117312 1 12894.154 12894.154 12894.154 92.61830004512122 92.61830004512122 92.61830004512122 92.61830004512122 92.61830004512122 92.61830004512122
 656829024 1 14225.006 14225.006 14225.006 92.34850572295014 92.34850572295014 92.34850572295014 92.34850572295014 92.34850572295014 92.34850572295014
 722511840 1 15532.97 15532.97 15532.97 93.02945154725722 93.02945154725722 93.02945154725722 93.02945154725722 93.02945154725722 93.02945154725722
 794762976 1 17104.149 17104.149 17104.149 92.93218575212364 92.93218575212364 92.93218575212364 92.93218575212364 92.93218575212364 92.93218575212364
 874239264 1 18771.172 18771.172 18771.172 93.1470090413108 93.1470090413108 93.1470090413108 93.1470090413108 93.1470090413108 93.1470090413108
 961663104 1 20720.959 20720.959 20720.959 92.82032786223841 92.82032786223841 92.82032786223841 92.82032786223841 92.82032786223841 92.82032786223841
 1057829376 1 22763.968 22763.968 22763.968 92.93892664055755 92.93892664055755 92.93892664055755 92.93892664055755 92.93892664055755 92.93892664055755
 
META_DATA
 MPI startup(): shm:tmi fabric is unknown or has been removed from the product, please use ofi or shm:ofi instead
 FLOPS          16
 MPI_PROCS      1
 OPENMP_THREADS 12
 ERT_VERSION  1.1.0
 HOSTNAME  ('shas0420.rc.int.colorado.edu', [], ['10.225.6.135'])
 UNAME  uname_result(system='Linux', node='shas0420.rc.int.colorado.edu', release='3.10.0-957.27.2.el7.x86_64', version='#1 SMP Mon Jul 29 17:46:05 UTC 2019', machine='x86_64', processor='x86_64')
 TIMESTAMP_DATA  1664555647.239367
 CONFIG  {'ERT_RESULTS': ['lab5_results'], 'ERT_DRIVER': ['driver1'], 'ERT_KERNEL': ['kernel1'], 'ERT_MPI': ['True'], 'ERT_MPI_CFLAGS': ['-I/usr/include/mpi'], 'ERT_MPI_LDFLAGS': ['-lmpi'], 'ERT_OPENMP': ['True'], 'ERT_OPENMP_CFLAGS': ['-qopenmp'], 'ERT_OPENMP_LDFLAGS': ['-qopenmp'], 'ERT_FLOPS': ['1,2,4,8,16'], 'ERT_ALIGN': ['32'], 'ERT_CC': ['mpicc'], 'ERT_CFLAGS': ['-O3', '-msse3', '-axSSE3', '-xSSE3', '-fno-alias', '-fno-fnalias', '-DERT_INTEL', '-std=c++11'], 'ERT_LD': ['mpicc'], 'ERT_LDFLAGS': [], 'ERT_LDLIBS': [], 'ERT_PRECISION': ['FP64'], 'ERT_RUN': ['export', 'OMP_NUM_THREADS=ERT_OPENMP_THREADS;', 'mpirun', '-np', 'ERT_MPI_PROCS', 'ERT_CODE'], 'ERT_PROCS_THREADS': ['1-24'], 'ERT_MPI_PROCS': ['1,2,4,8,12,24'], 'ERT_OPENMP_THREADS': ['1,2,4,8,12,24'], 'ERT_NUM_EXPERIMENTS': ['1'], 'ERT_MEMORY_MAX': ['1073741824'], 'ERT_WORKING_SET_MIN': ['1'], 'ERT_TRIALS_MIN': ['1'], 'ERT_GNUPLOT': ['gnuplot'], 'ERT_GPU': [False], 'ERT_HIP': [False], 'ERT_OCL': [False], 'ERT_SYCL': [False], 'ERT_WSS_MULT': [1.1]}
 