fp64
 128 8388608 134279.966 134279.966 134279.966 15.992584091062405 15.992584091062405 15.992584091062405 0.9995365056914003 0.9995365056914003 0.9995365056914003
 256 4194304 119328.022 119328.022 119328.022 17.996474021835375 17.996474021835375 17.996474021835375 1.124779626364711 1.124779626364711 1.124779626364711
 384 2097152 54298.162 54298.162 54298.162 29.662380395122767 29.662380395122767 29.662380395122767 1.853898774695173 1.853898774695173 1.853898774695173
 512 2097152 58598.042 58598.042 58598.042 36.64770314339172 36.64770314339172 36.64770314339172 2.2904814464619827 2.2904814464619827 2.2904814464619827
 640 1048576 63532.114 63532.114 63532.114 21.12596599571675 21.12596599571675 21.12596599571675 1.320372874732297 1.320372874732297 1.320372874732297
 768 1048576 48955.917 48955.917 48955.917 32.89924558046783 32.89924558046783 32.89924558046783 2.056202848779239 2.056202848779239 2.056202848779239
 896 1048576 66954.851 66954.851 66954.851 28.064407043486664 28.064407043486664 28.064407043486664 1.7540254402179165 1.7540254402179165 1.7540254402179165
 1024 1048576 50637.007 50637.007 50637.007 42.4093716281454 42.4093716281454 42.4093716281454 2.6505857267590875 2.6505857267590875 2.6505857267590875
 1152 524288 49862.862 49862.862 49862.862 24.22563614579524 24.22563614579524 24.22563614579524 1.5141022591122024 1.5141022591122024 1.5141022591122024
 1280 524288 41167.974 41167.974 41167.974 32.6024613210259 32.6024613210259 32.6024613210259 2.0376538325641187 2.0376538325641187 2.0376538325641187
 1408 524288 40536.165 40536.165 40536.165 36.42167452199782 36.42167452199782 36.42167452199782 2.276354657624864 2.276354657624864 2.276354657624864
 1536 524288 43294.907 43294.907 43294.907 37.20097460886104 37.20097460886104 37.20097460886104 2.325060913053815 2.325060913053815 2.325060913053815
 1664 524288 41569.948 41569.948 41569.948 41.97336171794105 41.97336171794105 41.97336171794105 2.623335107371316 2.623335107371316 2.623335107371316
 1792 524288 42590.141 42590.141 42590.141 44.11932310813434 44.11932310813434 44.11932310813434 2.757457694258396 2.757457694258396 2.757457694258396
 1920 524288 44683.933 44683.933 44683.933 45.055700893652315 45.055700893652315 45.055700893652315 2.8159813058532697 2.8159813058532697 2.8159813058532697
 2048 524288 36633.015 36633.015 36633.015 58.62153710252897 58.62153710252897 58.62153710252897 3.6638460689080605 3.6638460689080605 3.6638460689080605
 2176 262144 33155.918 33155.918 33155.918 34.40865935306029 34.40865935306029 34.40865935306029 2.150541209566268 2.150541209566268 2.150541209566268
 2304 262144 33179.045 33179.045 33179.045 36.40730322406808 36.40730322406808 36.40730322406808 2.275456451504255 2.275456451504255 2.275456451504255
 2432 262144 33421.04 33421.04 33421.04 38.15166781165398 38.15166781165398 38.15166781165398 2.3844792382283737 2.3844792382283737 2.3844792382283737
 2560 262144 35112.858 35112.858 35112.858 38.224666303153114 38.224666303153114 38.224666303153114 2.3890416439470696 2.3890416439470696 2.3890416439470696
 2816 262144 38091.898 38091.898 38091.898 38.75876723181396 38.75876723181396 38.75876723181396 2.4224229519883727 2.4224229519883727 2.4224229519883727
 3072 262144 43302.059 43302.059 43302.059 37.19483029663785 37.19483029663785 37.19483029663785 2.324676893539866 2.324676893539866 2.324676893539866
 3328 262144 36544.085 36544.085 36544.085 47.74590645791241 47.74590645791241 47.74590645791241 2.9841191536195257 2.9841191536195257 2.9841191536195257
 3584 262144 35547.018 35547.018 35547.018 52.86092329882636 52.86092329882636 52.86092329882636 3.3038077061766473 3.3038077061766473 3.3038077061766473
 3840 262144 37748.814 37748.814 37748.814 53.33322313119559 53.33322313119559 53.33322313119559 3.3333264456997242 3.3333264456997242 3.3333264456997242
 4224 131072 58624.029 58624.029 58624.029 18.88809545996915 18.88809545996915 18.88809545996915 1.180505966248072 1.180505966248072 1.180505966248072
 4608 131072 32596.111 32596.111 32596.111 37.05839484961871 37.05839484961871 37.05839484961871 2.3161496781011692 2.3161496781011692 2.3161496781011692
 4992 131072 35259.962 35259.962 35259.962 37.113563763908765 37.113563763908765 37.113563763908765 2.319597735244298 2.319597735244298 2.319597735244298
 5376 131072 33056.021 33056.021 33056.021 42.63326623612685 42.63326623612685 42.63326623612685 2.664579139757928 2.664579139757928 2.664579139757928
 5888 131072 34257.889 34257.889 34257.889 45.05542860507254 45.05542860507254 45.05542860507254 2.815964287817034 2.815964287817034 2.815964287817034
 6400 131072 35027.027 35027.027 35027.027 47.89791608634098 47.89791608634098 47.89791608634098 2.993619755396311 2.993619755396311 2.993619755396311
 7040 131072 35400.152 35400.152 35400.152 52.13236824519849 52.13236824519849 52.13236824519849 3.2582730153249058 3.2582730153249058 3.2582730153249058
 7680 131072 36572.933 36572.933 36572.933 55.047975506913815 55.047975506913815 55.047975506913815 3.4404984691821134 3.4404984691821134 3.4404984691821134
 8448 65536 34061.909 34061.909 34061.909 32.50834402734151 32.50834402734151 32.50834402734151 2.0317715017088442 2.0317715017088442 2.0317715017088442
 9216 65536 32461.882 32461.882 32461.882 37.211630305353204 37.211630305353204 37.211630305353204 2.3257268940845752 2.3257268940845752 2.3257268940845752
 10112 65536 33025.026 33025.026 33025.026 40.13320274146037 40.13320274146037 40.13320274146037 2.5083251713412733 2.5083251713412733 2.5083251713412733
 11008 65536 30789.852 30789.852 30789.852 46.860913004713375 46.860913004713375 46.860913004713375 2.928807062794586 2.928807062794586 2.928807062794586
 12032 65536 33416.986 33416.986 33416.986 47.19331372374517 47.19331372374517 47.19331372374517 2.949582107734073 2.949582107734073 2.949582107734073
 13184 65536 34937.143 34937.143 34937.143 49.46177905846508 49.46177905846508 49.46177905846508 3.0913611911540677 3.0913611911540677 3.0913611911540677
 14464 65536 35342.932 35342.932 35342.932 53.640863978121565 53.640863978121565 53.640863978121565 3.352553998632598 3.352553998632598 3.352553998632598
 15872 65536 36041.975 36041.975 36041.975 57.72088749298561 57.72088749298561 57.72088749298561 3.6075554683116007 3.6075554683116007 3.6075554683116007
 17408 32768 33535.957 33535.957 33535.957 34.01873064186002 34.01873064186002 34.01873064186002 2.126170665116251 2.126170665116251 2.126170665116251
 19072 32768 45861.006 45861.006 45861.006 27.254146845361394 27.254146845361394 27.254146845361394 1.703384177835087 1.703384177835087 1.703384177835087
 20864 32768 32587.051 32587.051 32587.051 41.959706755913565 41.959706755913565 41.959706755913565 2.622481672244598 2.622481672244598 2.622481672244598
 22912 32768 48547.983 48547.983 48547.983 30.929417438413456 30.929417438413456 30.929417438413456 1.933088589900841 1.933088589900841 1.933088589900841
 25088 32768 34264.803 34264.803 34264.803 47.98414186125629 47.98414186125629 47.98414186125629 2.999008866328518 2.999008866328518 2.999008866328518
 27520 32768 36071.062 36071.062 36071.062 49.99993401913146 49.99993401913146 49.99993401913146 3.124995876195716 3.124995876195716 3.124995876195716
 30208 32768 40860.891 40860.891 40860.891 48.450032281479125 48.450032281479125 48.450032281479125 3.0281270175924453 3.0281270175924453 3.0281270175924453
 33152 16384 32078.028 32078.028 32078.028 33.86507225444157 33.86507225444157 33.86507225444157 2.116567015902598 2.116567015902598 2.116567015902598
 36352 16384 32768.965 32768.965 32768.965 36.350929484651104 36.350929484651104 36.350929484651104 2.271933092790694 2.271933092790694 2.271933092790694
 39936 16384 30379.057 30379.057 30379.057 43.076480221226085 43.076480221226085 43.076480221226085 2.6922800138266303 2.6922800138266303 2.6922800138266303
 43904 16384 60710.907 60710.907 60710.907 23.69666906804736 23.69666906804736 23.69666906804736 1.48104181675296 1.48104181675296 1.48104181675296
 48256 16384 33707.142 33707.142 33707.142 46.91150047666456 46.91150047666456 46.91150047666456 2.931968779791535 2.931968779791535 2.931968779791535
 52992 16384 50777.912 50777.912 50777.912 34.196795173460465 34.196795173460465 34.196795173460465 2.137299698341279 2.137299698341279 2.137299698341279
 58240 16384 59463.978 59463.978 59463.978 32.09351920586275 32.09351920586275 32.09351920586275 2.0058449503664217 2.0058449503664217 2.0058449503664217
 64000 16384 34859.896 34859.896 34859.896 60.159445111368086 60.159445111368086 60.159445111368086 3.7599653194605054 3.7599653194605054 3.7599653194605054
 70400 8192 31725.168 31725.168 31725.168 36.357052545789514 36.357052545789514 36.357052545789514 2.2723157841118446 2.2723157841118446 2.2723157841118446
 77440 8192 32117.844 32117.844 32117.844 39.503802310018074 39.503802310018074 39.503802310018074 2.4689876443761296 2.4689876443761296 2.4689876443761296
 85120 8192 32420.158 32420.158 32420.158 43.0166342804375 43.0166342804375 43.0166342804375 2.688539642527344 2.688539642527344 2.688539642527344
 93568 8192 33610.821 33610.821 33610.821 45.610849910509465 45.610849910509465 45.610849910509465 2.8506781194068416 2.8506781194068416 2.8506781194068416
 102912 8192 28004.169 28004.169 28004.169 60.20925698598662 60.20925698598662 60.20925698598662 3.7630785616241638 3.7630785616241638 3.7630785616241638
 113152 8192 59159.994 59159.994 59159.994 31.33675720115861 31.33675720115861 31.33675720115861 1.958547325072413 1.958547325072413 1.958547325072413
 124416 8192 35727.978 35727.978 35727.978 57.05421515877556 57.05421515877556 57.05421515877556 3.5658884474234727 3.5658884474234727 3.5658884474234727
 136832 4096 31527.042 31527.042 31527.042 35.55448506713697 35.55448506713697 35.55448506713697 2.222155316696061 2.222155316696061 2.222155316696061
 150400 4096 57015.896 57015.896 57015.896 21.609356099569144 21.609356099569144 21.609356099569144 1.3505847562230715 1.3505847562230715 1.3505847562230715
 165376 4096 22030.83 22030.83 22030.83 61.49383350513803 61.49383350513803 61.49383350513803 3.8433645940711267 3.8433645940711267 3.8433645940711267
 181888 4096 60315.132 60315.132 60315.132 24.704024456085083 24.704024456085083 24.704024456085083 1.5440015285053177 1.5440015285053177 1.5440015285053177
 200064 4096 33310.89 33310.89 33310.89 49.200855576059354 49.200855576059354 49.200855576059354 3.0750534735037096 3.0750534735037096 3.0750534735037096
 220032 4096 33538.103 33538.103 33538.103 53.74490453440375 53.74490453440375 53.74490453440375 3.3590565334002345 3.3590565334002345 3.3590565334002345
 241920 4096 36331.177 36331.177 36331.177 54.54842930081785 54.54842930081785 54.54842930081785 3.4092768313011157 3.4092768313011157 3.4092768313011157
 266112 2048 31688.929 31688.929 31688.929 34.39670529729799 34.39670529729799 34.39670529729799 2.1497940810811245 2.1497940810811245 2.1497940810811245
 292608 2048 30413.866 30413.866 30413.866 39.407103588869624 39.407103588869624 39.407103588869624 2.4629439743043515 2.4629439743043515 2.4629439743043515
 321792 2048 33252.954 33252.954 33252.954 39.63738174960336 39.63738174960336 39.63738174960336 2.47733635935021 2.47733635935021 2.47733635935021
 353920 2048 43973.923 43973.923 43973.923 32.966272306430334 32.966272306430334 32.966272306430334 2.060392019151896 2.060392019151896 2.060392019151896
 389248 2048 57923.079 57923.079 57923.079 27.525467145833186 27.525467145833186 27.525467145833186 1.7203416966145741 1.7203416966145741 1.7203416966145741
 428160 2048 35506.964 35506.964 35506.964 49.391532320251315 49.391532320251315 49.391532320251315 3.086970770015707 3.086970770015707 3.086970770015707
 470912 2048 34307.003 34307.003 34307.003 56.22337666744018 56.22337666744018 56.22337666744018 3.513961041715011 3.513961041715011 3.513961041715011
 517888 2048 35902.977 35902.977 35902.977 59.083380411602086 59.083380411602086 59.083380411602086 3.6927112757251304 3.6927112757251304 3.6927112757251304
 569600 1024 33107.996 33107.996 33107.996 35.23441285905676 35.23441285905676 35.23441285905676 2.2021508036910475 2.2021508036910475 2.2021508036910475
 626560 1024 59231.043 59231.043 59231.043 21.66422900910254 21.66422900910254 21.66422900910254 1.3540143130689088 1.3540143130689088 1.3540143130689088
 689152 1024 60009.003 60009.003 60009.003 23.51952582848277 23.51952582848277 23.51952582848277 1.4699703642801731 1.4699703642801731 1.4699703642801731
 758016 1024 34273.148 34273.148 34273.148 45.295423927793266 45.295423927793266 45.295423927793266 2.830963995487079 2.830963995487079 2.830963995487079
 833792 1024 33217.907 33217.907 33217.907 51.40618931830955 51.40618931830955 51.40618931830955 3.212886832394347 3.212886832394347 3.212886832394347
 917120 1024 36846.161 36846.161 36846.161 50.975778996351885 50.975778996351885 50.975778996351885 3.185986187271993 3.185986187271993 3.185986187271993
 1008768 1024 48936.844 48936.844 48936.844 42.21679812453782 42.21679812453782 42.21679812453782 2.6385498827836136 2.6385498827836136 2.6385498827836136
 1109632 512 10565.042 10565.042 10565.042 107.54932805756947 107.54932805756947 107.54932805756947 6.721833003598092 6.721833003598092 6.721833003598092
 1220480 512 33347.13 33347.13 33347.13 37.47763360744988 37.47763360744988 37.47763360744988 2.3423521004656176 2.3423521004656176 2.3423521004656176
 1342464 512 33814.907 33814.907 33814.907 40.653169207296656 40.653169207296656 40.653169207296656 2.540823075456041 2.540823075456041 2.540823075456041
 1476608 512 56010.962 56010.962 56010.962 26.99554762155308 26.99554762155308 26.99554762155308 1.6872217263470675 1.6872217263470675 1.6872217263470675
 1624192 512 34729.004 34729.004 34729.004 47.890017462061394 47.890017462061394 47.890017462061394 2.993126091378837 2.993126091378837 2.993126091378837
 1786496 512 34737.11 34737.11 34737.11 52.6633304843149 52.6633304843149 52.6633304843149 3.291458155269681 3.291458155269681 3.291458155269681
 1965056 512 35995.007 35995.007 35995.007 55.902679613314156 55.902679613314156 55.902679613314156 3.4939174758321347 3.4939174758321347 3.4939174758321347
 2161536 256 32555.819 32555.819 32555.819 33.99412043665681 33.99412043665681 33.99412043665681 2.1246325272910505 2.1246325272910505 2.1246325272910505
 2377600 256 33507.824 33507.824 33507.824 36.329759879364296 36.329759879364296 36.329759879364296 2.2706099924602685 2.2706099924602685 2.2706099924602685
 2615296 256 33744.812 33744.812 33744.812 39.68110866938598 39.68110866938598 39.68110866938598 2.4800692918366236 2.4800692918366236 2.4800692918366236
 2876800 256 56005.001 56005.001 56005.001 26.29982276047098 26.29982276047098 26.29982276047098 1.6437389225294363 1.6437389225294363 1.6437389225294363
 3164416 256 41141.987 41141.987 41141.987 39.380231975670014 39.380231975670014 39.380231975670014 2.461264498479376 2.461264498479376 2.461264498479376
 3480832 256 32709.122 32709.122 32709.122 54.48590102785394 54.48590102785394 54.48590102785394 3.4053688142408713 3.4053688142408713 3.4053688142408713
 3828864 256 12003.899 12003.899 12003.899 163.31180127390274 163.31180127390274 163.31180127390274 10.206987579618922 10.206987579618922 10.206987579618922
 4211712 128 28280.02 28280.02 28280.02 38.12579595063936 38.12579595063936 38.12579595063936 2.38286224691496 2.38286224691496 2.38286224691496
 4632832 128 34307.003 34307.003 34307.003 34.570346818111744 34.570346818111744 34.570346818111744 2.160646676131984 2.160646676131984 2.160646676131984
 5096064 128 35192.966 35192.966 35192.966 37.06969125591745 37.06969125591745 37.06969125591745 2.3168557034948405 2.3168557034948405 2.3168557034948405
 5605632 128 36402.941 36402.941 36402.941 39.42103996487536 39.42103996487536 39.42103996487536 2.46381499780471 2.46381499780471 2.46381499780471
 6166144 128 37611.961 37611.961 37611.961 41.968906221082165 41.968906221082165 41.968906221082165 2.6230566388176353 2.6230566388176353 2.6230566388176353
 6782720 128 38860.083 38860.083 38860.083 44.682774352283296 44.682774352283296 44.682774352283296 2.792673397017706 2.792673397017706 2.792673397017706
 7460992 128 40757.895 40757.895 40757.895 46.862428788336594 46.862428788336594 46.862428788336594 2.928901799271037 2.928901799271037 2.928901799271037
 8206976 128 39136.887 39136.887 39136.887 53.683008973094864 53.683008973094864 53.683008973094864 3.355188060818429 3.355188060818429 3.355188060818429
 9027584 64 58439.97 58439.97 58439.97 19.772952518627235 19.772952518627235 19.772952518627235 1.2358095324142022 1.2358095324142022 1.2358095324142022
 9930240 64 36192.179 36192.179 36192.179 35.120038503346265 35.120038503346265 35.120038503346265 2.1950024064591416 2.1950024064591416 2.1950024064591416
 10923264 64 37072.182 37072.182 37072.182 37.715012081026146 37.715012081026146 37.715012081026146 2.357188255064134 2.357188255064134 2.357188255064134
 12015488 64 37678.003 37678.003 37678.003 40.819107743051035 40.819107743051035 40.819107743051035 2.5511942339406897 2.5511942339406897 2.5511942339406897
 13217024 64 46012.163 46012.163 46012.163 36.76808395206285 36.76808395206285 36.76808395206285 2.2980052470039283 2.2980052470039283 2.2980052470039283
 14538624 64 41633.129 41633.129 41633.129 44.69863103491453 44.69863103491453 44.69863103491453 2.793664439682158 2.793664439682158 2.793664439682158
 15992448 64 42204.857 42204.857 42204.857 48.502316783113365 48.502316783113365 48.502316783113365 3.0313947989445853 3.0313947989445853 3.0313947989445853
 17591680 32 34973.145 34973.145 34973.145 32.19234415435043 32.19234415435043 32.19234415435043 2.012021509646902 2.012021509646902 2.012021509646902
 19350784 32 35873.89 35873.89 35873.89 34.52232740859717 34.52232740859717 34.52232740859717 2.157645463037323 2.157645463037323 2.157645463037323
 21285760 32 32011.032 32011.032 32011.032 42.556848526470496 42.556848526470496 42.556848526470496 2.659803032904406 2.659803032904406 2.659803032904406
 23414272 32 34826.994 34826.994 34826.994 43.02735424136806 43.02735424136806 43.02735424136806 2.6892096400855037 2.6892096400855037 2.6892096400855037
 25755648 32 38646.936 38646.936 38646.936 42.651802254129535 42.651802254129535 42.651802254129535 2.665737640883096 2.665737640883096 2.665737640883096
 28331136 32 48965.931 48965.931 48965.931 37.029678941466464 37.029678941466464 37.029678941466464 2.314354933841654 2.314354933841654 2.314354933841654
 31164160 32 18188.953 18188.953 18188.953 109.65481300655402 109.65481300655402 109.65481300655402 6.853425812909626 6.853425812909626 6.853425812909626
 34280576 16 34713.03 34713.03 34713.03 31.601344855231595 31.601344855231595 31.601344855231595 1.9750840534519747 1.9750840534519747 1.9750840534519747
 37708544 16 42407.036 42407.036 42407.036 28.45455664479828 28.45455664479828 28.45455664479828 1.7784097902998925 1.7784097902998925 1.7784097902998925
 41479296 16 36291.122 36291.122 36291.122 36.574715766572325 36.574715766572325 36.574715766572325 2.2859197354107703 2.2859197354107703 2.2859197354107703
 45627136 16 70020.914 70020.914 70020.914 20.851889365511564 20.851889365511564 20.851889365511564 1.3032430853444728 1.3032430853444728 1.3032430853444728
 50189824 16 47540.903 47540.903 47540.903 33.78300088241909 33.78300088241909 33.78300088241909 2.111437555151193 2.111437555151193 2.111437555151193
 55208704 16 39897.919 39897.919 39897.919 44.279966782227405 44.279966782227405 44.279966782227405 2.767497923889213 2.767497923889213 2.767497923889213
 60729472 16 66599.846 66599.846 66599.846 29.17939335775641 29.17939335775641 29.17939335775641 1.8237120848597757 1.8237120848597757 1.8237120848597757
 66802304 16 42456.865 42456.865 42456.865 50.34930694953573 50.34930694953573 50.34930694953573 3.146831684345983 3.146831684345983 3.146831684345983
 73482496 8 38657.188 38657.188 38657.188 30.414005695396153 30.414005695396153 30.414005695396153 1.9008753559622595 1.9008753559622595 1.9008753559622595
 80830720 8 37308.931 37308.931 37308.931 34.66439496752132 34.66439496752132 34.66439496752132 2.1665246854700824 2.1665246854700824 2.1665246854700824
 88913792 8 39169.788 39169.788 39169.788 36.31933550419012 36.31933550419012 36.31933550419012 2.2699584690118826 2.2699584690118826 2.2699584690118826
 97805056 8 44169.188 44169.188 44169.188 35.42924302796782 35.42924302796782 35.42924302796782 2.214327689247989 2.214327689247989 2.214327689247989
 107585536 8 49808.025 49808.025 49808.025 34.56006488914186 34.56006488914186 34.56006488914186 2.1600040555713664 2.1600040555713664 2.1600040555713664
 118344064 8 47477.961 47477.961 47477.961 39.88176796387696 39.88176796387696 39.88176796387696 2.49261049774231 2.49261049774231 2.49261049774231
 130178432 8 21974.087 21974.087 21974.087 94.78686927925607 94.78686927925607 94.78686927925607 5.924179329953504 5.924179329953504 5.924179329953504
 143196160 4 38327.932 38327.932 38327.932 29.8886274375565 29.8886274375565 29.8886274375565 1.8680392148472813 1.8680392148472813 1.8680392148472813
 157515776 4 38584.948 38584.948 38584.948 32.658491803591396 32.658491803591396 32.658491803591396 2.0411557377244622 2.0411557377244622 2.0411557377244622
 173267328 4 37250.042 37250.042 37250.042 37.21173318408607 37.21173318408607 37.21173318408607 2.3257333240053795 2.3257333240053795 2.3257333240053795
 190594048 4 42079.926 42079.926 42079.926 36.234673606602826 36.234673606602826 36.234673606602826 2.2646671004126766 2.2646671004126766 2.2646671004126766
 209653376 4 41711.092 41711.092 41711.092 40.210575354872034 40.210575354872034 40.210575354872034 2.513160959679502 2.513160959679502 2.513160959679502
 230618624 4 46350.002 46350.002 46350.002 39.80472302892241 39.80472302892241 39.80472302892241 2.4877951893076506 2.4877951893076506 2.4877951893076506
 253680384 4 46949.148 46949.148 46949.148 43.226408964865556 43.226408964865556 43.226408964865556 2.7016505603040972 2.7016505603040972 2.7016505603040972
 279048320 2 40943.861 40943.861 40943.861 27.26155405812852 27.26155405812852 27.26155405812852 1.7038471286330326 1.7038471286330326 1.7038471286330326
 306953088 2 28011.084 28011.084 28011.084 43.83308950128456 43.83308950128456 43.83308950128456 2.739568093830285 2.739568093830285 2.739568093830285
 337648384 2 43009.043 43009.043 43009.043 31.402547971132496 31.402547971132496 31.402547971132496 1.962659248195781 1.962659248195781 1.962659248195781
 371413120 2 48978.09 48978.09 48978.09 30.333001552326767 30.333001552326767 30.333001552326767 1.895812597020423 1.895812597020423 1.895812597020423
 408554368 2 48593.998 48593.998 48593.998 33.630027148620286 33.630027148620286 33.630027148620286 2.101876696788768 2.101876696788768 2.101876696788768
 449409792 2 83187.103 83187.103 83187.103 21.609589746141296 21.609589746141296 21.609589746141296 1.350599359133831 1.350599359133831 1.350599359133831
 494350720 2 78861.952 78861.952 78861.952 25.074231994663283 25.074231994663283 25.074231994663283 1.5671394996664552 1.5671394996664552 1.5671394996664552
 543785728 1 50838.947 50838.947 50838.947 21.392485882919644 21.392485882919644 21.392485882919644 1.3370303676824777 1.3370303676824777 1.3370303676824777
 598164224 1 44829.845 44829.845 44829.845 26.685982251332792 26.685982251332792 26.685982251332792 1.6678738907082995 1.6678738907082995 1.6678738907082995
 657980544 1 47297.955 47297.955 47297.955 27.82279039336901 27.82279039336901 27.82279039336901 1.7389243995855632 1.7389243995855632 1.7389243995855632
 723778560 1 40591.002 40591.002 40591.002 35.66201987327142 35.66201987327142 35.66201987327142 2.2288762420794637 2.2288762420794637 2.2288762420794637
 796156416 1 51839.828 51839.828 51839.828 30.71601302380864 30.71601302380864 30.71601302380864 1.91975081398804 1.91975081398804 1.91975081398804
 875772032 1 52855.015 52855.015 52855.015 33.13865418447048 33.13865418447048 33.13865418447048 2.071165886529405 2.071165886529405 2.071165886529405
 963349120 1 54229.975 54229.975 54229.975 35.528289290194216 35.528289290194216 35.528289290194216 2.2205180806371385 2.2205180806371385 2.2205180806371385
 1059683968 1 59336.901 59336.901 59336.901 35.71753664722059 35.71753664722059 35.71753664722059 2.232346040451287 2.232346040451287 2.232346040451287
 
META_DATA
 MPI startup(): shm:tmi fabric is unknown or has been removed from the product, please use ofi or shm:ofi instead
 FLOPS          1
 MPI_PROCS      4
 OPENMP_THREADS 4
 ERT_VERSION  1.1.0
 HOSTNAME  ('shas0642.rc.int.colorado.edu', [], ['10.225.7.27'])
 UNAME  uname_result(system='Linux', node='shas0642.rc.int.colorado.edu', release='3.10.0-957.27.2.el7.x86_64', version='#1 SMP Mon Jul 29 17:46:05 UTC 2019', machine='x86_64', processor='x86_64')
 TIMESTAMP_DATA  1664551242.8897345
 CONFIG  {'ERT_RESULTS': ['lab5_results'], 'ERT_DRIVER': ['driver1'], 'ERT_KERNEL': ['kernel1'], 'ERT_MPI': ['True'], 'ERT_MPI_CFLAGS': ['-I/usr/include/mpi'], 'ERT_MPI_LDFLAGS': ['-lmpi'], 'ERT_OPENMP': ['True'], 'ERT_OPENMP_CFLAGS': ['-qopenmp'], 'ERT_OPENMP_LDFLAGS': ['-qopenmp'], 'ERT_FLOPS': ['1,2,4,8,16'], 'ERT_ALIGN': ['32'], 'ERT_CC': ['mpicc'], 'ERT_CFLAGS': ['-O3', '-msse3', '-axSSE3', '-xSSE3', '-fno-alias', '-fno-fnalias', '-DERT_INTEL', '-std=c++11'], 'ERT_LD': ['mpicc'], 'ERT_LDFLAGS': [], 'ERT_LDLIBS': [], 'ERT_PRECISION': ['FP64'], 'ERT_RUN': ['export', 'OMP_NUM_THREADS=ERT_OPENMP_THREADS;', 'mpirun', '-np', 'ERT_MPI_PROCS', 'ERT_CODE'], 'ERT_PROCS_THREADS': ['1-24'], 'ERT_MPI_PROCS': ['1,2,4,8,12,24'], 'ERT_OPENMP_THREADS': ['1,2,4,8,12,24'], 'ERT_NUM_EXPERIMENTS': ['1'], 'ERT_MEMORY_MAX': ['1073741824'], 'ERT_WORKING_SET_MIN': ['1'], 'ERT_TRIALS_MIN': ['1'], 'ERT_GNUPLOT': ['gnuplot'], 'ERT_GPU': [False], 'ERT_HIP': [False], 'ERT_OCL': [False], 'ERT_SYCL': [False], 'ERT_WSS_MULT': [1.1]}
 