fp64
 16 67108864 348225.117 348225.117 348225.117 6.166940703476022 6.166940703476022 6.166940703476022 1.5417351758690054 1.5417351758690054 1.5417351758690054
 32 33554432 184472.084 184472.084 184472.084 11.641239158982993 11.641239158982993 11.641239158982993 2.910309789745748 2.910309789745748 2.910309789745748
 48 16777216 92226.982 92226.982 92226.982 17.463574119773323 17.463574119773323 17.463574119773323 4.365893529943331 4.365893529943331 4.365893529943331
 64 16777216 92298.031 92298.031 92298.031 23.266841391231846 23.266841391231846 23.266841391231846 5.816710347807962 5.816710347807962 5.816710347807962
 80 8388608 46147.108 46147.108 46147.108 29.084753913506347 29.084753913506347 29.084753913506347 7.271188478376587 7.271188478376587 7.271188478376587
 96 8388608 46365.023 46365.023 46365.023 34.7376671418884 34.7376671418884 34.7376671418884 8.6844167854721 8.6844167854721 8.6844167854721
 112 8388608 46489.954 46489.954 46489.954 40.41837064411808 40.41837064411808 40.41837064411808 10.10459266102952 10.10459266102952 10.10459266102952
 128 8388608 49377.918 49377.918 49377.918 43.490769456905824 43.490769456905824 43.490769456905824 10.872692364226456 10.872692364226456 10.872692364226456
 144 4194304 26889.086 26889.086 26889.086 44.92378625290573 44.92378625290573 44.92378625290573 11.230946563226432 11.230946563226432 11.230946563226432
 160 4194304 25964.975 25964.975 25964.975 51.69183794708064 51.69183794708064 51.69183794708064 12.92295948677016 12.92295948677016 12.92295948677016
 176 4194304 30914.068 30914.068 30914.068 47.75803068040091 47.75803068040091 47.75803068040091 11.939507670100227 11.939507670100227 11.939507670100227
 192 4194304 30125.141 30125.141 30125.141 53.464072948239476 53.464072948239476 53.464072948239476 13.366018237059869 13.366018237059869 13.366018237059869
 208 4194304 34713.03 34713.03 34713.03 50.26442416579596 50.26442416579596 50.26442416579596 12.56610604144899 12.56610604144899 12.56610604144899
 224 4194304 34135.818 34135.818 34135.818 55.046233021279875 55.046233021279875 55.046233021279875 13.761558255319969 13.761558255319969 13.761558255319969
 240 4194304 38521.051 38521.051 38521.051 52.264044405226635 52.264044405226635 52.264044405226635 13.066011101306659 13.066011101306659 13.066011101306659
 256 4194304 25817.871 25817.871 25817.871 83.17818490920496 83.17818490920496 83.17818490920496 20.79454622730124 20.79454622730124 20.79454622730124
 272 2097152 15384.912 15384.912 15384.912 74.15386503348215 74.15386503348215 74.15386503348215 18.538466258370537 18.538466258370537 18.538466258370537
 288 2097152 15302.896 15302.896 15302.896 78.9366634916685 78.9366634916685 78.9366634916685 19.734165872917124 19.734165872917124 19.734165872917124
 304 2097152 17508.03 17508.03 17508.03 72.82763486240316 72.82763486240316 72.82763486240316 18.20690871560079 18.20690871560079 18.20690871560079
 320 2097152 16968.966 16968.966 16968.966 79.09599677434676 79.09599677434676 79.09599677434676 19.77399919358669 19.77399919358669 19.77399919358669
 352 2097152 18926.144 18926.144 18926.144 78.00823073099306 78.00823073099306 78.00823073099306 19.502057682748266 19.502057682748266 19.502057682748266
 384 2097152 20973.921 20973.921 20973.921 76.79120828194213 76.79120828194213 76.79120828194213 19.197802070485533 19.197802070485533 19.197802070485533
 416 2097152 22729.158 22729.158 22729.158 76.76617250845808 76.76617250845808 76.76617250845808 19.19154312711452 19.19154312711452 19.19154312711452
 448 2097152 24410.009 24410.009 24410.009 76.97859480510638 76.97859480510638 76.97859480510638 19.244648701276596 19.244648701276596 19.244648701276596
 480 2097152 26466.131 26466.131 26466.131 76.06952145744309 76.06952145744309 76.06952145744309 19.017380364360772 19.017380364360772 19.017380364360772
 528 1048576 12825.012 12825.012 12825.012 86.338808571875 86.338808571875 86.338808571875 21.58470214296875 21.58470214296875 21.58470214296875
 576 1048576 14127.016 14127.016 14127.016 85.50705626722586 85.50705626722586 85.50705626722586 21.376764066806466 21.376764066806466 21.376764066806466
 624 1048576 16597.986 16597.986 16597.986 78.84226724856858 78.84226724856858 78.84226724856858 19.710566812142144 19.710566812142144 19.710566812142144
 672 1048576 17149.925 17149.925 17149.925 82.17447854728228 82.17447854728228 82.17447854728228 20.54361963682057 20.54361963682057 20.54361963682057
 736 1048576 18584.967 18584.967 18584.967 83.051203265521 83.051203265521 83.051203265521 20.76280081638025 20.76280081638025 20.76280081638025
 800 1048576 17920.017 17920.017 17920.017 93.62276832661486 93.62276832661486 93.62276832661486 23.405692081653715 23.405692081653715 23.405692081653715
 880 1048576 21729.946 21729.946 21729.946 84.92859393207881 84.92859393207881 84.92859393207881 21.232148483019703 21.232148483019703 21.232148483019703
 960 1048576 23249.149 23249.149 23249.149 86.5952521531003 86.5952521531003 86.5952521531003 21.648813038275076 21.648813038275076 21.648813038275076
 1056 524288 11604.071 11604.071 11604.071 95.42308522586598 95.42308522586598 95.42308522586598 23.855771306466494 23.855771306466494 23.855771306466494
 1152 524288 13547.897 13547.897 13547.897 89.16214464872296 89.16214464872296 89.16214464872296 22.29053616218074 22.29053616218074 22.29053616218074
 1264 524288 15069.008 15069.008 15069.008 87.95536268877156 87.95536268877156 87.95536268877156 21.98884067219289 21.98884067219289 21.98884067219289
 1376 524288 15862.942 15862.942 15862.942 90.95668231025495 90.95668231025495 90.95668231025495 22.739170577563737 22.739170577563737 22.739170577563737
 1504 524288 17296.791 17296.791 17296.791 91.17635196031448 91.17635196031448 91.17635196031448 22.79408799007862 22.79408799007862 22.79408799007862
 1648 524288 18753.052 18753.052 18753.052 92.14784068214603 92.14784068214603 92.14784068214603 23.036960170536506 23.036960170536506 23.036960170536506
 1808 524288 19474.983 19474.983 19474.983 97.34670412806008 97.34670412806008 97.34670412806008 24.33667603201502 24.33667603201502 24.33667603201502
 1984 524288 22040.844 22040.844 22040.844 94.38725595081567 94.38725595081567 94.38725595081567 23.596813987703918 23.596813987703918 23.596813987703918
 2176 262144 12002.945 12002.945 12002.945 95.04756441023433 95.04756441023433 95.04756441023433 23.761891102558582 23.761891102558582 23.761891102558582
 2384 262144 13156.891 13156.891 13156.891 94.99984396009664 94.99984396009664 94.99984396009664 23.74996099002416 23.74996099002416 23.74996099002416
 2608 262144 14030.933 14030.933 14030.933 97.4520442795928 97.4520442795928 97.4520442795928 24.3630110698982 24.3630110698982 24.3630110698982
 2864 262144 15293.121 15293.121 15293.121 98.18537576469839 98.18537576469839 98.18537576469839 24.546343941174598 24.546343941174598 24.546343941174598
 3136 262144 16603.947 16603.947 16603.947 99.02267021208873 99.02267021208873 99.02267021208873 24.75566755302218 24.75566755302218 24.75566755302218
 3440 262144 18446.207 18446.207 18446.207 97.77352709963627 97.77352709963627 97.77352709963627 24.443381774909067 24.443381774909067 24.443381774909067
 3776 262144 20214.081 20214.081 20214.081 97.937249187831 97.937249187831 97.937249187831 24.48431229695775 24.48431229695775 24.48431229695775
 4144 131072 10906.935 10906.935 10906.935 99.59945080813262 99.59945080813262 99.59945080813262 24.899862702033154 24.899862702033154 24.899862702033154
 4544 131072 12028.933 12028.933 12028.933 99.02643368285449 99.02643368285449 99.02643368285449 24.756608420713622 24.756608420713622 24.756608420713622
 4992 131072 13117.075 13117.075 13117.075 99.76483690151957 99.76483690151957 99.76483690151957 24.941209225379893 24.941209225379893 24.941209225379893
 5488 131072 14451.027 14451.027 14451.027 99.55322012753834 99.55322012753834 99.55322012753834 24.888305031884585 24.888305031884585 24.888305031884585
 6032 131072 15913.963 15913.963 15913.963 99.3625917064153 99.3625917064153 99.3625917064153 24.840647926603825 24.840647926603825 24.840647926603825
 6624 131072 17375.946 17375.946 17375.946 99.93365863360762 99.93365863360762 99.93365863360762 24.983414658401905 24.983414658401905 24.983414658401905
 7280 131072 18984.079 18984.079 18984.079 100.52677930807177 100.52677930807177 100.52677930807177 25.13169482701794 25.13169482701794 25.13169482701794
 8000 131072 20740.986 20740.986 20740.986 101.11149007091562 101.11149007091562 101.11149007091562 25.277872517728905 25.277872517728905 25.277872517728905
 8800 65536 11432.886 11432.886 11432.886 100.8873525022466 100.8873525022466 100.8873525022466 25.22183812556165 25.22183812556165 25.22183812556165
 9680 65536 13012.886 13012.886 13012.886 97.50158112504789 97.50158112504789 97.50158112504789 24.375395281261973 24.375395281261973 24.375395281261973
 10640 65536 14126.062 14126.062 14126.062 98.72575102671927 98.72575102671927 98.72575102671927 24.681437756679816 24.681437756679816 24.681437756679816
 11696 65536 15138.149 15138.149 15138.149 101.26853104695957 101.26853104695957 101.26853104695957 25.31713276173989 25.31713276173989 25.31713276173989
 12864 65536 16505.003 16505.003 16505.003 102.1575220555852 102.1575220555852 102.1575220555852 25.5393805138963 25.5393805138963 25.5393805138963
 14144 65536 18180.132 18180.132 18180.132 101.9729872148343 101.9729872148343 101.9729872148343 25.493246803708576 25.493246803708576 25.493246803708576
 15552 65536 20039.082 20039.082 20039.082 101.7228106556977 101.7228106556977 101.7228106556977 25.430702663924425 25.430702663924425 25.430702663924425
 17104 32768 11052.132 11052.132 11052.132 101.42185634409724 101.42185634409724 101.42185634409724 25.35546408602431 25.35546408602431 25.35546408602431
 18800 32768 12118.101 12118.101 12118.101 101.67243200894265 101.67243200894265 101.67243200894265 25.418108002235662 25.418108002235662 25.418108002235662
 20672 32768 13446.093 13446.093 13446.093 100.75493245510053 100.75493245510053 100.75493245510053 25.188733113775132 25.188733113775132 25.188733113775132
 22736 32768 14609.098 14609.098 14609.098 101.99305227468528 101.99305227468528 101.99305227468528 25.49826306867132 25.49826306867132 25.49826306867132
 25008 32768 16223.907 16223.907 16223.907 101.01908794225706 101.01908794225706 101.01908794225706 25.254771985564265 25.254771985564265 25.254771985564265
 27504 32768 17789.125 17789.125 17789.125 101.32607106870068 101.32607106870068 101.32607106870068 25.33151776717517 25.33151776717517 25.33151776717517
 30240 32768 19512.892 19512.892 19512.892 101.56406543940282 101.56406543940282 101.56406543940282 25.391016359850706 25.391016359850706 25.391016359850706
 33264 16384 10787.01 10787.01 10787.01 101.0469770585176 101.0469770585176 101.0469770585176 25.2617442646294 25.2617442646294 25.2617442646294
 36576 16384 11806.965 11806.965 11806.965 101.50977562819911 101.50977562819911 101.50977562819911 25.377443907049777 25.377443907049777 25.377443907049777
 40224 16384 13007.879 13007.879 13007.879 101.32782077693066 101.32782077693066 101.32782077693066 25.331955194232666 25.331955194232666 25.331955194232666
 44240 16384 14315.128 14315.128 14315.128 101.26743679832973 101.26743679832973 101.26743679832973 25.31685919958243 25.31685919958243 25.31685919958243
 48656 16384 15750.17 15750.17 15750.17 101.22810153795166 101.22810153795166 101.22810153795166 25.307025384487915 25.307025384487915 25.307025384487915
 53520 16384 17288.923 17288.923 17288.923 101.43739780667659 101.43739780667659 101.43739780667659 25.359349451669146 25.359349451669146 25.359349451669146
 58864 16384 19133.091 19133.091 19133.091 100.81254262575763 100.81254262575763 100.81254262575763 25.203135656439407 25.203135656439407 25.203135656439407
 64736 16384 20938.873 20938.873 20938.873 101.30770877687638 101.30770877687638 101.30770877687638 25.326927194219095 25.326927194219095 25.326927194219095
 71200 8192 12660.027 12660.027 12660.027 92.14362654992757 92.14362654992757 92.14362654992757 23.035906637481894 23.035906637481894 23.035906637481894
 78320 8192 14121.056 14121.056 14121.056 90.87102834235625 90.87102834235625 90.87102834235625 22.717757085589064 22.717757085589064 22.717757085589064
 86144 8192 15539.885 15539.885 15539.885 90.82327803584131 90.82327803584131 90.82327803584131 22.705819508960328 22.705819508960328 22.705819508960328
 94752 8192 17066.956 17066.956 17066.956 90.9603779373428 90.9603779373428 90.9603779373428 22.7400944843357 22.7400944843357 22.7400944843357
 104224 8192 18779.993 18779.993 18779.993 90.92687180447831 90.92687180447831 90.92687180447831 22.731717951119577 22.731717951119577 22.731717951119577
 114640 8192 20699.978 20699.978 20699.978 90.73737952764974 90.73737952764974 90.73737952764974 22.684344881912434 22.684344881912434 22.684344881912434
 126096 8192 22746.801 22746.801 22746.801 90.82406198568317 90.82406198568317 90.82406198568317 22.706015496420793 22.706015496420793 22.706015496420793
 138704 4096 12511.969 12511.969 12511.969 90.81409712572018 90.81409712572018 90.81409712572018 22.703524281430045 22.703524281430045 22.703524281430045
 152560 4096 13788.939 13788.939 13788.939 90.63580018738207 90.63580018738207 90.63580018738207 22.65895004684552 22.65895004684552 22.65895004684552
 167808 4096 15297.89 15297.89 15297.89 89.8609635707931 89.8609635707931 89.8609635707931 22.465240892698276 22.465240892698276 22.465240892698276
 184576 4096 16691.923 16691.923 16691.923 90.58552402859755 90.58552402859755 90.58552402859755 22.646381007149387 22.646381007149387 22.646381007149387
 203024 4096 18346.071 18346.071 18346.071 90.65552008383703 90.65552008383703 90.65552008383703 22.663880020959258 22.663880020959258 22.663880020959258
 223312 4096 20212.889 20212.889 20212.889 90.50521694350572 90.50521694350572 90.50521694350572 22.62630423587643 22.62630423587643 22.62630423587643
 245632 4096 22207.022 22207.022 22207.022 90.61175982984122 90.61175982984122 90.61175982984122 22.652939957460305 22.652939957460305 22.652939957460305
 270192 2048 12214.899 12214.899 12214.899 90.60299491629034 90.60299491629034 90.60299491629034 22.650748729072586 22.650748729072586 22.650748729072586
 297200 2048 13477.802 13477.802 13477.802 90.32119629001821 90.32119629001821 90.32119629001821 22.580299072504552 22.580299072504552 22.580299072504552
 326912 2048 14857.054 14857.054 14857.054 90.12766272505976 90.12766272505976 90.12766272505976 22.53191568126494 22.53191568126494 22.53191568126494
 359600 2048 16435.146 16435.146 16435.146 89.6202321537028 89.6202321537028 89.6202321537028 22.4050580384257 22.4050580384257 22.4050580384257
 395552 2048 20017.147 20017.147 20017.147 80.93965598594045 80.93965598594045 80.93965598594045 20.234913996485112 20.234913996485112 20.234913996485112
 435104 2048 21114.826 21114.826 21114.826 84.40448356050862 84.40448356050862 84.40448356050862 21.101120890127156 21.101120890127156 21.101120890127156
 478608 2048 25074.959 25074.959 25074.959 78.18072077405989 78.18072077405989 78.18072077405989 19.545180193514973 19.545180193514973 19.545180193514973
 526464 1024 13310.909 13310.909 13310.909 81.00110007513388 81.00110007513388 81.00110007513388 20.25027501878347 20.25027501878347 20.25027501878347
 579104 1024 16984.94 16984.94 16984.94 69.8268579105961 69.8268579105961 69.8268579105961 17.456714477649026 17.456714477649026 17.456714477649026
 637008 1024 18718.958 18718.958 18718.958 69.69364341754493 69.69364341754493 69.69364341754493 17.423410854386233 17.423410854386233 17.423410854386233
 700704 1024 21229.982 21229.982 21229.982 67.59505457894406 67.59505457894406 67.59505457894406 16.898763644736015 16.898763644736015 16.898763644736015
 770768 1024 23356.915 23356.915 23356.915 67.58310607372592 67.58310607372592 67.58310607372592 16.89577651843148 16.89577651843148 16.89577651843148
 847840 1024 25705.099 25705.099 25705.099 67.54987872250561 67.54987872250561 67.54987872250561 16.887469680626403 16.887469680626403 16.887469680626403
 932624 1024 28362.036 28362.036 28362.036 67.34403524486042 67.34403524486042 67.34403524486042 16.836008811215105 16.836008811215105 16.836008811215105
 1025872 1024 31054.02 31054.02 31054.02 67.6558415303397 67.6558415303397 67.6558415303397 16.913960382584925 16.913960382584925 16.913960382584925
 1128448 512 17304.897 17304.897 17304.897 66.77478357715738 66.77478357715738 66.77478357715738 16.693695894289345 16.693695894289345 16.693695894289345
 1241280 512 18845.081 18845.081 18845.081 67.44840842021321 67.44840842021321 67.44840842021321 16.862102105053303 16.862102105053303 16.862102105053303
 1365408 512 20690.918 20690.918 20690.918 67.57446875967513 67.57446875967513 67.57446875967513 16.893617189918782 16.893617189918782 16.893617189918782
 1501936 512 23010.969 23010.969 23010.969 66.83692738015507 66.83692738015507 66.83692738015507 16.70923184503877 16.70923184503877 16.70923184503877
 1652128 512 25024.891 25024.891 25024.891 67.60385377902345 67.60385377902345 67.60385377902345 16.900963444755863 16.900963444755863 16.900963444755863
 1817328 512 27524.948 27524.948 27524.948 67.60935105127174 67.60935105127174 67.60935105127174 16.902337762817936 16.902337762817936 16.902337762817936
 1999056 512 30292.988 30292.988 30292.988 67.5744942691028 67.5744942691028 67.5744942691028 16.8936235672757 16.8936235672757 16.8936235672757
 2198960 256 16654.968 16654.968 16654.968 67.59950064149027 67.59950064149027 67.59950064149027 16.899875160372567 16.899875160372567 16.899875160372567
 2418848 256 18336.058 18336.058 18336.058 67.54178984381484 67.54178984381484 67.54178984381484 16.88544746095371 16.88544746095371 16.88544746095371
 2660720 256 20199.06 20199.06 20199.06 67.44317012771882 67.44317012771882 67.44317012771882 16.860792531929704 16.860792531929704 16.860792531929704
 2926784 256 22300.005 22300.005 22300.005 67.197895605853 67.197895605853 67.197895605853 16.79947390146325 16.79947390146325 16.79947390146325
 3219456 256 25049.925 25049.925 25049.925 65.80305018877301 65.80305018877301 65.80305018877301 16.450762547193253 16.450762547193253 16.450762547193253
 3541392 256 26830.912 26830.912 26830.912 67.5784969217595 67.5784969217595 67.5784969217595 16.894624230439874 16.894624230439874 16.894624230439874
 3895520 256 29589.176 29589.176 29589.176 67.40661652761132 67.40661652761132 67.40661652761132 16.85165413190283 16.85165413190283 16.85165413190283
 4285072 128 16251.087 16251.087 16251.087 67.50184969165447 67.50184969165447 67.50184969165447 16.875462422913618 16.875462422913618 16.875462422913618
 4713568 128 18274.069 18274.069 18274.069 66.03200458529514 66.03200458529514 66.03200458529514 16.508001146323785 16.508001146323785 16.508001146323785
 5184912 128 19723.892 19723.892 19723.892 67.29592070368263 67.29592070368263 67.29592070368263 16.823980175920656 16.823980175920656 16.823980175920656
 5703392 128 21675.11 21675.11 21675.11 67.36151982619695 67.36151982619695 67.36151982619695 16.84037995654924 16.84037995654924 16.84037995654924
 6273728 128 24331.093 24331.093 24331.093 66.00913358064103 66.00913358064103 66.00913358064103 16.50228339516026 16.50228339516026 16.50228339516026
 6901088 128 26931.047 26931.047 26931.047 65.60006850086445 65.60006850086445 65.60006850086445 16.400017125216113 16.400017125216113 16.400017125216113
 7591184 128 28910.875 28910.875 28910.875 67.21841189517785 67.21841189517785 67.21841189517785 16.804602973794463 16.804602973794463 16.804602973794463
 8350288 128 33614.159 33614.159 33614.159 63.59444328207052 63.59444328207052 63.59444328207052 15.89861082051763 15.89861082051763 15.89861082051763
 9185312 64 18224.001 18224.001 18224.001 64.51491832117436 64.51491832117436 64.51491832117436 16.12872958029359 16.12872958029359 16.12872958029359
 10103840 64 19288.063 19288.063 19288.063 67.05139442980874 67.05139442980874 67.05139442980874 16.762848607452185 16.762848607452185 16.762848607452185
 11114224 64 25004.864 25004.864 25004.864 56.89375763051541 56.89375763051541 56.89375763051541 14.223439407628852 14.223439407628852 14.223439407628852
 12225632 64 23403.883 23403.883 23403.883 66.86415651624989 66.86415651624989 66.86415651624989 16.716039129062473 16.716039129062473 16.716039129062473
 13448192 64 27431.011 27431.011 27431.011 62.752647942870205 62.752647942870205 62.752647942870205 15.688161985717551 15.688161985717551 15.688161985717551
 14793008 64 28448.82 28448.82 28448.82 66.55829746189825 66.55829746189825 66.55829746189825 16.639574365474562 16.639574365474562 16.639574365474562
 16272304 64 31553.984 31553.984 31553.984 66.00925296786612 66.00925296786612 66.00925296786612 16.50231324196653 16.50231324196653 16.50231324196653
 17899520 32 18223.047 18223.047 18223.047 62.8637614774302 62.8637614774302 62.8637614774302 15.71594036935755 15.71594036935755 15.71594036935755
 19689472 32 20064.831 20064.831 20064.831 62.80273220342599 62.80273220342599 62.80273220342599 15.700683050856497 15.700683050856497 15.700683050856497
 21658416 32 21458.864 21458.864 21458.864 64.59515396527979 64.59515396527979 64.59515396527979 16.148788491319948 16.148788491319948 16.148788491319948
 23824256 32 23993.015 23993.015 23993.015 63.5498449861345 63.5498449861345 63.5498449861345 15.887461246533626 15.887461246533626 15.887461246533626
 26206672 32 26384.115 26384.115 26384.115 63.569576163536276 63.569576163536276 63.569576163536276 15.892394040884069 15.892394040884069 15.892394040884069
 28827328 32 29314.995 29314.995 29314.995 62.9353336747968 62.9353336747968 62.9353336747968 15.7338334186992 15.7338334186992 15.7338334186992
 31710048 32 31985.998 31985.998 31985.998 63.44785840354269 63.44785840354269 63.44785840354269 15.861964600885672 15.861964600885672 15.861964600885672
 34881040 16 17658.949 17658.949 17658.949 63.20836421238886 63.20836421238886 63.20836421238886 15.802091053097215 15.802091053097215 15.802091053097215
 38369136 16 19467.115 19467.115 19467.115 63.071099749500625 63.071099749500625 63.071099749500625 15.767774937375156 15.767774937375156 15.767774937375156
 42206048 16 22205.114 22205.114 22205.114 60.82353533514847 60.82353533514847 60.82353533514847 15.205883833787118 15.205883833787118 15.205883833787118
 46426640 16 25890.112 25890.112 25890.112 57.38300707235256 57.38300707235256 57.38300707235256 14.34575176808814 14.34575176808814 14.34575176808814
 51069296 16 30551.91 30551.91 30551.91 53.48986272871319 53.48986272871319 53.48986272871319 13.372465682178298 13.372465682178298 13.372465682178298
 56176224 16 35974.979 35974.979 35974.979 49.96915128150596 49.96915128150596 49.96915128150596 12.49228782037649 12.49228782037649 12.49228782037649
 61793840 16 42731.047 42731.047 42731.047 46.275554165569595 46.275554165569595 46.275554165569595 11.568888541392399 11.568888541392399 11.568888541392399
 67973216 8 25541.067 25541.067 25541.067 42.58128511232518 42.58128511232518 42.58128511232518 10.645321278081296 10.645321278081296 10.645321278081296
 74770528 8 30998.945 30998.945 30998.945 38.592553649809695 38.592553649809695 38.592553649809695 9.648138412452424 9.648138412452424 9.648138412452424
 82247568 8 34237.862 34237.862 34237.862 38.43584298575652 38.43584298575652 38.43584298575652 9.60896074643913 9.60896074643913 9.60896074643913
 90472320 8 39159.06 39159.06 39159.06 36.96608447700226 36.96608447700226 36.96608447700226 9.241521119250566 9.241521119250566 9.241521119250566
 99519552 8 44184.923 44184.923 44184.923 36.03746988537244 36.03746988537244 36.03746988537244 9.00936747134311 9.00936747134311 9.00936747134311
 109471504 8 48132.896 48132.896 48132.896 36.38975024482217 36.38975024482217 36.38975024482217 9.097437561205542 9.097437561205542 9.097437561205542
 120418640 8 54758.787 54758.787 54758.787 35.18518845203784 35.18518845203784 35.18518845203784 8.79629711300946 8.79629711300946 8.79629711300946
 132460496 8 60213.089 60213.089 60213.089 35.19779455260965 35.19779455260965 35.19779455260965 8.799448638152413 8.799448638152413 8.799448638152413
 145706544 4 32714.844 32714.844 32714.844 35.63068654706102 35.63068654706102 35.63068654706102 8.907671636765254 8.907671636765254 8.907671636765254
 160277184 4 36193.848 36193.848 36193.848 35.426392684193175 35.426392684193175 35.426392684193175 8.856598171048294 8.856598171048294 8.856598171048294
 176304896 4 40270.09 40270.09 40270.09 35.02448512034614 35.02448512034614 35.02448512034614 8.756121280086536 8.756121280086536 8.756121280086536
 193935376 4 43025.017 43025.017 43025.017 36.060020801386315 36.060020801386315 36.060020801386315 9.015005200346579 9.015005200346579 9.015005200346579
 213328912 4 49300.909 49300.909 49300.909 34.616629401295626 34.616629401295626 34.616629401295626 8.654157350323906 8.654157350323906 8.654157350323906
 234661792 4 52155.972 52155.972 52155.972 35.993851979213424 35.993851979213424 35.993851979213424 8.998462994803356 8.998462994803356 8.998462994803356
 258127968 4 59288.025 59288.025 59288.025 34.83036825733358 34.83036825733358 34.83036825733358 8.707592064333395 8.707592064333395 8.707592064333395
 283940752 2 31677.961 31677.961 31677.961 35.853412661250516 35.853412661250516 35.853412661250516 8.963353165312629 8.963353165312629 8.963353165312629
 312334816 2 35716.057 35716.057 35716.057 34.97976453559809 34.97976453559809 34.97976453559809 8.744941133899523 8.744941133899523 8.744941133899523
 343568288 2 38416.147 38416.147 38416.147 35.77332083824024 35.77332083824024 35.77332083824024 8.94333020956006 8.94333020956006 8.94333020956006
 377925104 2 41671.991 41671.991 41671.991 36.27617446932162 36.27617446932162 36.27617446932162 9.069043617330404 9.069043617330404 9.069043617330404
 415717600 2 47772.884 47772.884 47772.884 34.807829479166465 34.807829479166465 34.807829479166465 8.701957369791616 8.701957369791616 8.701957369791616
 457289360 2 50423.145 50423.145 50423.145 36.276147392234265 36.276147392234265 36.276147392234265 9.069036848058566 9.069036848058566 9.069036848058566
 503018288 2 56924.82 56924.82 56924.82 35.346148692257614 35.346148692257614 35.346148692257614 8.836537173064404 8.836537173064404 8.836537173064404
 553320112 1 31924.009 31924.009 31924.009 34.664826212772965 34.664826212772965 34.664826212772965 8.666206553193241 8.666206553193241 8.666206553193241
 608652112 1 33782.005 33782.005 33782.005 36.0341022979542 36.0341022979542 36.0341022979542 9.00852557448855 9.00852557448855 9.00852557448855
 669517312 1 37961.96 37961.96 37961.96 35.27306345615453 35.27306345615453 35.27306345615453 8.818265864038633 8.818265864038633 8.818265864038633
 736469040 1 41978.121 41978.121 41978.121 35.08823274867401 35.08823274867401 35.08823274867401 8.772058187168502 8.772058187168502 8.772058187168502
 810115936 1 45469.046 45469.046 45469.046 35.633733595378274 35.633733595378274 35.633733595378274 8.908433398844569 8.908433398844569 8.908433398844569
 891127520 1 50707.102 50707.102 50707.102 35.1480358707938 35.1480358707938 35.1480358707938 8.78700896769845 8.78700896769845 8.78700896769845
 980240272 1 55978.06 55978.06 55978.06 35.022302380611265 35.022302380611265 35.022302380611265 8.755575595152816 8.755575595152816 8.755575595152816
 
META_DATA
 MPI startup(): shm:tmi fabric is unknown or has been removed from the product, please use ofi or shm:ofi instead
 FLOPS          4
 MPI_PROCS      2
 OPENMP_THREADS 1
 ERT_VERSION  1.1.0
 HOSTNAME  ('shas0339.rc.int.colorado.edu', [], ['10.225.6.91'])
 UNAME  uname_result(system='Linux', node='shas0339.rc.int.colorado.edu', release='3.10.0-957.27.2.el7.x86_64', version='#1 SMP Mon Jul 29 17:46:05 UTC 2019', machine='x86_64', processor='x86_64')
 TIMESTAMP_DATA  1664517315.0006099
 CONFIG  {'ERT_RESULTS': ['lab5_results'], 'ERT_DRIVER': ['driver1'], 'ERT_KERNEL': ['kernel1'], 'ERT_MPI': ['True'], 'ERT_MPI_CFLAGS': ['-I/usr/include/mpi'], 'ERT_MPI_LDFLAGS': ['-lmpi'], 'ERT_OPENMP': ['True'], 'ERT_OPENMP_CFLAGS': ['-qopenmp'], 'ERT_OPENMP_LDFLAGS': ['-qopenmp'], 'ERT_FLOPS': ['1,2,4,8,16'], 'ERT_ALIGN': ['32'], 'ERT_CC': ['mpicc'], 'ERT_CFLAGS': ['-O3', '-msse3', '-axSSE3', '-xSSE3', '-fno-alias', '-fno-fnalias', '-DERT_INTEL', '-std=c++11'], 'ERT_LD': ['mpicc'], 'ERT_LDFLAGS': [], 'ERT_LDLIBS': [], 'ERT_PRECISION': ['FP64'], 'ERT_RUN': ['export', 'OMP_NUM_THREADS=ERT_OPENMP_THREADS;', 'mpirun', '-np', 'ERT_MPI_PROCS', 'ERT_CODE'], 'ERT_PROCS_THREADS': ['1-8'], 'ERT_MPI_PROCS': ['1,2'], 'ERT_OPENMP_THREADS': ['1'], 'ERT_NUM_EXPERIMENTS': ['1'], 'ERT_MEMORY_MAX': ['1073741824'], 'ERT_WORKING_SET_MIN': ['1'], 'ERT_TRIALS_MIN': ['1'], 'ERT_GNUPLOT': ['gnuplot'], 'ERT_GPU': [False], 'ERT_HIP': [False], 'ERT_OCL': [False], 'ERT_SYCL': [False], 'ERT_WSS_MULT': [1.1]}
 