fp64
 64 16777216 369634.151 369634.151 369634.151 5.809754434730247 5.809754434730247 5.809754434730247 5.809754434730247 5.809754434730247 5.809754434730247
 128 8388608 187659.979 187659.979 187659.979 11.443482299441161 11.443482299441161 11.443482299441161 11.443482299441161 11.443482299441161 11.443482299441161
 192 4194304 93977.928 93977.928 93977.928 17.138202238295783 17.138202238295783 17.138202238295783 17.138202238295783 17.138202238295783 17.138202238295783
 256 4194304 93895.197 93895.197 93895.197 22.871070263583345 22.871070263583345 22.871070263583345 22.871070263583345 22.871070263583345 22.871070263583345
 320 2097152 47297.001 47297.001 47297.001 28.37764026518299 28.37764026518299 28.37764026518299 28.37764026518299 28.37764026518299 28.37764026518299
 384 2097152 47303.2 47303.2 47303.2 34.048705711241524 34.048705711241524 34.048705711241524 34.048705711241524 34.048705711241524 34.048705711241524
 448 2097152 48363.924 48363.924 48363.924 38.852269141767735 38.852269141767735 38.852269141767735 38.852269141767735 38.852269141767735 38.852269141767735
 512 2097152 48379.183 48379.183 48379.183 44.388588538173536 44.388588538173536 44.388588538173536 44.388588538173536 44.388588538173536 44.388588538173536
 576 1048576 24460.077 24460.077 24460.077 49.38494478165379 49.38494478165379 49.38494478165379 49.38494478165379 49.38494478165379 49.38494478165379
 640 1048576 24409.056 24409.056 24409.056 54.98685733688349 54.98685733688349 54.98685733688349 54.98685733688349 54.98685733688349 54.98685733688349
 704 1048576 28138.876 28138.876 28138.876 52.46815857179227 52.46815857179227 52.46815857179227 52.46815857179227 52.46815857179227 52.46815857179227
 768 1048576 27832.031 27832.031 27832.031 57.86903356064816 57.86903356064816 57.86903356064816 57.86903356064816 57.86903356064816 57.86903356064816
 832 1048576 32433.987 32433.987 32433.987 53.796360712606806 53.796360712606806 53.796360712606806 53.796360712606806 53.796360712606806 53.796360712606806
 896 1048576 32655.001 32655.001 32655.001 57.54243253583118 57.54243253583118 57.54243253583118 57.54243253583118 57.54243253583118 57.54243253583118
 960 1048576 36896.944 36896.944 36896.944 54.564570984523804 54.564570984523804 54.564570984523804 54.564570984523804 54.564570984523804 54.564570984523804
 1024 1048576 25285.006 25285.006 25285.006 84.9311108725859 84.9311108725859 84.9311108725859 84.9311108725859 84.9311108725859 84.9311108725859
 1088 524288 15447.14 15447.14 15447.14 73.85514004534173 73.85514004534173 73.85514004534173 73.85514004534173 73.85514004534173 73.85514004534173
 1152 524288 15716.076 15716.076 15716.076 76.8613966997869 76.8613966997869 76.8613966997869 76.8613966997869 76.8613966997869 76.8613966997869
 1216 524288 18629.074 18629.074 18629.074 68.44507762436287 68.44507762436287 68.44507762436287 68.44507762436287 68.44507762436287 68.44507762436287
 1280 524288 18163.919 18163.919 18163.919 73.89249423541253 73.89249423541253 73.89249423541253 73.89249423541253 73.89249423541253 73.89249423541253
 1408 524288 20808.935 20808.935 20808.935 70.95005140820517 70.95005140820517 70.95005140820517 70.95005140820517 70.95005140820517 70.95005140820517
 1536 524288 22885.084 22885.084 22885.084 70.37827503713773 70.37827503713773 70.37827503713773 70.37827503713773 70.37827503713773 70.37827503713773
 1664 524288 24899.96 24899.96 24899.96 70.07362517851435 70.07362517851435 70.07362517851435 70.07362517851435 70.07362517851435 70.07362517851435
 1792 524288 27462.006 27462.006 27462.006 68.4235591529621 68.4235591529621 68.4235591529621 68.4235591529621 68.4235591529621 68.4235591529621
 1920 524288 29713.869 29713.869 29713.869 67.75509173847404 67.75509173847404 67.75509173847404 67.75509173847404 67.75509173847404 67.75509173847404
 2112 262144 13943.911 13943.911 13943.911 79.4107374896469 79.4107374896469 79.4107374896469 79.4107374896469 79.4107374896469 79.4107374896469
 2304 262144 15565.872 15565.872 15565.872 77.60307626839023 77.60307626839023 77.60307626839023 77.60307626839023 77.60307626839023 77.60307626839023
 2496 262144 17710.209 17710.209 17710.209 73.89087548317471 73.89087548317471 73.89087548317471 73.89087548317471 73.89087548317471 73.89087548317471
 2688 262144 18749.952 18749.952 18749.952 75.16212009502745 75.16212009502745 75.16212009502745 75.16212009502745 75.16212009502745 75.16212009502745
 2944 262144 21278.858 21278.858 21278.858 72.53696941818964 72.53696941818964 72.53696941818964 72.53696941818964 72.53696941818964 72.53696941818964
 3200 262144 20503.998 20503.998 20503.998 81.82412034960207 81.82412034960207 81.82412034960207 81.82412034960207 81.82412034960207 81.82412034960207
 3520 262144 23942.947 23942.947 23942.947 77.0788057125967 77.0788057125967 77.0788057125967 77.0788057125967 77.0788057125967 77.0788057125967
 3840 262144 26790.142 26790.142 26790.142 75.14950536656356 75.14950536656356 75.14950536656356 75.14950536656356 75.14950536656356 75.14950536656356
 4224 131072 13792.038 13792.038 13792.038 80.28518018874367 80.28518018874367 80.28518018874367 80.28518018874367 80.28518018874367 80.28518018874367
 4608 131072 15586.138 15586.138 15586.138 77.50217225075255 77.50217225075255 77.50217225075255 77.50217225075255 77.50217225075255 77.50217225075255
 5056 131072 17642.021 17642.021 17642.021 75.12745076088505 75.12745076088505 75.12745076088505 75.12745076088505 75.12745076088505 75.12745076088505
 5504 131072 17870.903 17870.903 17870.903 80.73685901602175 80.73685901602175 80.73685901602175 80.73685901602175 80.73685901602175 80.73685901602175
 6016 131072 20375.967 20375.967 20375.967 77.3979612354103 77.3979612354103 77.3979612354103 77.3979612354103 77.3979612354103 77.3979612354103
 6592 131072 22142.887 22142.887 22142.887 78.04100919631662 78.04100919631662 78.04100919631662 78.04100919631662 78.04100919631662 78.04100919631662
 7232 131072 23247.004 23247.004 23247.004 81.55138649264224 81.55138649264224 81.55138649264224 81.55138649264224 81.55138649264224 81.55138649264224
 7936 131072 25937.08 25937.08 25937.08 80.20851938614524 80.20851938614524 80.20851938614524 80.20851938614524 80.20851938614524 80.20851938614524
 8704 65536 14381.17 14381.17 14381.17 79.32947653076906 79.32947653076906 79.32947653076906 79.32947653076906 79.32947653076906 79.32947653076906
 9536 65536 15665.054 15665.054 15665.054 79.7892297083687 79.7892297083687 79.7892297083687 79.7892297083687 79.7892297083687 79.7892297083687
 10432 65536 17026.901 17026.901 17026.901 80.30487192002819 80.30487192002819 80.30487192002819 80.30487192002819 80.30487192002819 80.30487192002819
 11456 65536 18635.988 18635.988 18635.988 80.573180879919 80.573180879919 80.573180879919 80.573180879919 80.573180879919 80.573180879919
 12544 65536 20276.07 20276.07 20276.07 81.0890457568947 81.0890457568947 81.0890457568947 81.0890457568947 81.0890457568947 81.0890457568947
 13760 65536 22375.107 22375.107 22375.107 80.60523330681727 80.60523330681727 80.60523330681727 80.60523330681727 80.60523330681727 80.60523330681727
 15104 65536 24646.997 24646.997 24646.997 80.3226246183257 80.3226246183257 80.3226246183257 80.3226246183257 80.3226246183257 80.3226246183257
 16576 32768 13402.939 13402.939 13402.939 81.05123331531986 81.05123331531986 81.05123331531986 81.05123331531986 81.05123331531986 81.05123331531986
 18176 32768 14728.069 14728.069 14728.069 80.87837828570738 80.87837828570738 80.87837828570738 80.87837828570738 80.87837828570738 80.87837828570738
 19968 32768 16059.16 16059.16 16059.16 81.48762749732863 81.48762749732863 81.48762749732863 81.48762749732863 81.48762749732863 81.48762749732863
 21952 32768 17701.149 17701.149 17701.149 81.2741744617821 81.2741744617821 81.2741744617821 81.2741744617821 81.2741744617821 81.2741744617821
 24128 32768 19450.903 19450.903 19450.903 81.29456036051386 81.29456036051386 81.29456036051386 81.29456036051386 81.29456036051386 81.29456036051386
 26496 32768 21431.923 21431.923 21431.923 81.02128101150792 81.02128101150792 81.02128101150792 81.02128101150792 81.02128101150792 81.02128101150792
 29120 32768 23397.923 23397.923 23397.923 81.563150712138 81.563150712138 81.563150712138 81.563150712138 81.563150712138 81.563150712138
 32000 32768 25527.0 25527.0 25527.0 82.15426802992909 82.15426802992909 82.15426802992909 82.15426802992909 82.15426802992909 82.15426802992909
 35200 16384 14070.988 14070.988 14070.988 81.97246703642986 81.97246703642986 81.97246703642986 81.97246703642986 81.97246703642986 81.97246703642986
 38720 16384 15630.007 15630.007 15630.007 81.17571284517018 81.17571284517018 81.17571284517018 81.17571284517018 81.17571284517018 81.17571284517018
 42560 16384 17129.898 17129.898 17129.898 81.41356591848941 81.41356591848941 81.41356591848941 81.41356591848941 81.41356591848941 81.41356591848941
 46784 16384 18762.827 18762.827 18762.827 81.70507098956888 81.70507098956888 81.70507098956888 81.70507098956888 81.70507098956888 81.70507098956888
 51456 16384 20345.926 20345.926 20345.926 82.87212919185886 82.87212919185886 82.87212919185886 82.87212919185886 82.87212919185886 82.87212919185886
 56576 16384 22520.781 22520.781 22520.781 82.3187423207037 82.3187423207037 82.3187423207037 82.3187423207037 82.3187423207037 82.3187423207037
 62208 16384 24886.847 24886.847 24886.847 81.90799517512202 81.90799517512202 81.90799517512202 81.90799517512202 81.90799517512202 81.90799517512202
 68416 8192 13696.909 13696.909 13696.909 81.83800768479955 81.83800768479955 81.83800768479955 81.83800768479955 81.83800768479955 81.83800768479955
 75200 8192 14997.959 14997.959 14997.959 82.14963115981314 82.14963115981314 82.14963115981314 82.14963115981314 82.14963115981314 82.14963115981314
 82688 8192 16545.057 16545.057 16545.057 81.88307794890038 81.88307794890038 81.88307794890038 81.88307794890038 81.88307794890038 81.88307794890038
 90944 8192 18176.079 18176.079 18176.079 81.97733383531178 81.97733383531178 81.97733383531178 81.97733383531178 81.97733383531178 81.97733383531178
 100032 8192 20005.941 20005.941 20005.941 81.92187950569283 81.92187950569283 81.92187950569283 81.92187950569283 81.92187950569283 81.92187950569283
 110016 8192 21940.947 21940.947 21940.947 82.15243143333787 82.15243143333787 82.15243143333787 82.15243143333787 82.15243143333787 82.15243143333787
 120960 8192 24131.06 24131.06 24131.06 82.12687880267173 82.12687880267173 82.12687880267173 82.12687880267173 82.12687880267173 82.12687880267173
 133056 4096 13346.91 13346.91 13346.91 81.66644953775817 81.66644953775817 81.66644953775817 81.66644953775817 81.66644953775817 81.66644953775817
 146304 4096 14649.868 14649.868 14649.868 81.81113768397094 81.81113768397094 81.81113768397094 81.81113768397094 81.81113768397094 81.81113768397094
 160896 4096 16074.896 16074.896 16074.896 81.99493371527878 81.99493371527878 81.99493371527878 81.99493371527878 81.99493371527878 81.99493371527878
 176960 4096 17678.022 17678.022 17678.022 82.00331009883345 82.00331009883345 82.00331009883345 82.00331009883345 82.00331009883345 82.00331009883345
 194624 4096 19669.056 19669.056 19669.056 81.05929476229058 81.05929476229058 81.05929476229058 81.05929476229058 81.05929476229058 81.05929476229058
 214080 4096 21391.153 21391.153 21391.153 81.98451761810128 81.98451761810128 81.98451761810128 81.98451761810128 81.98451761810128 81.98451761810128
 235456 4096 23563.147 23563.147 23563.147 81.85899582937712 81.85899582937712 81.85899582937712 81.85899582937712 81.85899582937712 81.85899582937712
 258944 4096 25888.92 25888.92 25888.92 81.93734029847518 81.93734029847518 81.93734029847518 81.93734029847518 81.93734029847518 81.93734029847518
 284800 2048 14202.833 14202.833 14202.833 82.13437417732082 82.13437417732082 82.13437417732082 82.13437417732082 82.13437417732082 82.13437417732082
 313280 2048 15637.875 15637.875 15637.875 82.05685746944518 82.05685746944518 82.05685746944518 82.05685746944518 82.05685746944518 82.05685746944518
 344576 2048 17177.82 17177.82 17177.82 82.16312058223919 82.16312058223919 82.16312058223919 82.16312058223919 82.16312058223919 82.16312058223919
 379008 2048 18907.07 18907.07 18907.07 82.10773895690872 82.10773895690872 82.10773895690872 82.10773895690872 82.10773895690872 82.10773895690872
 416896 2048 20797.968 20797.968 20797.968 82.10446405148811 82.10446405148811 82.10446405148811 82.10446405148811 82.10446405148811 82.10446405148811
 458560 2048 22896.051 22896.051 22896.051 82.03431063286853 82.03431063286853 82.03431063286853 82.03431063286853 82.03431063286853 82.03431063286853
 504384 2048 25149.822 25149.822 25149.822 82.14598353817375 82.14598353817375 82.14598353817375 82.14598353817375 82.14598353817375 82.14598353817375
 554816 1024 13828.993 13828.993 13828.993 82.16528622149131 82.16528622149131 82.16528622149131 82.16528622149131 82.16528622149131 82.16528622149131
 610240 1024 15239.0 15239.0 15239.0 82.01138657392217 82.01138657392217 82.01138657392217 82.01138657392217 82.01138657392217 82.01138657392217
 671232 1024 16734.123 16734.123 16734.123 82.14850195615271 82.14850195615271 82.14850195615271 82.14850195615271 82.14850195615271 82.14850195615271
 738304 1024 18407.822 18407.822 18407.822 82.14152614035488 82.14152614035488 82.14152614035488 82.14152614035488 82.14152614035488 82.14152614035488
 812096 1024 20253.181 20253.181 20253.181 82.11908084957123 82.11908084957123 82.11908084957123 82.11908084957123 82.11908084957123 82.11908084957123
 893248 1024 22253.036 22253.036 22253.036 82.2077447769374 82.2077447769374 82.2077447769374 82.2077447769374 82.2077447769374 82.2077447769374
 982528 1024 24497.032 24497.032 24497.032 82.14127099152257 82.14127099152257 82.14127099152257 82.14127099152257 82.14127099152257 82.14127099152257
 1080768 512 14243.126 14243.126 14243.126 77.70109117900101 77.70109117900101 77.70109117900101 77.70109117900101 77.70109117900101 77.70109117900101
 1188800 512 14592.886 14592.886 14592.886 83.41949632170086 83.41949632170086 83.41949632170086 83.41949632170086 83.41949632170086 83.41949632170086
 1307648 512 16026.974 16026.974 16026.974 83.54861947114908 83.54861947114908 83.54861947114908 83.54861947114908 83.54861947114908 83.54861947114908
 1438400 512 17979.145 17979.145 17979.145 81.92389571361707 81.92389571361707 81.92389571361707 81.92389571361707 81.92389571361707 81.92389571361707
 1582208 512 19719.839 19719.839 19719.839 82.15995029168343 82.15995029168343 82.15995029168343 82.15995029168343 82.15995029168343 82.15995029168343
 1740416 512 21697.044 21697.044 21697.044 82.13957551083917 82.13957551083917 82.13957551083917 82.13957551083917 82.13957551083917 82.13957551083917
 1914432 512 23878.098 23878.098 23878.098 82.09943555805826 82.09943555805826 82.09943555805826 82.09943555805826 82.09943555805826 82.09943555805826
 2105856 256 13144.97 13144.97 13144.97 82.02363885197153 82.02363885197153 82.02363885197153 82.02363885197153 82.02363885197153 82.02363885197153
 2316416 256 14461.994 14461.994 14461.994 82.00840022475462 82.00840022475462 82.00840022475462 82.00840022475462 82.00840022475462 82.00840022475462
 2548032 256 15920.162 15920.162 15920.162 81.94592391710586 81.94592391710586 81.94592391710586 81.94592391710586 81.94592391710586 81.94592391710586
 2802816 256 17500.877 17500.877 17500.877 81.9982788291124 81.9982788291124 81.9982788291124 81.9982788291124 81.9982788291124 81.9982788291124
 3083072 256 19247.055 19247.055 19247.055 82.01425433657253 82.01425433657253 82.01425433657253 82.01425433657253 82.01425433657253 82.01425433657253
 3391360 256 21156.073 21156.073 21156.073 82.07460429920052 82.07460429920052 82.07460429920052 82.07460429920052 82.07460429920052 82.07460429920052
 3730496 256 23281.097 23281.097 23281.097 82.0414068976217 82.0414068976217 82.0414068976217 82.0414068976217 82.0414068976217 82.0414068976217
 4103488 256 25609.016 25609.016 25609.016 82.04086623242377 82.04086623242377 82.04086623242377 82.04086623242377 82.04086623242377 82.04086623242377
 4513792 128 14106.035 14106.035 14106.035 81.91747376211671 81.91747376211671 81.91747376211671 81.91747376211671 81.91747376211671 81.91747376211671
 4965120 128 15486.956 15486.956 15486.956 82.07363151286799 82.07363151286799 82.07363151286799 82.07363151286799 82.07363151286799 82.07363151286799
 5461632 128 17057.896 17057.896 17057.896 81.96660314964988 81.96660314964988 81.96660314964988 81.96660314964988 81.96660314964988 81.96660314964988
 6007744 128 18733.978 18733.978 18733.978 82.09588289257093 82.09588289257093 82.09588289257093 82.09588289257093 82.09588289257093 82.09588289257093
 6608512 128 20627.975 20627.975 20627.975 82.01382210323602 82.01382210323602 82.01382210323602 82.01382210323602 82.01382210323602 82.01382210323602
 7269312 128 22681.952 22681.952 22681.952 82.04513756135273 82.04513756135273 82.04513756135273 82.04513756135273 82.04513756135273 82.04513756135273
 7996224 128 24945.021 24945.021 24945.021 82.06180078982494 82.06180078982494 82.06180078982494 82.06180078982494 82.06180078982494 82.06180078982494
 8795840 64 13720.036 13720.036 13720.036 82.06009955075919 82.06009955075919 82.06009955075919 82.06009955075919 82.06009955075919 82.06009955075919
 9675392 64 15105.009 15105.009 15105.009 81.98937028107696 81.98937028107696 81.98937028107696 81.98937028107696 81.98937028107696 81.98937028107696
 10642880 64 16601.801 16601.801 16601.801 82.05667806763857 82.05667806763857 82.05667806763857 82.05667806763857 82.05667806763857 82.05667806763857
 11707136 64 18280.029 18280.029 18280.029 81.97543931686323 81.97543931686323 81.97543931686323 81.97543931686323 81.97543931686323 81.97543931686323
 12877824 64 20145.893 20145.893 20145.893 81.8212164633258 81.8212164633258 81.8212164633258 81.8212164633258 81.8212164633258 81.8212164633258
 14165568 64 22110.939 22110.939 22110.939 82.00432844575258 82.00432844575258 82.00432844575258 82.00432844575258 82.00432844575258 82.00432844575258
 15582080 64 24320.126 24320.126 24320.126 82.0105224783786 82.0105224783786 82.0105224783786 82.0105224783786 82.0105224783786 82.0105224783786
 17140288 32 13375.998 13375.998 13375.998 82.0109596308253 82.0109596308253 82.0109596308253 82.0109596308253 82.0109596308253 82.0109596308253
 18854272 32 14729.023 14729.023 14729.023 81.92487770573784 81.92487770573784 81.92487770573784 81.92487770573784 81.92487770573784 81.92487770573784
 20739648 32 16185.045 16185.045 16185.045 82.01011934165152 82.01011934165152 82.01011934165152 82.01011934165152 82.01011934165152 82.01011934165152
 22813568 32 17817.02 17817.02 17817.02 81.94795493297981 81.94795493297981 81.94795493297981 81.94795493297981 81.94795493297981 81.94795493297981
 25094912 32 19601.822 19601.822 19601.822 81.93495318955554 81.93495318955554 81.93495318955554 81.93495318955554 81.93495318955554 81.93495318955554
 27604352 32 21580.935 21580.935 21580.935 81.86292799640051 81.86292799640051 81.86292799640051 81.86292799640051 81.86292799640051 81.86292799640051
 30364736 32 23713.827 23713.827 23713.827 81.949788366087 81.949788366087 81.949788366087 81.949788366087 81.949788366087 81.949788366087
 33401152 32 26095.152 26095.152 26095.152 81.91842408122399 81.91842408122399 81.91842408122399 81.91842408122399 81.91842408122399 81.91842408122399
 36741248 16 14360.905 14360.905 14360.905 81.86948775164238 81.86948775164238 81.86948775164238 81.86948775164238 81.86948775164238 81.86948775164238
 40415360 16 15789.986 15789.986 15789.986 81.90580536296864 81.90580536296864 81.90580536296864 81.90580536296864 81.90580536296864 81.90580536296864
 44456896 16 17391.92 17391.92 17391.92 81.79779299812787 81.79779299812787 81.79779299812787 81.79779299812787 81.79779299812787 81.79779299812787
 48902528 16 19148.111 19148.111 19148.111 81.72507961751423 81.72507961751423 81.72507961751423 81.72507961751423 81.72507961751423 81.72507961751423
 53792768 16 21392.107 21392.107 21392.107 80.46746288245473 80.46746288245473 80.46746288245473 80.46746288245473 80.46746288245473 80.46746288245473
 59172032 16 24147.034 24147.034 24147.034 78.41563580852207 78.41563580852207 78.41563580852207 78.41563580852207 78.41563580852207 78.41563580852207
 65089216 16 27539.015 27539.015 27539.015 75.63287619401058 75.63287619401058 75.63287619401058 75.63287619401058 75.63287619401058 75.63287619401058
 71598080 8 15627.146 15627.146 15627.146 73.30636573050509 73.30636573050509 73.30636573050509 73.30636573050509 73.30636573050509 73.30636573050509
 78757888 8 17518.997 17518.997 17518.997 71.92912973271244 71.92912973271244 71.92912973271244 71.92912973271244 71.92912973271244 71.92912973271244
 86633664 8 19330.978 19330.978 19330.978 71.70556109473613 71.70556109473613 71.70556109473613 71.70556109473613 71.70556109473613 71.70556109473613
 95297024 8 21294.117 21294.117 21294.117 71.60439589958109 71.60439589958109 71.60439589958109 71.60439589958109 71.60439589958109 71.60439589958109
 104826688 8 23473.978 23473.978 23473.978 71.45048052784236 71.45048052784236 71.45048052784236 71.45048052784236 71.45048052784236 71.45048052784236
 115309312 8 25889.158 25889.158 25889.158 71.26338338234098 71.26338338234098 71.26338338234098 71.26338338234098 71.26338338234098 71.26338338234098
 126840192 8 28523.922 28523.922 28523.922 71.14880877882081 71.14880877882081 71.14880877882081 71.14880877882081 71.14880877882081 71.14880877882081
 139524160 4 15660.048 15660.048 15660.048 71.2764916173948 71.2764916173948 71.2764916173948 71.2764916173948 71.2764916173948 71.2764916173948
 153476544 4 17332.077 17332.077 17332.077 70.84046257121982 70.84046257121982 70.84046257121982 70.84046257121982 70.84046257121982 70.84046257121982
 168824192 4 19154.072 19154.072 19154.072 70.51208411454233 70.51208411454233 70.51208411454233 70.51208411454233 70.51208411454233 70.51208411454233
 185706560 4 20195.007 20195.007 20195.007 73.56533622394882 73.56533622394882 73.56533622394882 73.56533622394882 73.56533622394882 73.56533622394882
 204277184 4 22471.905 22471.905 22471.905 72.72269404841289 72.72269404841289 72.72269404841289 72.72269404841289 72.72269404841289 72.72269404841289
 224704896 4 24928.093 24928.093 24928.093 72.11298385319726 72.11298385319726 72.11298385319726 72.11298385319726 72.11298385319726 72.11298385319726
 247175360 4 27282.953 27282.953 27282.953 72.47759727475248 72.47759727475248 72.47759727475248 72.47759727475248 72.47759727475248 72.47759727475248
 271892864 2 14916.182 14916.182 14916.182 72.91218731442135 72.91218731442135 72.91218731442135 72.91218731442135 72.91218731442135 72.91218731442135
 299082112 2 16484.022 16484.022 16484.022 72.57503344754089 72.57503344754089 72.57503344754089 72.57503344754089 72.57503344754089 72.57503344754089
 328990272 2 18110.991 18110.991 18110.991 72.66091005180222 72.66091005180222 72.66091005180222 72.66091005180222 72.66091005180222 72.66091005180222
 361889280 2 20051.003 20051.003 20051.003 72.193751105618 72.193751105618 72.193751105618 72.193751105618 72.193751105618 72.193751105618
 398078208 2 21945.0 21945.0 21945.0 72.55925413533835 72.55925413533835 72.55925413533835 72.55925413533835 72.55925413533835 72.55925413533835
 437886016 2 24227.142 24227.142 24227.142 72.29676798030903 72.29676798030903 72.29676798030903 72.29676798030903 72.29676798030903 72.29676798030903
 481674560 2 26611.09 26611.09 26611.09 72.40207898286015 72.40207898286015 72.40207898286015 72.40207898286015 72.40207898286015 72.40207898286015
 529841984 2 29222.965 29222.965 29222.965 72.52405551592729 72.52405551592729 72.52405551592729 72.52405551592729 72.52405551592729 72.52405551592729
 582826176 1 16130.924 16130.924 16130.924 72.26197036202016 72.26197036202016 72.26197036202016 72.26197036202016 72.26197036202016 72.26197036202016
 641108736 1 17750.978 17750.978 17750.978 72.23362408538841 72.23362408538841 72.23362408538841 72.23362408538841 72.23362408538841 72.23362408538841
 705219584 1 18966.913 18966.913 18966.913 74.36313795502726 74.36313795502726 74.36313795502726 74.36313795502726 74.36313795502726 74.36313795502726
 775741504 1 21354.198 21354.198 21354.198 72.65470742567807 72.65470742567807 72.65470742567807 72.65470742567807 72.65470742567807 72.65470742567807
 853315648 1 23602.009 23602.009 23602.009 72.30872998989197 72.30872998989197 72.30872998989197 72.30872998989197 72.30872998989197 72.30872998989197
 938647168 1 25921.106 25921.106 25921.106 72.42338872423115 72.42338872423115 72.42338872423115 72.42338872423115 72.42338872423115 72.42338872423115
 1032511872 1 28460.026 28460.026 28460.026 72.55874411358583 72.55874411358583 72.55874411358583 72.55874411358583 72.55874411358583 72.55874411358583
 
META_DATA
 MPI startup(): shm:tmi fabric is unknown or has been removed from the product, please use ofi or shm:ofi instead
 FLOPS          16
 MPI_PROCS      2
 OPENMP_THREADS 4
 ERT_VERSION  1.1.0
 HOSTNAME  ('shas0420.rc.int.colorado.edu', [], ['10.225.6.135'])
 UNAME  uname_result(system='Linux', node='shas0420.rc.int.colorado.edu', release='3.10.0-957.27.2.el7.x86_64', version='#1 SMP Mon Jul 29 17:46:05 UTC 2019', machine='x86_64', processor='x86_64')
 TIMESTAMP_DATA  1664555725.5289898
 CONFIG  {'ERT_RESULTS': ['lab5_results'], 'ERT_DRIVER': ['driver1'], 'ERT_KERNEL': ['kernel1'], 'ERT_MPI': ['True'], 'ERT_MPI_CFLAGS': ['-I/usr/include/mpi'], 'ERT_MPI_LDFLAGS': ['-lmpi'], 'ERT_OPENMP': ['True'], 'ERT_OPENMP_CFLAGS': ['-qopenmp'], 'ERT_OPENMP_LDFLAGS': ['-qopenmp'], 'ERT_FLOPS': ['1,2,4,8,16'], 'ERT_ALIGN': ['32'], 'ERT_CC': ['mpicc'], 'ERT_CFLAGS': ['-O3', '-msse3', '-axSSE3', '-xSSE3', '-fno-alias', '-fno-fnalias', '-DERT_INTEL', '-std=c++11'], 'ERT_LD': ['mpicc'], 'ERT_LDFLAGS': [], 'ERT_LDLIBS': [], 'ERT_PRECISION': ['FP64'], 'ERT_RUN': ['export', 'OMP_NUM_THREADS=ERT_OPENMP_THREADS;', 'mpirun', '-np', 'ERT_MPI_PROCS', 'ERT_CODE'], 'ERT_PROCS_THREADS': ['1-24'], 'ERT_MPI_PROCS': ['1,2,4,8,12,24'], 'ERT_OPENMP_THREADS': ['1,2,4,8,12,24'], 'ERT_NUM_EXPERIMENTS': ['1'], 'ERT_MEMORY_MAX': ['1073741824'], 'ERT_WORKING_SET_MIN': ['1'], 'ERT_TRIALS_MIN': ['1'], 'ERT_GNUPLOT': ['gnuplot'], 'ERT_GPU': [False], 'ERT_HIP': [False], 'ERT_OCL': [False], 'ERT_SYCL': [False], 'ERT_WSS_MULT': [1.1]}
 