fp64
 96 8388608 189490.08 189490.08 189490.08 8.499720597510963 8.499720597510963 8.499720597510963 8.499720597510963 8.499720597510963 8.499720597510963
 192 4194304 96200.943 96200.943 96200.943 16.742172018001945 16.742172018001945 16.742172018001945 16.742172018001945 16.742172018001945 16.742172018001945
 288 2097152 48115.969 48115.969 48115.969 25.105169387734872 25.105169387734872 25.105169387734872 25.105169387734872 25.105169387734872 25.105169387734872
 384 2097152 48112.154 48112.154 48112.154 33.4762134324728 33.4762134324728 33.4762134324728 33.4762134324728 33.4762134324728 33.4762134324728
 480 2097152 48476.934 48476.934 48476.934 41.530388864939354 41.530388864939354 41.530388864939354 41.530388864939354 41.530388864939354 41.530388864939354
 576 1048576 24242.878 24242.878 24242.878 49.827398875661544 49.827398875661544 49.827398875661544 49.827398875661544 49.827398875661544 49.827398875661544
 672 1048576 24760.962 24760.962 24760.962 56.91564584607011 56.91564584607011 56.91564584607011 56.91564584607011 56.91564584607011 56.91564584607011
 768 1048576 24778.843 24778.843 24778.843 64.99951333482358 64.99951333482358 64.99951333482358 64.99951333482358 64.99951333482358 64.99951333482358
 864 1048576 25079.012 25079.012 25079.012 72.2492308708174 72.2492308708174 72.2492308708174 72.2492308708174 72.2492308708174 72.2492308708174
 960 1048576 25073.051 25073.051 25073.051 80.29600865088177 80.29600865088177 80.29600865088177 80.29600865088177 80.29600865088177 80.29600865088177
 1056 524288 14250.04 14250.04 14250.04 77.70478230236546 77.70478230236546 77.70478230236546 77.70478230236546 77.70478230236546 77.70478230236546
 1152 524288 14283.895 14283.895 14283.895 84.56793836695103 84.56793836695103 84.56793836695103 84.56793836695103 84.56793836695103 84.56793836695103
 1248 524288 16615.868 16615.868 16615.868 78.75741718699258 78.75741718699258 78.75741718699258 78.75741718699258 78.75741718699258 78.75741718699258
 1344 524288 16716.957 16716.957 16716.957 84.3027917102377 84.3027917102377 84.3027917102377 84.3027917102377 84.3027917102377 84.3027917102377
 1440 524288 18930.197 18930.197 18930.197 79.7640637337266 79.7640637337266 79.7640637337266 79.7640637337266 79.7640637337266 79.7640637337266
 1536 524288 13006.926 13006.926 13006.926 123.82731600072145 123.82731600072145 123.82731600072145 123.82731600072145 123.82731600072145 123.82731600072145
 1632 524288 15911.102 15911.102 15911.102 107.55232616823146 107.55232616823146 107.55232616823146 107.55232616823146 107.55232616823146 107.55232616823146
 1728 524288 16605.854 16605.854 16605.854 109.11449227483273 109.11449227483273 109.11449227483273 109.11449227483273 109.11449227483273 109.11449227483273
 1824 524288 19130.945 19130.945 19130.945 99.97428898572444 99.97428898572444 99.97428898572444 99.97428898572444 99.97428898572444 99.97428898572444
 1920 524288 18621.922 18621.922 18621.922 108.11268138702331 108.11268138702331 108.11268138702331 108.11268138702331 108.11268138702331 108.11268138702331
 2112 262144 10659.933 10659.933 10659.933 103.87459808612303 103.87459808612303 103.87459808612303 103.87459808612303 103.87459808612303 103.87459808612303
 2304 262144 11677.98 11677.98 11677.98 103.4390838141528 103.4390838141528 103.4390838141528 103.4390838141528 103.4390838141528 103.4390838141528
 2496 262144 12749.91 12749.91 12749.91 102.63781061983967 102.63781061983967 102.63781061983967 102.63781061983967 102.63781061983967 102.63781061983967
 2688 262144 14061.928 14061.928 14061.928 100.21998007670072 100.21998007670072 100.21998007670072 100.21998007670072 100.21998007670072 100.21998007670072
 2880 262144 15190.125 15190.125 15190.125 99.40335843187597 99.40335843187597 99.40335843187597 99.40335843187597 99.40335843187597 99.40335843187597
 3168 262144 14317.989 14317.989 14317.989 116.00402710185068 116.00402710185068 116.00402710185068 116.00402710185068 116.00402710185068 116.00402710185068
 3456 262144 15949.965 15949.965 15949.965 113.60146106903683 113.60146106903683 113.60146106903683 113.60146106903683 113.60146106903683 113.60146106903683
 3744 262144 18125.057 18125.057 18125.057 108.29948132025186 108.29948132025186 108.29948132025186 108.29948132025186 108.29948132025186 108.29948132025186
 4032 262144 19188.881 19188.881 19188.881 110.16427773980149 110.16427773980149 110.16427773980149 110.16427773980149 110.16427773980149 110.16427773980149
 4416 131072 10871.887 10871.887 10871.887 106.47902282280894 106.47902282280894 106.47902282280894 106.47902282280894 106.47902282280894 106.47902282280894
 4800 131072 10508.06 10508.06 10508.06 119.74533834028355 119.74533834028355 119.74533834028355 119.74533834028355 119.74533834028355 119.74533834028355
 5280 131072 12235.88 12235.88 12235.88 113.11980176333866 113.11980176333866 113.11980176333866 113.11980176333866 113.11980176333866 113.11980176333866
 5760 131072 13434.172 13434.172 13434.172 112.39616702838104 112.39616702838104 112.39616702838104 112.39616702838104 112.39616702838104 112.39616702838104
 6336 131072 13811.111 13811.111 13811.111 120.26146079051858 120.26146079051858 120.26146079051858 120.26146079051858 120.26146079051858 120.26146079051858
 6912 131072 15603.065 15603.065 15603.065 116.12714091750563 116.12714091750563 116.12714091750563 116.12714091750563 116.12714091750563 116.12714091750563
 7584 131072 17965.078 17965.078 17965.078 110.66470716130482 110.66470716130482 110.66470716130482 110.66470716130482 110.66470716130482 110.66470716130482
 8256 65536 9150.982 9150.982 9150.982 118.252929794857 118.252929794857 118.252929794857 118.252929794857 118.252929794857 118.252929794857
 9024 65536 10267.973 10267.973 10267.973 115.19252417200552 115.19252417200552 115.19252417200552 115.19252417200552 115.19252417200552 115.19252417200552
 9888 65536 11041.164 11041.164 11041.164 117.38254553595978 117.38254553595978 117.38254553595978 117.38254553595978 117.38254553595978 117.38254553595978
 10848 65536 11706.114 11706.114 11706.114 121.4637971234519 121.4637971234519 121.4637971234519 121.4637971234519 121.4637971234519 121.4637971234519
 11904 65536 13211.966 13211.966 13211.966 118.09605686239277 118.09605686239277 118.09605686239277 118.09605686239277 118.09605686239277 118.09605686239277
 13056 65536 14319.897 14319.897 14319.897 119.50337575752114 119.50337575752114 119.50337575752114 119.50337575752114 119.50337575752114 119.50337575752114
 14304 65536 15687.943 15687.943 15687.943 119.50922361204398 119.50922361204398 119.50922361204398 119.50922361204398 119.50922361204398 119.50922361204398
 15648 65536 17081.022 17081.022 17081.022 120.07564043884493 120.07564043884493 120.07564043884493 120.07564043884493 120.07564043884493 120.07564043884493
 17184 32768 9332.895 9332.895 9332.895 120.66680531603537 120.66680531603537 120.66680531603537 120.66680531603537 120.66680531603537 120.66680531603537
 18816 32768 10158.062 10158.062 10158.062 121.39376349543839 121.39376349543839 121.39376349543839 121.39376349543839 121.39376349543839 121.39376349543839
 20640 32768 11199.951 11199.951 11199.951 120.7740141005974 120.7740141005974 120.7740141005974 120.7740141005974 120.7740141005974 120.7740141005974
 22656 32768 12346.029 12346.029 12346.029 120.264063530063 120.264063530063 120.264063530063 120.264063530063 120.264063530063 120.264063530063
 24864 32768 13419.151 13419.151 13419.151 121.42997004803061 121.42997004803061 121.42997004803061 121.42997004803061 121.42997004803061 121.42997004803061
 27264 32768 14744.043 14744.043 14744.043 121.18612947615522 121.18612947615522 121.18612947615522 121.18612947615522 121.18612947615522 121.18612947615522
 29952 32768 16088.009 16088.009 16088.009 122.01225596032424 122.01225596032424 122.01225596032424 122.01225596032424 122.01225596032424 122.01225596032424
 32928 16384 8861.78 8861.78 8861.78 121.75710793993981 121.75710793993981 121.75710793993981 121.75710793993981 121.75710793993981 121.75710793993981
 36192 16384 9744.167 9744.167 9744.167 121.70762836884877 121.70762836884877 121.70762836884877 121.70762836884877 121.70762836884877 121.70762836884877
 39744 16384 10718.107 10718.107 10718.107 121.50759383163464 121.50759383163464 121.50759383163464 121.50759383163464 121.50759383163464 121.50759383163464
 43680 16384 11723.042 11723.042 11723.042 122.09341568510973 122.09341568510973 122.09341568510973 122.09341568510973 122.09341568510973 122.09341568510973
 48000 16384 12794.018 12794.018 12794.018 122.93745405079154 122.93745405079154 122.93745405079154 122.93745405079154 122.93745405079154 122.93745405079154
 52800 16384 14106.035 14106.035 14106.035 122.65320481623647 122.65320481623647 122.65320481623647 122.65320481623647 122.65320481623647 122.65320481623647
 58080 16384 15655.041 15655.041 15655.041 121.56885695796008 121.56885695796008 121.56885695796008 121.56885695796008 121.56885695796008 121.56885695796008
 63840 16384 17157.078 17157.078 17157.078 121.92688755043251 121.92688755043251 121.92688755043251 121.92688755043251 121.92688755043251 121.92688755043251
 70176 8192 9392.023 9392.023 9392.023 122.41916187811722 122.41916187811722 122.41916187811722 122.41916187811722 122.41916187811722 122.41916187811722
 77184 8192 10283.947 10283.947 10283.947 122.96666406390464 122.96666406390464 122.96666406390464 122.96666406390464 122.96666406390464 122.96666406390464
 84864 8192 11282.921 11282.921 11282.921 123.23154403013193 123.23154403013193 123.23154403013193 123.23154403013193 123.23154403013193 123.23154403013193
 93312 8192 12471.914 12471.914 12471.914 122.58133017915293 122.58133017915293 122.58133017915293 122.58133017915293 122.58133017915293 122.58133017915293
 102624 8192 13720.989 13720.989 13720.989 122.54157597531781 122.54157597531781 122.54157597531781 122.54157597531781 122.54157597531781 122.54157597531781
 112800 8192 15027.046 15027.046 15027.046 122.98592817244321 122.98592817244321 122.98592817244321 122.98592817244321 122.98592817244321 122.98592817244321
 124032 8192 16571.045 16571.045 16571.045 122.63199381813277 122.63199381813277 122.63199381813277 122.63199381813277 122.63199381813277 122.63199381813277
 136416 4096 9104.967 9104.967 9104.967 122.73738850453823 122.73738850453823 122.73738850453823 122.73738850453823 122.73738850453823 122.73738850453823
 150048 4096 10025.024 10025.024 10025.024 122.61249608978494 122.61249608978494 122.61249608978494 122.61249608978494 122.61249608978494 122.61249608978494
 165024 4096 10997.057 10997.057 10997.057 122.93076302141563 122.93076302141563 122.93076302141563 122.93076302141563 122.93076302141563 122.93076302141563
 181440 4096 12073.994 12073.994 12073.994 123.1039604624617 123.1039604624617 123.1039604624617 123.1039604624617 123.1039604624617 123.1039604624617
 199584 4096 13374.09 13374.09 13374.09 122.25071971251876 122.25071971251876 122.25071971251876 122.25071971251876 122.25071971251876 122.25071971251876
 219456 4096 14677.048 14677.048 14677.048 122.4894510122199 122.4894510122199 122.4894510122199 122.4894510122199 122.4894510122199 122.4894510122199
 241344 4096 16115.904 16115.904 16115.904 122.6794381500411 122.6794381500411 122.6794381500411 122.6794381500411 122.6794381500411 122.6794381500411
 265440 2048 8862.019 8862.019 8862.019 122.68561374106734 122.68561374106734 122.68561374106734 122.68561374106734 122.68561374106734 122.68561374106734
 291936 2048 9752.035 9752.035 9752.035 122.61746968709609 122.61746968709609 122.61746968709609 122.61746968709609 122.61746968709609 122.61746968709609
 321120 2048 10720.015 10720.015 10720.015 122.69642533149441 122.69642533149441 122.69642533149441 122.69642533149441 122.69642533149441 122.69642533149441
 353184 2048 11815.071 11815.071 11815.071 122.44036993091281 122.44036993091281 122.44036993091281 122.44036993091281 122.44036993091281 122.44036993091281
 388416 2048 12978.077 12978.077 12978.077 122.5876480776004 122.5876480776004 122.5876480776004 122.5876480776004 122.5876480776004 122.5876480776004
 427200 2048 14240.026 14240.026 14240.026 122.87977564085908 122.87977564085908 122.87977564085908 122.87977564085908 122.87977564085908 122.87977564085908
 469920 2048 15671.015 15671.015 15671.015 122.82499378629909 122.82499378629909 122.82499378629909 122.82499378629909 122.82499378629909 122.82499378629909
 516864 2048 17210.96 17210.96 17210.96 123.00737111700916 123.00737111700916 123.00737111700916 123.00737111700916 123.00737111700916 123.00737111700916
 568512 1024 9480.953 9480.953 9480.953 122.80543696398452 122.80543696398452 122.80543696398452 122.80543696398452 122.80543696398452 122.80543696398452
 625344 1024 10432.005 10432.005 10432.005 122.76686140391996 122.76686140391996 122.76686140391996 122.76686140391996 122.76686140391996 122.76686140391996
 687840 1024 11473.179 11473.179 11473.179 122.7816911075823 122.7816911075823 122.7816911075823 122.7816911075823 122.7816911075823 122.7816911075823
 756576 1024 12619.972 12619.972 12619.972 122.7790083844877 122.7790083844877 122.7790083844877 122.7790083844877 122.7790083844877 122.7790083844877
 832224 1024 13863.087 13863.087 13863.087 122.94482116429047 122.94482116429047 122.94482116429047 122.94482116429047 122.94482116429047 122.94482116429047
 915360 1024 15254.974 15254.974 15254.974 122.88826450966091 122.88826450966091 122.88826450966091 122.88826450966091 122.88826450966091 122.88826450966091
 1006848 1024 16770.84 16770.84 16770.84 122.9529769528539 122.9529769528539 122.9529769528539 122.9529769528539 122.9529769528539 122.9529769528539
 1107456 512 9219.885 9219.885 9219.885 122.9988165795994 122.9988165795994 122.9988165795994 122.9988165795994 122.9988165795994 122.9988165795994
 1218144 512 10143.995 10143.995 10143.995 122.96727827645813 122.96727827645813 122.96727827645813 122.96727827645813 122.96727827645813 122.96727827645813
 1339872 512 11167.049 11167.049 11167.049 122.86405549039858 122.86405549039858 122.86405549039858 122.86405549039858 122.86405549039858 122.86405549039858
 1473792 512 12284.04 12284.04 12284.04 122.85559213418385 122.85559213418385 122.85559213418385 122.85559213418385 122.85559213418385 122.85559213418385
 1621152 512 13529.062 13529.062 13529.062 122.70323308445184 122.70323308445184 122.70323308445184 122.70323308445184 122.70323308445184 122.70323308445184
 1783200 512 14855.146 14855.146 14855.146 122.92015171039044 122.92015171039044 122.92015171039044 122.92015171039044 122.92015171039044 122.92015171039044
 1961472 512 16335.011 16335.011 16335.011 122.95965567455083 122.95965567455083 122.95965567455083 122.95965567455083 122.95965567455083 122.95965567455083
 2157600 256 8997.917 8997.917 8997.917 122.77188153658231 122.77188153658231 122.77188153658231 122.77188153658231 122.77188153658231 122.77188153658231
 2373312 256 9889.841 9889.841 9889.841 122.86706570914536 122.86706570914536 122.86706570914536 122.86706570914536 122.86706570914536 122.86706570914536
 2610624 256 10882.139 10882.139 10882.139 122.8287460764837 122.8287460764837 122.8287460764837 122.8287460764837 122.8287460764837 122.8287460764837
 2871648 256 11971.951 11971.951 11971.951 122.81070779524575 122.81070779524575 122.81070779524575 122.81070779524575 122.81070779524575 122.81070779524575
 3158784 256 13175.011 13175.011 13175.011 122.75491899020047 122.75491899020047 122.75491899020047 122.75491899020047 122.75491899020047 122.75491899020047
 3474624 256 14492.035 14492.035 14492.035 122.75760360777488 122.75760360777488 122.75760360777488 122.75760360777488 122.75760360777488 122.75760360777488
 3822048 256 15954.018 15954.018 15954.018 122.65803987434388 122.65803987434388 122.65803987434388 122.65803987434388 122.65803987434388 122.65803987434388
 4204224 128 9015.083 9015.083 9015.083 119.38673709382377 119.38673709382377 119.38673709382377 119.38673709382377 119.38673709382377 119.38673709382377
 4624608 128 9643.793 9643.793 9643.793 122.76286394782633 122.76286394782633 122.76286394782633 122.76286394782633 122.76286394782633 122.76286394782633
 5087040 128 10616.064 10616.064 10616.064 122.67091080083918 122.67091080083918 122.67091080083918 122.67091080083918 122.67091080083918 122.67091080083918
 5595744 128 11688.948 11688.948 11688.948 122.55255682547308 122.55255682547308 122.55255682547308 122.55255682547308 122.55255682547308 122.55255682547308
 6155232 128 12852.907 12852.907 12852.907 122.59789882553419 122.59789882553419 122.59789882553419 122.59789882553419 122.59789882553419 122.59789882553419
 6770688 128 14142.99 14142.99 14142.99 122.55514060322464 122.55514060322464 122.55514060322464 122.55514060322464 122.55514060322464 122.55514060322464
 7447680 128 15549.898 15549.898 15549.898 122.61212774514662 122.61212774514662 122.61212774514662 122.61212774514662 122.61212774514662 122.61212774514662
 8192448 128 17093.897 17093.897 17093.897 122.69096321336205 122.69096321336205 122.69096321336205 122.69096321336205 122.69096321336205 122.69096321336205
 9011616 64 9390.831 9390.831 9390.831 122.8311794770878 122.8311794770878 122.8311794770878 122.8311794770878 122.8311794770878 122.8311794770878
 9912768 64 10344.982 10344.982 10344.982 122.65215193221216 122.65215193221216 122.65215193221216 122.65215193221216 122.65215193221216 122.65215193221216
 10903968 64 11371.851 11371.851 11371.851 122.73357292493543 122.73357292493543 122.73357292493543 122.73357292493543 122.73357292493543 122.73357292493543
 11994336 64 12502.909 12502.909 12502.909 122.79342415433081 122.79342415433081 122.79342415433081 122.79342415433081 122.79342415433081 122.79342415433081
 13193760 64 13760.09 13760.09 13760.09 122.73184841087522 122.73184841087522 122.73184841087522 122.73184841087522 122.73184841087522 122.73184841087522
 14513088 64 15146.971 15146.971 15146.971 122.6433498816364 122.6433498816364 122.6433498816364 122.6433498816364 122.6433498816364 122.6433498816364
 15964320 64 16649.008 16649.008 16649.008 122.73601886670964 122.73601886670964 122.73601886670964 122.73601886670964 122.73601886670964 122.73601886670964
 17560704 32 9159.088 9159.088 9159.088 122.7070922345107 122.7070922345107 122.7070922345107 122.7070922345107 122.7070922345107 122.7070922345107
 19316736 32 10102.034 10102.034 10102.034 122.37843428363043 122.37843428363043 122.37843428363043 122.37843428363043 122.37843428363043 122.37843428363043
 21248352 32 11081.934 11081.934 11081.934 122.7127438225133 122.7127438225133 122.7127438225133 122.7127438225133 122.7127438225133 122.7127438225133
 23373120 32 12192.965 12192.965 12192.965 122.6838328495161 122.6838328495161 122.6838328495161 122.6838328495161 122.6838328495161 122.6838328495161
 25710432 32 13406.038 13406.038 13406.038 122.74078650232082 122.74078650232082 122.74078650232082 122.74078650232082 122.74078650232082 122.74078650232082
 28281408 32 14765.978 14765.978 14765.978 122.57976491635029 122.57976491635029 122.57976491635029 122.57976491635029 122.57976491635029 122.57976491635029
 31109472 32 16237.02 16237.02 16237.02 122.6214051593211 122.6214051593211 122.6214051593211 122.6214051593211 122.6214051593211 122.6214051593211
 34220352 16 8934.021 8934.021 8934.021 122.57093015563765 122.57093015563765 122.57093015563765 122.57093015563765 122.57093015563765 122.57093015563765
 37642368 16 9835.005 9835.005 9835.005 122.47637657530426 122.47637657530426 122.47637657530426 122.47637657530426 122.47637657530426 122.47637657530426
 41406528 16 10813.951 10813.951 10813.951 122.52773255584384 122.52773255584384 122.52773255584384 122.52773255584384 122.52773255584384 122.52773255584384
 45547104 16 11919.975 11919.975 11919.975 122.27436114589165 122.27436114589165 122.27436114589165 122.27436114589165 122.27436114589165 122.27436114589165
 50101728 16 13132.095 13132.095 13132.095 122.08678782783706 122.08678782783706 122.08678782783706 122.08678782783706 122.08678782783706 122.08678782783706
 55111872 16 14657.974 14657.974 14657.974 120.3153931095798 120.3153931095798 120.3153931095798 120.3153931095798 120.3153931095798 120.3153931095798
 60623040 16 16472.101 16472.101 16472.101 117.77108943176103 117.77108943176103 117.77108943176103 117.77108943176103 117.77108943176103 117.77108943176103
 66685344 16 19063.95 19063.95 19063.95 111.935407300166 111.935407300166 111.935407300166 111.935407300166 111.935407300166 111.935407300166
 73353792 8 10836.124 10836.124 10836.124 108.31000752667653 108.31000752667653 108.31000752667653 108.31000752667653 108.31000752667653 108.31000752667653
 80689152 8 13046.026 13046.026 13046.026 98.95936371734963 98.95936371734963 98.95936371734963 98.95936371734963 98.95936371734963 98.95936371734963
 88758048 8 14672.995 14672.995 14672.995 96.78520084004663 96.78520084004663 96.78520084004663 96.78520084004663 96.78520084004663 96.78520084004663
 97633824 8 16332.865 16332.865 16332.865 95.64403942602844 95.64403942602844 95.64403942602844 95.64403942602844 95.64403942602844 95.64403942602844
 107397120 8 17961.025 17961.025 17961.025 95.67126152321484 95.67126152321484 95.67126152321484 95.67126152321484 95.67126152321484 95.67126152321484
 118136832 8 20051.003 20051.003 20051.003 94.2690653430155 94.2690653430155 94.2690653430155 94.2690653430155 94.2690653430155 94.2690653430155
 129950496 8 22093.773 22093.773 22093.773 94.10832346290513 94.10832346290513 94.10832346290513 94.10832346290513 94.10832346290513 94.10832346290513
 142945536 4 12241.84 12241.84 12241.84 93.41441221254321 93.41441221254321 93.41441221254321 93.41441221254321 93.41441221254321 93.41441221254321
 157240032 4 13338.089 13338.089 13338.089 94.31038104484084 94.31038104484084 94.31038104484084 94.31038104484084 94.31038104484084 94.31038104484084
 172963968 4 14866.114 14866.114 14866.114 93.07824115972741 93.07824115972741 93.07824115972741 93.07824115972741 93.07824115972741 93.07824115972741
 190260288 4 16376.972 16376.972 16376.972 92.94039850590207 92.94039850590207 92.94039850590207 92.94039850590207 92.94039850590207 92.94039850590207
 209286240 4 18133.163 18133.163 18133.163 92.33303202535598 92.33303202535598 92.33303202535598 92.33303202535598 92.33303202535598 92.33303202535598
 230214816 4 19878.149 19878.149 19878.149 92.65040361655403 92.65040361655403 92.65040361655403 92.65040361655403 92.65040361655403 92.65040361655403
 253236288 4 21857.023 21857.023 21857.023 92.68829995740957 92.68829995740957 92.68829995740957 92.68829995740957 92.68829995740957 92.68829995740957
 278559840 2 11941.91 11941.91 11941.91 93.30495373018219 93.30495373018219 93.30495373018219 93.30495373018219 93.30495373018219 93.30495373018219
 306415776 2 13201.952 13201.952 13201.952 92.83953645642704 92.83953645642704 92.83953645642704 92.83953645642704 92.83953645642704 92.83953645642704
 337057344 2 14630.079 14630.079 14630.079 92.15462035440821 92.15462035440821 92.15462035440821 92.15462035440821 92.15462035440821 92.15462035440821
 370763040 2 16176.939 16176.939 16176.939 91.67693344210545 91.67693344210545 91.67693344210545 91.67693344210545 91.67693344210545 91.67693344210545
 407839296 2 17591.953 17591.953 17591.953 92.73314816154864 92.73314816154864 92.73314816154864 92.73314816154864 92.73314816154864 92.73314816154864
 448623168 2 19389.868 19389.868 19389.868 92.54795710832072 92.54795710832072 92.54795710832072 92.54795710832072 92.54795710832072 92.54795710832072
 493485408 2 21245.003 21245.003 21245.003 92.91321973454181 92.91321973454181 92.91321973454181 92.91321973454181 92.91321973454181 92.91321973454181
 542833920 1 11782.885 11782.885 11782.885 92.13939031060728 92.13939031060728 92.13939031060728 92.13939031060728 92.13939031060728 92.13939031060728
 597117312 1 12887.001 12887.001 12887.001 92.66970833633053 92.66970833633053 92.66970833633053 92.66970833633053 92.66970833633053 92.66970833633053
 656829024 1 14106.035 14106.035 14106.035 93.12737760823647 93.12737760823647 93.12737760823647 93.12737760823647 93.12737760823647 93.12737760823647
 722511840 1 15488.863 15488.863 15488.863 93.29436770148979 93.29436770148979 93.29436770148979 93.29436770148979 93.29436770148979 93.29436770148979
 794762976 1 17049.074 17049.074 17049.074 93.23239209355299 93.23239209355299 93.23239209355299 93.23239209355299 93.23239209355299 93.23239209355299
 874239264 1 18745.184 18745.184 18745.184 93.27614644913594 93.27614644913594 93.27614644913594 93.27614644913594 93.27614644913594 93.27614644913594
 961663104 1 20545.959 20545.959 20545.959 93.61092407514296 93.61092407514296 93.61092407514296 93.61092407514296 93.61092407514296 93.61092407514296
 1057829376 1 22672.176 22672.176 22672.176 93.31520503369416 93.31520503369416 93.31520503369416 93.31520503369416 93.31520503369416 93.31520503369416
 
META_DATA
 MPI startup(): shm:tmi fabric is unknown or has been removed from the product, please use ofi or shm:ofi instead
 FLOPS          16
 MPI_PROCS      12
 OPENMP_THREADS 1
 ERT_VERSION  1.1.0
 HOSTNAME  ('shas0420.rc.int.colorado.edu', [], ['10.225.6.135'])
 UNAME  uname_result(system='Linux', node='shas0420.rc.int.colorado.edu', release='3.10.0-957.27.2.el7.x86_64', version='#1 SMP Mon Jul 29 17:46:05 UTC 2019', machine='x86_64', processor='x86_64')
 TIMESTAMP_DATA  1664555814.1548436
 CONFIG  {'ERT_RESULTS': ['lab5_results'], 'ERT_DRIVER': ['driver1'], 'ERT_KERNEL': ['kernel1'], 'ERT_MPI': ['True'], 'ERT_MPI_CFLAGS': ['-I/usr/include/mpi'], 'ERT_MPI_LDFLAGS': ['-lmpi'], 'ERT_OPENMP': ['True'], 'ERT_OPENMP_CFLAGS': ['-qopenmp'], 'ERT_OPENMP_LDFLAGS': ['-qopenmp'], 'ERT_FLOPS': ['1,2,4,8,16'], 'ERT_ALIGN': ['32'], 'ERT_CC': ['mpicc'], 'ERT_CFLAGS': ['-O3', '-msse3', '-axSSE3', '-xSSE3', '-fno-alias', '-fno-fnalias', '-DERT_INTEL', '-std=c++11'], 'ERT_LD': ['mpicc'], 'ERT_LDFLAGS': [], 'ERT_LDLIBS': [], 'ERT_PRECISION': ['FP64'], 'ERT_RUN': ['export', 'OMP_NUM_THREADS=ERT_OPENMP_THREADS;', 'mpirun', '-np', 'ERT_MPI_PROCS', 'ERT_CODE'], 'ERT_PROCS_THREADS': ['1-24'], 'ERT_MPI_PROCS': ['1,2,4,8,12,24'], 'ERT_OPENMP_THREADS': ['1,2,4,8,12,24'], 'ERT_NUM_EXPERIMENTS': ['1'], 'ERT_MEMORY_MAX': ['1073741824'], 'ERT_WORKING_SET_MIN': ['1'], 'ERT_TRIALS_MIN': ['1'], 'ERT_GNUPLOT': ['gnuplot'], 'ERT_GPU': [False], 'ERT_HIP': [False], 'ERT_OCL': [False], 'ERT_SYCL': [False], 'ERT_WSS_MULT': [1.1]}
 