fp64
 64 16777216 188431.978 188431.978 188431.978 11.396598766266733 11.396598766266733 11.396598766266733 5.698299383133366 5.698299383133366 5.698299383133366
 128 8388608 96566.916 96566.916 96566.916 22.238295856937174 22.238295856937174 22.238295856937174 11.119147928468587 11.119147928468587 11.119147928468587
 192 4194304 48217.773 48217.773 48217.773 33.40288519753909 33.40288519753909 33.40288519753909 16.701442598769546 16.701442598769546 16.701442598769546
 256 4194304 48191.071 48191.071 48191.071 44.56185769351339 44.56185769351339 44.56185769351339 22.280928846756694 22.280928846756694 22.280928846756694
 320 2097152 24232.149 24232.149 24232.149 55.38828933414036 55.38828933414036 55.38828933414036 27.69414466707018 27.69414466707018 27.69414466707018
 384 2097152 24760.008 24760.008 24760.008 65.04895862715392 65.04895862715392 65.04895862715392 32.52447931357696 32.52447931357696 32.52447931357696
 448 2097152 24562.12 24562.12 24562.12 76.50187329106771 76.50187329106771 76.50187329106771 38.250936645533855 38.250936645533855 38.250936645533855
 512 2097152 24694.204 24694.204 24694.204 86.96306420729334 86.96306420729334 86.96306420729334 43.48153210364667 43.48153210364667 43.48153210364667
 576 1048576 13120.174 13120.174 13120.174 92.0688667696023 92.0688667696023 92.0688667696023 46.03443338480115 46.03443338480115 46.03443338480115
 640 1048576 13083.935 13083.935 13083.935 102.58208100238957 102.58208100238957 102.58208100238957 51.291040501194786 51.291040501194786 51.291040501194786
 704 1048576 13461.113 13461.113 13461.113 109.67852420524217 109.67852420524217 109.67852420524217 54.839262102621085 54.839262102621085 54.839262102621085
 768 1048576 13299.942 13299.942 13299.942 121.09923005679273 121.09923005679273 121.09923005679273 60.54961502839637 60.54961502839637 60.54961502839637
 832 1048576 14003.992 14003.992 14003.992 124.5952199915567 124.5952199915567 124.5952199915567 62.29760999577835 62.29760999577835 62.29760999577835
 896 1048576 14038.086 14038.086 14038.086 133.85358887244314 133.85358887244314 133.85358887244314 66.92679443622157 66.92679443622157 66.92679443622157
 960 1048576 15959.978 15959.978 15959.978 126.14465508661728 126.14465508661728 126.14465508661728 63.07232754330864 63.07232754330864 63.07232754330864
 1024 1048576 13443.947 13443.947 13443.947 159.7360989298753 159.7360989298753 159.7360989298753 79.86804946493766 79.86804946493766 79.86804946493766
 1088 524288 7346.869 7346.869 7346.869 155.28392952154178 155.28392952154178 155.28392952154178 77.64196476077089 77.64196476077089 77.64196476077089
 1152 524288 7452.011 7452.011 7452.011 162.09846603822777 162.09846603822777 162.09846603822777 81.04923301911388 81.04923301911388 81.04923301911388
 1216 524288 8686.066 8686.066 8686.066 146.79469578057547 146.79469578057547 146.79469578057547 73.39734789028773 73.39734789028773 73.39734789028773
 1280 524288 8788.109 8788.109 8788.109 152.72651716085906 152.72651716085906 152.72651716085906 76.36325858042953 76.36325858042953 76.36325858042953
 1408 524288 9680.986 9680.986 9680.986 152.5046114104493 152.5046114104493 152.5046114104493 76.25230570522464 76.25230570522464 76.25230570522464
 1536 524288 10724.068 10724.068 10724.068 150.18673287039957 150.18673287039957 150.18673287039957 75.09336643519978 75.09336643519978 75.09336643519978
 1664 524288 11579.99 11579.99 11579.99 150.67633598992745 150.67633598992745 150.67633598992745 75.33816799496373 75.33816799496373 75.33816799496373
 1792 524288 12139.082 12139.082 12139.082 154.79326954048088 154.79326954048088 154.79326954048088 77.39663477024044 77.39663477024044 77.39663477024044
 1920 524288 13314.962 13314.962 13314.962 151.20327943857444 151.20327943857444 151.20327943857444 75.60163971928722 75.60163971928722 75.60163971928722
 2112 262144 6641.15 6641.15 6641.15 166.73260745503416 166.73260745503416 166.73260745503416 83.36630372751708 83.36630372751708 83.36630372751708
 2304 262144 7379.055 7379.055 7379.055 163.70111782606307 163.70111782606307 163.70111782606307 81.85055891303153 81.85055891303153 81.85055891303153
 2496 262144 8450.985 8450.985 8450.985 154.84855883663263 154.84855883663263 154.84855883663263 77.42427941831632 77.42427941831632 77.42427941831632
 2688 262144 8858.919 8858.919 8858.919 159.08105085959133 159.08105085959133 159.08105085959133 79.54052542979566 79.54052542979566 79.54052542979566
 2944 262144 9733.915 9733.915 9733.915 158.56968876346258 158.56968876346258 158.56968876346258 79.28484438173129 79.28484438173129 79.28484438173129
 3200 262144 9656.906 9656.906 9656.906 173.73282912767294 173.73282912767294 173.73282912767294 86.86641456383647 86.86641456383647 86.86641456383647
 3520 262144 11337.042 11337.042 11337.042 162.78441589966766 162.78441589966766 162.78441589966766 81.39220794983383 81.39220794983383 81.39220794983383
 3840 262144 12094.975 12094.975 12094.975 166.45474008834245 166.45474008834245 166.45474008834245 83.22737004417122 83.22737004417122 83.22737004417122
 4224 131072 6299.973 6299.973 6299.973 175.76206374217793 175.76206374217793 175.76206374217793 87.88103187108896 87.88103187108896 87.88103187108896
 4608 131072 7115.126 7115.126 7115.126 169.77345896615182 169.77345896615182 169.77345896615182 84.88672948307591 84.88672948307591 84.88672948307591
 5056 131072 7977.962 7977.962 7977.962 166.13266195050818 166.13266195050818 166.13266195050818 83.06633097525409 83.06633097525409 83.06633097525409
 5504 131072 8296.013 8296.013 8296.013 173.91975832246163 173.91975832246163 173.91975832246163 86.95987916123082 86.95987916123082 86.95987916123082
 6016 131072 9227.991 9227.991 9227.991 170.89941938608305 170.89941938608305 170.89941938608305 85.44970969304153 85.44970969304153 85.44970969304153
 6592 131072 10086.06 10086.06 10086.06 171.33085149205934 171.33085149205934 171.33085149205934 85.66542574602967 85.66542574602967 85.66542574602967
 7232 131072 10641.813 10641.813 10641.813 178.14872409428733 178.14872409428733 178.14872409428733 89.07436204714367 89.07436204714367 89.07436204714367
 7936 131072 11899.948 11899.948 11899.948 174.82217434899715 174.82217434899715 174.82217434899715 87.41108717449858 87.41108717449858 87.41108717449858
 8704 65536 6474.018 6474.018 6474.018 176.2198819960031 176.2198819960031 176.2198819960031 88.10994099800155 88.10994099800155 88.10994099800155
 9536 65536 7078.886 7078.886 7078.886 176.56769610359595 176.56769610359595 176.56769610359595 88.28384805179797 88.28384805179797 88.28384805179797
 10432 65536 7700.92 7700.92 7700.92 177.55581203284802 177.55581203284802 177.55581203284802 88.77790601642401 88.77790601642401 88.77790601642401
 11456 65536 8412.123 8412.123 8412.123 178.4996286906409 178.4996286906409 178.4996286906409 89.24981434532044 89.24981434532044 89.24981434532044
 12544 65536 9126.902 9126.902 9126.902 180.14515418265697 180.14515418265697 180.14515418265697 90.07257709132848 90.07257709132848 90.07257709132848
 13760 65536 10154.009 10154.009 10154.009 177.6195707527933 177.6195707527933 177.6195707527933 88.80978537639665 88.80978537639665 88.80978537639665
 15104 65536 11074.066 11074.066 11074.066 178.77006403971222 178.77006403971222 178.77006403971222 89.38503201985611 89.38503201985611 89.38503201985611
 16576 32768 6024.122 6024.122 6024.122 180.32913941649917 180.32913941649917 180.32913941649917 90.16456970824959 90.16456970824959 90.16456970824959
 18176 32768 6625.175 6625.175 6625.175 179.79635798299665 179.79635798299665 179.79635798299665 89.89817899149833 89.89817899149833 89.89817899149833
 19968 32768 7266.045 7266.045 7266.045 180.10112076101922 180.10112076101922 180.10112076101922 90.05056038050961 90.05056038050961 90.05056038050961
 21952 32768 7998.943 7998.943 7998.943 179.85454728205966 179.85454728205966 179.85454728205966 89.92727364102983 89.92727364102983 89.92727364102983
 24128 32768 8780.956 8780.956 8780.956 180.07750044528183 180.07750044528183 180.07750044528183 90.03875022264091 90.03875022264091 90.03875022264091
 26496 32768 9595.871 9595.871 9595.871 180.95719044159725 180.95719044159725 180.95719044159725 90.47859522079862 90.47859522079862 90.47859522079862
 29120 32768 10535.002 10535.002 10535.002 181.1493078026943 181.1493078026943 181.1493078026943 90.57465390134715 90.57465390134715 90.57465390134715
 32000 32768 11496.067 11496.067 11496.067 182.4234322921048 182.4234322921048 182.4234322921048 91.2117161460524 91.2117161460524 91.2117161460524
 35200 16384 6330.013 6330.013 6330.013 182.21662419966594 182.21662419966594 182.21662419966594 91.10831209983297 91.10831209983297 91.10831209983297
 38720 16384 7066.011 7066.011 7066.011 179.56056960567992 179.56056960567992 179.56056960567992 89.78028480283996 89.78028480283996 89.78028480283996
 42560 16384 7744.789 7744.789 7744.789 180.07024852452403 180.07024852452403 180.07024852452403 90.03512426226202 90.03512426226202 90.03512426226202
 46784 16384 8413.076 8413.076 8413.076 182.21850272124016 182.21850272124016 182.21850272124016 91.10925136062008 91.10925136062008 91.10925136062008
 51456 16384 9206.057 9206.057 9206.057 183.15226681737906 183.15226681737906 183.15226681737906 91.57613340868953 91.57613340868953 91.57613340868953
 56576 16384 9961.843 9961.843 9961.843 186.09833220619916 186.09833220619916 186.09833220619916 93.04916610309958 93.04916610309958 93.04916610309958
 62208 16384 11003.971 11003.971 11003.971 185.24510324500127 185.24510324500127 185.24510324500127 92.62255162250064 92.62255162250064 92.62255162250064
 68416 8192 6007.91 6007.91 6007.91 186.5753222002327 186.5753222002327 186.5753222002327 93.28766110011635 93.28766110011635 93.28766110011635
 75200 8192 6639.004 6639.004 6639.004 185.5815721755854 185.5815721755854 185.5815721755854 92.7907860877927 92.7907860877927 92.7907860877927
 82688 8192 7294.893 7294.893 7294.893 185.71351108234214 185.71351108234214 185.71351108234214 92.85675554117107 92.85675554117107 92.85675554117107
 90944 8192 8067.846 8067.846 8067.846 184.68702749160062 184.68702749160062 184.68702749160062 92.34351374580031 92.34351374580031 92.34351374580031
 100032 8192 8722.067 8722.067 8722.067 187.90549166843138 187.90549166843138 187.90549166843138 93.95274583421569 93.95274583421569 93.95274583421569
 110016 8192 9670.019 9670.019 9670.019 186.40109641976917 186.40109641976917 186.40109641976917 93.20054820988459 93.20054820988459 93.20054820988459
 120960 8192 10603.905 10603.905 10603.905 186.89422811690596 186.89422811690596 186.89422811690596 93.44711405845298 93.44711405845298 93.44711405845298
 133056 4096 5802.155 5802.155 5802.155 187.86032982572854 187.86032982572854 187.86032982572854 93.93016491286427 93.93016491286427 93.93016491286427
 146304 4096 6525.993 6525.993 6525.993 183.65363983687996 183.65363983687996 183.65363983687996 91.82681991843998 91.82681991843998 91.82681991843998
 160896 4096 7024.05 7024.05 7024.05 187.64957994319516 187.64957994319516 187.64957994319516 93.82478997159758 93.82478997159758 93.82478997159758
 176960 4096 7833.958 7833.958 7833.958 185.0477523622159 185.0477523622159 185.0477523622159 92.52387618110795 92.52387618110795 92.52387618110795
 194624 4096 8487.94 8487.94 8487.94 187.83825144852577 187.83825144852577 187.83825144852577 93.91912572426288 93.91912572426288 93.91912572426288
 214080 4096 9395.123 9395.123 9395.123 186.66529006592037 186.66529006592037 186.66529006592037 93.33264503296019 93.33264503296019 93.33264503296019
 235456 4096 10452.032 10452.032 10452.032 184.54359420254357 184.54359420254357 184.54359420254357 92.27179710127179 92.27179710127179 92.27179710127179
 258944 4096 11421.919 11421.919 11421.919 185.71916400387713 185.71916400387713 185.71916400387713 92.85958200193856 92.85958200193856 92.85958200193856
 284800 2048 6342.173 6342.173 6342.173 183.93392926998365 183.93392926998365 183.93392926998365 91.96696463499183 91.96696463499183 91.96696463499183
 313280 2048 6864.786 6864.786 6864.786 186.9242362398478 186.9242362398478 186.9242362398478 93.4621181199239 93.4621181199239 93.4621181199239
 344576 2048 7574.081 7574.081 7574.081 186.3438344533152 186.3438344533152 186.3438344533152 93.1719172266576 93.1719172266576 93.1719172266576
 379008 2048 8308.172 8308.172 8308.172 186.85419223386322 186.85419223386322 186.85419223386322 93.42709611693161 93.42709611693161 93.42709611693161
 416896 2048 9220.123 9220.123 9220.123 185.20425551806628 185.20425551806628 185.20425551806628 92.60212775903314 92.60212775903314 92.60212775903314
 458560 2048 10016.918 10016.918 10016.918 187.5089483611626 187.5089483611626 187.5089483611626 93.7544741805813 93.7544741805813 93.7544741805813
 504384 2048 10999.918 10999.918 10999.918 187.8156604440142 187.8156604440142 187.8156604440142 93.9078302220071 93.9078302220071 93.9078302220071
 554816 1024 6138.086 6138.086 6138.086 185.116853690222 185.116853690222 185.116853690222 92.558426845111 92.558426845111 92.558426845111
 610240 1024 6675.959 6675.959 6675.959 187.20479259983472 187.20479259983472 187.20479259983472 93.60239629991736 93.60239629991736 93.60239629991736
 671232 1024 7486.82 7486.82 7486.82 183.6137553727751 183.6137553727751 183.6137553727751 91.80687768638755 91.80687768638755 91.80687768638755
 738304 1024 8102.894 8102.894 8102.894 186.60574752674785 186.60574752674785 186.60574752674785 93.30287376337392 93.30287376337392 93.30287376337392
 812096 1024 8852.005 8852.005 8852.005 187.8865418625498 187.8865418625498 187.8865418625498 93.9432709312749 93.9432709312749 93.9432709312749
 893248 1024 9730.101 9730.101 9730.101 188.01160481273521 188.01160481273521 188.01160481273521 94.00580240636761 94.00580240636761 94.00580240636761
 982528 1024 10715.008 10715.008 10715.008 187.79429226744398 187.79429226744398 187.79429226744398 93.89714613372199 93.89714613372199 93.89714613372199
 1080768 512 6015.062 6015.062 6015.062 183.98919778382998 183.98919778382998 183.98919778382998 91.99459889191499 91.99459889191499 91.99459889191499
 1188800 512 6530.046 6530.046 6530.046 186.4200037794527 186.4200037794527 186.4200037794527 93.21000188972636 93.21000188972636 93.21000188972636
 1307648 512 7132.053 7132.053 7132.053 187.74840175753042 187.74840175753042 187.74840175753042 93.87420087876521 93.87420087876521 93.87420087876521
 1438400 512 7853.985 7853.985 7853.985 187.5381223671805 187.5381223671805 187.5381223671805 93.76906118359025 93.76906118359025 93.76906118359025
 1582208 512 8733.034 8733.034 8733.034 185.52326625546178 185.52326625546178 185.52326625546178 92.76163312773089 92.76163312773089 92.76163312773089
 1740416 512 9531.975 9531.975 9531.975 186.96922558021816 186.96922558021816 186.96922558021816 93.48461279010908 93.48461279010908 93.48461279010908
 1914432 512 10587.931 10587.931 10587.931 185.15216693421974 185.15216693421974 185.15216693421974 92.57608346710987 92.57608346710987 92.57608346710987
 2105856 256 5845.07 5845.07 5845.07 184.46285023104943 184.46285023104943 184.46285023104943 92.23142511552471 92.23142511552471 92.23142511552471
 2316416 256 6757.021 6757.021 6757.021 175.52187450653182 175.52187450653182 175.52187450653182 87.76093725326591 87.76093725326591 87.76093725326591
 2548032 256 7385.969 7385.969 7385.969 176.63117513761566 176.63117513761566 176.63117513761566 88.31558756880783 88.31558756880783 88.31558756880783
 2802816 256 8060.932 8060.932 8060.932 178.02430190454405 178.02430190454405 178.02430190454405 89.01215095227202 89.01215095227202 89.01215095227202
 3083072 256 8851.051 8851.051 8851.051 178.34411574399473 178.34411574399473 178.34411574399473 89.17205787199737 89.17205787199737 89.17205787199737
 3391360 256 9821.892 9821.892 9821.892 176.78633811082426 176.78633811082426 176.78633811082426 88.39316905541213 88.39316905541213 88.39316905541213
 3730496 256 10711.908 10711.908 10711.908 178.30753886235766 178.30753886235766 178.30753886235766 89.15376943117883 89.15376943117883 89.15376943117883
 4103488 256 11785.03 11785.03 11785.03 178.2758173716995 178.2758173716995 178.2758173716995 89.13790868584975 89.13790868584975 89.13790868584975
 4513792 128 6670.952 6670.952 6670.952 173.21826809726707 173.21826809726707 173.21826809726707 86.60913404863354 86.60913404863354 86.60913404863354
 4965120 128 7283.926 7283.926 7283.926 174.50351911867307 174.50351911867307 174.50351911867307 87.25175955933653 87.25175955933653 87.25175955933653
 5461632 128 7993.937 7993.937 7993.937 174.90477996011228 174.90477996011228 174.90477996011228 87.45238998005614 87.45238998005614 87.45238998005614
 6007744 128 8682.966 8682.966 8682.966 177.1263948286795 177.1263948286795 177.1263948286795 88.56319741433975 88.56319741433975 88.56319741433975
 6608512 128 9678.841 9678.841 9678.841 174.79149332032628 174.79149332032628 174.79149332032628 87.39574666016314 87.39574666016314 87.39574666016314
 7269312 128 10663.033 10663.033 10663.033 174.52294033039195 174.52294033039195 174.52294033039195 87.26147016519597 87.26147016519597 87.26147016519597
 7996224 128 11737.108 11737.108 11737.108 174.40696157861032 174.40696157861032 174.40696157861032 87.20348078930516 87.20348078930516 87.20348078930516
 8795840 64 6445.885 6445.885 6445.885 174.6645371426887 174.6645371426887 174.6645371426887 87.33226857134434 87.33226857134434 87.33226857134434
 9675392 64 7095.098 7095.098 7095.098 174.550115586846 174.550115586846 174.550115586846 87.275057793423 87.275057793423 87.275057793423
 10642880 64 7817.984 7817.984 7817.984 174.2506303415305 174.2506303415305 174.2506303415305 87.12531517076525 87.12531517076525 87.12531517076525
 11707136 64 8773.804 8773.804 8773.804 170.79403734115783 170.79403734115783 170.79403734115783 85.39701867057892 85.39701867057892 85.39701867057892
 12877824 64 9773.016 9773.016 9773.016 168.66456291486682 168.66456291486682 168.66456291486682 84.33228145743341 84.33228145743341 84.33228145743341
 14165568 64 10416.985 10416.985 10416.985 174.0611802743308 174.0611802743308 174.0611802743308 87.0305901371654 87.0305901371654 87.0305901371654
 15582080 64 11744.022 11744.022 11744.022 169.83161645984651 169.83161645984651 169.83161645984651 84.91580822992326 84.91580822992326 84.91580822992326
 17140288 32 6327.868 6327.868 6327.868 173.35671856619007 173.35671856619007 173.35671856619007 86.67835928309503 86.67835928309503 86.67835928309503
 18854272 32 6994.009 6994.009 6994.009 172.52957609862955 172.52957609862955 172.52957609862955 86.26478804931477 86.26478804931477 86.26478804931477
 20739648 32 7658.958 7658.958 7658.958 173.30522924920075 173.30522924920075 173.30522924920075 86.65261462460037 86.65261462460037 86.65261462460037
 22813568 32 8560.181 8560.181 8560.181 170.56512613459924 170.56512613459924 170.56512613459924 85.28256306729962 85.28256306729962 85.28256306729962
 25094912 32 9223.938 9223.938 9223.938 174.1202475558704 174.1202475558704 174.1202475558704 87.0601237779352 87.0601237779352 87.0601237779352
 27604352 32 10102.987 10102.987 10102.987 174.86695053650965 174.86695053650965 174.86695053650965 87.43347526825482 87.43347526825482 87.43347526825482
 30364736 32 10968.924 10968.924 10968.924 177.16807081533244 177.16807081533244 177.16807081533244 88.58403540766622 88.58403540766622 88.58403540766622
 33401152 32 12037.039 12037.039 12037.039 177.59132690356822 177.59132690356822 177.59132690356822 88.79566345178411 88.79566345178411 88.79566345178411
 36741248 16 6711.96 6711.96 6711.96 175.16789968950945 175.16789968950945 175.16789968950945 87.58394984475473 87.58394984475473 87.58394984475473
 40415360 16 7325.888 7325.888 7325.888 176.53716791739103 176.53716791739103 176.53716791739103 88.26858395869552 88.26858395869552 88.26858395869552
 44456896 16 8115.053 8115.053 8115.053 175.30639319299578 175.30639319299578 175.30639319299578 87.65319659649789 87.65319659649789 87.65319659649789
 48902528 16 9246.111 9246.111 9246.111 169.24747020666308 169.24747020666308 169.24747020666308 84.62373510333154 84.62373510333154 84.62373510333154
 53792768 16 11301.041 11301.041 11301.041 152.31947003820267 152.31947003820267 152.31947003820267 76.15973501910133 76.15973501910133 76.15973501910133
 59172032 16 13422.012 13422.012 13422.012 141.07460371813107 141.07460371813107 141.07460371813107 70.53730185906554 70.53730185906554 70.53730185906554
 65089216 16 15561.104 15561.104 15561.104 133.85007336240412 133.85007336240412 133.85007336240412 66.92503668120206 66.92503668120206 66.92503668120206
 71598080 8 10320.902 10320.902 10320.902 110.99507388017054 110.99507388017054 110.99507388017054 55.49753694008527 55.49753694008527 55.49753694008527
 78757888 8 13108.969 13108.969 13108.969 96.12702631305329 96.12702631305329 96.12702631305329 48.063513156526646 48.063513156526646 48.063513156526646
 86633664 8 14753.103 14753.103 14753.103 93.95573419368117 93.95573419368117 93.95573419368117 46.97786709684058 46.97786709684058 46.97786709684058
 95297024 8 16326.904 16326.904 16326.904 93.38894771476576 93.38894771476576 93.38894771476576 46.69447385738288 46.69447385738288 46.69447385738288
 104826688 8 18360.138 18360.138 18360.138 91.35154692192401 91.35154692192401 91.35154692192401 45.675773460962006 45.675773460962006 45.675773460962006
 115309312 8 20131.826 20131.826 20131.826 91.64340045458368 91.64340045458368 91.64340045458368 45.82170022729184 45.82170022729184 45.82170022729184
 126840192 8 21992.922 21992.922 21992.922 92.2771004234908 92.2771004234908 92.2771004234908 46.1385502117454 46.1385502117454 46.1385502117454
 139524160 4 12129.068 12129.068 12129.068 92.02630243313007 92.02630243313007 92.02630243313007 46.013151216565035 46.013151216565035 46.013151216565035
 153476544 4 13368.845 13368.845 13368.845 91.84131852826478 91.84131852826478 91.84131852826478 45.92065926413239 45.92065926413239 45.92065926413239
 168824192 4 14665.842 14665.842 14665.842 92.09110094053925 92.09110094053925 92.09110094053925 46.045550470269625 46.045550470269625 46.045550470269625
 185706560 4 16169.071 16169.071 16169.071 91.88236479387096 91.88236479387096 91.88236479387096 45.94118239693548 45.94118239693548 45.94118239693548
 204277184 4 17714.977 17714.977 17714.977 92.2506121232898 92.2506121232898 92.2506121232898 46.1253060616449 46.1253060616449 46.1253060616449
 224704896 4 19730.806 19730.806 19730.806 91.10824808677354 91.10824808677354 91.10824808677354 45.55412404338677 45.55412404338677 45.55412404338677
 247175360 4 21717.072 21717.072 21717.072 91.05292278811804 91.05292278811804 91.05292278811804 45.52646139405902 45.52646139405902 45.52646139405902
 271892864 2 11890.888 11890.888 11890.888 91.46259354221485 91.46259354221485 91.46259354221485 45.731296771107424 45.731296771107424 45.731296771107424
 299082112 2 13131.857 13131.857 13131.857 91.10123937536024 91.10123937536024 91.10123937536024 45.55061968768012 45.55061968768012 45.55061968768012
 328990272 2 14608.86 14608.86 14608.86 90.07965631815212 90.07965631815212 90.07965631815212 45.03982815907606 45.03982815907606 45.03982815907606
 361889280 2 15862.942 15862.942 15862.942 91.2540132845471 91.2540132845471 91.2540132845471 45.62700664227355 45.62700664227355 45.62700664227355
 398078208 2 17326.832 17326.832 17326.832 91.89867091687623 91.89867091687623 91.89867091687623 45.949335458438114 45.949335458438114 45.949335458438114
 437886016 2 19071.102 19071.102 19071.102 91.84283446231896 91.84283446231896 91.84283446231896 45.92141723115948 45.92141723115948 45.92141723115948
 481674560 2 21006.107 21006.107 21006.107 91.72086193791168 91.72086193791168 91.72086193791168 45.86043096895584 45.86043096895584 45.86043096895584
 529841984 2 23529.053 23529.053 23529.053 90.07451069110176 90.07451069110176 90.07451069110176 45.03725534555088 45.03725534555088 45.03725534555088
 582826176 1 12766.123 12766.123 12766.123 91.30825012417631 91.30825012417631 91.30825012417631 45.654125062088156 45.654125062088156 45.654125062088156
 641108736 1 13991.833 13991.833 13991.833 91.6404213801008 91.6404213801008 91.6404213801008 45.8202106900504 45.8202106900504 45.8202106900504
 705219584 1 15362.024 15362.024 15362.024 91.81336834260901 91.81336834260901 91.81336834260901 45.906684171304505 45.906684171304505 45.906684171304505
 775741504 1 16860.962 16860.962 16860.962 92.01628044710615 92.01628044710615 92.01628044710615 46.00814022355308 46.00814022355308 46.00814022355308
 853315648 1 18597.126 18597.126 18597.126 91.76855047387431 91.76855047387431 91.76855047387431 45.88427523693716 45.88427523693716 45.88427523693716
 938647168 1 20438.194 20438.194 20438.194 91.85226131036823 91.85226131036823 91.85226131036823 45.92613065518412 45.92613065518412 45.92613065518412
 1032511872 1 22424.936 22424.936 22424.936 92.08604849530003 92.08604849530003 92.08604849530003 46.04302424765002 46.04302424765002 46.04302424765002
 
META_DATA
 MPI startup(): shm:tmi fabric is unknown or has been removed from the product, please use ofi or shm:ofi instead
 FLOPS          8
 MPI_PROCS      2
 OPENMP_THREADS 4
 ERT_VERSION  1.1.0
 HOSTNAME  ('shas0420.rc.int.colorado.edu', [], ['10.225.6.135'])
 UNAME  uname_result(system='Linux', node='shas0420.rc.int.colorado.edu', release='3.10.0-957.27.2.el7.x86_64', version='#1 SMP Mon Jul 29 17:46:05 UTC 2019', machine='x86_64', processor='x86_64')
 TIMESTAMP_DATA  1664555378.653217
 CONFIG  {'ERT_RESULTS': ['lab5_results'], 'ERT_DRIVER': ['driver1'], 'ERT_KERNEL': ['kernel1'], 'ERT_MPI': ['True'], 'ERT_MPI_CFLAGS': ['-I/usr/include/mpi'], 'ERT_MPI_LDFLAGS': ['-lmpi'], 'ERT_OPENMP': ['True'], 'ERT_OPENMP_CFLAGS': ['-qopenmp'], 'ERT_OPENMP_LDFLAGS': ['-qopenmp'], 'ERT_FLOPS': ['1,2,4,8,16'], 'ERT_ALIGN': ['32'], 'ERT_CC': ['mpicc'], 'ERT_CFLAGS': ['-O3', '-msse3', '-axSSE3', '-xSSE3', '-fno-alias', '-fno-fnalias', '-DERT_INTEL', '-std=c++11'], 'ERT_LD': ['mpicc'], 'ERT_LDFLAGS': [], 'ERT_LDLIBS': [], 'ERT_PRECISION': ['FP64'], 'ERT_RUN': ['export', 'OMP_NUM_THREADS=ERT_OPENMP_THREADS;', 'mpirun', '-np', 'ERT_MPI_PROCS', 'ERT_CODE'], 'ERT_PROCS_THREADS': ['1-24'], 'ERT_MPI_PROCS': ['1,2,4,8,12,24'], 'ERT_OPENMP_THREADS': ['1,2,4,8,12,24'], 'ERT_NUM_EXPERIMENTS': ['1'], 'ERT_MEMORY_MAX': ['1073741824'], 'ERT_WORKING_SET_MIN': ['1'], 'ERT_TRIALS_MIN': ['1'], 'ERT_GNUPLOT': ['gnuplot'], 'ERT_GPU': [False], 'ERT_HIP': [False], 'ERT_OCL': [False], 'ERT_SYCL': [False], 'ERT_WSS_MULT': [1.1]}
 