fp64
 192 4194304 48797.131 48797.131 48797.131 33.006299817093755 33.006299817093755 33.006299817093755 16.503149908546877 16.503149908546877 16.503149908546877
 384 2097152 24901.867 24901.867 24901.867 64.6783928289393 64.6783928289393 64.6783928289393 32.33919641446965 32.33919641446965 32.33919641446965
 576 1048576 12455.94 12455.94 12455.94 96.97859430922114 96.97859430922114 96.97859430922114 48.48929715461057 48.48929715461057 48.48929715461057
 768 1048576 12450.933 12450.933 12450.933 129.3567908525409 129.3567908525409 129.3567908525409 64.67839542627046 64.67839542627046 64.67839542627046
 960 1048576 12593.985 12593.985 12593.985 159.8593233198229 159.8593233198229 159.8593233198229 79.92966165991145 79.92966165991145 79.92966165991145
 1152 524288 6266.117 6266.117 6266.117 192.77641193102522 192.77641193102522 192.77641193102522 96.38820596551261 96.38820596551261 96.38820596551261
 1344 524288 6408.93 6408.93 6408.93 219.89413895923343 219.89413895923343 219.89413895923343 109.94706947961672 109.94706947961672 109.94706947961672
 1536 524288 6306.887 6306.887 6306.887 255.37364725259863 255.37364725259863 255.37364725259863 127.68682362629932 127.68682362629932 127.68682362629932
 1728 524288 6792.068 6792.068 6792.068 266.77284856394255 266.77284856394255 266.77284856394255 133.38642428197127 133.38642428197127 133.38642428197127
 1920 524288 6788.015 6788.015 6788.015 296.5912597423547 296.5912597423547 296.5912597423547 148.29562987117734 148.29562987117734 148.29562987117734
 2112 262144 3484.011 3484.011 3484.011 317.8222617552011 317.8222617552011 317.8222617552011 158.91113087760056 158.91113087760056 158.91113087760056
 2304 262144 3449.917 3449.917 3449.917 350.1416271753784 350.1416271753784 350.1416271753784 175.0708135876892 175.0708135876892 175.0708135876892
 2496 262144 3540.993 3540.993 3540.993 369.5638054071273 369.5638054071273 369.5638054071273 184.78190270356365 184.78190270356365 184.78190270356365
 2688 262144 3546.0 3546.0 3546.0 397.429820642978 397.429820642978 397.429820642978 198.714910321489 198.714910321489 198.714910321489
 2880 262144 4022.837 4022.837 4022.837 375.3444248424682 375.3444248424682 375.3444248424682 187.6722124212341 187.6722124212341 187.6722124212341
 3072 262144 3403.187 3403.187 3403.187 473.2660109479732 473.2660109479732 473.2660109479732 236.6330054739866 236.6330054739866 236.6330054739866
 3264 262144 3709.078 3709.078 3709.078 461.3750457660907 461.3750457660907 461.3750457660907 230.68752288304535 230.68752288304535 230.68752288304535
 3456 262144 3767.014 3767.014 3767.014 481.00148499580837 481.00148499580837 481.00148499580837 240.50074249790418 240.50074249790418 240.50074249790418
 3648 262144 4386.902 4386.902 4386.902 435.98024847603165 435.98024847603165 435.98024847603165 217.99012423801582 217.99012423801582 217.99012423801582
 3840 262144 4431.963 4431.963 4431.963 454.2605432400947 454.2605432400947 454.2605432400947 227.13027162004735 227.13027162004735 227.13027162004735
 4224 131072 2451.897 2451.897 2451.897 451.60798190136046 451.60798190136046 451.60798190136046 225.80399095068023 225.80399095068023 225.80399095068023
 4608 131072 2711.058 2711.058 2711.058 445.5675798894748 445.5675798894748 445.5675798894748 222.7837899447374 222.7837899447374 222.7837899447374
 4992 131072 2917.051 2917.051 2917.051 448.6115765545409 448.6115765545409 448.6115765545409 224.30578827727044 224.30578827727044 224.30578827727044
 5376 131072 3149.033 3149.033 3149.033 447.5298112150619 447.5298112150619 447.5298112150619 223.76490560753095 223.76490560753095 223.76490560753095
 5760 131072 3357.172 3357.172 3357.172 449.76826924566274 449.76826924566274 449.76826924566274 224.88413462283137 224.88413462283137 224.88413462283137
 6336 131072 3362.894 3362.894 3362.894 493.9032821135605 493.9032821135605 493.9032821135605 246.95164105678026 246.95164105678026 246.95164105678026
 6912 131072 3754.854 3754.854 3754.854 482.55919617646924 482.55919617646924 482.55919617646924 241.27959808823462 241.27959808823462 241.27959808823462
 7488 131072 4341.841 4341.841 4341.841 452.0972260384478 452.0972260384478 452.0972260384478 226.0486130192239 226.0486130192239 226.0486130192239
 8064 131072 4462.004 4462.004 4462.004 473.76228618351746 473.76228618351746 473.76228618351746 236.88114309175873 236.88114309175873 236.88114309175873
 8832 65536 2449.989 2449.989 2449.989 472.50330674954046 472.50330674954046 472.50330674954046 236.25165337477023 236.25165337477023 236.25165337477023
 9600 65536 2437.83 2437.83 2437.83 516.1521517086918 516.1521517086918 516.1521517086918 258.0760758543459 258.0760758543459 258.0760758543459
 10560 65536 2857.924 2857.924 2857.924 484.30970172754775 484.30970172754775 484.30970172754775 242.15485086377387 242.15485086377387 242.15485086377387
 11520 65536 3051.043 3051.043 3051.043 494.89615190608583 494.89615190608583 494.89615190608583 247.44807595304292 247.44807595304292 247.44807595304292
 12672 65536 3171.921 3171.921 3171.921 523.6398964539155 523.6398964539155 523.6398964539155 261.81994822695776 261.81994822695776 261.81994822695776
 13824 65536 3582.001 3582.001 3582.001 505.8455673239622 505.8455673239622 505.8455673239622 252.9227836619811 252.9227836619811 252.9227836619811
 15168 65536 4021.883 4021.883 4021.883 494.3207189269305 494.3207189269305 494.3207189269305 247.16035946346526 247.16035946346526 247.16035946346526
 16512 32768 2105.951 2105.951 2105.951 513.8440694963938 513.8440694963938 513.8440694963938 256.9220347481969 256.9220347481969 256.9220347481969
 18048 32768 2331.972 2331.972 2331.972 507.20751707138845 507.20751707138845 507.20751707138845 253.60375853569423 253.60375853569423 253.60375853569423
 19776 32768 2548.933 2548.933 2548.933 508.4637124632149 508.4637124632149 508.4637124632149 254.23185623160745 254.23185623160745 254.23185623160745
 21696 32768 2684.116 2684.116 2684.116 529.7345777902297 529.7345777902297 529.7345777902297 264.8672888951148 264.8672888951148 264.8672888951148
 23808 32768 3005.981 3005.981 3005.981 519.0588656415326 519.0588656415326 519.0588656415326 259.5294328207663 259.5294328207663 259.5294328207663
 26112 32768 3277.063 3277.063 3277.063 522.1980877389296 522.1980877389296 522.1980877389296 261.0990438694648 261.0990438694648 261.0990438694648
 28608 32768 3561.974 3561.974 3561.974 526.35249106254 526.35249106254 526.35249106254 263.17624553127 263.17624553127 263.17624553127
 31296 32768 3870.01 3870.01 3870.01 529.9765778383002 529.9765778383002 529.9765778383002 264.9882889191501 264.9882889191501 264.9882889191501
 34368 16384 2130.985 2130.985 2130.985 528.4742145064371 528.4742145064371 528.4742145064371 264.23710725321854 264.23710725321854 264.23710725321854
 37632 16384 2305.031 2305.031 2305.031 534.9712763082146 534.9712763082146 534.9712763082146 267.4856381541073 267.4856381541073 267.4856381541073
 41280 16384 2563.953 2563.953 2563.953 527.5693587206941 527.5693587206941 527.5693587206941 263.78467936034707 263.78467936034707 263.78467936034707
 45312 16384 2799.034 2799.034 2799.034 530.462872548172 530.462872548172 530.462872548172 265.231436274086 265.231436274086 265.231436274086
 49728 16384 3031.015 3031.015 3031.015 537.6044341581946 537.6044341581946 537.6044341581946 268.8022170790973 268.8022170790973 268.8022170790973
 54528 16384 3359.079 3359.079 3359.079 531.9236326385893 531.9236326385893 531.9236326385893 265.96181631929466 265.96181631929466 265.96181631929466
 59904 16384 3667.831 3667.831 3667.831 535.1757679129709 535.1757679129709 535.1757679129709 267.5878839564854 267.5878839564854 267.5878839564854
 65856 8192 2028.942 2028.942 2028.942 531.7967216411312 531.7967216411312 531.7967216411312 265.8983608205656 265.8983608205656 265.8983608205656
 72384 8192 2211.809 2211.809 2211.809 536.1852926721972 536.1852926721972 536.1852926721972 268.0926463360986 268.0926463360986 268.0926463360986
 79488 8192 2548.933 2548.933 2548.933 510.9319829120655 510.9319829120655 510.9319829120655 255.46599145603275 255.46599145603275 255.46599145603275
 87360 8192 2670.05 2670.05 2670.05 536.059714237561 536.059714237561 536.059714237561 268.0298571187805 268.0298571187805 268.0298571187805
 96000 8192 2898.932 2898.932 2898.932 542.5667107748648 542.5667107748648 542.5667107748648 271.2833553874324 271.2833553874324 271.2833553874324
 105600 8192 3203.154 3203.154 3203.154 540.1396248822255 540.1396248822255 540.1396248822255 270.06981244111273 270.06981244111273 270.06981244111273
 116160 8192 3557.92 3557.92 3557.92 534.9095651391824 534.9095651391824 534.9095651391824 267.4547825695912 267.4547825695912 267.4547825695912
 127680 8192 3900.051 3900.051 3900.051 536.3799396469431 536.3799396469431 536.3799396469431 268.18996982347153 268.18996982347153 268.18996982347153
 140352 4096 2140.045 2140.045 2140.045 537.2614052508242 537.2614052508242 537.2614052508242 268.6307026254121 268.6307026254121 268.6307026254121
 154368 4096 2321.005 2321.005 2321.005 544.8427108084644 544.8427108084644 544.8427108084644 272.4213554042322 272.4213554042322 272.4213554042322
 169728 4096 2554.893 2554.893 2554.893 544.2152669407291 544.2152669407291 544.2152669407291 272.10763347036453 272.10763347036453 272.10763347036453
 186624 4096 2810.955 2810.955 2810.955 543.8805701265229 543.8805701265229 543.8805701265229 271.94028506326146 271.94028506326146 271.94028506326146
 205248 4096 3123.999 3123.999 3123.999 538.2177190197565 538.2177190197565 538.2177190197565 269.10885950987824 269.10885950987824 269.10885950987824
 225600 4096 3395.081 3395.081 3395.081 544.3508417030404 544.3508417030404 544.3508417030404 272.1754208515202 272.1754208515202 272.1754208515202
 248064 4096 3736.973 3736.973 3736.973 543.7931416684038 543.7931416684038 543.7931416684038 271.8965708342019 271.8965708342019 271.8965708342019
 272832 2048 2065.182 2065.182 2065.182 541.1241585487381 541.1241585487381 541.1241585487381 270.56207927436907 270.56207927436907 270.56207927436907
 300096 2048 2270.937 2270.937 2270.937 541.2713853356566 541.2713853356566 541.2713853356566 270.6356926678283 270.6356926678283 270.6356926678283
 330048 2048 2896.07 2896.07 2896.07 466.7969379193182 466.7969379193182 466.7969379193182 233.3984689596591 233.3984689596591 233.3984689596591
 362880 2048 2731.085 2731.085 2731.085 544.2366239058836 544.2366239058836 544.2366239058836 272.1183119529418 272.1183119529418 272.1183119529418
 399168 2048 3005.981 3005.981 3005.981 543.9129947927149 543.9129947927149 543.9129947927149 271.95649739635746 271.95649739635746 271.95649739635746
 438912 2048 3306.15 3306.15 3306.15 543.769505920784 543.769505920784 543.769505920784 271.884752960392 271.884752960392 271.884752960392
 482688 2048 3618.002 3618.002 3618.002 546.4590810065887 546.4590810065887 546.4590810065887 273.22954050329434 273.22954050329434 273.22954050329434
 530880 1024 2007.008 2007.008 2007.008 541.7229228782346 541.7229228782346 541.7229228782346 270.8614614391173 270.8614614391173 270.8614614391173
 583872 1024 2204.895 2204.895 2204.895 542.3250794255508 542.3250794255508 542.3250794255508 271.1625397127754 271.1625397127754 271.1625397127754
 642240 1024 2430.916 2430.916 2430.916 541.074854087924 541.074854087924 541.074854087924 270.537427043962 270.537427043962 270.537427043962
 706368 1024 2669.096 2669.096 2669.096 541.9968648561161 541.9968648561161 541.9968648561161 270.99843242805804 270.99843242805804 270.99843242805804
 776832 1024 2918.005 2918.005 2918.005 545.2190575410254 545.2190575410254 545.2190575410254 272.6095287705127 272.6095287705127 272.6095287705127
 854400 1024 3231.049 3231.049 3231.049 541.5613319389461 541.5613319389461 541.5613319389461 270.78066596947303 270.78066596947303 270.78066596947303
 939840 1024 3556.013 3556.013 3556.013 541.2782011764299 541.2782011764299 541.2782011764299 270.63910058821494 270.63910058821494 270.63910058821494
 1033728 1024 3912.21 3912.21 3912.21 541.1455274640165 541.1455274640165 541.1455274640165 270.57276373200824 270.57276373200824 270.57276373200824
 1137024 512 2156.973 2156.973 2156.973 539.7900557865119 539.7900557865119 539.7900557865119 269.89502789325593 269.89502789325593 269.89502789325593
 1250688 512 2367.02 2367.02 2367.02 541.061973282862 541.061973282862 541.061973282862 270.530986641431 270.530986641431 270.530986641431
 1375680 512 2604.008 2604.008 2604.008 540.9723472431729 540.9723472431729 540.9723472431729 270.48617362158643 270.48617362158643 270.48617362158643
 1513152 512 2852.201 2852.201 2852.201 543.25331489611 543.25331489611 543.25331489611 271.626657448055 271.626657448055 271.626657448055
 1664448 512 3133.059 3133.059 3133.059 544.0034011488452 544.0034011488452 544.0034011488452 272.0017005744226 272.0017005744226 272.0017005744226
 1830720 512 3457.069 3457.069 3457.069 542.2678228291076 542.2678228291076 542.2678228291076 271.1339114145538 271.1339114145538 271.1339114145538
 2013696 512 3811.836 3811.836 3811.836 540.9531532836146 540.9531532836146 540.9531532836146 270.4765766418073 270.4765766418073 270.4765766418073
 2214912 256 2092.123 2092.123 2092.123 542.0498431497574 542.0498431497574 542.0498431497574 271.0249215748787 271.0249215748787 271.0249215748787
 2436288 256 2290.964 2290.964 2290.964 544.477982194395 544.477982194395 544.477982194395 272.2389910971975 272.2389910971975 272.2389910971975
 2679744 256 2530.098 2530.098 2530.098 542.2829186853631 542.2829186853631 542.2829186853631 271.14145934268157 271.14145934268157 271.14145934268157
 2947584 256 2772.808 2772.808 2772.808 544.2724516086221 544.2724516086221 544.2724516086221 272.13622580431104 272.13622580431104 272.13622580431104
 3242304 256 3051.996 3051.996 3051.996 543.9258924323623 543.9258924323623 543.9258924323623 271.96294621618114 271.96294621618114 271.96294621618114
 3566400 256 3369.093 3369.093 3369.093 541.9846825243471 541.9846825243471 541.9846825243471 270.99234126217357 270.99234126217357 270.99234126217357
 3922944 256 3970.861 3970.861 3970.861 505.82161601728194 505.82161601728194 505.82161601728194 252.91080800864097 252.91080800864097 252.91080800864097
 4315200 128 2060.89 2060.89 2060.89 536.0262799081951 536.0262799081951 536.0262799081951 268.01313995409754 268.01313995409754 268.01313995409754
 4746624 128 2266.169 2266.169 2266.169 536.2070278077231 536.2070278077231 536.2070278077231 268.10351390386154 268.10351390386154 268.10351390386154
 5221248 128 2551.079 2551.079 2551.079 523.950645197581 523.950645197581 523.950645197581 261.9753225987905 261.9753225987905 261.9753225987905
 5743296 128 2773.046 2773.046 2773.046 530.2053323313065 530.2053323313065 530.2053323313065 265.10266616565326 265.10266616565326 265.10266616565326
 6317568 128 3067.017 3067.017 3067.017 527.3193490613191 527.3193490613191 527.3193490613191 263.6596745306596 263.6596745306596 263.6596745306596
 6949248 128 3427.029 3427.029 3427.029 519.1107189346808 519.1107189346808 519.1107189346808 259.5553594673404 259.5553594673404 259.5553594673404
 7644096 128 3781.08 3781.08 3781.08 517.5475197562602 517.5475197562602 517.5475197562602 258.7737598781301 258.7737598781301 258.7737598781301
 8408448 64 2128.839 2128.839 2128.839 505.57197796545444 505.57197796545444 505.57197796545444 252.78598898272722 252.78598898272722 252.78598898272722
 9249216 64 2314.091 2314.091 2314.091 511.6046205615942 511.6046205615942 511.6046205615942 255.8023102807971 255.8023102807971 255.8023102807971
 10174080 64 2557.993 2557.993 2557.993 509.10312889831994 509.10312889831994 509.10312889831994 254.55156444915997 254.55156444915997 254.55156444915997
 11191488 64 2794.027 2794.027 2794.027 512.7045887530793 512.7045887530793 512.7045887530793 256.35229437653965 256.35229437653965 256.35229437653965
 12310464 64 3077.03 3077.03 3077.03 512.0975070116314 512.0975070116314 512.0975070116314 256.0487535058157 256.0487535058157 256.0487535058157
 13541376 64 3487.825 3487.825 3487.825 496.9561626515092 496.9561626515092 496.9561626515092 248.4780813257546 248.4780813257546 248.4780813257546
 14895360 64 3783.941 3783.941 3783.941 503.86781400661374 503.86781400661374 503.86781400661374 251.93390700330687 251.93390700330687 251.93390700330687
 16384896 64 4158.02 4158.02 4158.02 504.3907167353692 504.3907167353692 504.3907167353692 252.1953583676846 252.1953583676846 252.1953583676846
 18023232 32 2256.155 2256.155 2256.155 511.2622350857986 511.2622350857986 511.2622350857986 255.6311175428993 255.6311175428993 255.6311175428993
 19825536 32 2548.933 2548.933 2548.933 497.7903711082245 497.7903711082245 497.7903711082245 248.89518555411226 248.89518555411226 248.89518555411226
 21807936 32 2727.032 2727.032 2727.032 511.80474009839264 511.80474009839264 511.80474009839264 255.90237004919632 255.90237004919632 255.90237004919632
 23988672 32 2995.968 2995.968 2995.968 512.4470648551653 512.4470648551653 512.4470648551653 256.22353242758265 256.22353242758265 256.22353242758265
 26387520 32 3305.912 3305.912 3305.912 510.8427810540632 510.8427810540632 510.8427810540632 255.4213905270316 255.4213905270316 255.4213905270316
 29026176 32 3636.122 3636.122 3636.122 510.89464654926326 510.89464654926326 510.89464654926326 255.44732327463163 255.44732327463163 255.44732327463163
 31928640 32 3990.889 3990.889 3990.889 512.0245038135613 512.0245038135613 512.0245038135613 256.01225190678065 256.01225190678065 256.01225190678065
 35121408 16 2232.075 2232.075 2232.075 503.51581196868386 503.51581196868386 503.51581196868386 251.75790598434193 251.75790598434193 251.75790598434193
 38633472 16 2470.016 2470.016 2470.016 500.51137482510234 500.51137482510234 500.51137482510234 250.25568741255117 250.25568741255117 250.25568741255117
 42496704 16 2691.031 2691.031 2691.031 505.3433156288427 505.3433156288427 505.3433156288427 252.67165781442134 252.67165781442134 252.67165781442134
 46746240 16 3004.074 3004.074 3004.074 497.95034343361715 497.95034343361715 497.95034343361715 248.97517171680857 248.97517171680857 248.97517171680857
 51420864 16 3446.102 3446.102 3446.102 477.4866350444647 477.4866350444647 477.4866350444647 238.74331752223236 238.74331752223236 238.74331752223236
 56562816 16 4070.044 4070.044 4070.044 444.7151215072859 444.7151215072859 444.7151215072859 222.35756075364296 222.35756075364296 222.35756075364296
 62218944 16 5887.985 5887.985 5887.985 338.1472962312234 338.1472962312234 338.1472962312234 169.0736481156117 169.0736481156117 169.0736481156117
 68440704 8 5101.919 5101.919 5101.919 214.6351723733756 214.6351723733756 214.6351723733756 107.3175861866878 107.3175861866878 107.3175861866878
 75284736 8 7857.084 7857.084 7857.084 153.30824718177888 153.30824718177888 153.30824718177888 76.65412359088944 76.65412359088944 76.65412359088944
 82813056 8 10496.14 10496.14 10496.14 126.23773082295016 126.23773082295016 126.23773082295016 63.11886541147508 63.11886541147508 63.11886541147508
 91094208 8 12948.99 12948.99 12948.99 112.5576070411669 112.5576070411669 112.5576070411669 56.27880352058345 56.27880352058345 56.27880352058345
 100203456 8 15092.134 15092.134 15092.134 106.23118612649476 106.23118612649476 106.23118612649476 53.11559306324738 53.11559306324738 53.11559306324738
 110223744 8 17158.031 17158.031 17158.031 102.78451554260509 102.78451554260509 102.78451554260509 51.392257771302546 51.392257771302546 51.392257771302546
 121246080 8 19286.156 19286.156 19286.156 100.58703662876108 100.58703662876108 100.58703662876108 50.29351831438054 50.29351831438054 50.29351831438054
 133370688 8 21279.812 21279.812 21279.812 100.27959871074047 100.27959871074047 100.27959871074047 50.139799355370236 50.139799355370236 50.139799355370236
 146707584 4 11649.132 11649.132 11649.132 100.750911913437 100.750911913437 100.750911913437 50.3754559567185 50.3754559567185 50.3754559567185
 161378304 4 12758.017 12758.017 12758.017 101.19334627003553 101.19334627003553 101.19334627003553 50.59667313501777 50.59667313501777 50.59667313501777
 177516096 4 14145.851 14145.851 14145.851 100.39189356653057 100.39189356653057 100.39189356653057 50.195946783265285 50.195946783265285 50.195946783265285
 195267648 4 15624.046 15624.046 15624.046 99.98314034661699 99.98314034661699 99.98314034661699 49.991570173308496 49.991570173308496 49.991570173308496
 214794240 4 17136.097 17136.097 17136.097 100.27685534226374 100.27685534226374 100.27685534226374 50.13842767113187 50.13842767113187 50.13842767113187
 236273664 4 18781.9 18781.9 18781.9 100.63887636501099 100.63887636501099 100.63887636501099 50.31943818250549 50.31943818250549 50.31943818250549
 259900992 4 20617.962 20617.962 20617.962 100.84449355372757 100.84449355372757 100.84449355372757 50.42224677686379 50.42224677686379 50.42224677686379
 285891072 2 11306.047 11306.047 11306.047 101.14625279728628 101.14625279728628 101.14625279728628 50.57312639864314 50.57312639864314 50.57312639864314
 314480064 2 12406.111 12406.111 12406.111 101.39521208539888 101.39521208539888 101.39521208539888 50.69760604269944 50.69760604269944 50.69760604269944
 345927936 2 13619.9 13619.9 13619.9 101.59485341302066 101.59485341302066 101.59485341302066 50.79742670651033 50.79742670651033 50.79742670651033
 380520576 2 14971.018 14971.018 14971.018 101.66859087337949 101.66859087337949 101.66859087337949 50.83429543668974 50.83429543668974 50.83429543668974
 418572480 2 16571.999 16571.999 16571.999 101.03125881192727 101.03125881192727 101.03125881192727 50.51562940596364 50.51562940596364 50.51562940596364
 460429632 2 18175.125 18175.125 18175.125 101.33182181690634 101.33182181690634 101.33182181690634 50.66591090845317 50.66591090845317 50.66591090845317
 506472576 2 19919.157 19919.157 19919.157 101.70562459043823 101.70562459043823 101.70562459043823 50.85281229521912 50.85281229521912 50.85281229521912
 557119680 1 10992.05 10992.05 10992.05 101.36774850914979 101.36774850914979 101.36774850914979 50.683874254574896 50.683874254574896 50.683874254574896
 612831552 1 12053.967 12053.967 12053.967 101.68130574772603 101.68130574772603 101.68130574772603 50.840652873863014 50.840652873863014 50.840652873863014
 674114688 1 13347.864 13347.864 13347.864 101.00712563448354 101.00712563448354 101.00712563448354 50.50356281724177 50.50356281724177 50.50356281724177
 741526080 1 14648.914 14648.914 14648.914 101.23973422193617 101.23973422193617 101.23973422193617 50.61986711096809 50.61986711096809 50.61986711096809
 815678592 1 16023.159 16023.159 16023.159 101.81245683201422 101.81245683201422 101.81245683201422 50.90622841600711 50.90622841600711 50.90622841600711
 897246336 1 17895.937 17895.937 17895.937 100.27374772273728 100.27374772273728 100.27374772273728 50.13687386136864 50.13687386136864 50.13687386136864
 986970816 1 19504.786 19504.786 19504.786 101.20293716629345 101.20293716629345 101.20293716629345 50.601468583146726 50.601468583146726 50.601468583146726
 
META_DATA
 MPI startup(): shm:tmi fabric is unknown or has been removed from the product, please use ofi or shm:ofi instead
 FLOPS          8
 MPI_PROCS      24
 OPENMP_THREADS 1
 ERT_VERSION  1.1.0
 HOSTNAME  ('shas0420.rc.int.colorado.edu', [], ['10.225.6.135'])
 UNAME  uname_result(system='Linux', node='shas0420.rc.int.colorado.edu', release='3.10.0-957.27.2.el7.x86_64', version='#1 SMP Mon Jul 29 17:46:05 UTC 2019', machine='x86_64', processor='x86_64')
 TIMESTAMP_DATA  1664555453.3642962
 CONFIG  {'ERT_RESULTS': ['lab5_results'], 'ERT_DRIVER': ['driver1'], 'ERT_KERNEL': ['kernel1'], 'ERT_MPI': ['True'], 'ERT_MPI_CFLAGS': ['-I/usr/include/mpi'], 'ERT_MPI_LDFLAGS': ['-lmpi'], 'ERT_OPENMP': ['True'], 'ERT_OPENMP_CFLAGS': ['-qopenmp'], 'ERT_OPENMP_LDFLAGS': ['-qopenmp'], 'ERT_FLOPS': ['1,2,4,8,16'], 'ERT_ALIGN': ['32'], 'ERT_CC': ['mpicc'], 'ERT_CFLAGS': ['-O3', '-msse3', '-axSSE3', '-xSSE3', '-fno-alias', '-fno-fnalias', '-DERT_INTEL', '-std=c++11'], 'ERT_LD': ['mpicc'], 'ERT_LDFLAGS': [], 'ERT_LDLIBS': [], 'ERT_PRECISION': ['FP64'], 'ERT_RUN': ['export', 'OMP_NUM_THREADS=ERT_OPENMP_THREADS;', 'mpirun', '-np', 'ERT_MPI_PROCS', 'ERT_CODE'], 'ERT_PROCS_THREADS': ['1-24'], 'ERT_MPI_PROCS': ['1,2,4,8,12,24'], 'ERT_OPENMP_THREADS': ['1,2,4,8,12,24'], 'ERT_NUM_EXPERIMENTS': ['1'], 'ERT_MEMORY_MAX': ['1073741824'], 'ERT_WORKING_SET_MIN': ['1'], 'ERT_TRIALS_MIN': ['1'], 'ERT_GNUPLOT': ['gnuplot'], 'ERT_GPU': [False], 'ERT_HIP': [False], 'ERT_OCL': [False], 'ERT_SYCL': [False], 'ERT_WSS_MULT': [1.1]}
 