fp64
 192 4194304 95180.035 95180.035 95180.035 16.921749776620693 16.921749776620693 16.921749776620693 16.921749776620693 16.921749776620693 16.921749776620693
 384 2097152 48336.029 48336.029 48336.029 33.32116372240674 33.32116372240674 33.32116372240674 33.32116372240674 33.32116372240674 33.32116372240674
 576 1048576 24195.91 24195.91 24195.91 49.92412155608117 49.92412155608117 49.92412155608117 49.92412155608117 49.92412155608117 49.92412155608117
 768 1048576 24345.875 24345.875 24345.875 66.1554672403436 66.1554672403436 66.1554672403436 66.1554672403436 66.1554672403436 66.1554672403436
 960 1048576 24420.023 24420.023 24420.023 82.44324421807464 82.44324421807464 82.44324421807464 82.44324421807464 82.44324421807464 82.44324421807464
 1152 524288 12528.896 12528.896 12528.896 96.4138861077624 96.4138861077624 96.4138861077624 96.4138861077624 96.4138861077624 96.4138861077624
 1344 524288 12456.179 12456.179 12456.179 113.1395224811718 113.1395224811718 113.1395224811718 113.1395224811718 113.1395224811718 113.1395224811718
 1536 524288 12528.896 12528.896 12528.896 128.5518481436832 128.5518481436832 128.5518481436832 128.5518481436832 128.5518481436832 128.5518481436832
 1728 524288 12629.032 12629.032 12629.032 143.47412596626566 143.47412596626566 143.47412596626566 143.47412596626566 143.47412596626566 143.47412596626566
 1920 524288 12649.059 12649.059 12649.059 159.1632958625618 159.1632958625618 159.1632958625618 159.1632958625618 159.1632958625618 159.1632958625618
 2112 262144 7176.876 7176.876 7176.876 154.28666400255486 154.28666400255486 154.28666400255486 154.28666400255486 154.28666400255486 154.28666400255486
 2304 262144 7184.029 7184.029 7184.029 168.1451386123302 168.1451386123302 168.1451386123302 168.1451386123302 168.1451386123302 168.1451386123302
 2496 262144 8351.088 8351.088 8351.088 156.70088113069818 156.70088113069818 156.70088113069818 156.70088113069818 156.70088113069818 156.70088113069818
 2688 262144 8398.056 8398.056 8398.056 167.81099625913424 167.81099625913424 167.81099625913424 167.81099625913424 167.81099625913424 167.81099625913424
 2880 262144 9524.822 9524.822 9524.822 158.527838105531 158.527838105531 158.527838105531 158.527838105531 158.527838105531 158.527838105531
 3072 262144 6627.083 6627.083 6627.083 243.0349425229773 243.0349425229773 243.0349425229773 243.0349425229773 243.0349425229773 243.0349425229773
 3264 262144 7987.022 7987.022 7987.022 214.25708255217026 214.25708255217026 214.25708255217026 214.25708255217026 214.25708255217026 214.25708255217026
 3456 262144 8074.999 8074.999 8074.999 224.38879905743644 224.38879905743644 224.38879905743644 224.38879905743644 224.38879905743644 224.38879905743644
 3648 262144 9607.077 9607.077 9607.077 199.08267873776802 199.08267873776802 199.08267873776802 199.08267873776802 199.08267873776802 199.08267873776802
 3840 262144 9341.002 9341.002 9341.002 215.52997419334667 215.52997419334667 215.52997419334667 215.52997419334667 215.52997419334667 215.52997419334667
 4224 131072 5354.881 5354.881 5354.881 206.78260749398535 206.78260749398535 206.78260749398535 206.78260749398535 206.78260749398535 206.78260749398535
 4608 131072 5877.972 5877.972 5877.972 205.50617662009958 205.50617662009958 205.50617662009958 205.50617662009958 205.50617662009958 205.50617662009958
 4992 131072 6398.916 6398.916 6398.916 204.50695836607323 204.50695836607323 204.50695836607323 204.50695836607323 204.50695836607323 204.50695836607323
 5376 131072 7070.065 7070.065 7070.065 199.3314267973491 199.3314267973491 199.3314267973491 199.3314267973491 199.3314267973491 199.3314267973491
 5760 131072 7642.031 7642.031 7642.031 197.5848357589756 197.5848357589756 197.5848357589756 197.5848357589756 197.5848357589756 197.5848357589756
 6336 131072 7201.91 7201.91 7201.91 230.62554016920512 230.62554016920512 230.62554016920512 230.62554016920512 230.62554016920512 230.62554016920512
 6912 131072 8023.977 8023.977 8023.977 225.8156183648084 225.8156183648084 225.8156183648084 225.8156183648084 225.8156183648084 225.8156183648084
 7488 131072 9105.921 9105.921 9105.921 215.56680230368792 215.56680230368792 215.56680230368792 215.56680230368792 215.56680230368792 215.56680230368792
 8064 131072 9701.967 9701.967 9701.967 217.88666318902133 217.88666318902133 217.88666318902133 217.88666318902133 217.88666318902133 217.88666318902133
 8832 65536 5463.123 5463.123 5463.123 211.89856131740032 211.89856131740032 211.89856131740032 211.89856131740032 211.89856131740032 211.89856131740032
 9600 65536 5290.985 5290.985 5290.985 237.81794883183377 237.81794883183377 237.81794883183377 237.81794883183377 237.81794883183377 237.81794883183377
 10560 65536 6672.144 6672.144 6672.144 207.44760904440912 207.44760904440912 207.44760904440912 207.44760904440912 207.44760904440912 207.44760904440912
 11520 65536 7101.059 7101.059 7101.059 212.6372193217941 212.6372193217941 212.6372193217941 212.6372193217941 212.6372193217941 212.6372193217941
 12672 65536 7212.877 7212.877 7212.877 230.27487977404854 230.27487977404854 230.27487977404854 230.27487977404854 230.27487977404854 230.27487977404854
 13824 65536 7848.024 7848.024 7848.024 230.8784132158617 230.8784132158617 230.8784132158617 230.8784132158617 230.8784132158617 230.8784132158617
 15168 65536 9031.057 9031.057 9031.057 220.14035522087835 220.14035522087835 220.14035522087835 220.14035522087835 220.14035522087835 220.14035522087835
 16512 32768 4611.015 4611.015 4611.015 234.68378046915916 234.68378046915916 234.68378046915916 234.68378046915916 234.68378046915916 234.68378046915916
 18048 32768 5189.896 5189.896 5189.896 227.90316568964005 227.90316568964005 227.90316568964005 227.90316568964005 227.90316568964005 227.90316568964005
 19776 32768 5551.1 5551.1 5551.1 233.4744349768514 233.4744349768514 233.4744349768514 233.4744349768514 233.4744349768514 233.4744349768514
 21696 32768 5893.946 5893.946 5893.946 241.2422943813873 241.2422943813873 241.2422943813873 241.2422943813873 241.2422943813873 241.2422943813873
 23808 32768 6650.925 6650.925 6650.925 234.5961032487962 234.5961032487962 234.5961032487962 234.5961032487962 234.5961032487962 234.5961032487962
 26112 32768 7197.142 7197.142 7197.142 237.7716087858208 237.7716087858208 237.7716087858208 237.7716087858208 237.7716087858208 237.7716087858208
 28608 32768 7890.94 7890.94 7890.94 237.59576020093934 237.59576020093934 237.59576020093934 237.59576020093934 237.59576020093934 237.59576020093934
 31296 32768 8589.029 8589.029 8589.029 238.79470613034374 238.79470613034374 238.79470613034374 238.79470613034374 238.79470613034374 238.79470613034374
 34368 16384 4698.992 4698.992 4698.992 239.66217095070604 239.66217095070604 239.66217095070604 239.66217095070604 239.66217095070604 239.66217095070604
 37632 16384 5100.012 5100.012 5100.012 241.78872049712825 241.78872049712825 241.78872049712825 241.78872049712825 241.78872049712825 241.78872049712825
 41280 16384 5629.063 5629.063 5629.063 240.2998580758467 240.2998580758467 240.2998580758467 240.2998580758467 240.2998580758467 240.2998580758467
 45312 16384 6218.195 6218.195 6218.195 238.780484690493 238.780484690493 238.780484690493 238.780484690493 238.780484690493 238.780484690493
 49728 16384 6791.83 6791.83 6791.83 239.91871174631876 239.91871174631876 239.91871174631876 239.91871174631876 239.91871174631876 239.91871174631876
 54528 16384 7405.043 7405.043 7405.043 241.29144206184893 241.29144206184893 241.29144206184893 241.29144206184893 241.29144206184893 241.29144206184893
 59904 16384 8104.086 8104.086 8104.086 242.2153802415226 242.2153802415226 242.2153802415226 242.2153802415226 242.2153802415226 242.2153802415226
 65856 8192 4467.964 4467.964 4467.964 241.4935984264869 241.4935984264869 241.4935984264869 241.4935984264869 241.4935984264869 241.4935984264869
 72384 8192 4909.992 4909.992 4909.992 241.53592429478502 241.53592429478502 241.53592429478502 241.53592429478502 241.53592429478502 241.53592429478502
 79488 8192 5391.121 5391.121 5391.121 241.56968318833873 241.56968318833873 241.56968318833873 241.56968318833873 241.56968318833873 241.56968318833873
 87360 8192 5905.151 5905.151 5905.151 242.38266557451283 242.38266557451283 242.38266557451283 242.38266557451283 242.38266557451283 242.38266557451283
 96000 8192 6433.01 6433.01 6433.01 244.49892041206215 244.49892041206215 244.49892041206215 244.49892041206215 244.49892041206215 244.49892041206215
 105600 8192 7085.085 7085.085 7085.085 244.19613879014864 244.19613879014864 244.19613879014864 244.19613879014864 244.19613879014864 244.19613879014864
 116160 8192 7877.827 7877.827 7877.827 241.58507669691144 241.58507669691144 241.58507669691144 241.58507669691144 241.58507669691144 241.58507669691144
 127680 8192 8633.852 8633.852 8633.852 242.29151947473733 242.29151947473733 242.29151947473733 242.29151947473733 242.29151947473733 242.29151947473733
 140352 4096 5218.029 5218.029 5218.029 220.34442200302064 220.34442200302064 220.34442200302064 220.34442200302064 220.34442200302064 220.34442200302064
 154368 4096 5187.035 5187.035 5187.035 243.7968234260999 243.7968234260999 243.7968234260999 243.7968234260999 243.7968234260999 243.7968234260999
 169728 4096 5683.184 5683.184 5683.184 244.65366175017385 244.65366175017385 244.65366175017385 244.65366175017385 244.65366175017385 244.65366175017385
 186624 4096 6280.184 6280.184 6280.184 243.43614900455145 243.43614900455145 243.43614900455145 243.43614900455145 243.43614900455145 243.43614900455145
 205248 4096 6901.979 6901.979 6901.979 243.61007415409406 243.61007415409406 243.61007415409406 243.61007415409406 243.61007415409406 243.61007415409406
 225600 4096 7569.075 7569.075 7569.075 244.16658574528594 244.16658574528594 244.16658574528594 244.16658574528594 244.16658574528594 244.16658574528594
 248064 4096 8318.901 8318.901 8318.901 244.27989802979982 244.27989802979982 244.27989802979982 244.27989802979982 244.27989802979982 244.27989802979982
 272832 2048 4580.975 4580.975 4580.975 243.94803988233943 243.94803988233943 243.94803988233943 243.94803988233943 243.94803988233943 243.94803988233943
 300096 2048 5081.892 5081.892 5081.892 241.8770835743853 241.8770835743853 241.8770835743853 241.8770835743853 241.8770835743853 241.8770835743853
 330048 2048 5540.133 5540.133 5540.133 244.01519024904275 244.01519024904275 244.01519024904275 244.01519024904275 244.01519024904275 244.01519024904275
 362880 2048 6072.044 6072.044 6072.044 244.7868427830892 244.7868427830892 244.7868427830892 244.7868427830892 244.7868427830892 244.7868427830892
 399168 2048 6726.98 6726.98 6726.98 243.0499463355027 243.0499463355027 243.0499463355027 243.0499463355027 243.0499463355027 243.0499463355027
 438912 2048 7375.956 7375.956 7375.956 243.73566653597175 243.73566653597175 243.73566653597175 243.73566653597175 243.73566653597175 243.73566653597175
 482688 2048 8106.947 8106.947 8106.947 243.87602978038467 243.87602978038467 243.87602978038467 243.87602978038467 243.87602978038467 243.87602978038467
 530880 1024 4469.872 4469.872 4469.872 243.23789137586039 243.23789137586039 243.23789137586039 243.23789137586039 243.23789137586039 243.23789137586039
 583872 1024 4904.985 4904.985 4904.985 243.78664888883455 243.78664888883455 243.78664888883455 243.78664888883455 243.78664888883455 243.78664888883455
 642240 1024 5393.028 5393.028 5393.028 243.8903562154693 243.8903562154693 243.8903562154693 243.8903562154693 243.8903562154693 243.8903562154693
 706368 1024 5940.914 5940.914 5940.914 243.5048990778187 243.5048990778187 243.5048990778187 243.5048990778187 243.5048990778187 243.5048990778187
 776832 1024 6546.021 6546.021 6546.021 243.04106815422682 243.04106815422682 243.04106815422682 243.04106815422682 243.04106815422682 243.04106815422682
 854400 1024 7180.929 7180.929 7180.929 243.67476687208577 243.67476687208577 243.67476687208577 243.67476687208577 243.67476687208577 243.67476687208577
 939840 1024 7877.827 7877.827 7877.827 244.33036165937634 244.33036165937634 244.33036165937634 244.33036165937634 244.33036165937634 244.33036165937634
 1033728 1024 8687.019 8687.019 8687.019 243.70557310856577 243.70557310856577 243.70557310856577 243.70557310856577 243.70557310856577 243.70557310856577
 1137024 512 4760.981 4760.981 4760.981 244.55308181234076 244.55308181234076 244.55308181234076 244.55308181234076 244.55308181234076 244.55308181234076
 1250688 512 5248.07 5248.07 5248.07 244.03342790778325 244.03342790778325 244.03342790778325 244.03342790778325 244.03342790778325 244.03342790778325
 1375680 512 5773.067 5773.067 5773.067 244.01177398426177 244.01177398426177 244.01177398426177 244.01177398426177 244.01177398426177 244.01177398426177
 1513152 512 6356.955 6356.955 6356.955 243.74368671793334 243.74368671793334 243.74368671793334 243.74368671793334 243.74368671793334 243.74368671793334
 1664448 512 6968.021 6968.021 6968.021 244.60241322464444 244.60241322464444 244.60241322464444 244.60241322464444 244.60241322464444 244.60241322464444
 1830720 512 7673.025 7673.025 7673.025 244.31789027143793 244.31789027143793 244.31789027143793 244.31789027143793 244.31789027143793 244.31789027143793
 2013696 512 8927.107 8927.107 8927.107 230.98465202668683 230.98465202668683 230.98465202668683 230.98465202668683 230.98465202668683 230.98465202668683
 2214912 256 4634.857 4634.857 4634.857 244.67528210686973 244.67528210686973 244.67528210686973 244.67528210686973 244.67528210686973 244.67528210686973
 2436288 256 5395.889 5395.889 5395.889 231.1721860846285 231.1721860846285 231.1721860846285 231.1721860846285 231.1721860846285 231.1721860846285
 2679744 256 5615.95 5615.95 5615.95 244.30932041773877 244.30932041773877 244.30932041773877 244.30932041773877 244.30932041773877 244.30932041773877
 2947584 256 6169.081 6169.081 6169.081 244.63335916646255 244.63335916646255 244.63335916646255 244.63335916646255 244.63335916646255 244.63335916646255
 3242304 256 6787.062 6787.062 6787.062 244.59179067466897 244.59179067466897 244.59179067466897 244.59179067466897 244.59179067466897 244.59179067466897
 3566400 256 7469.177 7469.177 7469.177 244.4709504139479 244.4709504139479 244.4709504139479 244.4709504139479 244.4709504139479 244.4709504139479
 3922944 256 8213.043 8213.043 8213.043 244.55580325099967 244.55580325099967 244.55580325099967 244.55580325099967 244.55580325099967 244.55580325099967
 4315200 128 4513.979 4513.979 4513.979 244.7267034250713 244.7267034250713 244.7267034250713 244.7267034250713 244.7267034250713 244.7267034250713
 4746624 128 4984.14 4984.14 4984.14 243.8004839350419 243.8004839350419 243.8004839350419 243.8004839350419 243.8004839350419 243.8004839350419
 5221248 128 5460.978 5460.978 5460.978 244.76192506177466 244.76192506177466 244.76192506177466 244.76192506177466 244.76192506177466 244.76192506177466
 5743296 128 6106.853 6106.853 6106.853 240.7596475631557 240.7596475631557 240.7596475631557 240.7596475631557 240.7596475631557 240.7596475631557
 6317568 128 6629.944 6629.944 6629.944 243.93832104765892 243.93832104765892 243.93832104765892 243.93832104765892 243.93832104765892 243.93832104765892
 6949248 128 7294.178 7294.178 7294.178 243.89416984340113 243.89416984340113 243.89416984340113 243.89416984340113 243.89416984340113 243.89416984340113
 7644096 128 8038.998 8038.998 8038.998 243.42443871736253 243.42443871736253 243.42443871736253 243.42443871736253 243.42443871736253 243.42443871736253
 8408448 64 4410.982 4410.982 4410.982 244.0003935631567 244.0003935631567 244.0003935631567 244.0003935631567 244.0003935631567 244.0003935631567
 9249216 64 4850.864 4850.864 4850.864 244.05954238255288 244.05954238255288 244.05954238255288 244.05954238255288 244.05954238255288 244.05954238255288
 10174080 64 5367.041 5367.041 5367.041 242.6443621354858 242.6443621354858 242.6443621354858 242.6443621354858 242.6443621354858 242.6443621354858
 11191488 64 5869.15 5869.15 5869.15 244.07460432941735 244.07460432941735 244.07460432941735 244.07460432941735 244.07460432941735 244.07460432941735
 12310464 64 6474.018 6474.018 6474.018 243.3943483011632 243.3943483011632 243.3943483011632 243.3943483011632 243.3943483011632 243.3943483011632
 13541376 64 7120.848 7120.848 7120.848 243.41147683534322 243.41147683534322 243.41147683534322 243.41147683534322 243.41147683534322 243.41147683534322
 14895360 64 7813.931 7813.931 7813.931 244.0008850858806 244.0008850858806 244.0008850858806 244.0008850858806 244.0008850858806 244.0008850858806
 16384896 64 8589.983 8589.983 8589.983 244.15260053483223 244.15260053483223 244.15260053483223 244.15260053483223 244.15260053483223 244.15260053483223
 18023232 32 4729.986 4729.986 4729.986 243.86686303088422 243.86686303088422 243.86686303088422 243.86686303088422 243.86686303088422 243.86686303088422
 19825536 32 5203.009 5203.009 5203.009 243.86548322326564 243.86548322326564 243.86548322326564 243.86548322326564 243.86548322326564 243.86548322326564
 21807936 32 5713.94 5713.94 5713.94 244.26366115149966 244.26366115149966 244.26366115149966 244.26366115149966 244.26366115149966 244.26366115149966
 23988672 32 6277.8 6277.8 6277.8 244.55621523463634 244.55621523463634 244.55621523463634 244.55621523463634 244.55621523463634 244.55621523463634
 26387520 32 6911.993 6911.993 6911.993 244.32913632869707 244.32913632869707 244.32913632869707 244.32913632869707 244.32913632869707 244.32913632869707
 29026176 32 7602.215 7602.215 7602.215 244.35973778694762 244.35973778694762 244.35973778694762 244.35973778694762 244.35973778694762 244.35973778694762
 31928640 32 8884.907 8884.907 8884.907 229.98923455248325 229.98923455248325 229.98923455248325 229.98923455248325 229.98923455248325 229.98923455248325
 35121408 16 4611.969 4611.969 4611.969 243.68877067473787 243.68877067473787 243.68877067473787 243.68877067473787 243.68877067473787 243.68877067473787
 38633472 16 5230.904 5230.904 5230.904 236.33985712603402 236.33985712603402 236.33985712603402 236.33985712603402 236.33985712603402 236.33985712603402
 42496704 16 5589.008 5589.008 5589.008 243.31590292946444 243.31590292946444 243.31590292946444 243.31590292946444 243.31590292946444 243.31590292946444
 46746240 16 6160.975 6160.975 6160.975 242.7991803245428 242.7991803245428 242.7991803245428 242.7991803245428 242.7991803245428 242.7991803245428
 51420864 16 6781.816 6781.816 6781.816 242.62935591292953 242.62935591292953 242.62935591292953 242.62935591292953 242.62935591292953 242.62935591292953
 56562816 16 7672.071 7672.071 7672.071 235.9219710036573 235.9219710036573 235.9219710036573 235.9219710036573 235.9219710036573 235.9219710036573
 62218944 16 8604.05 8604.05 8604.05 231.40337492227502 231.40337492227502 231.40337492227502 231.40337492227502 231.40337492227502 231.40337492227502
 68440704 8 5668.879 5668.879 5668.879 193.16892528487557 193.16892528487557 193.16892528487557 193.16892528487557 193.16892528487557 193.16892528487557
 75284736 8 8548.021 8548.021 8548.021 140.9163332659103 140.9163332659103 140.9163332659103 140.9163332659103 140.9163332659103 140.9163332659103
 82813056 8 11101.961 11101.961 11101.961 119.34908580565182 119.34908580565182 119.34908580565182 119.34908580565182 119.34908580565182 119.34908580565182
 91094208 8 13411.045 13411.045 13411.045 108.67962399648945 108.67962399648945 108.67962399648945 108.67962399648945 108.67962399648945 108.67962399648945
 100203456 8 15616.894 15616.894 15616.894 102.66159813852869 102.66159813852869 102.66159813852869 102.66159813852869 102.66159813852869 102.66159813852869
 110223744 8 17631.054 17631.054 17631.054 100.0269129684476 100.0269129684476 100.0269129684476 100.0269129684476 100.0269129684476 100.0269129684476
 121246080 8 19897.938 19897.938 19897.938 97.4943876094096 97.4943876094096 97.4943876094096 97.4943876094096 97.4943876094096 97.4943876094096
 133370688 8 21929.026 21929.026 21929.026 97.31079747910371 97.31079747910371 97.31079747910371 97.31079747910371 97.31079747910371 97.31079747910371
 146707584 4 12009.144 12009.144 12009.144 97.73058529400598 97.73058529400598 97.73058529400598 97.73058529400598 97.73058529400598 97.73058529400598
 161378304 4 13179.064 13179.064 13179.064 97.96040386479646 97.96040386479646 97.96040386479646 97.96040386479646 97.96040386479646 97.96040386479646
 177516096 4 14638.901 14638.901 14638.901 97.01061356996678 97.01061356996678 97.01061356996678 97.01061356996678 97.01061356996678 97.01061356996678
 195267648 4 15792.131 15792.131 15792.131 98.91896058866278 98.91896058866278 98.91896058866278 98.91896058866278 98.91896058866278 98.91896058866278
 214794240 4 17524.004 17524.004 17524.004 98.05715177878298 98.05715177878298 98.05715177878298 98.05715177878298 98.05715177878298 98.05715177878298
 236273664 4 24725.914 24725.914 24725.914 76.44568010711353 76.44568010711353 76.44568010711353 76.44568010711353 76.44568010711353 76.44568010711353
 259900992 4 20906.21 20906.21 20906.21 99.45408259077088 99.45408259077088 99.45408259077088 99.45408259077088 99.45408259077088 99.45408259077088
 285891072 2 12010.098 12010.098 12010.098 95.21689897950876 95.21689897950876 95.21689897950876 95.21689897950876 95.21689897950876 95.21689897950876
 314480064 2 13167.858 13167.858 13167.858 95.5296036758598 95.5296036758598 95.5296036758598 95.5296036758598 95.5296036758598 95.5296036758598
 345927936 2 14011.145 14011.145 14011.145 98.75793477263991 98.75793477263991 98.75793477263991 98.75793477263991 98.75793477263991 98.75793477263991
 380520576 2 15522.957 15522.957 15522.957 98.05363140540813 98.05363140540813 98.05363140540813 98.05363140540813 98.05363140540813 98.05363140540813
 418572480 2 17014.027 17014.027 17014.027 98.40644545820929 98.40644545820929 98.40644545820929 98.40644545820929 98.40644545820929 98.40644545820929
 460429632 2 18670.082 18670.082 18670.082 98.64544397823214 98.64544397823214 98.64544397823214 98.64544397823214 98.64544397823214 98.64544397823214
 506472576 2 20562.887 20562.887 20562.887 98.52168637604242 98.52168637604242 98.52168637604242 98.52168637604242 98.52168637604242 98.52168637604242
 557119680 1 11360.168 11360.168 11360.168 98.08300018098323 98.08300018098323 98.08300018098323 98.08300018098323 98.08300018098323 98.08300018098323
 612831552 1 12501.001 12501.001 12501.001 98.0451968606354 98.0451968606354 98.0451968606354 98.0451968606354 98.0451968606354 98.0451968606354
 674114688 1 13674.021 13674.021 13674.021 98.5978722718065 98.5978722718065 98.5978722718065 98.5978722718065 98.5978722718065 98.5978722718065
 741526080 1 15086.889 15086.889 15086.889 98.3007272075774 98.3007272075774 98.3007272075774 98.3007272075774 98.3007272075774 98.3007272075774
 815678592 1 16489.983 16489.983 16489.983 98.93019198382437 98.93019198382437 98.93019198382437 98.93019198382437 98.93019198382437 98.93019198382437
 897246336 1 18207.788 18207.788 18207.788 98.55632501872276 98.55632501872276 98.55632501872276 98.55632501872276 98.55632501872276 98.55632501872276
 986970816 1 20024.061 20024.061 20024.061 98.57848675151358 98.57848675151358 98.57848675151358 98.57848675151358 98.57848675151358 98.57848675151358
 
META_DATA
 MPI startup(): shm:tmi fabric is unknown or has been removed from the product, please use ofi or shm:ofi instead
 FLOPS          16
 MPI_PROCS      24
 OPENMP_THREADS 1
 ERT_VERSION  1.1.0
 HOSTNAME  ('shas0420.rc.int.colorado.edu', [], ['10.225.6.135'])
 UNAME  uname_result(system='Linux', node='shas0420.rc.int.colorado.edu', release='3.10.0-957.27.2.el7.x86_64', version='#1 SMP Mon Jul 29 17:46:05 UTC 2019', machine='x86_64', processor='x86_64')
 TIMESTAMP_DATA  1664555830.091591
 CONFIG  {'ERT_RESULTS': ['lab5_results'], 'ERT_DRIVER': ['driver1'], 'ERT_KERNEL': ['kernel1'], 'ERT_MPI': ['True'], 'ERT_MPI_CFLAGS': ['-I/usr/include/mpi'], 'ERT_MPI_LDFLAGS': ['-lmpi'], 'ERT_OPENMP': ['True'], 'ERT_OPENMP_CFLAGS': ['-qopenmp'], 'ERT_OPENMP_LDFLAGS': ['-qopenmp'], 'ERT_FLOPS': ['1,2,4,8,16'], 'ERT_ALIGN': ['32'], 'ERT_CC': ['mpicc'], 'ERT_CFLAGS': ['-O3', '-msse3', '-axSSE3', '-xSSE3', '-fno-alias', '-fno-fnalias', '-DERT_INTEL', '-std=c++11'], 'ERT_LD': ['mpicc'], 'ERT_LDFLAGS': [], 'ERT_LDLIBS': [], 'ERT_PRECISION': ['FP64'], 'ERT_RUN': ['export', 'OMP_NUM_THREADS=ERT_OPENMP_THREADS;', 'mpirun', '-np', 'ERT_MPI_PROCS', 'ERT_CODE'], 'ERT_PROCS_THREADS': ['1-24'], 'ERT_MPI_PROCS': ['1,2,4,8,12,24'], 'ERT_OPENMP_THREADS': ['1,2,4,8,12,24'], 'ERT_NUM_EXPERIMENTS': ['1'], 'ERT_MEMORY_MAX': ['1073741824'], 'ERT_WORKING_SET_MIN': ['1'], 'ERT_TRIALS_MIN': ['1'], 'ERT_GNUPLOT': ['gnuplot'], 'ERT_GPU': [False], 'ERT_HIP': [False], 'ERT_OCL': [False], 'ERT_SYCL': [False], 'ERT_WSS_MULT': [1.1]}
 