fp64
 32 33554432 93214.035 93214.035 93214.035 23.038200717306147 23.038200717306147 23.038200717306147 1.4398875448316342 1.4398875448316342 1.4398875448316342
 64 16777216 51936.865 51936.865 51936.865 41.347964456460744 41.347964456460744 41.347964456460744 2.5842477785287965 2.5842477785287965 2.5842477785287965
 96 8388608 25913.954 25913.954 25913.954 62.15233445270451 62.15233445270451 62.15233445270451 3.8845209032940318 3.8845209032940318 3.8845209032940318
 128 8388608 35562.038 35562.038 35562.038 60.38696792349191 60.38696792349191 60.38696792349191 3.7741854952182443 3.7741854952182443 3.7741854952182443
 160 4194304 14256.954 14256.954 14256.954 94.14193803248575 94.14193803248575 94.14193803248575 5.88387112703036 5.88387112703036 5.88387112703036
 192 4194304 21034.002 21034.002 21034.002 76.57186378512277 76.57186378512277 76.57186378512277 4.785741486570173 4.785741486570173 4.785741486570173
 224 4194304 16927.958 16927.958 16927.958 111.00264969939079 111.00264969939079 111.00264969939079 6.937665606211924 6.937665606211924 6.937665606211924
 256 4194304 23405.075 23405.075 23405.075 91.75290606844884 91.75290606844884 91.75290606844884 5.734556629278052 5.734556629278052 5.734556629278052
 288 2097152 11019.945 11019.945 11019.945 109.61575143977579 109.61575143977579 109.61575143977579 6.850984464985987 6.850984464985987 6.850984464985987
 320 2097152 12948.036 12948.036 12948.036 103.65875411529595 103.65875411529595 103.65875411529595 6.478672132205997 6.478672132205997 6.478672132205997
 352 2097152 12262.106 12262.106 12262.106 120.40305376580498 120.40305376580498 120.40305376580498 7.5251908603628115 7.5251908603628115 7.5251908603628115
 384 2097152 14301.062 14301.062 14301.062 112.62189731084307 112.62189731084307 112.62189731084307 7.038868581927692 7.038868581927692 7.038868581927692
 416 2097152 13561.01 13561.01 13561.01 128.66522950724172 128.66522950724172 128.66522950724172 8.041576844202607 8.041576844202607 8.041576844202607
 448 2097152 15578.985 15578.985 15578.985 120.61428854318814 120.61428854318814 120.61428854318814 7.538393033949259 7.538393033949259 7.538393033949259
 480 2097152 14939.785 14939.785 14939.785 134.75869431855946 134.75869431855946 134.75869431855946 8.422418394909966 8.422418394909966 8.422418394909966
 512 2097152 8375.883 8375.883 8375.883 256.3889261585913 256.3889261585913 256.3889261585913 16.024307884911956 16.024307884911956 16.024307884911956
 544 1048576 5157.948 5157.948 5157.948 221.18305341581572 221.18305341581572 221.18305341581572 13.823940838488483 13.823940838488483 13.823940838488483
 576 1048576 5264.997 5264.997 5264.997 229.43214440578026 229.43214440578026 229.43214440578026 14.339509025361266 14.339509025361266 14.339509025361266
 608 1048576 5831.957 5831.957 5831.957 218.6347423343485 218.6347423343485 218.6347423343485 13.66467139589678 13.66467139589678 13.66467139589678
 640 1048576 6246.09 6246.09 6246.09 214.8827954768503 214.8827954768503 214.8827954768503 13.430174717303144 13.430174717303144 13.430174717303144
 704 1048576 6823.063 6823.063 6823.063 216.38302445690445 216.38302445690445 216.38302445690445 13.523939028556528 13.523939028556528 13.523939028556528
 768 1048576 7483.959 7483.959 7483.959 215.20865306718008 215.20865306718008 215.20865306718008 13.450540816698755 13.450540816698755 13.450540816698755
 832 1048576 8193.016 8193.016 8193.016 212.96558727579688 212.96558727579688 212.96558727579688 13.310349204737305 13.310349204737305 13.310349204737305
 896 1048576 8939.981 8939.981 8939.981 210.1848082227468 210.1848082227468 210.1848082227468 13.136550513921675 13.136550513921675 13.136550513921675
 960 1048576 9423.018 9423.018 9423.018 213.6540458693807 213.6540458693807 213.6540458693807 13.353377866836293 13.353377866836293 13.353377866836293
 1056 524288 4397.154 4397.154 4397.154 251.82112248058627 251.82112248058627 251.82112248058627 15.738820155036642 15.738820155036642 15.738820155036642
 1152 524288 4880.905 4880.905 4880.905 247.4867984523362 247.4867984523362 247.4867984523362 15.467924903271012 15.467924903271012 15.467924903271012
 1248 524288 5472.898 5472.898 5472.898 239.1096724258336 239.1096724258336 239.1096724258336 14.9443545266146 14.9443545266146 14.9443545266146
 1344 524288 5831.957 5831.957 5831.957 241.6489257379641 241.6489257379641 241.6489257379641 15.103057858622757 15.103057858622757 15.103057858622757
 1472 524288 6452.084 6452.084 6452.084 239.22563190435838 239.22563190435838 239.22563190435838 14.951601994022399 14.951601994022399 14.951601994022399
 1600 524288 6467.104 6467.104 6467.104 259.42393998921307 259.42393998921307 259.42393998921307 16.213996249325817 16.213996249325817 16.213996249325817
 1760 524288 7318.974 7318.974 7318.974 252.15197649288004 252.15197649288004 252.15197649288004 15.759498530805002 15.759498530805002 15.759498530805002
 1920 524288 8138.895 8138.895 8138.895 247.3635450512631 247.3635450512631 247.3635450512631 15.460221565703943 15.460221565703943 15.460221565703943
 2112 262144 4192.829 4192.829 4192.829 264.09287285505803 264.09287285505803 264.09287285505803 16.505804553441127 16.505804553441127 16.505804553441127
 2304 262144 4677.057 4677.057 4677.057 258.27342963748356 258.27342963748356 258.27342963748356 16.142089352342722 16.142089352342722 16.142089352342722
 2528 262144 5378.008 5378.008 5378.008 246.44813916230694 246.44813916230694 246.44813916230694 15.403008697644184 15.403008697644184 15.403008697644184
 2752 262144 5586.147 5586.147 5586.147 258.2890453831595 258.2890453831595 258.2890453831595 16.143065336447467 16.143065336447467 16.143065336447467
 3008 262144 6196.976 6196.976 6196.976 254.48836722943577 254.48836722943577 254.48836722943577 15.905522951839735 15.905522951839735 15.905522951839735
 3296 262144 6648.064 6648.064 6648.064 259.93330509453574 259.93330509453574 259.93330509453574 16.245831568408484 16.245831568408484 16.245831568408484
 3616 262144 7042.885 7042.885 7042.885 269.1830702900871 269.1830702900871 269.1830702900871 16.823941893130442 16.823941893130442 16.823941893130442
 3968 262144 8002.996 8002.996 8002.996 259.94949691340594 259.94949691340594 259.94949691340594 16.24684355708787 16.24684355708787 16.24684355708787
 4352 131072 4272.938 4272.938 4272.938 266.9944398912411 266.9944398912411 266.9944398912411 16.687152493202568 16.687152493202568 16.687152493202568
 4768 131072 4706.144 4706.144 4706.144 265.5895340219083 265.5895340219083 265.5895340219083 16.59934587636927 16.59934587636927 16.59934587636927
 5216 131072 5111.933 5111.933 5111.933 267.48063873294115 267.48063873294115 267.48063873294115 16.71753992080882 16.71753992080882 16.71753992080882
 5728 131072 5594.969 5594.969 5594.969 268.3769708107409 268.3769708107409 268.3769708107409 16.773560675671305 16.773560675671305 16.773560675671305
 6272 131072 6105.185 6105.185 6105.185 269.3066906244446 269.3066906244446 269.3066906244446 16.83166816402779 16.83166816402779 16.83166816402779
 6880 131072 6698.847 6698.847 6698.847 269.2330068144563 269.2330068144563 269.2330068144563 16.82706292590352 16.82706292590352 16.82706292590352
 7552 131072 7412.91 7412.91 7412.91 267.0626633805078 267.0626633805078 267.0626633805078 16.691416461281737 16.691416461281737 16.691416461281737
 8288 65536 3994.226 3994.226 3994.226 271.97377814875773 271.97377814875773 271.97377814875773 16.998361134297358 16.998361134297358 16.998361134297358
 9088 65536 4470.825 4470.825 4470.825 266.43456990600174 266.43456990600174 266.43456990600174 16.65216061912511 16.65216061912511 16.65216061912511
 9984 65536 4851.818 4851.818 4851.818 269.71804136099087 269.71804136099087 269.71804136099087 16.85737758506193 16.85737758506193 16.85737758506193
 10976 65536 5377.054 5377.054 5377.054 267.5528778397985 267.5528778397985 267.5528778397985 16.722054864987406 16.722054864987406 16.722054864987406
 12064 65536 6110.907 6110.907 6110.907 258.7590693165515 258.7590693165515 258.7590693165515 16.17244183228447 16.17244183228447 16.17244183228447
 13248 65536 6726.98 6726.98 6726.98 258.1309675366955 258.1309675366955 258.1309675366955 16.13318547104347 16.13318547104347 16.13318547104347
 14560 65536 7356.167 7356.167 7356.167 259.42971659017525 259.42971659017525 259.42971659017525 16.214357286885953 16.214357286885953 16.214357286885953
 16000 65536 8076.906 8076.906 8076.906 259.64793944611955 259.64793944611955 259.64793944611955 16.227996215382472 16.227996215382472 16.227996215382472
 17600 32768 4620.79 4620.79 4620.79 249.61826873759685 249.61826873759685 249.61826873759685 15.601141796099803 15.601141796099803 15.601141796099803
 19360 32768 5070.925 5070.925 5070.925 250.2062168144865 250.2062168144865 250.2062168144865 15.637888550905407 15.637888550905407 15.637888550905407
 21280 32768 5723.0 5723.0 5723.0 243.68444522103792 243.68444522103792 243.68444522103792 15.23027782631487 15.23027782631487 15.23027782631487
 23392 32768 6067.991 6067.991 6067.991 252.64014267654647 252.64014267654647 252.64014267654647 15.790008917284155 15.790008917284155 15.790008917284155
 25728 32768 6647.11 6647.11 6647.11 253.6606447012311 253.6606447012311 253.6606447012311 15.853790293826943 15.853790293826943 15.853790293826943
 28288 32768 7277.966 7277.966 7277.966 254.7253405690546 254.7253405690546 254.7253405690546 15.920333785565912 15.920333785565912 15.920333785565912
 31104 32768 7994.175 7994.175 7994.175 254.98963232603737 254.98963232603737 254.98963232603737 15.936852020377335 15.936852020377335 15.936852020377335
 34208 16384 4396.915 4396.915 4396.915 254.93504968824732 254.93504968824732 254.93504968824732 15.933440605515457 15.933440605515457 15.933440605515457
 37600 16384 4815.817 4815.817 4815.817 255.83962181287202 255.83962181287202 255.83962181287202 15.989976363304502 15.989976363304502 15.989976363304502
 41344 16384 5316.973 5316.973 5316.973 254.79914831239506 254.79914831239506 254.79914831239506 15.924946769524691 15.924946769524691 15.924946769524691
 45472 16384 5790.949 5790.949 5790.949 257.30264521410913 257.30264521410913 257.30264521410913 16.08141532588182 16.08141532588182 16.08141532588182
 50016 16384 6351.948 6351.948 6351.948 258.0191601064744 258.0191601064744 258.0191601064744 16.12619750665465 16.12619750665465 16.12619750665465
 55008 16384 6969.929 6969.929 6969.929 258.6112633285074 258.6112633285074 258.6112633285074 16.163203958031712 16.163203958031712 16.163203958031712
 60480 16384 7642.031 7642.031 7642.031 259.33009693365545 259.33009693365545 259.33009693365545 16.208131058353466 16.208131058353466 16.208131058353466
 66528 8192 4211.187 4211.187 4211.187 258.83313944500685 258.83313944500685 258.83313944500685 16.177071215312928 16.177071215312928 16.177071215312928
 73152 8192 4622.936 4622.936 4622.936 259.2556695571819 259.2556695571819 259.2556695571819 16.203479347323867 16.203479347323867 16.203479347323867
 80448 8192 5074.978 5074.978 5074.978 259.71738833153563 259.71738833153563 259.71738833153563 16.232336770720977 16.232336770720977 16.232336770720977
 88480 8192 5585.909 5585.909 5585.909 259.5202177479082 259.5202177479082 259.5202177479082 16.220013609244262 16.220013609244262 16.220013609244262
 97312 8192 6131.887 6131.887 6131.887 260.0112833129508 260.0112833129508 260.0112833129508 16.250705207059426 16.250705207059426 16.250705207059426
 107040 8192 6975.889 6975.889 6975.889 251.40069745949228 251.40069745949228 251.40069745949228 15.712543591218267 15.712543591218267 15.712543591218267
 117728 8192 7660.151 7660.151 7660.151 251.80385504149984 251.80385504149984 251.80385504149984 15.73774094009374 15.73774094009374 15.73774094009374
 129472 8192 8445.978 8445.978 8445.978 251.15732577091723 251.15732577091723 251.15732577091723 15.697332860682327 15.697332860682327 15.697332860682327
 142400 4096 4929.781 4929.781 4929.781 236.6313635433298 236.6313635433298 236.6313635433298 14.789460221458112 14.789460221458112 14.789460221458112
 156640 4096 5652.905 5652.905 5652.905 226.99742521765359 226.99742521765359 226.99742521765359 14.187339076103349 14.187339076103349 14.187339076103349
 172288 4096 6278.992 6278.992 6278.992 224.77864217696086 224.77864217696086 224.77864217696086 14.048665136060054 14.048665136060054 14.048665136060054
 189504 4096 6859.064 6859.064 6859.064 226.3307016817455 226.3307016817455 226.3307016817455 14.145668855109093 14.145668855109093 14.145668855109093
 208448 4096 7514.0 7514.0 7514.0 227.256589832313 227.256589832313 227.256589832313 14.203536864519563 14.203536864519563 14.203536864519563
 229280 4096 8285.046 8285.046 8285.046 226.70504907275105 226.70504907275105 226.70504907275105 14.16906556704694 14.16906556704694 14.16906556704694
 252192 4096 9196.043 9196.043 9196.043 224.65715569185573 224.65715569185573 224.65715569185573 14.041072230740983 14.041072230740983 14.041072230740983
 277408 2048 5025.148 5025.148 5025.148 226.1153637664005 226.1153637664005 226.1153637664005 14.13221023540003 14.13221023540003 14.13221023540003
 305120 2048 5548.0 5548.0 5548.0 225.26523431867338 225.26523431867338 225.26523431867338 14.079077144917086 14.079077144917086 14.079077144917086
 335616 2048 6082.058 6082.058 6082.058 226.02269429196502 226.02269429196502 226.02269429196502 14.126418393247814 14.126418393247814 14.126418393247814
 369152 2048 6700.993 6700.993 6700.993 225.6451531884901 225.6451531884901 225.6451531884901 14.102822074280631 14.102822074280631 14.102822074280631
 406048 2048 7346.869 7346.869 7346.869 226.3784216106208 226.3784216106208 226.3784216106208 14.1486513506638 14.1486513506638 14.1486513506638
 446624 2048 8095.98 8095.98 8095.98 225.96052658232855 225.96052658232855 225.96052658232855 14.122532911395535 14.122532911395535 14.122532911395535
 491264 2048 8897.066 8897.066 8897.066 226.16639507900695 226.16639507900695 226.16639507900695 14.135399692437934 14.135399692437934 14.135399692437934
 540384 1024 4914.999 4914.999 4914.999 225.16920796932004 225.16920796932004 225.16920796932004 14.073075498082503 14.073075498082503 14.073075498082503
 594400 1024 5429.983 5429.983 5429.983 224.1869265520721 224.1869265520721 224.1869265520721 14.011682909504506 14.011682909504506 14.011682909504506
 653824 1024 5805.016 5805.016 5805.016 230.6680208977891 230.6680208977891 230.6680208977891 14.416751306111818 14.416751306111818 14.416751306111818
 719200 1024 6395.817 6395.817 6395.817 230.29451905831579 230.29451905831579 230.29451905831579 14.393407441144737 14.393407441144737 14.393407441144737
 791104 1024 7346.153 7346.153 7346.153 220.54822326733463 220.54822326733463 220.54822326733463 13.784263954208415 13.784263954208415 13.784263954208415
 870208 1024 8420.944 8420.944 8420.944 211.63731572137283 211.63731572137283 211.63731572137283 13.227332232585802 13.227332232585802 13.227332232585802
 957216 1024 10084.867 10084.867 10084.867 194.3881231155552 194.3881231155552 194.3881231155552 12.1492576947222 12.1492576947222 12.1492576947222
 1052928 512 5820.036 5820.036 5820.036 185.2562891363559 185.2562891363559 185.2562891363559 11.578518071022243 11.578518071022243 11.578518071022243
 1158208 512 7161.14 7161.14 7161.14 165.6167861541598 165.6167861541598 165.6167861541598 10.351049134634987 10.351049134634987 10.351049134634987
 1274016 512 7943.153 7943.153 7943.153 164.24112490342313 164.24112490342313 164.24112490342313 10.265070306463945 10.265070306463945 10.265070306463945
 1401408 512 9353.876 9353.876 9353.876 153.41680732137138 153.41680732137138 153.41680732137138 9.588550457585711 9.588550457585711 9.588550457585711
 1541536 512 10335.922 10335.922 10335.922 152.72298533212614 152.72298533212614 152.72298533212614 9.545186583257884 9.545186583257884 9.545186583257884
 1695680 512 11330.128 11330.128 11330.128 153.25301885380287 153.25301885380287 153.25301885380287 9.57831367836268 9.57831367836268 9.57831367836268
 1865248 512 12716.055 12716.055 12716.055 150.2049143386058 150.2049143386058 150.2049143386058 9.387807146162862 9.387807146162862 9.387807146162862
 2051744 512 14094.114 14094.114 14094.114 149.06831717126738 149.06831717126738 149.06831717126738 9.316769823204211 9.316769823204211 9.316769823204211
 2256896 256 7897.139 7897.139 7897.139 146.32270648902087 146.32270648902087 146.32270648902087 9.145169155563805 9.145169155563805 9.145169155563805
 2482560 256 8408.785 8408.785 8408.785 151.15985484228696 151.15985484228696 151.15985484228696 9.447490927642935 9.447490927642935 9.447490927642935
 2730816 256 9310.961 9310.961 9310.961 150.16471361012037 150.16471361012037 150.16471361012037 9.385294600632523 9.385294600632523 9.385294600632523
 3003872 256 10215.998 10215.998 10215.998 150.5464726989962 150.5464726989962 150.5464726989962 9.409154543687263 9.409154543687263 9.409154543687263
 3304256 256 11224.031 11224.031 11224.031 150.72829645605933 150.72829645605933 150.72829645605933 9.420518528503708 9.420518528503708 9.420518528503708
 3634656 256 12413.979 12413.979 12413.979 149.90712260750564 149.90712260750564 149.90712260750564 9.369195162969103 9.369195162969103 9.369195162969103
 3998112 256 13682.842 13682.842 13682.842 149.60585995219412 149.60585995219412 149.60585995219412 9.350366247012133 9.350366247012133 9.350366247012133
 4397920 128 7544.994 7544.994 7544.994 149.22046591422074 149.22046591422074 149.22046591422074 9.326279119638796 9.326279119638796 9.326279119638796
 4837696 128 8235.931 8235.931 8235.931 150.3716065615411 150.3716065615411 150.3716065615411 9.39822541009632 9.39822541009632 9.39822541009632
 5321440 128 9068.966 9068.966 9068.966 150.21432873383802 150.21432873383802 150.21432873383802 9.388395545864876 9.388395545864876 9.388395545864876
 5853568 128 9989.977 9989.977 9989.977 150.0016874913726 150.0016874913726 150.0016874913726 9.375105468210787 9.375105468210787 9.375105468210787
 6438912 128 11188.03 11188.03 11188.03 147.33259313748712 147.33259313748712 147.33259313748712 9.208287071092945 9.208287071092945 9.208287071092945
 7082784 128 12090.921 12090.921 12090.921 149.9631586377911 149.9631586377911 149.9631586377911 9.372697414861944 9.372697414861944 9.372697414861944
 7791040 128 13354.063 13354.063 13354.063 149.35576086468964 149.35576086468964 149.35576086468964 9.334735054043103 9.334735054043103 9.334735054043103
 8570144 64 7338.047 7338.047 7338.047 149.49187869742454 149.49187869742454 149.49187869742454 9.343242418589034 9.343242418589034 9.343242418589034
 9427136 64 8126.974 8126.974 8126.974 148.47757701698072 148.47757701698072 148.47757701698072 9.279848563561295 9.279848563561295 9.279848563561295
 10369824 64 8895.874 8895.874 8895.874 149.20821405519007 149.20821405519007 149.20821405519007 9.32551337844938 9.32551337844938 9.32551337844938
 11406784 64 9825.945 9825.945 9825.945 148.59317368456672 148.59317368456672 148.59317368456672 9.28707335528542 9.28707335528542 9.28707335528542
 12547456 64 10743.856 10743.856 10743.856 149.48770422835153 149.48770422835153 149.48770422835153 9.34298151427197 9.34298151427197 9.34298151427197
 13802176 64 11965.99 11965.99 11965.99 147.6416517145677 147.6416517145677 147.6416517145677 9.227603232160481 9.227603232160481 9.227603232160481
 15182368 64 13021.946 13021.946 13021.946 149.2359977533312 149.2359977533312 149.2359977533312 9.3272498595832 9.3272498595832 9.3272498595832
 16700576 64 14391.899 14391.899 14391.899 148.53312464185584 148.53312464185584 148.53312464185584 9.28332029011599 9.28332029011599 9.28332029011599
 18370624 32 7928.133 7928.133 7928.133 148.2972013713695 148.2972013713695 148.2972013713695 9.268575085710594 9.268575085710594 9.268575085710594
 20207680 32 8763.075 8763.075 8763.075 147.5842121629679 147.5842121629679 147.5842121629679 9.224013260185494 9.224013260185494 9.224013260185494
 22228448 32 9607.077 9607.077 9607.077 148.08049024692946 148.08049024692946 148.08049024692946 9.255030640433091 9.255030640433091 9.255030640433091
 24451264 32 10500.193 10500.193 10500.193 149.0335364311875 149.0335364311875 149.0335364311875 9.31459602694922 9.31459602694922 9.31459602694922
 26896384 32 11779.07 11779.07 11779.07 146.13790188868902 146.13790188868902 146.13790188868902 9.133618868043063 9.133618868043063 9.133618868043063
 29586016 32 12912.035 12912.035 12912.035 146.64652194638566 146.64652194638566 146.64652194638566 9.165407621649104 9.165407621649104 9.165407621649104
 32544608 32 13990.879 13990.879 13990.879 148.87234118742646 148.87234118742646 148.87234118742646 9.304521324214154 9.304521324214154 9.304521324214154
 35799040 16 7837.057 7837.057 7837.057 146.1734015715338 146.1734015715338 146.1734015715338 9.135837598220862 9.135837598220862 9.135837598220862
 39378944 16 8610.964 8610.964 8610.964 146.3397371072507 146.3397371072507 146.3397371072507 9.146233569203169 9.146233569203169 9.146233569203169
 43316832 16 9492.159 9492.159 9492.159 146.02985727483073 146.02985727483073 146.02985727483073 9.12686607967692 9.12686607967692 9.12686607967692
 47648512 16 10704.994 10704.994 10704.994 142.4337448484324 142.4337448484324 142.4337448484324 8.902109053027026 8.902109053027026 8.902109053027026
 52413344 16 13141.155 13141.155 13141.155 127.6316281179242 127.6316281179242 127.6316281179242 7.976976757370262 7.976976757370262 7.976976757370262
 57654656 16 16741.037 16741.037 16741.037 110.20517976275902 110.20517976275902 110.20517976275902 6.8878237351724385 6.8878237351724385 6.8878237351724385
 63420096 16 21667.004 21667.004 21667.004 93.66514502881893 93.66514502881893 93.66514502881893 5.854071564301183 5.854071564301183 5.854071564301183
 69762080 8 13343.096 13343.096 13343.096 83.65324509394223 83.65324509394223 83.65324509394223 5.2283278183713895 5.2283278183713895 5.2283278183713895
 76738272 8 16313.076 16313.076 16313.076 75.26553250901301 75.26553250901301 75.26553250901301 4.704095781813313 4.704095781813313 4.704095781813313
 84412096 8 18790.96 18790.96 18790.96 71.8746427005326 71.8746427005326 71.8746427005326 4.492165168783288 4.492165168783288 4.492165168783288
 92853280 8 21136.045 21136.045 21136.045 70.2899941781918 70.2899941781918 70.2899941781918 4.393124636136988 4.393124636136988 4.393124636136988
 102138592 8 23605.108 23605.108 23605.108 69.23151853403932 69.23151853403932 69.23151853403932 4.326969908377458 4.326969908377458 4.326969908377458
 112352448 8 26093.006 26093.006 26093.006 68.89352526113701 68.89352526113701 68.89352526113701 4.305845328821063 4.305845328821063 4.305845328821063
 123587680 8 28809.071 28809.071 28809.071 68.63820357136821 68.63820357136821 68.63820357136821 4.289887723210513 4.289887723210513 4.289887723210513
 135946432 4 15875.101 15875.101 15875.101 68.50800231129239 68.50800231129239 68.50800231129239 4.281750144455774 4.281750144455774 4.281750144455774
 149541056 4 17426.014 17426.014 17426.014 68.65187001456559 68.65187001456559 68.65187001456559 4.290741875910349 4.290741875910349 4.290741875910349
 164495136 4 19225.836 19225.836 19225.836 68.44753528533167 68.44753528533167 68.44753528533167 4.277970955333229 4.277970955333229 4.277970955333229
 180944640 4 21114.826 21114.826 21114.826 68.55643139090988 68.55643139090988 68.55643139090988 4.284776961931867 4.284776961931867 4.284776961931867
 199039104 4 23314.953 23314.953 23314.953 68.29577704917526 68.29577704917526 68.29577704917526 4.268486065573454 4.268486065573454 4.268486065573454
 218943008 4 25510.788 25510.788 25510.788 68.65895573276686 68.65895573276686 68.65895573276686 4.2911847332979285 4.2911847332979285 4.2911847332979285
 240837280 4 28179.169 28179.169 28179.169 68.37313903756352 68.37313903756352 68.37313903756352 4.27332118984772 4.27332118984772 4.27332118984772
 264920992 4 30933.857 30933.857 30933.857 68.51288980872965 68.51288980872965 68.51288980872965 4.282055613045603 4.282055613045603 4.282055613045603
 291413088 2 17014.98 17014.98 17014.98 68.50741828670971 68.50741828670971 68.50741828670971 4.281713642919357 4.281713642919357 4.281713642919357
 320554368 2 18662.93 18662.93 18662.93 68.70397477780818 68.70397477780818 68.70397477780818 4.2939984236130115 4.2939984236130115 4.2939984236130115
 352609792 2 20606.041 20606.041 20606.041 68.44784827905563 68.44784827905563 68.44784827905563 4.277990517440977 4.277990517440977 4.277990517440977
 387870752 2 22683.144 22683.144 22683.144 68.39805839966452 68.39805839966452 68.39805839966452 4.2748786499790326 4.2748786499790326 4.2748786499790326
 426657824 2 24955.034 24955.034 24955.034 68.38825769582202 68.38825769582202 68.38825769582202 4.274266105988876 4.274266105988876 4.274266105988876
 469323584 2 27390.957 27390.957 27390.957 68.5370115399765 68.5370115399765 68.5370115399765 4.2835632212485315 4.2835632212485315 4.2835632212485315
 516255936 2 30145.884 30145.884 30145.884 68.50101804942923 68.50101804942923 68.50101804942923 4.281313628089327 4.281313628089327 4.281313628089327
 567881504 1 16481.876 16481.876 16481.876 68.90981390710621 68.90981390710621 68.90981390710621 4.306863369194138 4.306863369194138 4.306863369194138
 624669632 1 19309.998 19309.998 19309.998 64.69908821326652 64.69908821326652 64.69908821326652 4.0436930133291575 4.0436930133291575 4.0436930133291575
 687136576 1 21944.046 21944.046 21944.046 62.62624276307113 62.62624276307113 62.62624276307113 3.914140172691946 3.914140172691946 3.914140172691946
 755850208 1 22078.037 22078.037 22078.037 68.47078007886299 68.47078007886299 68.47078007886299 4.279423754928937 4.279423754928937 4.279423754928937
 831435200 1 24352.074 24352.074 24352.074 68.2845493981334 68.2845493981334 68.2845493981334 4.267784337383337 4.267784337383337 4.267784337383337
 914578720 1 26877.88 26877.88 26877.88 68.05437928884272 68.05437928884272 68.05437928884272 4.25339870555267 4.25339870555267 4.25339870555267
 1006036576 1 29617.071 29617.071 29617.071 67.93626392022358 67.93626392022358 67.93626392022358 4.246016495013974 4.246016495013974 4.246016495013974
 
META_DATA
 MPI startup(): shm:tmi fabric is unknown or has been removed from the product, please use ofi or shm:ofi instead
 FLOPS          1
 MPI_PROCS      4
 OPENMP_THREADS 1
 ERT_VERSION  1.1.0
 HOSTNAME  ('shas0420.rc.int.colorado.edu', [], ['10.225.6.135'])
 UNAME  uname_result(system='Linux', node='shas0420.rc.int.colorado.edu', release='3.10.0-957.27.2.el7.x86_64', version='#1 SMP Mon Jul 29 17:46:05 UTC 2019', machine='x86_64', processor='x86_64')
 TIMESTAMP_DATA  1664552262.0274756
 CONFIG  {'ERT_RESULTS': ['lab5_results'], 'ERT_DRIVER': ['driver1'], 'ERT_KERNEL': ['kernel1'], 'ERT_MPI': ['True'], 'ERT_MPI_CFLAGS': ['-I/usr/include/mpi'], 'ERT_MPI_LDFLAGS': ['-lmpi'], 'ERT_OPENMP': ['True'], 'ERT_OPENMP_CFLAGS': ['-qopenmp'], 'ERT_OPENMP_LDFLAGS': ['-qopenmp'], 'ERT_FLOPS': ['1,2,4,8,16'], 'ERT_ALIGN': ['32'], 'ERT_CC': ['mpicc'], 'ERT_CFLAGS': ['-O3', '-msse3', '-axSSE3', '-xSSE3', '-fno-alias', '-fno-fnalias', '-DERT_INTEL', '-std=c++11'], 'ERT_LD': ['mpicc'], 'ERT_LDFLAGS': [], 'ERT_LDLIBS': [], 'ERT_PRECISION': ['FP64'], 'ERT_RUN': ['export', 'OMP_NUM_THREADS=ERT_OPENMP_THREADS;', 'mpirun', '-np', 'ERT_MPI_PROCS', 'ERT_CODE'], 'ERT_PROCS_THREADS': ['1-24'], 'ERT_MPI_PROCS': ['1,2,4'], 'ERT_OPENMP_THREADS': ['1,2,4'], 'ERT_NUM_EXPERIMENTS': ['1'], 'ERT_MEMORY_MAX': ['1073741824'], 'ERT_WORKING_SET_MIN': ['1'], 'ERT_TRIALS_MIN': ['1'], 'ERT_GNUPLOT': ['gnuplot'], 'ERT_GPU': [False], 'ERT_HIP': [False], 'ERT_OCL': [False], 'ERT_SYCL': [False], 'ERT_WSS_MULT': [1.1]}
 