fp64
 64 16777216 96712.112 96712.112 96712.112 22.20490901904821 22.20490901904821 22.20490901904821 5.551227254762052 5.551227254762052 5.551227254762052
 128 8388608 51105.976 51105.976 51105.976 42.02020616923547 42.02020616923547 42.02020616923547 10.505051542308868 10.505051542308868 10.505051542308868
 192 4194304 25721.073 25721.073 25721.073 62.618411603590566 62.618411603590566 62.618411603590566 15.654602900897642 15.654602900897642 15.654602900897642
 256 4194304 25630.951 25630.951 25630.951 83.78478223457256 83.78478223457256 83.78478223457256 20.94619555864314 20.94619555864314 20.94619555864314
 320 2097152 12925.148 12925.148 12925.148 103.84231422340387 103.84231422340387 103.84231422340387 25.96057855585097 25.96057855585097 25.96057855585097
 384 2097152 12968.063 12968.063 12968.063 124.19840464994657 124.19840464994657 124.19840464994657 31.049601162486642 31.049601162486642 31.049601162486642
 448 2097152 12901.068 12901.068 12901.068 145.65059202850492 145.65059202850492 145.65059202850492 36.41264800712623 36.41264800712623 36.41264800712623
 512 2097152 12974.024 12974.024 12974.024 165.52178784315493 165.52178784315493 165.52178784315493 41.38044696078873 41.38044696078873 41.38044696078873
 576 1048576 7568.121 7568.121 7568.121 159.61155377933306 159.61155377933306 159.61155377933306 39.902888444833266 39.902888444833266 39.902888444833266
 640 1048576 7359.028 7359.028 7359.028 182.38513021013102 182.38513021013102 182.38513021013102 45.596282552532756 45.596282552532756 45.596282552532756
 704 1048576 8517.027 8517.027 8517.027 173.34628714925995 173.34628714925995 173.34628714925995 43.33657178731499 43.33657178731499 43.33657178731499
 768 1048576 8414.03 8414.03 8414.03 191.41989462837662 191.41989462837662 191.41989462837662 47.854973657094156 47.854973657094156 47.854973657094156
 832 1048576 9668.112 9668.112 9668.112 180.4727193892665 180.4727193892665 180.4727193892665 45.118179847316625 45.118179847316625 45.118179847316625
 896 1048576 9541.988 9541.988 9541.988 196.9241830947597 196.9241830947597 196.9241830947597 49.23104577368993 49.23104577368993 49.23104577368993
 960 1048576 10691.166 10691.166 10691.166 188.31116456334138 188.31116456334138 188.31116456334138 47.077791140835345 47.077791140835345 47.077791140835345
 1024 1048576 7286.072 7286.072 7286.072 294.73818650158825 294.73818650158825 294.73818650158825 73.68454662539706 73.68454662539706 73.68454662539706
 1088 524288 4262.924 4262.924 4262.924 267.62163435238347 267.62163435238347 267.62163435238347 66.90540858809587 66.90540858809587 66.90540858809587
 1152 524288 4233.837 4233.837 4233.837 285.3108308137511 285.3108308137511 285.3108308137511 71.32770770343778 71.32770770343778 71.32770770343778
 1216 524288 5007.982 5007.982 5007.982 254.60722822086822 254.60722822086822 254.60722822086822 63.651807055217056 63.651807055217056 63.651807055217056
 1280 524288 4727.125 4727.125 4727.125 283.9309897665071 283.9309897665071 283.9309897665071 70.98274744162677 70.98274744162677 70.98274744162677
 1408 524288 5342.007 5342.007 5342.007 276.3745925454609 276.3745925454609 276.3745925454609 69.09364813636523 69.09364813636523 69.09364813636523
 1536 524288 5916.834 5916.834 5916.834 272.20853855288146 272.20853855288146 272.20853855288146 68.05213463822037 68.05213463822037 68.05213463822037
 1664 524288 6350.994 6350.994 6350.994 274.73344550475093 274.73344550475093 274.73344550475093 68.68336137618773 68.68336137618773 68.68336137618773
 1792 524288 6853.104 6853.104 6853.104 274.18935886570523 274.18935886570523 274.18935886570523 68.54733971642631 68.54733971642631 68.54733971642631
 1920 524288 7379.055 7379.055 7379.055 272.83519637677176 272.83519637677176 272.83519637677176 68.20879909419294 68.20879909419294 68.20879909419294
 2112 262144 3589.869 3589.869 3589.869 308.45032395332527 308.45032395332527 308.45032395332527 77.11258098833132 77.11258098833132 77.11258098833132
 2304 262144 4025.221 4025.221 4025.221 300.0976969960159 300.0976969960159 300.0976969960159 75.02442424900397 75.02442424900397 75.02442424900397
 2496 262144 4650.116 4650.116 4650.116 281.41724808585417 281.41724808585417 281.41724808585417 70.35431202146354 70.35431202146354 70.35431202146354
 2688 262144 4767.179 4767.179 4767.179 295.622661536309 295.622661536309 295.622661536309 73.90566538407725 73.90566538407725 73.90566538407725
 2944 262144 5175.114 5175.114 5175.114 298.25504752165847 298.25504752165847 298.25504752165847 74.56376188041462 74.56376188041462 74.56376188041462
 3200 262144 4973.888 4973.888 4973.888 337.30586615541 337.30586615541 337.30586615541 84.3264665388525 84.3264665388525 84.3264665388525
 3520 262144 6047.964 6047.964 6047.964 305.142980348428 305.142980348428 305.142980348428 76.285745087107 76.285745087107 76.285745087107
 3840 262144 6458.998 6458.998 6458.998 311.69941839276 311.69941839276 311.69941839276 77.92485459819 77.92485459819 77.92485459819
 4224 131072 3255.844 3255.844 3255.844 340.0949971804546 340.0949971804546 340.0949971804546 85.02374929511365 85.02374929511365 85.02374929511365
 4608 131072 3740.788 3740.788 3740.788 322.91580062810294 322.91580062810294 322.91580062810294 80.72895015702574 80.72895015702574 80.72895015702574
 5056 131072 4209.995 4209.995 4209.995 314.8222418316411 314.8222418316411 314.8222418316411 78.70556045791028 78.70556045791028 78.70556045791028
 5504 131072 4502.058 4502.058 4502.058 320.48467078833727 320.48467078833727 320.48467078833727 80.12116769708432 80.12116769708432 80.12116769708432
 6016 131072 4829.884 4829.884 4829.884 326.5209483291938 326.5209483291938 326.5209483291938 81.63023708229845 81.63023708229845 81.63023708229845
 6592 131072 5235.91 5235.91 5235.91 330.03876078847804 330.03876078847804 330.03876078847804 82.50969019711951 82.50969019711951 82.50969019711951
 7232 131072 5504.847 5504.847 5504.847 344.3920254277731 344.3920254277731 344.3920254277731 86.09800635694327 86.09800635694327 86.09800635694327
 7936 131072 6795.883 6795.883 6795.883 306.1228075880647 306.1228075880647 306.1228075880647 76.53070189701617 76.53070189701617 76.53070189701617
 8704 65536 3340.006 3340.006 3340.006 341.5714486740443 341.5714486740443 341.5714486740443 85.39286216851107 85.39286216851107 85.39286216851107
 9536 65536 3648.996 3648.996 3648.996 342.53328641631833 342.53328641631833 342.53328641631833 85.63332160407958 85.63332160407958 85.63332160407958
 10432 65536 3960.848 3960.848 3960.848 345.21473785411604 345.21473785411604 345.21473785411604 86.30368446352901 86.30368446352901 86.30368446352901
 11456 65536 4280.806 4280.806 4280.806 350.76591464317704 350.76591464317704 350.76591464317704 87.69147866079426 87.69147866079426 87.69147866079426
 12544 65536 4621.029 4621.029 4621.029 355.8010927869096 355.8010927869096 355.8010927869096 88.9502731967274 88.9502731967274 88.9502731967274
 13760 65536 5113.84 5113.84 5113.84 352.6803185082052 352.6803185082052 352.6803185082052 88.1700796270513 88.1700796270513 88.1700796270513
 15104 65536 5656.004 5656.004 5656.004 350.01946391834235 350.01946391834235 350.01946391834235 87.50486597958559 87.50486597958559 87.50486597958559
 16576 32768 3134.966 3134.966 3134.966 346.5188254035291 346.5188254035291 346.5188254035291 86.62970635088227 86.62970635088227 86.62970635088227
 18176 32768 3339.052 3339.052 3339.052 356.7426730700809 356.7426730700809 356.7426730700809 89.18566826752023 89.18566826752023 89.18566826752023
 19968 32768 3652.096 3652.096 3652.096 358.32104303939434 358.32104303939434 358.32104303939434 89.58026075984858 89.58026075984858 89.58026075984858
 21952 32768 4042.149 4042.149 4042.149 355.9112422624698 355.9112422624698 355.9112422624698 88.97781056561745 88.97781056561745 88.97781056561745
 24128 32768 4432.917 4432.917 4432.917 356.7070188771862 356.7070188771862 356.7070188771862 89.17675471929655 89.17675471929655 89.17675471929655
 26496 32768 4832.029 4832.029 4832.029 359.36081012758814 359.36081012758814 359.36081012758814 89.84020253189703 89.84020253189703 89.84020253189703
 29120 32768 5341.053 5341.053 5341.053 357.3093770086161 357.3093770086161 357.3093770086161 89.32734425215402 89.32734425215402 89.32734425215402
 32000 32768 5815.983 5815.983 5815.983 360.58427268442836 360.58427268442836 360.58427268442836 90.14606817110709 90.14606817110709 90.14606817110709
 35200 16384 3208.16 3208.16 3208.16 359.5311954515985 359.5311954515985 359.5311954515985 89.88279886289962 89.88279886289962 89.88279886289962
 38720 16384 3617.048 3617.048 3617.048 350.7769208481613 350.7769208481613 350.7769208481613 87.69423021204032 87.69423021204032 87.69423021204032
 42560 16384 3973.007 3973.007 3973.007 351.0202926901463 351.0202926901463 351.0202926901463 87.75507317253657 87.75507317253657 87.75507317253657
 46784 16384 4256.964 4256.964 4256.964 360.1200555137417 360.1200555137417 360.1200555137417 90.03001387843543 90.03001387843543 90.03001387843543
 51456 16384 4642.01 4642.01 4642.01 363.2284738723096 363.2284738723096 363.2284738723096 90.8071184680774 90.8071184680774 90.8071184680774
 56576 16384 5040.169 5040.169 5040.169 367.8214694785036 367.8214694785036 367.8214694785036 91.9553673696259 91.9553673696259 91.9553673696259
 62208 16384 5586.147 5586.147 5586.147 364.90836062853344 364.90836062853344 364.90836062853344 91.22709015713336 91.22709015713336 91.22709015713336
 68416 8192 3151.894 3151.894 3151.894 355.63624411227033 355.63624411227033 355.63624411227033 88.90906102806758 88.90906102806758 88.90906102806758
 75200 8192 3373.861 3373.861 3373.861 365.1830351042915 365.1830351042915 365.1830351042915 91.29575877607287 91.29575877607287 91.29575877607287
 82688 8192 3747.94 3747.94 3747.94 361.46795092770964 361.46795092770964 361.46795092770964 90.36698773192741 90.36698773192741 90.36698773192741
 90944 8192 4092.216 4092.216 4092.216 364.11237725476855 364.11237725476855 364.11237725476855 91.02809431369214 91.02809431369214 91.02809431369214
 100032 8192 4580.021 4580.021 4580.021 357.842090243691 357.842090243691 357.842090243691 89.46052256092275 89.46052256092275 89.46052256092275
 110016 8192 4964.113 4964.113 4964.113 363.1065900393484 363.1065900393484 363.1065900393484 90.7766475098371 90.7766475098371 90.7766475098371
 120960 8192 5440.95 5440.95 5440.95 364.23945083119673 364.23945083119673 364.23945083119673 91.05986270779918 91.05986270779918 91.05986270779918
 133056 4096 3034.115 3034.115 3034.115 359.2463542087231 359.2463542087231 359.2463542087231 89.81158855218078 89.81158855218078 89.81158855218078
 146304 4096 3378.868 3378.868 3378.868 354.7112133412728 354.7112133412728 354.7112133412728 88.6778033353182 88.6778033353182 88.6778033353182
 160896 4096 3708.839 3708.839 3708.839 355.3834588128522 355.3834588128522 355.3834588128522 88.84586470321305 88.84586470321305 88.84586470321305
 176960 4096 4084.826 4084.826 4084.826 354.8881445623388 354.8881445623388 354.8881445623388 88.7220361405847 88.7220361405847 88.7220361405847
 194624 4096 4474.878 4474.878 4474.878 356.2912347554504 356.2912347554504 356.2912347554504 89.0728086888626 89.0728086888626 89.0728086888626
 214080 4096 4927.874 4927.874 4927.874 355.88234601777566 355.88234601777566 355.88234601777566 88.97058650444392 88.97058650444392 88.97058650444392
 235456 4096 5448.103 5448.103 5448.103 354.04168239844216 354.04168239844216 354.04168239844216 88.51042059961054 88.51042059961054 88.51042059961054
 258944 4096 5977.869 5977.869 5977.869 354.8537527336247 354.8537527336247 354.8537527336247 88.71343818340617 88.71343818340617 88.71343818340617
 284800 2048 3587.008 3587.008 3587.008 325.2127678555498 325.2127678555498 325.2127678555498 81.30319196388746 81.30319196388746 81.30319196388746
 313280 2048 4038.095 4038.095 4038.095 317.7723357177084 317.7723357177084 317.7723357177084 79.4430839294271 79.4430839294271 79.4430839294271
 344576 2048 4445.076 4445.076 4445.076 317.51612255898436 317.51612255898436 317.51612255898436 79.37903063974609 79.37903063974609 79.37903063974609
 379008 2048 4887.104 4887.104 4887.104 317.65576668718325 317.65576668718325 317.65576668718325 79.41394167179581 79.41394167179581 79.41394167179581
 416896 2048 5380.154 5380.154 5380.154 317.3898025967286 317.3898025967286 317.3898025967286 79.34745064918215 79.34745064918215 79.34745064918215
 458560 2048 5897.045 5897.045 5897.045 318.508975257947 318.508975257947 318.508975257947 79.62724381448675 79.62724381448675 79.62724381448675
 504384 2048 6492.138 6492.138 6492.138 318.2244222165333 318.2244222165333 318.2244222165333 79.55610555413332 79.55610555413332 79.55610555413332
 554816 1024 3557.205 3557.205 3557.205 319.42583235995676 319.42583235995676 319.42583235995676 79.85645808998919 79.85645808998919 79.85645808998919
 610240 1024 3925.085 3925.085 3925.085 318.4062306930932 318.4062306930932 318.4062306930932 79.6015576732733 79.6015576732733 79.6015576732733
 671232 1024 4316.807 4316.807 4316.807 318.44906107685614 318.44906107685614 318.44906107685614 79.61226526921403 79.61226526921403 79.61226526921403
 738304 1024 4746.199 4746.199 4746.199 318.58052980922207 318.58052980922207 318.58052980922207 79.64513245230552 79.64513245230552 79.64513245230552
 812096 1024 5212.069 5212.069 5212.069 319.10026670790427 319.10026670790427 319.10026670790427 79.77506667697607 79.77506667697607 79.77506667697607
 893248 1024 5744.934 5744.934 5744.934 318.4321880808378 318.4321880808378 318.4321880808378 79.60804702020945 79.60804702020945 79.60804702020945
 982528 1024 6312.132 6312.132 6312.132 318.78568825873737 318.78568825873737 318.78568825873737 79.69642206468434 79.69642206468434 79.69642206468434
 1080768 512 3494.978 3494.978 3494.978 316.65619411624334 316.65619411624334 316.65619411624334 79.16404852906084 79.16404852906084 79.16404852906084
 1188800 512 3731.966 3731.966 3731.966 326.19032434915005 326.19032434915005 326.19032434915005 81.54758108728751 81.54758108728751 81.54758108728751
 1307648 512 4171.848 4171.848 4171.848 320.9684418032488 320.9684418032488 320.9684418032488 80.2421104508122 80.2421104508122 80.2421104508122
 1438400 512 4793.882 4793.882 4793.882 307.25028275622975 307.25028275622975 307.25028275622975 76.81257068905744 76.81257068905744 76.81257068905744
 1582208 512 5304.098 5304.098 5304.098 305.4583440954522 305.4583440954522 305.4583440954522 76.36458602386305 76.36458602386305 76.36458602386305
 1740416 512 6109.953 6109.953 6109.953 291.6857108393469 291.6857108393469 291.6857108393469 72.92142770983672 72.92142770983672 72.92142770983672
 1914432 512 6712.198 6712.198 6712.198 292.06205895594854 292.06205895594854 292.06205895594854 73.01551473898714 73.01551473898714 73.01551473898714
 2105856 256 3782.988 3782.988 3782.988 285.0123426244017 285.0123426244017 285.0123426244017 71.25308565610042 71.25308565610042 71.25308565610042
 2316416 256 4689.217 4689.217 4689.217 252.92175474071684 252.92175474071684 252.92175474071684 63.23043868517921 63.23043868517921 63.23043868517921
 2548032 256 5194.187 5194.187 5194.187 251.1639230547533 251.1639230547533 251.1639230547533 62.790980763688324 62.790980763688324 62.790980763688324
 2802816 256 5880.833 5880.833 5880.833 244.02015700836944 244.02015700836944 244.02015700836944 61.00503925209236 61.00503925209236 61.00503925209236
 3083072 256 6459.951 6459.951 6459.951 244.35678598800516 244.35678598800516 244.35678598800516 61.08919649700129 61.08919649700129 61.08919649700129
 3391360 256 7112.026 7112.026 7112.026 244.14650902569818 244.14650902569818 244.14650902569818 61.036627256424545 61.036627256424545 61.036627256424545
 3730496 256 7831.097 7831.097 7831.097 243.90119953820005 243.90119953820005 243.90119953820005 60.97529988455001 60.97529988455001 60.97529988455001
 4103488 256 8605.003 8605.003 8605.003 244.15864305915989 244.15864305915989 244.15864305915989 61.03966076478997 61.03966076478997 61.03966076478997
 4513792 128 4754.782 4754.782 4754.782 243.02496980934143 243.02496980934143 243.02496980934143 60.75624245233536 60.75624245233536 60.75624245233536
 4965120 128 5225.897 5225.897 5225.897 243.22536781723787 243.22536781723787 243.22536781723787 60.80634195430947 60.80634195430947 60.80634195430947
 5461632 128 5738.02 5738.02 5738.02 243.6690342661754 243.6690342661754 243.6690342661754 60.91725856654385 60.91725856654385 60.91725856654385
 6007744 128 6301.165 6301.165 6301.165 244.07906537917987 244.07906537917987 244.07906537917987 61.01976634479497 61.01976634479497 61.01976634479497
 6608512 128 6940.126 6940.126 6940.126 243.76777482137933 243.76777482137933 243.76777482137933 60.94194370534483 60.94194370534483 60.94194370534483
 7269312 128 7632.017 7632.017 7632.017 243.8338216489822 243.8338216489822 243.8338216489822 60.95845541224555 60.95845541224555 60.95845541224555
 7996224 128 8390.903 8390.903 8390.903 243.95864712057806 243.95864712057806 243.95864712057806 60.989661780144516 60.989661780144516 60.989661780144516
 8795840 64 4626.036 4626.036 4626.036 243.37629884419403 243.37629884419403 243.37629884419403 60.844074711048506 60.844074711048506 60.844074711048506
 9675392 64 5075.932 5075.932 5075.932 243.98478466614603 243.98478466614603 243.98478466614603 60.99619616653651 60.99619616653651 60.99619616653651
 10642880 64 5598.068 5598.068 5598.068 243.34978424699378 243.34978424699378 243.34978424699378 60.837446061748444 60.837446061748444 60.837446061748444
 11707136 64 6144.047 6144.047 6144.047 243.89680091965442 243.89680091965442 243.89680091965442 60.974200229913606 60.974200229913606 60.974200229913606
 12877824 64 6844.997 6844.997 6844.997 240.8125923210777 240.8125923210777 240.8125923210777 60.20314808026942 60.20314808026942 60.20314808026942
 14165568 64 7437.944 7437.944 7437.944 243.77606284747506 243.77606284747506 243.77606284747506 60.944015711868765 60.944015711868765 60.944015711868765
 15582080 64 8207.083 8207.083 8207.083 243.0225501557618 243.0225501557618 243.0225501557618 60.75563753894045 60.75563753894045 60.75563753894045
 17140288 32 4509.926 4509.926 4509.926 243.2364593121927 243.2364593121927 243.2364593121927 60.80911482804817 60.80911482804817 60.80911482804817
 18854272 32 4945.993 4945.993 4945.993 243.96989805687147 243.96989805687147 243.96989805687147 60.99247451421787 60.99247451421787 60.99247451421787
 20739648 32 5462.17 5462.17 5462.17 243.00552198119064 243.00552198119064 243.00552198119064 60.75138049529766 60.75138049529766 60.75138049529766
 22813568 32 6003.141 6003.141 6003.141 243.2174010238973 243.2174010238973 243.2174010238973 60.80435025597433 60.80435025597433 60.80435025597433
 25094912 32 6649.971 6649.971 6649.971 241.5159957840418 241.5159957840418 241.5159957840418 60.37899894601045 60.37899894601045 60.37899894601045
 27604352 32 7289.886 7289.886 7289.886 242.34652338870592 242.34652338870592 242.34652338870592 60.58663084717648 60.58663084717648 60.58663084717648
 30364736 32 7997.036 7997.036 7997.036 243.00792243526223 243.00792243526223 243.00792243526223 60.75198060881556 60.75198060881556 60.75198060881556
 33401152 32 8821.011 8821.011 8821.011 242.33885753004958 242.33885753004958 242.33885753004958 60.584714382512395 60.584714382512395 60.584714382512395
 36741248 16 4889.965 4889.965 4889.965 240.43524565104246 240.43524565104246 240.43524565104246 60.108811412760616 60.108811412760616 60.108811412760616
 40415360 16 5319.118 5319.118 5319.118 243.1402198635187 243.1402198635187 243.1402198635187 60.785054965879674 60.785054965879674 60.785054965879674
 44456896 16 5900.145 5900.145 5900.145 241.11622205894938 241.11622205894938 241.11622205894938 60.279055514737344 60.279055514737344 60.279055514737344
 48902528 16 6650.925 6650.925 6650.925 235.28770749933278 235.28770749933278 235.28770749933278 58.821926874833196 58.821926874833196 58.821926874833196
 53792768 16 7930.04 7930.04 7930.04 217.0693434081039 217.0693434081039 217.0693434081039 54.26733585202597 54.26733585202597 54.26733585202597
 59172032 16 9557.009 9557.009 9557.009 198.12736641767313 198.12736641767313 198.12736641767313 49.53184160441828 49.53184160441828 49.53184160441828
 65089216 16 12449.026 12449.026 12449.026 167.31067249759138 167.31067249759138 167.31067249759138 41.827668124397846 41.827668124397846 41.827668124397846
 71598080 8 8651.972 8651.972 8651.972 132.40556950484816 132.40556950484816 132.40556950484816 33.10139237621204 33.10139237621204 33.10139237621204
 78757888 8 11525.154 11525.154 11525.154 109.33703862004793 109.33703862004793 109.33703862004793 27.334259655011984 27.334259655011984 27.334259655011984
 86633664 8 13393.879 13393.879 13393.879 103.49045440831591 103.49045440831591 103.49045440831591 25.872613602078978 25.872613602078978 25.872613602078978
 95297024 8 15414.953 15414.953 15414.953 98.91385228355868 98.91385228355868 98.91385228355868 24.72846307088967 24.72846307088967 24.72846307088967
 104826688 8 17213.106 17213.106 17213.106 97.43895192419079 97.43895192419079 97.43895192419079 24.359737981047697 24.359737981047697 24.359737981047697
 115309312 8 19026.995 19026.995 19026.995 96.96481194219056 96.96481194219056 96.96481194219056 24.24120298554764 24.24120298554764 24.24120298554764
 126840192 8 21108.866 21108.866 21108.866 96.14173835771186 96.14173835771186 96.14173835771186 24.035434589427965 24.035434589427965 24.035434589427965
 139524160 4 11714.935 11714.935 11714.935 95.27951115392447 95.27951115392447 95.27951115392447 23.81987778848112 23.81987778848112 23.81987778848112
 153476544 4 12913.942 12913.942 12913.942 95.07649577487649 95.07649577487649 95.07649577487649 23.769123943719123 23.769123943719123 23.769123943719123
 168824192 4 14310.837 14310.837 14310.837 94.37557956952483 94.37557956952483 94.37557956952483 23.593894892381208 23.593894892381208 23.593894892381208
 185706560 4 15653.849 15653.849 15653.849 94.90652937817401 94.90652937817401 94.90652937817401 23.726632344543503 23.726632344543503 23.726632344543503
 204277184 4 17232.895 17232.895 17232.895 94.83127890003391 94.83127890003391 94.83127890003391 23.707819725008477 23.707819725008477 23.707819725008477
 224704896 4 18875.122 18875.122 18875.122 95.23854563695005 95.23854563695005 95.23854563695005 23.809636409237513 23.809636409237513 23.809636409237513
 247175360 4 20789.862 20789.862 20789.862 95.11380498821973 95.11380498821973 95.11380498821973 23.77845124705493 23.77845124705493 23.77845124705493
 271892864 2 11451.96 11451.96 11451.96 94.96815008085953 94.96815008085953 94.96815008085953 23.742037520214883 23.742037520214883 23.742037520214883
 299082112 2 12541.056 12541.056 12541.056 95.39295957214449 95.39295957214449 95.39295957214449 23.848239893036123 23.848239893036123 23.848239893036123
 328990272 2 13792.038 13792.038 13792.038 95.41454917685115 95.41454917685115 95.41454917685115 23.85363729421279 23.85363729421279 23.85363729421279
 361889280 2 15244.961 15244.961 15244.961 94.95315337310473 94.95315337310473 94.95315337310473 23.73828834327618 23.73828834327618 23.73828834327618
 398078208 2 16562.939 16562.939 16562.939 96.13709450961572 96.13709450961572 96.13709450961572 24.03427362740393 24.03427362740393 24.03427362740393
 437886016 2 18081.903 18081.903 18081.903 96.86724146236156 96.86724146236156 96.86724146236156 24.21681036559039 24.21681036559039 24.21681036559039
 481674560 2 20009.041 20009.041 20009.041 96.2913834800978 96.2913834800978 96.2913834800978 24.07284587002445 24.07284587002445 24.07284587002445
 529841984 2 21967.888 21967.888 21967.888 96.47572565919857 96.47572565919857 96.47572565919857 24.118931414799643 24.118931414799643 24.118931414799643
 582826176 1 12096.882 12096.882 12096.882 96.35973567403568 96.35973567403568 96.35973567403568 24.08993391850892 24.08993391850892 24.08993391850892
 641108736 1 13234.854 13234.854 13234.854 96.88187508528617 96.88187508528617 96.88187508528617 24.220468771321542 24.220468771321542 24.220468771321542
 705219584 1 14686.108 14686.108 14686.108 96.0390028454101 96.0390028454101 96.0390028454101 24.009750711352524 24.009750711352524 24.009750711352524
 775741504 1 16113.043 16113.043 16113.043 96.28739946886506 96.28739946886506 96.28739946886506 24.071849867216265 24.071849867216265 24.071849867216265
 853315648 1 17708.063 17708.063 17708.063 96.37594444971198 96.37594444971198 96.37594444971198 24.093986112427995 24.093986112427995 24.093986112427995
 938647168 1 19396.067 19396.067 19396.067 96.78737117169167 96.78737117169167 96.78737117169167 24.19684279292292 24.19684279292292 24.19684279292292
 1032511872 1 21368.027 21368.027 21368.027 96.64082434938894 96.64082434938894 96.64082434938894 24.160206087347234 24.160206087347234 24.160206087347234
 
META_DATA
 MPI startup(): shm:tmi fabric is unknown or has been removed from the product, please use ofi or shm:ofi instead
 FLOPS          4
 MPI_PROCS      8
 OPENMP_THREADS 1
 ERT_VERSION  1.1.0
 HOSTNAME  ('shas0420.rc.int.colorado.edu', [], ['10.225.6.135'])
 UNAME  uname_result(system='Linux', node='shas0420.rc.int.colorado.edu', release='3.10.0-957.27.2.el7.x86_64', version='#1 SMP Mon Jul 29 17:46:05 UTC 2019', machine='x86_64', processor='x86_64')
 TIMESTAMP_DATA  1664555183.1468554
 CONFIG  {'ERT_RESULTS': ['lab5_results'], 'ERT_DRIVER': ['driver1'], 'ERT_KERNEL': ['kernel1'], 'ERT_MPI': ['True'], 'ERT_MPI_CFLAGS': ['-I/usr/include/mpi'], 'ERT_MPI_LDFLAGS': ['-lmpi'], 'ERT_OPENMP': ['True'], 'ERT_OPENMP_CFLAGS': ['-qopenmp'], 'ERT_OPENMP_LDFLAGS': ['-qopenmp'], 'ERT_FLOPS': ['1,2,4,8,16'], 'ERT_ALIGN': ['32'], 'ERT_CC': ['mpicc'], 'ERT_CFLAGS': ['-O3', '-msse3', '-axSSE3', '-xSSE3', '-fno-alias', '-fno-fnalias', '-DERT_INTEL', '-std=c++11'], 'ERT_LD': ['mpicc'], 'ERT_LDFLAGS': [], 'ERT_LDLIBS': [], 'ERT_PRECISION': ['FP64'], 'ERT_RUN': ['export', 'OMP_NUM_THREADS=ERT_OPENMP_THREADS;', 'mpirun', '-np', 'ERT_MPI_PROCS', 'ERT_CODE'], 'ERT_PROCS_THREADS': ['1-24'], 'ERT_MPI_PROCS': ['1,2,4,8,12,24'], 'ERT_OPENMP_THREADS': ['1,2,4,8,12,24'], 'ERT_NUM_EXPERIMENTS': ['1'], 'ERT_MEMORY_MAX': ['1073741824'], 'ERT_WORKING_SET_MIN': ['1'], 'ERT_TRIALS_MIN': ['1'], 'ERT_GNUPLOT': ['gnuplot'], 'ERT_GPU': [False], 'ERT_HIP': [False], 'ERT_OCL': [False], 'ERT_SYCL': [False], 'ERT_WSS_MULT': [1.1]}
 