fp64
 192 4194304 220004.082 220004.082 220004.082 7.320831147123898 7.320831147123898 7.320831147123898 7.320831147123898 7.320831147123898 7.320831147123898
 384 2097152 147007.942 147007.942 147007.942 10.955957304674056 10.955957304674056 10.955957304674056 10.955957304674056 10.955957304674056 10.955957304674056
 576 1048576 76997.995 76997.995 76997.995 15.688194893906003 15.688194893906003 15.688194893906003 15.688194893906003 15.688194893906003 15.688194893906003
 768 1048576 87003.946 87003.946 87003.946 18.51195043498372 18.51195043498372 18.51195043498372 18.51195043498372 18.51195043498372 18.51195043498372
 960 1048576 92764.139 92764.139 92764.139 21.703062645792464 21.703062645792464 21.703062645792464 21.703062645792464 21.703062645792464 21.703062645792464
 1152 524288 70986.986 70986.986 70986.986 17.016633893992907 17.016633893992907 17.016633893992907 17.016633893992907 17.016633893992907 17.016633893992907
 1344 524288 72000.027 72000.027 72000.027 19.573411326637416 19.573411326637416 19.573411326637416 19.573411326637416 19.573411326637416 19.573411326637416
 1536 524288 54995.06 54995.06 54995.06 29.2864983873097 29.2864983873097 29.2864983873097 29.2864983873097 29.2864983873097 29.2864983873097
 1728 524288 71997.166 71997.166 71997.166 25.16681459378554 25.16681459378554 25.16681459378554 25.16681459378554 25.16681459378554 25.16681459378554
 1920 524288 59008.121 59008.121 59008.121 34.118454983509814 34.118454983509814 34.118454983509814 34.118454983509814 34.118454983509814 34.118454983509814
 2112 262144 54999.113 54999.113 54999.113 20.13298389012201 20.13298389012201 20.13298389012201 20.13298389012201 20.13298389012201 20.13298389012201
 2304 262144 47004.938 47004.938 47004.938 25.69856707395295 25.69856707395295 25.69856707395295 25.69856707395295 25.69856707395295 25.69856707395295
 2496 262144 67018.986 67018.986 67018.986 19.526151111865524 19.526151111865524 19.526151111865524 19.526151111865524 19.526151111865524 19.526151111865524
 2688 262144 48000.813 48000.813 48000.813 29.359630721254657 29.359630721254657 29.359630721254657 29.359630721254657 29.359630721254657 29.359630721254657
 2880 262144 52006.96 52006.96 52006.96 29.03360319464933 29.03360319464933 29.03360319464933 29.03360319464933 29.03360319464933 29.03360319464933
 3072 262144 37503.004 37503.004 37503.004 42.94623268045408 42.94623268045408 42.94623268045408 42.94623268045408 42.94623268045408 42.94623268045408
 3264 262144 50995.827 50995.827 50995.827 33.55717776672197 33.55717776672197 33.55717776672197 33.55717776672197 33.55717776672197 33.55717776672197
 3456 262144 51997.9 51997.9 51997.9 34.84639433515584 34.84639433515584 34.84639433515584 34.84639433515584 34.84639433515584 34.84639433515584
 3648 262144 61987.162 61987.162 61987.162 30.85481835738826 30.85481835738826 30.85481835738826 30.85481835738826 30.85481835738826 30.85481835738826
 3840 262144 44996.977 44996.977 44996.977 44.742248351483696 44.742248351483696 44.742248351483696 44.742248351483696 44.742248351483696 44.742248351483696
 4224 131072 48997.879 48997.879 48997.879 22.59886098334991 22.59886098334991 22.59886098334991 22.59886098334991 22.59886098334991 22.59886098334991
 4608 131072 39001.942 39001.942 39001.942 30.971779610358883 30.971779610358883 30.971779610358883 30.971779610358883 30.971779610358883 30.971779610358883
 4992 131072 49002.886 49002.886 49002.886 26.705015863759535 26.705015863759535 26.705015863759535 26.705015863759535 26.705015863759535 26.705015863759535
 5376 131072 62016.01 62016.01 62016.01 22.72455361123684 22.72455361123684 22.72455361123684 22.72455361123684 22.72455361123684 22.72455361123684
 5760 131072 57754.993 57754.993 57754.993 26.14405026419101 26.14405026419101 26.14405026419101 26.14405026419101 26.14405026419101 26.14405026419101
 6336 131072 52000.999 52000.999 52000.999 31.940624525309598 31.940624525309598 31.940624525309598 31.940624525309598 31.940624525309598 31.940624525309598
 6912 131072 50004.959 50004.959 50004.959 36.2351927535827 36.2351927535827 36.2351927535827 36.2351927535827 36.2351927535827 36.2351927535827
 7488 131072 70993.9 70993.9 70993.9 27.649337083890305 27.649337083890305 27.649337083890305 27.649337083890305 27.649337083890305 27.649337083890305
 8064 131072 55002.928 55002.928 55002.928 38.43303061975173 38.43303061975173 38.43303061975173 38.43303061975173 38.43303061975173 38.43303061975173
 8832 65536 44991.97 44991.97 44991.97 25.72965584747678 25.72965584747678 25.72965584747678 25.72965584747678 25.72965584747678 25.72965584747678
 9600 65536 44999.838 44999.838 44999.838 27.962127330325053 27.962127330325053 27.962127330325053 27.962127330325053 27.962127330325053 27.962127330325053
 10560 65536 47994.852 47994.852 47994.852 28.838932975561633 28.838932975561633 28.838932975561633 28.838932975561633 28.838932975561633 28.838932975561633
 11520 65536 52003.86 52003.86 52003.86 29.035333915597803 29.035333915597803 29.035333915597803 29.035333915597803 29.035333915597803 29.035333915597803
 12672 65536 58005.81 58005.81 58005.81 28.634103790637525 28.634103790637525 28.634103790637525 28.634103790637525 28.634103790637525 28.634103790637525
 13824 65536 42999.983 42999.983 42999.983 42.138140566241624 42.138140566241624 42.138140566241624 42.138140566241624 42.138140566241624 42.138140566241624
 15168 65536 51995.039 51995.039 51995.039 38.23634204794038 38.23634204794038 38.23634204794038 38.23634204794038 38.23634204794038 38.23634204794038
 16512 32768 48402.071 48402.071 48402.071 22.35711013274618 22.35711013274618 22.35711013274618 22.35711013274618 22.35711013274618 22.35711013274618
 18048 32768 64002.037 64002.037 64002.037 18.480563798305358 18.480563798305358 18.480563798305358 18.480563798305358 18.480563798305358 18.480563798305358
 19776 32768 30531.168 30531.168 30531.168 42.44973320378703 42.44973320378703 42.44973320378703 42.44973320378703 42.44973320378703 42.44973320378703
 21696 32768 55994.034 55994.034 55994.034 25.393224142414887 25.393224142414887 25.393224142414887 25.393224142414887 25.393224142414887 25.393224142414887
 23808 32768 55000.067 55000.067 55000.067 28.368712496295686 28.368712496295686 28.368712496295686 28.368712496295686 28.368712496295686 28.368712496295686
 26112 32768 44996.023 44996.023 44996.023 38.03171742533779 38.03171742533779 38.03171742533779 38.03171742533779 38.03171742533779 38.03171742533779
 28608 32768 66998.005 66998.005 66998.005 27.983727097545668 27.983727097545668 27.983727097545668 27.983727097545668 27.983727097545668 27.983727097545668
 31296 32768 51012.039 51012.039 51012.039 40.20648255208933 40.20648255208933 40.20648255208933 40.20648255208933 40.20648255208933 40.20648255208933
 34368 16384 36998.987 36998.987 36998.987 30.437877231611772 30.437877231611772 30.437877231611772 30.437877231611772 30.437877231611772 30.437877231611772
 37632 16384 43519.02 43519.02 43519.02 28.335320418520457 28.335320418520457 28.335320418520457 28.335320418520457 28.335320418520457 28.335320418520457
 41280 16384 46995.163 46995.163 46995.163 28.7830268830007 28.7830268830007 28.7830268830007 28.7830268830007 28.7830268830007 28.7830268830007
 45312 16384 45365.095 45365.095 45365.095 32.72964855468726 32.72964855468726 32.72964855468726 32.72964855468726 32.72964855468726 32.72964855468726
 49728 16384 56994.915 56994.915 56994.915 28.59004358546723 28.59004358546723 28.59004358546723 28.59004358546723 28.59004358546723 28.59004358546723
 54528 16384 73990.107 73990.107 73990.107 24.148816327566603 24.148816327566603 24.148816327566603 24.148816327566603 24.148816327566603 24.148816327566603
 59904 16384 47986.984 47986.984 47986.984 40.90555622332923 40.90555622332923 40.90555622332923 40.90555622332923 40.90555622332923 40.90555622332923
 65856 8192 32009.84 32009.84 32009.84 33.707906818653264 33.707906818653264 33.707906818653264 33.707906818653264 33.707906818653264 33.707906818653264
 72384 8192 57007.074 57007.074 57007.074 20.803373560270785 20.803373560270785 20.803373560270785 20.803373560270785 20.803373560270785 20.803373560270785
 79488 8192 56998.014 56998.014 56998.014 22.848715255236787 22.848715255236787 22.848715255236787 22.848715255236787 22.848715255236787 22.848715255236787
 87360 8192 54995.06 54995.06 54995.06 26.026087434034984 26.026087434034984 26.026087434034984 26.026087434034984 26.026087434034984 26.026087434034984
 96000 8192 45001.984 45001.984 45001.984 34.95099238291361 34.95099238291361 34.95099238291361 34.95099238291361 34.95099238291361 34.95099238291361
 105600 8192 58999.777 58999.777 58999.777 29.32469388824978 29.32469388824978 29.32469388824978 29.32469388824978 29.32469388824978 29.32469388824978
 116160 8192 48284.054 48284.054 48284.054 39.416024180571085 39.416024180571085 39.416024180571085 39.416024180571085 39.416024180571085 39.416024180571085
 127680 8192 60994.148 60994.148 60994.148 34.296882382880405 34.296882382880405 34.296882382880405 34.296882382880405 34.296882382880405 34.296882382880405
 140352 4096 44996.977 44996.977 44996.977 25.552018394480143 25.552018394480143 25.552018394480143 25.552018394480143 25.552018394480143 25.552018394480143
 154368 4096 52997.112 52997.112 52997.112 23.861350331693547 23.861350331693547 23.861350331693547 23.861350331693547 23.861350331693547 23.861350331693547
 169728 4096 52004.814 52004.814 52004.814 26.736212843680207 26.736212843680207 26.736212843680207 26.736212843680207 26.736212843680207 26.736212843680207
 186624 4096 51991.94 51991.94 51991.94 29.4050156235755 29.4050156235755 29.4050156235755 29.4050156235755 29.4050156235755 29.4050156235755
 205248 4096 54005.146 54005.146 54005.146 31.133914831005175 31.133914831005175 31.133914831005175 31.133914831005175 31.133914831005175 31.133914831005175
 225600 4096 62002.897 62002.897 62002.897 29.806916925188194 29.806916925188194 29.806916925188194 29.806916925188194 29.806916925188194 29.806916925188194
 248064 4096 46335.936 46335.936 46335.936 43.856679360054365 43.856679360054365 43.856679360054365 43.856679360054365 43.856679360054365 43.856679360054365
 272832 2048 50997.972 50997.972 50997.972 21.91302571796384 21.91302571796384 21.91302571796384 21.91302571796384 21.91302571796384 21.91302571796384
 300096 2048 45011.044 45011.044 45011.044 27.3087026375127 27.3087026375127 27.3087026375127 27.3087026375127 27.3087026375127 27.3087026375127
 330048 2048 53004.98 53004.98 53004.98 25.504709331085493 25.504709331085493 25.504709331085493 25.504709331085493 25.504709331085493 25.504709331085493
 362880 2048 68008.9 68008.9 68008.9 21.855323053306257 21.855323053306257 21.855323053306257 21.855323053306257 21.855323053306257 21.855323053306257
 399168 2048 51819.801 51819.801 51819.801 31.55149376200808 31.55149376200808 31.55149376200808 31.55149376200808 31.55149376200808 31.55149376200808
 438912 2048 47839.88 47839.88 47839.88 37.57918188757999 37.57918188757999 37.57918188757999 37.57918188757999 37.57918188757999 37.57918188757999
 482688 2048 53998.947 53998.947 53998.947 36.61349262977295 36.61349262977295 36.61349262977295 36.61349262977295 36.61349262977295 36.61349262977295
 530880 1024 51002.979 51002.979 51002.979 21.317230117087867 21.317230117087867 21.317230117087867 21.317230117087867 21.317230117087867 21.317230117087867
 583872 1024 47996.998 47996.998 47996.998 24.913430127442556 24.913430127442556 24.913430127442556 24.913430127442556 24.913430127442556 24.913430127442556
 642240 1024 44998.884 44998.884 44998.884 29.229780898566286 29.229780898566286 29.229780898566286 29.229780898566286 29.229780898566286 29.229780898566286
 706368 1024 50996.065 50996.065 50996.065 28.367711587158734 28.367711587158734 28.367711587158734 28.367711587158734 28.367711587158734 28.367711587158734
 776832 1024 69997.072 69997.072 69997.072 22.72883551471982 22.72883551471982 22.72883551471982 22.72883551471982 22.72883551471982 22.72883551471982
 854400 1024 43218.136 43218.136 43218.136 40.487891472228235 40.487891472228235 40.487891472228235 40.487891472228235 40.487891472228235 40.487891472228235
 939840 1024 45859.098 45859.098 45859.098 41.97187480660871 41.97187480660871 41.97187480660871 41.97187480660871 41.97187480660871 41.97187480660871
 1033728 1024 48998.117 48998.117 48998.117 43.20727149575973 43.20727149575973 43.20727149575973 43.20727149575973 43.20727149575973 43.20727149575973
 1137024 512 53998.947 53998.947 53998.947 21.56176445440686 21.56176445440686 21.56176445440686 21.56176445440686 21.56176445440686 21.56176445440686
 1250688 512 51997.9 51997.9 51997.9 24.629927593229727 24.629927593229727 24.629927593229727 24.629927593229727 24.629927593229727 24.629927593229727
 1375680 512 52000.999 52000.999 52000.999 27.08979340954584 27.08979340954584 27.08979340954584 27.08979340954584 27.08979340954584 27.08979340954584
 1513152 512 49993.992 49993.992 49993.992 30.99307708814291 30.99307708814291 30.99307708814291 30.99307708814291 30.99307708814291 30.99307708814291
 1664448 512 52002.192 52002.192 52002.192 32.77544054296788 32.77544054296788 32.77544054296788 32.77544054296788 32.77544054296788 32.77544054296788
 1830720 512 56994.915 56994.915 56994.915 32.891658492691846 32.891658492691846 32.891658492691846 32.891658492691846 32.891658492691846 32.891658492691846
 2013696 512 63992.023 63992.023 63992.023 32.223152313843876 32.223152313843876 32.223152313843876 32.223152313843876 32.223152313843876 32.223152313843876
 2214912 256 52998.066 52998.066 52998.066 21.39766654881331 21.39766654881331 21.39766654881331 21.39766654881331 21.39766654881331 21.39766654881331
 2436288 256 51003.933 51003.933 51003.933 24.45653467547297 24.45653467547297 24.45653467547297 24.45653467547297 24.45653467547297 24.45653467547297
 2679744 256 51997.185 51997.185 51997.185 26.38660012075654 26.38660012075654 26.38660012075654 26.38660012075654 26.38660012075654 26.38660012075654
 2947584 256 51990.986 51990.986 51990.986 29.027397326144193 29.027397326144193 29.027397326144193 29.027397326144193 29.027397326144193 29.027397326144193
 3242304 256 52999.02 52999.02 52999.02 31.32245932094594 31.32245932094594 31.32245932094594 31.32245932094594 31.32245932094594 31.32245932094594
 3566400 256 52026.987 52026.987 52026.987 35.097108352632446 35.097108352632446 35.097108352632446 35.097108352632446 35.097108352632446 35.097108352632446
 3922944 256 63385.01 63385.01 63385.01 31.688049398430323 31.688049398430323 31.688049398430323 31.688049398430323 31.688049398430323 31.688049398430323
 4315200 128 44365.883 44365.883 44365.883 24.89956528082626 24.89956528082626 24.89956528082626 24.89956528082626 24.89956528082626 24.89956528082626
 4746624 128 46991.825 46991.825 46991.825 25.85844971971189 25.85844971971189 25.85844971971189 25.85844971971189 25.85844971971189 25.85844971971189
 5221248 128 48991.919 48991.919 48991.919 27.282856342083683 27.282856342083683 27.282856342083683 27.282856342083683 27.282856342083683 27.282856342083683
 5743296 128 43004.99 43004.99 43004.99 34.188678476613994 34.188678476613994 34.188678476613994 34.188678476613994 34.188678476613994 34.188678476613994
 6317568 128 66003.084 66003.084 66003.084 24.503361206576347 24.503361206576347 24.503361206576347 24.503361206576347 24.503361206576347 24.503361206576347
 6949248 128 43596.983 43596.983 43596.983 40.80574768212745 40.80574768212745 40.80574768212745 40.80574768212745 40.80574768212745 40.80574768212745
 7644096 128 46001.911 46001.911 46001.911 42.53928876998175 42.53928876998175 42.53928876998175 42.53928876998175 42.53928876998175 42.53928876998175
 8408448 64 57003.975 57003.975 57003.975 18.88081215388927 18.88081215388927 18.88081215388927 18.88081215388927 18.88081215388927 18.88081215388927
 9249216 64 51999.092 51999.092 51999.092 22.76769848211965 22.76769848211965 22.76769848211965 22.76769848211965 22.76769848211965 22.76769848211965
 10174080 64 54992.199 54992.199 54992.199 23.681217766905448 23.681217766905448 23.681217766905448 23.681217766905448 23.681217766905448 23.681217766905448
 11191488 64 51002.979 51002.979 51002.979 28.086799871042828 28.086799871042828 28.086799871042828 28.086799871042828 28.086799871042828 28.086799871042828
 12310464 64 62003.136 62003.136 62003.136 25.41386603413092 25.41386603413092 25.41386603413092 25.41386603413092 25.41386603413092 25.41386603413092
 13541376 64 51061.869 51061.869 51061.869 33.945019286309325 33.945019286309325 33.945019286309325 33.945019286309325 33.945019286309325 33.945019286309325
 14895360 64 46000.957 46000.957 46000.957 41.447095981068394 41.447095981068394 41.447095981068394 41.447095981068394 41.447095981068394 41.447095981068394
 16384896 64 50997.019 50997.019 50997.019 41.125280048231836 41.125280048231836 41.125280048231836 41.125280048231836 41.125280048231836 41.125280048231836
 18023232 32 72196.007 72196.007 72196.007 15.977155744915368 15.977155744915368 15.977155744915368 15.977155744915368 15.977155744915368 15.977155744915368
 19825536 32 70005.894 70005.894 70005.894 18.12467824494892 18.12467824494892 18.12467824494892 18.12467824494892 18.12467824494892 18.12467824494892
 21807936 32 47991.991 47991.991 47991.991 29.082100469638775 29.082100469638775 29.082100469638775 29.082100469638775 29.082100469638775 29.082100469638775
 23988672 32 51189.899 51189.899 51189.899 29.991756928451842 29.991756928451842 29.991756928451842 29.991756928451842 29.991756928451842 29.991756928451842
 26387520 32 45125.008 45125.008 45125.008 37.42495247867878 37.42495247867878 37.42495247867878 37.42495247867878 37.42495247867878 37.42495247867878
 29026176 32 51491.022 51491.022 51491.022 36.077653770399046 36.077653770399046 36.077653770399046 36.077653770399046 36.077653770399046 36.077653770399046
 31928640 32 41003.942 41003.942 41003.942 49.83503683621443 49.83503683621443 49.83503683621443 49.83503683621443 49.83503683621443 49.83503683621443
 35121408 16 46003.103 46003.103 46003.103 24.430635820370636 24.430635820370636 24.430635820370636 24.430635820370636 24.430635820370636 24.430635820370636
 38633472 16 40161.848 40161.848 40161.848 30.78222655491351 30.78222655491351 30.78222655491351 30.78222655491351 30.78222655491351 30.78222655491351
 42496704 16 50009.012 50009.012 50009.012 27.192989295609358 27.192989295609358 27.192989295609358 27.192989295609358 27.192989295609358 27.192989295609358
 46746240 16 47004.223 47004.223 47004.223 31.824367780741746 31.824367780741746 31.824367780741746 31.824367780741746 31.824367780741746 31.824367780741746
 51420864 16 44995.785 44995.785 44995.785 36.56937306461038 36.56937306461038 36.56937306461038 36.56937306461038 36.56937306461038 36.56937306461038
 56562816 16 64996.004 64996.004 64996.004 27.848021426055674 27.848021426055674 27.848021426055674 27.848021426055674 27.848021426055674 27.848021426055674
 62218944 16 45998.096 45998.096 45998.096 43.28453525554623 43.28453525554623 43.28453525554623 43.28453525554623 43.28453525554623 43.28453525554623
 68440704 8 62398.911 62398.911 62398.911 17.54920472890945 17.54920472890945 17.54920472890945 17.54920472890945 17.54920472890945 17.54920472890945
 75284736 8 33006.907 33006.907 33006.907 36.49405186617456 36.49405186617456 36.49405186617456 36.49405186617456 36.49405186617456 36.49405186617456
 82813056 8 41357.994 41357.994 41357.994 32.0375523048821 32.0375523048821 32.0375523048821 32.0375523048821 32.0375523048821 32.0375523048821
 91094208 8 59174.061 59174.061 59174.061 24.63084843881173 24.63084843881173 24.63084843881173 24.63084843881173 24.63084843881173 24.63084843881173
 100203456 8 51994.801 51994.801 51994.801 30.834915513956865 30.834915513956865 30.834915513956865 30.834915513956865 30.834915513956865 30.834915513956865
 110223744 8 52004.814 52004.814 52004.814 33.911858698312045 33.911858698312045 33.911858698312045 33.911858698312045 33.911858698312045 33.911858698312045
 121246080 8 54997.921 54997.921 54997.921 35.27292022547543 35.27292022547543 35.27292022547543 35.27292022547543 35.27292022547543 35.27292022547543
 133370688 8 52997.828 52997.828 52997.828 40.26449929231062 40.26449929231062 40.26449929231062 40.26449929231062 40.26449929231062 40.26449929231062
 146707584 4 52000.999 52000.999 52000.999 22.56996393473133 22.56996393473133 22.56996393473133 22.56996393473133 22.56996393473133 22.56996393473133
 161378304 4 51996.946 51996.946 51996.946 24.828889604400995 24.828889604400995 24.828889604400995 24.828889604400995 24.828889604400995 24.828889604400995
 177516096 4 40004.969 40004.969 40004.969 35.49880936040721 35.49880936040721 35.49880936040721 35.49880936040721 35.49880936040721 35.49880936040721
 195267648 4 52003.145 52003.145 52003.145 30.039359811796 30.039359811796 30.039359811796 30.039359811796 30.039359811796 30.039359811796
 214794240 4 42984.962 42984.962 42984.962 39.97569940855129 39.97569940855129 39.97569940855129 39.97569940855129 39.97569940855129 39.97569940855129
 236273664 4 56993.961 56993.961 56993.961 33.16472971583779 33.16472971583779 33.16472971583779 33.16472971583779 33.16472971583779 33.16472971583779
 259900992 4 48496.962 48496.962 48496.962 42.87295224801917 42.87295224801917 42.87295224801917 42.87295224801917 42.87295224801917 42.87295224801917
 285891072 2 55001.974 55001.974 55001.974 20.791331743838867 20.791331743838867 20.791331743838867 20.791331743838867 20.791331743838867 20.791331743838867
 314480064 2 45001.984 45001.984 45001.984 27.952551069748395 27.952551069748395 27.952551069748395 27.952551069748395 27.952551069748395 27.952551069748395
 345927936 2 52997.112 52997.112 52997.112 26.109191459338387 26.109191459338387 26.109191459338387 26.109191459338387 26.109191459338387 26.109191459338387
 380520576 2 51995.993 51995.993 51995.993 29.273069253624982 29.273069253624982 29.273069253624982 29.273069253624982 29.273069253624982 29.273069253624982
 418572480 2 64997.196 64997.196 64997.196 25.75941768318744 25.75941768318744 25.75941768318744 25.75941768318744 25.75941768318744 25.75941768318744
 460429632 2 54858.923 54858.923 54858.923 33.571904574211196 33.571904574211196 33.571904574211196 33.571904574211196 33.571904574211196 33.571904574211196
 506472576 2 49998.045 49998.045 49998.045 40.519390388164176 40.519390388164176 40.519390388164176 40.519390388164176 40.519390388164176 40.519390388164176
 557119680 1 52995.92 52995.92 52995.92 21.025002679451553 21.025002679451553 21.025002679451553 21.025002679451553 21.025002679451553 21.025002679451553
 612831552 1 43001.89 43001.89 43001.89 28.502540330204088 28.502540330204088 28.502540330204088 28.502540330204088 28.502540330204088 28.502540330204088
 674114688 1 39247.036 39247.036 39247.036 34.35238717135225 34.35238717135225 34.35238717135225 34.35238717135225 34.35238717135225 34.35238717135225
 741526080 1 56000.948 56000.948 56000.948 26.482625972688894 26.482625972688894 26.482625972688894 26.482625972688894 26.482625972688894 26.482625972688894
 815678592 1 57001.829 57001.829 57001.829 28.619383142951435 28.619383142951435 28.619383142951435 28.619383142951435 28.619383142951435 28.619383142951435
 897246336 1 51002.979 51002.979 51002.979 35.18407565958059 35.18407565958059 35.18407565958059 35.18407565958059 35.18407565958059 35.18407565958059
 986970816 1 51992.893 51992.893 51992.893 37.965604876035655 37.965604876035655 37.965604876035655 37.965604876035655 37.965604876035655 37.965604876035655
 
META_DATA
 MPI startup(): shm:tmi fabric is unknown or has been removed from the product, please use ofi or shm:ofi instead
 FLOPS          16
 MPI_PROCS      24
 OPENMP_THREADS 1
 ERT_VERSION  1.1.0
 HOSTNAME  ('shas0642.rc.int.colorado.edu', [], ['10.225.7.27'])
 UNAME  uname_result(system='Linux', node='shas0642.rc.int.colorado.edu', release='3.10.0-957.27.2.el7.x86_64', version='#1 SMP Mon Jul 29 17:46:05 UTC 2019', machine='x86_64', processor='x86_64')
 TIMESTAMP_DATA  1664553980.7996492
 CONFIG  {'ERT_RESULTS': ['lab5_results'], 'ERT_DRIVER': ['driver1'], 'ERT_KERNEL': ['kernel1'], 'ERT_MPI': ['True'], 'ERT_MPI_CFLAGS': ['-I/usr/include/mpi'], 'ERT_MPI_LDFLAGS': ['-lmpi'], 'ERT_OPENMP': ['True'], 'ERT_OPENMP_CFLAGS': ['-qopenmp'], 'ERT_OPENMP_LDFLAGS': ['-qopenmp'], 'ERT_FLOPS': ['1,2,4,8,16'], 'ERT_ALIGN': ['32'], 'ERT_CC': ['mpicc'], 'ERT_CFLAGS': ['-O3', '-msse3', '-axSSE3', '-xSSE3', '-fno-alias', '-fno-fnalias', '-DERT_INTEL', '-std=c++11'], 'ERT_LD': ['mpicc'], 'ERT_LDFLAGS': [], 'ERT_LDLIBS': [], 'ERT_PRECISION': ['FP64'], 'ERT_RUN': ['export', 'OMP_NUM_THREADS=ERT_OPENMP_THREADS;', 'mpirun', '-np', 'ERT_MPI_PROCS', 'ERT_CODE'], 'ERT_PROCS_THREADS': ['1-24'], 'ERT_MPI_PROCS': ['24'], 'ERT_OPENMP_THREADS': ['1'], 'ERT_NUM_EXPERIMENTS': ['1'], 'ERT_MEMORY_MAX': ['1073741824'], 'ERT_WORKING_SET_MIN': ['1'], 'ERT_TRIALS_MIN': ['1'], 'ERT_GNUPLOT': ['gnuplot'], 'ERT_GPU': [False], 'ERT_HIP': [False], 'ERT_OCL': [False], 'ERT_SYCL': [False], 'ERT_WSS_MULT': [1.1]}
 