fp64
 128 8388608 49640.894 49640.894 49640.894 43.2603741584509 43.2603741584509 43.2603741584509 10.815093539612725 10.815093539612725 10.815093539612725
 256 4194304 26286.84 26286.84 26286.84 81.6942488332565 81.6942488332565 81.6942488332565 20.423562208314124 20.423562208314124 20.423562208314124
 384 2097152 13140.917 13140.917 13140.917 122.56471416720765 122.56471416720765 122.56471416720765 30.641178541801914 30.641178541801914 30.641178541801914
 512 2097152 13151.169 13151.169 13151.169 163.29222504858697 163.29222504858697 163.29222504858697 40.82305626214674 40.82305626214674 40.82305626214674
 640 1048576 6643.057 6643.057 6643.057 202.04211404478392 202.04211404478392 202.04211404478392 50.51052851119598 50.51052851119598 50.51052851119598
 768 1048576 6742.001 6742.001 6742.001 238.89239055289372 238.89239055289372 238.89239055289372 59.72309763822343 59.72309763822343 59.72309763822343
 896 1048576 6580.83 6580.83 6580.83 285.5336168841924 285.5336168841924 285.5336168841924 71.3834042210481 71.3834042210481 71.3834042210481
 1024 1048576 6740.093 6740.093 6740.093 318.6133556317398 318.6133556317398 318.6133556317398 79.65333890793495 79.65333890793495 79.65333890793495
 1152 524288 3841.162 3841.162 3841.162 314.4776377564914 314.4776377564914 314.4776377564914 78.61940943912285 78.61940943912285 78.61940943912285
 1280 524288 3765.106 3765.106 3765.106 356.47795307754944 356.47795307754944 356.47795307754944 89.11948826938736 89.11948826938736 89.11948826938736
 1408 524288 4382.133 4382.133 4382.133 336.9124141143137 336.9124141143137 336.9124141143137 84.22810352857843 84.22810352857843 84.22810352857843
 1536 524288 4338.026 4338.026 4338.026 371.27779685967766 371.27779685967766 371.27779685967766 92.81944921491942 92.81944921491942 92.81944921491942
 1664 524288 4930.973 4930.973 4930.973 353.85114945873767 353.85114945873767 353.85114945873767 88.46278736468442 88.46278736468442 88.46278736468442
 1792 524288 4840.851 4840.851 4840.851 388.16484787488815 388.16484787488815 388.16484787488815 97.04121196872204 97.04121196872204 97.04121196872204
 1920 524288 5483.15 5483.15 5483.15 367.1732343634589 367.1732343634589 367.1732343634589 91.79330859086473 91.79330859086473 91.79330859086473
 2048 524288 3699.064 3699.064 3699.064 580.5478488612255 580.5478488612255 580.5478488612255 145.13696221530637 145.13696221530637 145.13696221530637
 2176 262144 2192.02 2192.02 2192.02 520.4563316028139 520.4563316028139 520.4563316028139 130.11408290070347 130.11408290070347 130.11408290070347
 2304 262144 2209.902 2209.902 2209.902 546.612271494392 546.612271494392 546.612271494392 136.653067873598 136.653067873598 136.653067873598
 2432 262144 2537.966 2537.966 2537.966 502.3977531613899 502.3977531613899 502.3977531613899 125.59943829034748 125.59943829034748 125.59943829034748
 2560 262144 2463.102 2463.102 2463.102 544.9133978211215 544.9133978211215 544.9133978211215 136.22834945528038 136.22834945528038 136.22834945528038
 2816 262144 2720.833 2720.833 2720.833 542.626103108864 542.626103108864 542.626103108864 135.656525777216 135.656525777216 135.656525777216
 3072 262144 3017.902 3017.902 3017.902 533.686228379848 533.686228379848 533.686228379848 133.421557094962 133.421557094962 133.421557094962
 3328 262144 3287.077 3287.077 3287.077 530.8152087705886 530.8152087705886 530.8152087705886 132.70380219264715 132.70380219264715 132.70380219264715
 3584 262144 3533.125 3533.125 3533.125 531.8374504157085 531.8374504157085 531.8374504157085 132.95936260392713 132.95936260392713 132.95936260392713
 3840 262144 3793.001 3793.001 3793.001 530.7844421870702 530.7844421870702 530.7844421870702 132.69611054676756 132.69611054676756 132.69611054676756
 4224 131072 1829.863 1829.863 1829.863 605.1252230358228 605.1252230358228 605.1252230358228 151.2813057589557 151.2813057589557 151.2813057589557
 4608 131072 2010.107 2010.107 2010.107 600.9429109992651 600.9429109992651 600.9429109992651 150.23572774981628 150.23572774981628 150.23572774981628
 4992 131072 2374.172 2374.172 2374.172 551.1912565728178 551.1912565728178 551.1912565728178 137.79781414320445 137.79781414320445 137.79781414320445
 5376 131072 2452.85 2452.85 2452.85 574.550479646126 574.550479646126 574.550479646126 143.6376199115315 143.6376199115315 143.6376199115315
 5888 131072 2655.983 2655.983 2655.983 581.1422256844264 581.1422256844264 581.1422256844264 145.2855564211066 145.2855564211066 145.2855564211066
 6400 131072 2567.053 2567.053 2567.053 653.5593928134714 653.5593928134714 653.5593928134714 163.38984820336785 163.38984820336785 163.38984820336785
 7040 131072 3097.057 3097.057 3097.057 595.886275260675 595.886275260675 595.886275260675 148.97156881516875 148.97156881516875 148.97156881516875
 7680 131072 3322.84 3322.84 3322.84 605.8871086179291 605.8871086179291 605.8871086179291 151.47177715448228 151.47177715448228 151.47177715448228
 8448 65536 1660.824 1660.824 1660.824 666.7149896677794 666.7149896677794 666.7149896677794 166.67874741694484 166.67874741694484 166.67874741694484
 9216 65536 1933.813 1933.813 1933.813 624.6516865901717 624.6516865901717 624.6516865901717 156.16292164754293 156.16292164754293 156.16292164754293
 10112 65536 2154.112 2154.112 2154.112 615.2883712638898 615.2883712638898 615.2883712638898 153.82209281597244 153.82209281597244 153.82209281597244
 11008 65536 2258.062 2258.062 2258.062 638.9729670841633 638.9729670841633 638.9729670841633 159.74324177104083 159.74324177104083 159.74324177104083
 12032 65536 2488.136 2488.136 2488.136 633.8312310902619 633.8312310902619 633.8312310902619 158.45780777256547 158.45780777256547 158.45780777256547
 13184 65536 2678.156 2678.156 2678.156 645.2399516682374 645.2399516682374 645.2399516682374 161.30998791705935 161.30998791705935 161.30998791705935
 14464 65536 2776.146 2776.146 2776.146 682.8983086624406 682.8983086624406 682.8983086624406 170.72457716561016 170.72457716561016 170.72457716561016
 15872 65536 3153.086 3153.086 3153.086 659.7900545687622 659.7900545687622 659.7900545687622 164.94751364219056 164.94751364219056 164.94751364219056
 17408 32768 1718.044 1718.044 1718.044 664.040436682646 664.040436682646 664.040436682646 166.0101091706615 166.0101091706615 166.0101091706615
 19072 32768 1883.984 1883.984 1883.984 663.4358848058157 663.4358848058157 663.4358848058157 165.85897120145393 165.85897120145393 165.85897120145393
 20864 32768 2009.869 2009.869 2009.869 680.3145399028493 680.3145399028493 680.3145399028493 170.07863497571233 170.07863497571233 170.07863497571233
 22912 32768 2191.067 2191.067 2191.067 685.3103223224118 685.3103223224118 685.3103223224118 171.32758058060296 171.32758058060296 171.32758058060296
 25088 32768 2378.941 2378.941 2378.941 691.1340667969488 691.1340667969488 691.1340667969488 172.7835166992372 172.7835166992372 172.7835166992372
 27520 32768 2639.055 2639.055 2639.055 683.4077804365578 683.4077804365578 683.4077804365578 170.85194510913945 170.85194510913945 170.85194510913945
 30208 32768 2897.024 2897.024 2897.024 683.3604029514427 683.3604029514427 683.3604029514427 170.84010073786067 170.84010073786067 170.84010073786067
 33152 16384 1569.986 1569.986 1569.986 691.9327535404773 691.9327535404773 691.9327535404773 172.98318838511932 172.98318838511932 172.98318838511932
 36352 16384 1718.998 1718.998 1718.998 692.9515543357235 692.9515543357235 692.9515543357235 173.23788858393087 173.23788858393087 173.23788858393087
 39936 16384 1880.884 1880.884 1880.884 695.7488329955489 695.7488329955489 695.7488329955489 173.93720824888723 173.93720824888723 173.93720824888723
 43904 16384 2068.043 2068.043 2068.043 695.6558794957357 695.6558794957357 695.6558794957357 173.91396987393392 173.91396987393392 173.91396987393392
 48256 16384 2269.983 2269.983 2269.983 696.5922687526735 696.5922687526735 696.5922687526735 174.14806718816837 174.14806718816837 174.14806718816837
 52992 16384 2498.865 2498.865 2498.865 694.8922234694551 694.8922234694551 694.8922234694551 173.72305586736377 173.72305586736377 173.72305586736377
 58240 16384 2739.906 2739.906 2739.906 696.5232821855932 696.5232821855932 696.5232821855932 174.1308205463983 174.1308205463983 174.1308205463983
 64000 16384 2967.119 2967.119 2967.119 706.7974017894124 706.7974017894124 706.7974017894124 176.6993504473531 176.6993504473531 176.6993504473531
 70400 8192 1641.035 1641.035 1641.035 702.8695914468613 702.8695914468613 702.8695914468613 175.7173978617153 175.7173978617153 175.7173978617153
 77440 8192 1863.956 1863.956 1863.956 680.6904025631507 680.6904025631507 680.6904025631507 170.17260064078766 170.17260064078766 170.17260064078766
 85120 8192 2020.836 2020.836 2020.836 690.1134382008239 690.1134382008239 690.1134382008239 172.52835955020598 172.52835955020598 172.52835955020598
 93568 8192 2166.033 2166.033 2166.033 707.7538116916963 707.7538116916963 707.7538116916963 176.93845292292409 176.93845292292409 176.93845292292409
 102912 8192 2384.901 2384.901 2384.901 706.9937947109754 706.9937947109754 706.9937947109754 176.74844867774385 176.74844867774385 176.74844867774385
 113152 8192 2604.008 2604.008 2604.008 711.9342060393056 711.9342060393056 711.9342060393056 177.9835515098264 177.9835515098264 177.9835515098264
 124416 8192 2884.15 2884.15 2884.15 706.7703635386508 706.7703635386508 706.7703635386508 176.6925908846627 176.6925908846627 176.6925908846627
 136832 4096 1585.96 1585.96 1585.96 706.7818507402457 706.7818507402457 706.7818507402457 176.69546268506141 176.69546268506141 176.69546268506141
 150400 4096 1729.965 1729.965 1729.965 712.1975300078325 712.1975300078325 712.1975300078325 178.04938250195812 178.04938250195812 178.04938250195812
 165376 4096 1925.945 1925.945 1925.945 703.4262099904204 703.4262099904204 703.4262099904204 175.8565524976051 175.8565524976051 175.8565524976051
 181888 4096 2092.123 2092.123 2092.123 712.2078845268658 712.2078845268658 712.2078845268658 178.05197113171644 178.05197113171644 178.05197113171644
 200064 4096 2321.959 2321.959 2321.959 705.8368765339957 705.8368765339957 705.8368765339957 176.45921913349892 176.45921913349892 176.45921913349892
 220032 4096 2557.993 2557.993 2557.993 704.6548383830606 704.6548383830606 704.6548383830606 176.16370959576514 176.16370959576514 176.16370959576514
 241920 4096 2799.988 2799.988 2799.988 707.7918333935717 707.7918333935717 707.7918333935717 176.94795834839292 176.94795834839292 176.94795834839292
 266112 2048 1550.913 1550.913 1550.913 702.8084438005226 702.8084438005226 702.8084438005226 175.70211095013065 175.70211095013065 175.70211095013065
 292608 2048 1692.057 1692.057 1692.057 708.3226912568547 708.3226912568547 708.3226912568547 177.08067281421367 177.08067281421367 177.08067281421367
 321792 2048 1867.056 1867.056 1867.056 705.9563462477826 705.9563462477826 705.9563462477826 176.48908656194564 176.48908656194564 176.48908656194564
 353920 2048 2054.93 2054.93 2054.93 705.4528962057102 705.4528962057102 705.4528962057102 176.36322405142755 176.36322405142755 176.36322405142755
 389248 2048 2254.963 2254.963 2254.963 707.0447754575131 707.0447754575131 707.0447754575131 176.76119386437827 176.76119386437827 176.76119386437827
 428160 2048 2478.123 2478.123 2478.123 707.6901993968822 707.6901993968822 707.6901993968822 176.92254984922056 176.92254984922056 176.92254984922056
 470912 2048 2736.092 2736.092 2736.092 704.9673592847023 704.9673592847023 704.9673592847023 176.24183982117557 176.24183982117557 176.24183982117557
 517888 2048 2994.061 2994.061 2994.061 708.4923279786216 708.4923279786216 708.4923279786216 177.1230819946554 177.1230819946554 177.1230819946554
 569600 1024 1803.875 1803.875 1803.875 646.6860508627261 646.6860508627261 646.6860508627261 161.67151271568153 161.67151271568153 161.67151271568153
 626560 1024 2023.935 2023.935 2023.935 634.0099262081044 634.0099262081044 634.0099262081044 158.5024815520261 158.5024815520261 158.5024815520261
 689152 1024 2218.962 2218.962 2218.962 636.0556404300748 636.0556404300748 636.0556404300748 159.0139101075187 159.0139101075187 159.0139101075187
 758016 1024 2448.082 2448.082 2448.082 634.1359349891059 634.1359349891059 634.1359349891059 158.53398374727647 158.53398374727647 158.53398374727647
 833792 1024 2686.024 2686.024 2686.024 635.737437938008 635.737437938008 635.737437938008 158.934359484502 158.934359484502 158.934359484502
 917120 1024 2950.907 2950.907 2950.907 636.5032039301815 636.5032039301815 636.5032039301815 159.12580098254537 159.12580098254537 159.12580098254537
 1008768 1024 3262.997 3262.997 3262.997 633.1470313947576 633.1470313947576 633.1470313947576 158.2867578486894 158.2867578486894 158.2867578486894
 1109632 512 1785.994 1785.994 1785.994 636.2077185029736 636.2077185029736 636.2077185029736 159.0519296257434 159.0519296257434 159.0519296257434
 1220480 512 1975.06 1975.06 1975.06 632.7764827397649 632.7764827397649 632.7764827397649 158.19412068494123 158.19412068494123 158.19412068494123
 1342464 512 2167.225 2167.225 2167.225 634.3056839968162 634.3056839968162 634.3056839968162 158.57642099920406 158.57642099920406 158.57642099920406
 1476608 512 2376.08 2376.08 2376.08 636.3618194673579 636.3618194673579 636.3618194673579 159.09045486683948 159.09045486683948 159.09045486683948
 1624192 512 2622.128 2622.128 2622.128 634.2835315438452 634.2835315438452 634.2835315438452 158.5708828859613 158.5708828859613 158.5708828859613
 1786496 512 2876.997 2876.997 2876.997 635.8615959627349 635.8615959627349 635.8615959627349 158.96539899068372 158.96539899068372 158.96539899068372
 1965056 512 3173.113 3173.113 3173.113 634.1461347263713 634.1461347263713 634.1461347263713 158.53653368159283 158.53653368159283 158.53653368159283
 2161536 256 1744.986 1744.986 1744.986 634.2208086483215 634.2208086483215 634.2208086483215 158.55520216208038 158.55520216208038 158.55520216208038
 2377600 256 1923.084 1923.084 1923.084 633.0098945235882 633.0098945235882 633.0098945235882 158.25247363089704 158.25247363089704 158.25247363089704
 2615296 256 2115.965 2115.965 2115.965 632.8231100230864 632.8231100230864 632.8231100230864 158.2057775057716 158.2057775057716 158.2057775057716
 2876800 256 2325.058 2325.058 2325.058 633.498863254164 633.498863254164 633.498863254164 158.374715813541 158.374715813541 158.374715813541
 3164416 256 2656.937 2656.937 2656.937 609.7927771716078 609.7927771716078 609.7927771716078 152.44819429290195 152.44819429290195 152.44819429290195
 3480832 256 2983.093 2983.093 2983.093 597.4289048313277 597.4289048313277 597.4289048313277 149.35722620783193 149.35722620783193 149.35722620783193
 3828864 256 3406.048 3406.048 3406.048 575.5580567273274 575.5580567273274 575.5580567273274 143.88951418183186 143.88951418183186 143.88951418183186
 4211712 128 1985.073 1985.073 1985.073 543.1529581028003 543.1529581028003 543.1529581028003 135.78823952570008 135.78823952570008 135.78823952570008
 4632832 128 2375.126 2375.126 2375.126 499.3440314324376 499.3440314324376 499.3440314324376 124.8360078581094 124.8360078581094 124.8360078581094
 5096064 128 2631.903 2631.903 2631.903 495.6840673839424 495.6840673839424 495.6840673839424 123.9210168459856 123.9210168459856 123.9210168459856
 5605632 128 2981.186 2981.186 2981.186 481.36607108714446 481.36607108714446 481.36607108714446 120.34151777178612 120.34151777178612 120.34151777178612
 6166144 128 3283.024 3283.024 3283.024 480.8167299416636 480.8167299416636 480.8167299416636 120.2041824854159 120.2041824854159 120.2041824854159
 6782720 128 3607.035 3607.035 3607.035 481.3860469887318 481.3860469887318 481.3860469887318 120.34651174718294 120.34651174718294 120.34651174718294
 7460992 128 4007.816 4007.816 4007.816 476.57226579264113 476.57226579264113 476.57226579264113 119.14306644816028 119.14306644816028 119.14306644816028
 8206976 128 4402.161 4402.161 4402.161 477.2623845425008 477.2623845425008 477.2623845425008 119.3155961356252 119.3155961356252 119.3155961356252
 9027584 64 2444.029 2444.029 2444.029 472.7974798989701 472.7974798989701 472.7974798989701 118.19936997474252 118.19936997474252 118.19936997474252
 9930240 64 2668.142 2668.142 2668.142 476.3879583620363 476.3879583620363 476.3879583620363 119.09698959050907 119.09698959050907 119.09698959050907
 10923264 64 2922.058 2922.058 2922.058 478.490773283761 478.490773283761 478.490773283761 119.62269332094024 119.62269332094024 119.62269332094024
 12015488 64 3221.035 3221.035 3221.035 477.48082960911637 477.48082960911637 477.48082960911637 119.37020740227909 119.37020740227909 119.37020740227909
 13217024 64 3542.9 3542.9 3542.9 477.5125100906037 477.5125100906037 477.5125100906037 119.37812752265093 119.37812752265093 119.37812752265093
 14538624 64 3895.044 3895.044 3895.044 477.77223363843905 477.77223363843905 477.77223363843905 119.44305840960976 119.44305840960976 119.44305840960976
 15992448 64 4289.15 4289.15 4289.15 477.25851136005974 477.25851136005974 477.25851136005974 119.31462784001494 119.31462784001494 119.31462784001494
 17591680 32 2367.02 2367.02 2367.02 475.6476582369392 475.6476582369392 475.6476582369392 118.9119145592348 118.9119145592348 118.9119145592348
 19350784 32 2599.955 2599.955 2599.955 476.33523503291406 476.33523503291406 476.33523503291406 119.08380875822851 119.08380875822851 119.08380875822851
 21285760 32 2859.116 2859.116 2859.116 476.471972455822 476.471972455822 476.471972455822 119.1179931139555 119.1179931139555 119.1179931139555
 23414272 32 3143.072 3143.072 3143.072 476.7671271927592 476.7671271927592 476.7671271927592 119.1917817981898 119.1917817981898 119.1917817981898
 25755648 32 3562.927 3562.927 3562.927 462.64250488432685 462.64250488432685 462.64250488432685 115.66062622108171 115.66062622108171 115.66062622108171
 28331136 32 3804.922 3804.922 3804.922 476.53873167439434 476.53873167439434 476.53873167439434 119.13468291859859 119.13468291859859 119.13468291859859
 31164160 32 4194.021 4194.021 4194.021 475.5594309136745 475.5594309136745 475.5594309136745 118.88985772841862 118.88985772841862 118.88985772841862
 34280576 16 2301.931 2301.931 2301.931 476.54705201850095 476.54705201850095 476.54705201850095 119.13676300462524 119.13676300462524 119.13676300462524
 37708544 16 2547.979 2547.979 2547.979 473.58059387459633 473.58059387459633 473.58059387459633 118.39514846864908 118.39514846864908 118.39514846864908
 41479296 16 2809.048 2809.048 2809.048 472.5221754843634 472.5221754843634 472.5221754843634 118.13054387109085 118.13054387109085 118.13054387109085
 45627136 16 3132.105 3132.105 3132.105 466.1620067015633 466.1620067015633 466.1620067015633 116.54050167539083 116.54050167539083 116.54050167539083
 50189824 16 3784.18 3784.18 3784.18 424.41806890792725 424.41806890792725 424.41806890792725 106.10451722698181 106.10451722698181 106.10451722698181
 55208704 16 4564.047 4564.047 4564.047 387.08596296225693 387.08596296225693 387.08596296225693 96.77149074056423 96.77149074056423 96.77149074056423
 60729472 16 5999.088 5999.088 5999.088 323.93975617627217 323.93975617627217 323.93975617627217 80.98493904406804 80.98493904406804 80.98493904406804
 66802304 16 8898.02 8898.02 8898.02 240.24150631264033 240.24150631264033 240.24150631264033 60.06037657816008 60.06037657816008 60.06037657816008
 73482496 8 7981.062 7981.062 7981.062 147.31372040462784 147.31372040462784 147.31372040462784 36.82843010115696 36.82843010115696 36.82843010115696
 80830720 8 10683.06 10683.06 10683.06 121.06002587273683 121.06002587273683 121.06002587273683 30.265006468184207 30.265006468184207 30.265006468184207
 88913792 8 12475.967 12475.967 12475.967 114.02889026558022 114.02889026558022 114.02889026558022 28.507222566395054 28.507222566395054 28.507222566395054
 97805056 8 14550.209 14550.209 14550.209 107.55040673298919 107.55040673298919 107.55040673298919 26.887601683247297 26.887601683247297 26.887601683247297
 107585536 8 16978.979 16978.979 16978.979 101.38233730072933 101.38233730072933 101.38233730072933 25.345584325182333 25.345584325182333 25.345584325182333
 118344064 8 18825.054 18825.054 18825.054 100.58430769972824 100.58430769972824 100.58430769972824 25.14607692493206 25.14607692493206 25.14607692493206
 130178432 8 20506.859 20506.859 20506.859 101.56869523509184 101.56869523509184 101.56869523509184 25.39217380877296 25.39217380877296 25.39217380877296
 143196160 4 11245.012 11245.012 11245.012 101.87354891217545 101.87354891217545 101.87354891217545 25.468387228043863 25.468387228043863 25.468387228043863
 157515776 4 12402.058 12402.058 12402.058 101.60621793576517 101.60621793576517 101.60621793576517 25.401554483941293 25.401554483941293 25.401554483941293
 173267328 4 13832.808 13832.808 13832.808 100.20659753247496 100.20659753247496 100.20659753247496 25.05164938311874 25.05164938311874 25.05164938311874
 190594048 4 15064.001 15064.001 15064.001 101.21828749214767 101.21828749214767 101.21828749214767 25.304571873036917 25.304571873036917 25.304571873036917
 209653376 4 16983.032 16983.032 16983.032 98.75898532134899 98.75898532134899 98.75898532134899 24.689746330337247 24.689746330337247 24.689746330337247
 230618624 4 18302.202 18302.202 18302.202 100.80475518738128 100.80475518738128 100.80475518738128 25.20118879684532 25.20118879684532 25.20118879684532
 253680384 4 19901.991 19901.991 19901.991 101.9718616092229 101.9718616092229 101.9718616092229 25.492965402305725 25.492965402305725 25.492965402305725
 279048320 2 10926.008 10926.008 10926.008 102.1592955084785 102.1592955084785 102.1592955084785 25.539823877119623 25.539823877119623 25.539823877119623
 306953088 2 12051.105 12051.105 12051.105 101.8837983736761 101.8837983736761 101.8837983736761 25.470949593419025 25.470949593419025 25.470949593419025
 337648384 2 13288.975 13288.975 13288.975 101.63263427013747 101.63263427013747 101.63263427013747 25.408158567534368 25.408158567534368 25.408158567534368
 371413120 2 14602.184 14602.184 14602.184 101.74179971982274 101.74179971982274 101.74179971982274 25.435449929955684 25.435449929955684 25.435449929955684
 408554368 2 16180.038 16180.038 16180.038 101.0020787343021 101.0020787343021 101.0020787343021 25.250519683575526 25.250519683575526 25.250519683575526
 449409792 2 17801.046 17801.046 17801.046 100.98503020552837 100.98503020552837 100.98503020552837 25.246257551382094 25.246257551382094 25.246257551382094
 494350720 2 19518.852 19518.852 19518.852 101.3073350830264 101.3073350830264 101.3073350830264 25.3268337707566 25.3268337707566 25.3268337707566
 543785728 1 10793.209 10793.209 10793.209 100.76442103548628 100.76442103548628 100.76442103548628 25.19110525887157 25.19110525887157 25.19110525887157
 598164224 1 11854.172 11854.172 11854.172 100.920456359162 100.920456359162 100.920456359162 25.2301140897905 25.2301140897905 25.2301140897905
 657980544 1 12986.898 12986.898 12986.898 101.32990095094303 101.32990095094303 101.32990095094303 25.332475237735757 25.332475237735757 25.332475237735757
 723778560 1 14312.029 14312.029 14312.029 101.14269052976346 101.14269052976346 101.14269052976346 25.285672632440864 25.285672632440864 25.285672632440864
 796156416 1 15753.031 15753.031 15753.031 101.07977518739091 101.07977518739091 101.07977518739091 25.269943796847727 25.269943796847727 25.269943796847727
 875772032 1 17224.073 17224.073 17224.073 101.69163031299276 101.69163031299276 101.69163031299276 25.42290757824819 25.42290757824819 25.42290757824819
 963349120 1 18948.078 18948.078 18948.078 101.68304352557551 101.68304352557551 101.68304352557551 25.42076088139388 25.42076088139388 25.42076088139388
 1059683968 1 20730.019 20730.019 20730.019 102.23666152935027 102.23666152935027 102.23666152935027 25.559165382337568 25.559165382337568 25.559165382337568
 
META_DATA
 MPI startup(): shm:tmi fabric is unknown or has been removed from the product, please use ofi or shm:ofi instead
 FLOPS          4
 MPI_PROCS      8
 OPENMP_THREADS 2
 ERT_VERSION  1.1.0
 HOSTNAME  ('shas0420.rc.int.colorado.edu', [], ['10.225.6.135'])
 UNAME  uname_result(system='Linux', node='shas0420.rc.int.colorado.edu', release='3.10.0-957.27.2.el7.x86_64', version='#1 SMP Mon Jul 29 17:46:05 UTC 2019', machine='x86_64', processor='x86_64')
 TIMESTAMP_DATA  1664555189.942736
 CONFIG  {'ERT_RESULTS': ['lab5_results'], 'ERT_DRIVER': ['driver1'], 'ERT_KERNEL': ['kernel1'], 'ERT_MPI': ['True'], 'ERT_MPI_CFLAGS': ['-I/usr/include/mpi'], 'ERT_MPI_LDFLAGS': ['-lmpi'], 'ERT_OPENMP': ['True'], 'ERT_OPENMP_CFLAGS': ['-qopenmp'], 'ERT_OPENMP_LDFLAGS': ['-qopenmp'], 'ERT_FLOPS': ['1,2,4,8,16'], 'ERT_ALIGN': ['32'], 'ERT_CC': ['mpicc'], 'ERT_CFLAGS': ['-O3', '-msse3', '-axSSE3', '-xSSE3', '-fno-alias', '-fno-fnalias', '-DERT_INTEL', '-std=c++11'], 'ERT_LD': ['mpicc'], 'ERT_LDFLAGS': [], 'ERT_LDLIBS': [], 'ERT_PRECISION': ['FP64'], 'ERT_RUN': ['export', 'OMP_NUM_THREADS=ERT_OPENMP_THREADS;', 'mpirun', '-np', 'ERT_MPI_PROCS', 'ERT_CODE'], 'ERT_PROCS_THREADS': ['1-24'], 'ERT_MPI_PROCS': ['1,2,4,8,12,24'], 'ERT_OPENMP_THREADS': ['1,2,4,8,12,24'], 'ERT_NUM_EXPERIMENTS': ['1'], 'ERT_MEMORY_MAX': ['1073741824'], 'ERT_WORKING_SET_MIN': ['1'], 'ERT_TRIALS_MIN': ['1'], 'ERT_GNUPLOT': ['gnuplot'], 'ERT_GPU': [False], 'ERT_HIP': [False], 'ERT_OCL': [False], 'ERT_SYCL': [False], 'ERT_WSS_MULT': [1.1]}
 