fp64
 16 67108864 184278.965 184278.965 184278.965 11.653438839316252 11.653438839316252 11.653438839316252 0.7283399274572657 0.7283399274572657 0.7283399274572657
 32 33554432 102259.874 102259.874 102259.874 21.000257129203973 21.000257129203973 21.000257129203973 1.3125160705752483 1.3125160705752483 1.3125160705752483
 48 16777216 51138.163 51138.163 51138.163 31.495318594060564 31.495318594060564 31.495318594060564 1.9684574121287852 1.9684574121287852 1.9684574121287852
 64 16777216 71512.938 71512.938 71512.938 30.029302501877357 30.029302501877357 30.029302501877357 1.8768314063673348 1.8768314063673348 1.8768314063673348
 80 8388608 28351.068 28351.068 28351.068 47.341330492382156 47.341330492382156 47.341330492382156 2.9588331557738847 2.9588331557738847 2.9588331557738847
 96 8388608 41358.948 41358.948 41358.948 38.94230423849272 38.94230423849272 38.94230423849272 2.433894014905795 2.433894014905795 2.433894014905795
 112 8388608 33233.881 33233.881 33233.881 56.54013721719711 56.54013721719711 56.54013721719711 3.5337585760748196 3.5337585760748196 3.5337585760748196
 128 8388608 47044.039 47044.039 47044.039 45.64836892512567 45.64836892512567 45.64836892512567 2.8530230578203546 2.8530230578203546 2.8530230578203546
 144 4194304 21770.954 21770.954 21770.954 55.48491591135601 55.48491591135601 55.48491591135601 3.4678072444597507 3.4678072444597507 3.4678072444597507
 160 4194304 25599.957 25599.957 25599.957 52.42888806414792 52.42888806414792 52.42888806414792 3.276805504009245 3.276805504009245 3.276805504009245
 176 4194304 24287.939 24287.939 24287.939 60.78716716144585 60.78716716144585 60.78716716144585 3.7991979475903657 3.7991979475903657 3.7991979475903657
 192 4194304 28158.903 28158.903 28158.903 57.19728272085031 57.19728272085031 57.19728272085031 3.5748301700531444 3.5748301700531444 3.5748301700531444
 208 4194304 26885.033 26885.033 26885.033 64.8996958270425 64.8996958270425 64.8996958270425 4.056230989190157 4.056230989190157 4.056230989190157
 224 4194304 30978.918 30978.918 30978.918 60.655707600891674 60.655707600891674 60.655707600891674 3.7909817250557296 3.7909817250557296 3.7909817250557296
 240 4194304 29578.924 29578.924 29578.924 68.06420409342815 68.06420409342815 68.06420409342815 4.254012755839259 4.254012755839259 4.254012755839259
 256 4194304 16521.931 16521.931 16521.931 129.97776397928305 129.97776397928305 129.97776397928305 8.12361024870519 8.12361024870519 8.12361024870519
 272 2097152 10265.827 10265.827 10265.827 111.13090918052681 111.13090918052681 111.13090918052681 6.945681823782926 6.945681823782926 6.945681823782926
 288 2097152 10406.971 10406.971 10406.971 116.07215509680964 116.07215509680964 116.07215509680964 7.254509693550602 7.254509693550602 7.254509693550602
 304 2097152 11547.089 11547.089 11547.089 110.42336436481958 110.42336436481958 110.42336436481958 6.9014602728012235 6.9014602728012235 6.9014602728012235
 320 2097152 12198.925 12198.925 12198.925 110.02422590515148 110.02422590515148 110.02422590515148 6.876514119071968 6.876514119071968 6.876514119071968
 352 2097152 13716.936 13716.936 13716.936 107.63300258891636 107.63300258891636 107.63300258891636 6.727062661807272 6.727062661807272 6.727062661807272
 384 2097152 15028.0 15028.0 15028.0 107.17412403513441 107.17412403513441 107.17412403513441 6.698382752195901 6.698382752195901 6.698382752195901
 416 2097152 16022.921 16022.921 16022.921 108.89590381179562 108.89590381179562 108.89590381179562 6.805993988237226 6.805993988237226 6.805993988237226
 448 2097152 17428.16 17428.16 17428.16 107.81678570772817 107.81678570772817 107.81678570772817 6.738549106733011 6.738549106733011 6.738549106733011
 480 2097152 18666.983 18666.983 18666.983 107.85170372737788 107.85170372737788 107.85170372737788 6.740731482961118 6.740731482961118 6.740731482961118
 528 1048576 8659.124 8659.124 8659.124 127.8762442944575 127.8762442944575 127.8762442944575 7.992265268403594 7.992265268403594 7.992265268403594
 576 1048576 9577.036 9577.036 9577.036 126.13083546934561 126.13083546934561 126.13083546934561 7.883177216834101 7.883177216834101 7.883177216834101
 624 1048576 10903.12 10903.12 10903.12 120.0227868720146 120.0227868720146 120.0227868720146 7.501424179500913 7.501424179500913 7.501424179500913
 672 1048576 11523.962 11523.962 11523.962 122.29180762657843 122.29180762657843 122.29180762657843 7.643237976661152 7.643237976661152 7.643237976661152
 736 1048576 12916.088 12916.088 12916.088 119.50242767004995 119.50242767004995 119.50242767004995 7.468901729378122 7.468901729378122 7.468901729378122
 800 1048576 12841.94 12841.94 12841.94 130.6439369752545 130.6439369752545 130.6439369752545 8.165246060953406 8.165246060953406 8.165246060953406
 880 1048576 14487.982 14487.982 14487.982 127.38100861803943 127.38100861803943 127.38100861803943 7.961313038627464 7.961313038627464 7.961313038627464
 960 1048576 16120.911 16120.911 16120.911 124.885369071264 124.885369071264 124.885369071264 7.805335566954 7.805335566954 7.805335566954
 1056 524288 8342.981 8342.981 8342.981 132.7218959266478 132.7218959266478 132.7218959266478 8.295118495415487 8.295118495415487 8.295118495415487
 1152 524288 9265.9 9265.9 9265.9 130.3661330253942 130.3661330253942 130.3661330253942 8.147883314087137 8.147883314087137 8.147883314087137
 1264 524288 10680.914 10680.914 10680.914 124.09050985711522 124.09050985711522 124.09050985711522 7.755656866069701 7.755656866069701 7.755656866069701
 1376 524288 10865.927 10865.927 10865.927 132.78577851664198 132.78577851664198 132.78577851664198 8.299111157290124 8.299111157290124 8.299111157290124
 1504 524288 12228.012 12228.012 12228.012 128.9709483438518 128.9709483438518 128.9709483438518 8.060684271490738 8.060684271490738 8.060684271490738
 1648 524288 13098.001 13098.001 13098.001 131.9325939889606 131.9325939889606 131.9325939889606 8.245787124310038 8.245787124310038 8.245787124310038
 1808 524288 13936.043 13936.043 13936.043 136.03756877041783 136.03756877041783 136.03756877041783 8.502348048151115 8.502348048151115 8.502348048151115
 1984 524288 15775.919 15775.919 15775.919 131.87027544956337 131.87027544956337 131.87027544956337 8.24189221559771 8.24189221559771 8.24189221559771
 2176 262144 8462.906 8462.906 8462.906 134.8060214777288 134.8060214777288 134.8060214777288 8.42537634235805 8.42537634235805 8.42537634235805
 2384 262144 9273.052 9273.052 9273.052 134.7886965370193 134.7886965370193 134.7886965370193 8.424293533563706 8.424293533563706 8.424293533563706
 2608 262144 10087.967 10087.967 10087.967 135.54198819246733 135.54198819246733 135.54198819246733 8.471374262029208 8.471374262029208 8.471374262029208
 2864 262144 11174.917 11174.917 11174.917 134.36885768368572 134.36885768368572 134.36885768368572 8.398053605230357 8.398053605230357 8.398053605230357
 3136 262144 11980.057 11980.057 11980.057 137.2420154595258 137.2420154595258 137.2420154595258 8.577625966220362 8.577625966220362 8.577625966220362
 3440 262144 13209.105 13209.105 13209.105 136.53844980413135 136.53844980413135 136.53844980413135 8.53365311275821 8.53365311275821 8.53365311275821
 3776 262144 14981.031 14981.031 14981.031 132.14788007581052 132.14788007581052 132.14788007581052 8.259242504738157 8.259242504738157 8.259242504738157
 4144 131072 8028.984 8028.984 8028.984 135.30039865567048 135.30039865567048 135.30039865567048 8.456274915979405 8.456274915979405 8.456274915979405
 4544 131072 8751.154 8751.154 8751.154 136.11717220380305 136.11717220380305 136.11717220380305 8.50732326273769 8.50732326273769 8.50732326273769
 4992 131072 9541.035 9541.035 9541.035 137.15732601337277 137.15732601337277 137.15732601337277 8.572332875835798 8.572332875835798 8.572332875835798
 5488 131072 10474.92 10474.92 10474.92 137.34198180033832 137.34198180033832 137.34198180033832 8.583873862521145 8.583873862521145 8.583873862521145
 6032 131072 11547.089 11547.089 11547.089 136.93950120242425 136.93950120242425 136.93950120242425 8.558718825151516 8.558718825151516 8.558718825151516
 6624 131072 12630.939 12630.939 12630.939 137.47527844129402 137.47527844129402 137.47527844129402 8.592204902580876 8.592204902580876 8.592204902580876
 7280 131072 13813.019 13813.019 13813.019 138.1601169157879 138.1601169157879 138.1601169157879 8.635007307236744 8.635007307236744 8.635007307236744
 8000 131072 15171.051 15171.051 15171.051 138.23379804075537 138.23379804075537 138.23379804075537 8.639612377547211 8.639612377547211 8.639612377547211
 8800 65536 8678.913 8678.913 8678.913 132.90069850913358 132.90069850913358 132.90069850913358 8.306293656820849 8.306293656820849 8.306293656820849
 9680 65536 9523.869 9523.869 9523.869 133.22074883642352 133.22074883642352 133.22074883642352 8.32629680227647 8.32629680227647 8.32629680227647
 10640 65536 10397.196 10397.196 10397.196 134.13290275570452 134.13290275570452 134.13290275570452 8.383306422231533 8.383306422231533 8.383306422231533
 11696 65536 11400.938 11400.938 11400.938 134.46420917296453 134.46420917296453 134.46420917296453 8.404013073310283 8.404013073310283 8.404013073310283
 12864 65536 12498.856 12498.856 12498.856 134.90116279441895 134.90116279441895 134.90116279441895 8.431322674651184 8.431322674651184 8.431322674651184
 14144 65536 13676.882 13676.882 13676.882 135.54861173767532 135.54861173767532 135.54861173767532 8.471788233604707 8.471788233604707 8.471788233604707
 15552 65536 15074.968 15074.968 15074.968 135.21963986921895 135.21963986921895 135.21963986921895 8.451227491826184 8.451227491826184 8.451227491826184
 17104 32768 8236.885 8236.885 8236.885 136.08636565886252 136.08636565886252 136.08636565886252 8.505397853678907 8.505397853678907 8.505397853678907
 18800 32768 9526.014 9526.014 9526.014 129.3381261039507 129.3381261039507 129.3381261039507 8.08363288149692 8.08363288149692 8.08363288149692
 20672 32768 9995.937 9995.937 9995.937 135.53108548003055 135.53108548003055 135.53108548003055 8.47069284250191 8.47069284250191 8.47069284250191
 22736 32768 10910.034 10910.034 10910.034 136.57395531489638 136.57395531489638 136.57395531489638 8.535872207181024 8.535872207181024 8.535872207181024
 25008 32768 11974.812 11974.812 11974.812 136.86430217025537 136.86430217025537 136.86430217025537 8.55401888564096 8.55401888564096 8.55401888564096
 27504 32768 13106.108 13106.108 13106.108 137.53145815676172 137.53145815676172 137.53145815676172 8.595716134797607 8.595716134797607 8.595716134797607
 30240 32768 14392.138 14392.138 14392.138 137.70078080129582 137.70078080129582 137.70078080129582 8.606298800080989 8.606298800080989 8.606298800080989
 33264 16384 7943.869 7943.869 7943.869 137.21207537536182 137.21207537536182 137.21207537536182 8.575754710960114 8.575754710960114 8.575754710960114
 36576 16384 8682.013 8682.013 8682.013 138.04659910092278 138.04659910092278 138.04659910092278 8.627912443807674 8.627912443807674 8.627912443807674
 40224 16384 9629.011 9629.011 9629.011 136.8842586221991 136.8842586221991 136.8842586221991 8.555266163887444 8.555266163887444 8.555266163887444
 44240 16384 10555.029 10555.029 10555.029 137.34271312755277 137.34271312755277 137.34271312755277 8.583919570472048 8.583919570472048 8.583919570472048
 48656 16384 11523.008 11523.008 11523.008 138.36316073025378 138.36316073025378 138.36316073025378 8.647697545640861 8.647697545640861 8.647697545640861
 53520 16384 12673.855 12673.855 12673.855 138.37489540475255 138.37489540475255 138.37489540475255 8.648430962797034 8.648430962797034 8.648430962797034
 58864 16384 14066.935 14066.935 14066.935 137.11981693240213 137.11981693240213 137.11981693240213 8.569988558275133 8.569988558275133 8.569988558275133
 64736 16384 15299.082 15299.082 15299.082 138.65336809097434 138.65336809097434 138.65336809097434 8.665835505685896 8.665835505685896 8.665835505685896
 71200 8192 9008.169 9008.169 9008.169 129.49810333265285 129.49810333265285 129.49810333265285 8.093631458290803 8.093631458290803 8.093631458290803
 78320 8192 10330.915 10330.915 10330.915 124.2092186413304 124.2092186413304 124.2092186413304 7.76307616508315 7.76307616508315 7.76307616508315
 86144 8192 11391.878 11391.878 11391.878 123.89382119436318 123.89382119436318 123.89382119436318 7.743363824647699 7.743363824647699 7.743363824647699
 94752 8192 12490.988 12490.988 12490.988 124.28294447164629 124.28294447164629 124.28294447164629 7.767684029477893 7.767684029477893 7.767684029477893
 104224 8192 13701.916 13701.916 13701.916 124.62534553561706 124.62534553561706 124.62534553561706 7.789084095976066 7.789084095976066 7.789084095976066
 114640 8192 15084.982 15084.982 15084.982 124.51203190033637 124.51203190033637 124.51203190033637 7.782001993771023 7.782001993771023 7.782001993771023
 126096 8192 16530.991 16530.991 16530.991 124.97477398662909 124.97477398662909 124.97477398662909 7.810923374164318 7.810923374164318 7.810923374164318
 138704 4096 9096.861 9096.861 9096.861 124.90717050639773 124.90717050639773 124.90717050639773 7.806698156649858 7.806698156649858 7.806698156649858
 152560 4096 10072.947 10072.947 10072.947 124.07208337341592 124.07208337341592 124.07208337341592 7.754505210838495 7.754505210838495 7.754505210838495
 167808 4096 11023.045 11023.045 11023.045 124.70992688499412 124.70992688499412 124.70992688499412 7.794370430312132 7.794370430312132 7.794370430312132
 184576 4096 12228.012 12228.012 12228.012 123.65432680308132 123.65432680308132 123.65432680308132 7.728395425192582 7.728395425192582 7.728395425192582
 203024 4096 13310.909 13310.909 13310.909 124.94808641543565 124.94808641543565 124.94808641543565 7.809255400964728 7.809255400964728 7.809255400964728
 223312 4096 14689.207 14689.207 14689.207 124.5385066736414 124.5385066736414 124.5385066736414 7.783656667102587 7.783656667102587 7.783656667102587
 245632 4096 16160.011 16160.011 16160.011 124.51831524124582 124.51831524124582 124.51831524124582 7.7823947025778635 7.7823947025778635 7.7823947025778635
 270192 2048 8949.041 8949.041 8949.041 123.66760103121665 123.66760103121665 123.66760103121665 7.7292250644510405 7.7292250644510405 7.7292250644510405
 297200 2048 9808.064 9808.064 9808.064 124.11534019353871 124.11534019353871 124.11534019353871 7.75720876209617 7.75720876209617 7.75720876209617
 326912 2048 10845.9 10845.9 10845.9 123.4596992411879 123.4596992411879 123.4596992411879 7.716231202574244 7.716231202574244 7.716231202574244
 359600 2048 11942.863 11942.863 11942.863 123.33069549571155 123.33069549571155 123.33069549571155 7.708168468481972 7.708168468481972 7.708168468481972
 395552 2048 13124.943 13124.943 13124.943 123.44289739010676 123.44289739010676 123.44289739010676 7.715181086881673 7.715181086881673 7.715181086881673
 435104 2048 14529.943 14529.943 14529.943 122.65608915327472 122.65608915327472 122.65608915327472 7.66600557207967 7.66600557207967 7.66600557207967
 478608 2048 15877.962 15877.962 15877.962 123.46536463558736 123.46536463558736 123.46536463558736 7.71658528972421 7.71658528972421 7.71658528972421
 526464 1024 8948.088 8948.088 8948.088 120.49482213406932 120.49482213406932 120.49482213406932 7.530926383379333 7.530926383379333 7.530926383379333
 579104 1024 14160.156 14160.156 14160.156 83.75649194825255 83.75649194825255 83.75649194825255 5.234780746765784 5.234780746765784 5.234780746765784
 637008 1024 15697.956 15697.956 15697.956 83.10587594970964 83.10587594970964 83.10587594970964 5.194117246856853 5.194117246856853 5.194117246856853
 700704 1024 18491.983 18491.983 18491.983 77.60345615718985 77.60345615718985 77.60345615718985 4.850216009824366 4.850216009824366 4.850216009824366
 770768 1024 20417.929 20417.929 20417.929 77.31111534377457 77.31111534377457 77.31111534377457 4.831944708985911 4.831944708985911 4.831944708985911
 847840 1024 22393.942 22393.942 22393.942 77.5377698129253 77.5377698129253 77.5377698129253 4.8461106133078315 4.8461106133078315 4.8461106133078315
 932624 1024 24645.805 24645.805 24645.805 77.49854192224599 77.49854192224599 77.49854192224599 4.843658870140374 4.843658870140374 4.843658870140374
 1025872 1024 27240.992 27240.992 27240.992 77.12589380004957 77.12589380004957 77.12589380004957 4.820368362503098 4.820368362503098 4.820368362503098
 1128448 512 15357.018 15357.018 15357.018 75.24447467600807 75.24447467600807 75.24447467600807 4.702779667250504 4.702779667250504 4.702779667250504
 1241280 512 16388.893 16388.893 16388.893 77.55683803658977 77.55683803658977 77.55683803658977 4.84730237728686 4.84730237728686 4.84730237728686
 1365408 512 18132.925 18132.925 18132.925 77.1071292689955 77.1071292689955 77.1071292689955 4.819195579312218 4.819195579312218 4.819195579312218
 1501936 512 19840.002 19840.002 19840.002 77.51926960491234 77.51926960491234 77.51926960491234 4.844954350307021 4.844954350307021 4.844954350307021
 1652128 512 21803.856 21803.856 21803.856 77.59082026591994 77.59082026591994 77.59082026591994 4.8494262666199965 4.8494262666199965 4.8494262666199965
 1817328 512 24018.049 24018.049 24018.049 77.48105901524308 77.48105901524308 77.48105901524308 4.842566188452692 4.842566188452692 4.842566188452692
 1999056 512 26435.137 26435.137 26435.137 77.43607850415151 77.43607850415151 77.43607850415151 4.839754906509469 4.839754906509469 4.839754906509469
 2198960 256 14540.911 14540.911 14540.911 77.42757795574155 77.42757795574155 77.42757795574155 4.839223622233847 4.839223622233847 4.839223622233847
 2418848 256 16062.021 16062.021 16062.021 77.10425580940282 77.10425580940282 77.10425580940282 4.819015988087676 4.819015988087676 4.819015988087676
 2660720 256 17580.986 17580.986 17580.986 77.48647544568888 77.48647544568888 77.48647544568888 4.842904715355555 4.842904715355555 4.842904715355555
 2926784 256 19317.865 19317.865 19317.865 77.57137799648149 77.57137799648149 77.57137799648149 4.848211124780093 4.848211124780093 4.848211124780093
 3219456 256 21994.114 21994.114 21994.114 74.9455728018869 74.9455728018869 74.9455728018869 4.684098300117931 4.684098300117931 4.684098300117931
 3541392 256 23387.909 23387.909 23387.909 77.52692658415937 77.52692658415937 77.52692658415937 4.845432911509961 4.845432911509961 4.845432911509961
 3895520 256 25702.0 25702.0 25702.0 77.60120768811765 77.60120768811765 77.60120768811765 4.850075480507353 4.850075480507353 4.850075480507353
 4285072 128 14382.839 14382.839 14382.839 76.26995143309328 76.26995143309328 76.26995143309328 4.76687196456833 4.76687196456833 4.76687196456833
 4713568 128 15566.111 15566.111 15566.111 77.51926014147014 77.51926014147014 77.51926014147014 4.844953758841884 4.844953758841884 4.844953758841884
 5184912 128 17185.926 17185.926 17185.926 77.23398040931865 77.23398040931865 77.23398040931865 4.8271237755824155 4.8271237755824155 4.8271237755824155
 5703392 128 18851.995 18851.995 18851.995 77.44901014454969 77.44901014454969 77.44901014454969 4.840563134034356 4.840563134034356 4.840563134034356
 6273728 128 20735.025 20735.025 20735.025 77.45707410528803 77.45707410528803 77.45707410528803 4.841067131580502 4.841067131580502 4.841067131580502
 6901088 128 22875.071 22875.071 22875.071 77.23160850517141 77.23160850517141 77.23160850517141 4.826975531573213 4.826975531573213 4.826975531573213
 7591184 128 25501.966 25501.966 25501.966 76.20365833755719 76.20365833755719 76.20365833755719 4.762728646097324 4.762728646097324 4.762728646097324
 8350288 128 27979.851 27979.851 27979.851 76.40046860864271 76.40046860864271 76.40046860864271 4.7750292880401695 4.7750292880401695 4.7750292880401695
 9185312 64 15500.069 15500.069 15500.069 75.85256143053299 75.85256143053299 75.85256143053299 4.740785089408312 4.740785089408312 4.740785089408312
 10103840 64 17240.047 17240.047 17240.047 75.01670500086225 75.01670500086225 75.01670500086225 4.68854406255389 4.68854406255389 4.68854406255389
 11114224 64 18409.967 18409.967 18409.967 77.27448245833358 77.27448245833358 77.27448245833358 4.829655153645849 4.829655153645849 4.829655153645849
 12225632 64 20354.986 20354.986 20354.986 76.87948770881002 76.87948770881002 76.87948770881002 4.804967981800626 4.804967981800626 4.804967981800626
 13448192 64 22969.961 22969.961 22969.961 74.93998688112704 74.93998688112704 74.93998688112704 4.68374918007044 4.68374918007044 4.68374918007044
 14793008 64 25277.853 25277.853 25277.853 74.90766814729083 74.90766814729083 74.90766814729083 4.681729259205677 4.681729259205677 4.681729259205677
 16272304 64 27259.111 27259.111 27259.111 76.4094952326215 76.4094952326215 76.4094952326215 4.7755934520388434 4.7755934520388434 4.7755934520388434
 17899520 32 15429.974 15429.974 15429.974 74.24311149195714 74.24311149195714 74.24311149195714 4.640194468247321 4.640194468247321 4.640194468247321
 19689472 32 16896.009 16896.009 16896.009 74.58129360608179 74.58129360608179 74.58129360608179 4.661330850380112 4.661330850380112 4.661330850380112
 21658416 32 18529.892 18529.892 18529.892 74.80554252555817 74.80554252555817 74.80554252555817 4.675346407847385 4.675346407847385 4.675346407847385
 23824256 32 19906.998 19906.998 19906.998 76.59378797345536 76.59378797345536 76.59378797345536 4.78711174834096 4.78711174834096 4.78711174834096
 26206672 32 21934.032 21934.032 21934.032 76.46688069024428 76.46688069024428 76.46688069024428 4.779180043140268 4.779180043140268 4.779180043140268
 28827328 32 24319.172 24319.172 24319.172 75.86397234247943 75.86397234247943 75.86397234247943 4.741498271404964 4.741498271404964 4.741498271404964
 31710048 32 26641.13 26641.13 26641.13 76.17706426116308 76.17706426116308 76.17706426116308 4.761066516322693 4.761066516322693 4.761066516322693
 34881040 16 14943.123 14943.123 14943.123 74.69611807384575 74.69611807384575 74.69611807384575 4.6685073796153596 4.6685073796153596 4.6685073796153596
 38369136 16 15923.023 15923.023 15923.023 77.10924941827943 77.10924941827943 77.10924941827943 4.8193280886424645 4.8193280886424645 4.8193280886424645
 42206048 16 17775.059 17775.059 17775.059 75.98250649969712 75.98250649969712 75.98250649969712 4.74890665623107 4.74890665623107 4.74890665623107
 46426640 16 19918.919 19918.919 19918.919 74.58499530019675 74.58499530019675 74.58499530019675 4.661562206262297 4.661562206262297 4.661562206262297
 51069296 16 22855.997 22855.997 22855.997 71.50059881439432 71.50059881439432 71.50059881439432 4.468787425899645 4.468787425899645 4.468787425899645
 56176224 16 29935.837 29935.837 29935.837 60.04973797792926 60.04973797792926 60.04973797792926 3.753108623620579 3.753108623620579 3.753108623620579
 61793840 16 39071.083 39071.083 39071.083 50.61039336943898 50.61039336943898 50.61039336943898 3.1631495855899363 3.1631495855899363 3.1631495855899363
 67973216 8 24734.974 24734.974 24734.974 43.96897510383476 43.96897510383476 43.96897510383476 2.7480609439896724 2.7480609439896724 2.7480609439896724
 74770528 8 30543.089 30543.089 30543.089 39.168548014249644 39.168548014249644 39.168548014249644 2.448034250890603 2.448034250890603 2.448034250890603
 82247568 8 36092.043 36092.043 36092.043 36.46125235969601 36.46125235969601 36.46125235969601 2.2788282724810007 2.2788282724810007 2.2788282724810007
 90472320 8 40464.163 40464.163 40464.163 35.773806071313025 35.773806071313025 35.773806071313025 2.235862879457064 2.235862879457064 2.235862879457064
 99519552 8 45233.965 45233.965 45233.965 35.20170809700189 35.20170809700189 35.20170809700189 2.200106756062618 2.200106756062618 2.200106756062618
 109471504 8 49844.027 49844.027 49844.027 35.14050066620821 35.14050066620821 35.14050066620821 2.1962812916380132 2.1962812916380132 2.1962812916380132
 120418640 8 55499.077 55499.077 55499.077 34.71586095026409 34.71586095026409 34.71586095026409 2.1697413093915054 2.1697413093915054 2.1697413093915054
 132460496 8 60977.936 60977.936 60977.936 34.75630818334028 34.75630818334028 34.75630818334028 2.1722692614587675 2.1722692614587675 2.1722692614587675
 145706544 4 33595.085 33595.085 33595.085 34.69710977067032 34.69710977067032 34.69710977067032 2.168569360666895 2.168569360666895 2.168569360666895
 160277184 4 36849.976 36849.976 36849.976 34.795612132827436 34.795612132827436 34.795612132827436 2.1747257583017148 2.1747257583017148 2.1747257583017148
 176304896 4 40709.019 40709.019 40709.019 34.646847373060005 34.646847373060005 34.646847373060005 2.1654279608162503 2.1654279608162503 2.1654279608162503
 193935376 4 44616.938 44616.938 44616.938 34.773408430672674 34.773408430672674 34.773408430672674 2.173338026917042 2.173338026917042 2.173338026917042
 213328912 4 49076.796 49076.796 49076.796 34.774708927616224 34.774708927616224 34.774708927616224 2.173419307976014 2.173419307976014 2.173419307976014
 234661792 4 54138.899 54138.899 54138.899 34.67551743156063 34.67551743156063 34.67551743156063 2.1672198394725393 2.1672198394725393 2.1672198394725393
 258127968 4 59437.037 59437.037 59437.037 34.74304656202832 34.74304656202832 34.74304656202832 2.17144041012677 2.17144041012677 2.17144041012677
 283940752 2 32696.962 32696.962 32696.962 34.73604085908655 34.73604085908655 34.73604085908655 2.1710025536929094 2.1710025536929094 2.1710025536929094
 312334816 2 35897.017 35897.017 35897.017 34.80342848543655 34.80342848543655 34.80342848543655 2.1752142803397843 2.1752142803397843 2.1752142803397843
 343568288 2 39618.015 39618.015 39618.015 34.688087023037376 34.688087023037376 34.688087023037376 2.168005438939836 2.168005438939836 2.168005438939836
 377925104 2 43524.027 43524.027 43524.027 34.732549357163116 34.732549357163116 34.732549357163116 2.1707843348226947 2.1707843348226947 2.1707843348226947
 415717600 2 47834.873 47834.873 47834.873 34.762722167151985 34.762722167151985 34.762722167151985 2.172670135446999 2.172670135446999 2.172670135446999
 457289360 2 52605.867 52605.867 52605.867 34.77097792153107 34.77097792153107 34.77097792153107 2.173186120095692 2.173186120095692 2.173186120095692
 503018288 2 59824.944 59824.944 59824.944 33.63267923827893 33.63267923827893 33.63267923827893 2.1020424523924333 2.1020424523924333 2.1020424523924333
 553320112 1 31607.866 31607.866 31607.866 35.01154503755489 35.01154503755489 35.01154503755489 2.1882215648471806 2.1882215648471806 2.1882215648471806
 608652112 1 34983.873 34983.873 34983.873 34.7961537591907 34.7961537591907 34.7961537591907 2.174759609949419 2.174759609949419 2.174759609949419
 669517312 1 38378.0 38378.0 38378.0 34.89068278701339 34.89068278701339 34.89068278701339 2.180667674188337 2.180667674188337 2.180667674188337
 736469040 1 42219.877 42219.877 42219.877 34.8873133855885 34.8873133855885 34.8873133855885 2.180457086599281 2.180457086599281 2.180457086599281
 810115936 1 46533.108 46533.108 46533.108 34.81890511160355 34.81890511160355 34.81890511160355 2.176181569475222 2.176181569475222 2.176181569475222
 891127520 1 51393.032 51393.032 51393.032 34.67892378873463 34.67892378873463 34.67892378873463 2.1674327367959143 2.1674327367959143 2.1674327367959143
 980240272 1 56664.944 56664.944 56664.944 34.597767254477475 34.597767254477475 34.597767254477475 2.162360453404842 2.162360453404842 2.162360453404842
 
META_DATA
 MPI startup(): shm:tmi fabric is unknown or has been removed from the product, please use ofi or shm:ofi instead
 FLOPS          1
 MPI_PROCS      2
 OPENMP_THREADS 1
 ERT_VERSION  1.1.0
 HOSTNAME  ('shas0420.rc.int.colorado.edu', [], ['10.225.6.135'])
 UNAME  uname_result(system='Linux', node='shas0420.rc.int.colorado.edu', release='3.10.0-957.27.2.el7.x86_64', version='#1 SMP Mon Jul 29 17:46:05 UTC 2019', machine='x86_64', processor='x86_64')
 TIMESTAMP_DATA  1664552193.3574505
 CONFIG  {'ERT_RESULTS': ['lab5_results'], 'ERT_DRIVER': ['driver1'], 'ERT_KERNEL': ['kernel1'], 'ERT_MPI': ['True'], 'ERT_MPI_CFLAGS': ['-I/usr/include/mpi'], 'ERT_MPI_LDFLAGS': ['-lmpi'], 'ERT_OPENMP': ['True'], 'ERT_OPENMP_CFLAGS': ['-qopenmp'], 'ERT_OPENMP_LDFLAGS': ['-qopenmp'], 'ERT_FLOPS': ['1,2,4,8,16'], 'ERT_ALIGN': ['32'], 'ERT_CC': ['mpicc'], 'ERT_CFLAGS': ['-O3', '-msse3', '-axSSE3', '-xSSE3', '-fno-alias', '-fno-fnalias', '-DERT_INTEL', '-std=c++11'], 'ERT_LD': ['mpicc'], 'ERT_LDFLAGS': [], 'ERT_LDLIBS': [], 'ERT_PRECISION': ['FP64'], 'ERT_RUN': ['export', 'OMP_NUM_THREADS=ERT_OPENMP_THREADS;', 'mpirun', '-np', 'ERT_MPI_PROCS', 'ERT_CODE'], 'ERT_PROCS_THREADS': ['1-24'], 'ERT_MPI_PROCS': ['1,2,4'], 'ERT_OPENMP_THREADS': ['1,2,4'], 'ERT_NUM_EXPERIMENTS': ['1'], 'ERT_MEMORY_MAX': ['1073741824'], 'ERT_WORKING_SET_MIN': ['1'], 'ERT_TRIALS_MIN': ['1'], 'ERT_GNUPLOT': ['gnuplot'], 'ERT_GPU': [False], 'ERT_HIP': [False], 'ERT_OCL': [False], 'ERT_SYCL': [False], 'ERT_WSS_MULT': [1.1]}
 