fp64
 64 16777216 196217.06 196217.06 196217.06 10.944428827952066 10.944428827952066 10.944428827952066 2.7361072069880166 2.7361072069880166 2.7361072069880166
 128 8388608 93522.072 93522.072 93522.072 22.962318970007424 22.962318970007424 22.962318970007424 5.740579742501856 5.740579742501856 5.740579742501856
 192 4194304 47099.113 47099.113 47099.113 34.19624348339639 34.19624348339639 34.19624348339639 8.549060870849097 8.549060870849097 8.549060870849097
 256 4194304 48758.03 48758.03 48758.03 44.04369183906733 44.04369183906733 44.04369183906733 11.010922959766832 11.010922959766832 11.010922959766832
 320 2097152 25051.117 25051.117 25051.117 53.57754227086961 53.57754227086961 53.57754227086961 13.394385567717402 13.394385567717402 13.394385567717402
 384 2097152 26001.93 26001.93 26001.93 61.94204568660865 61.94204568660865 61.94204568660865 15.485511421652163 15.485511421652163 15.485511421652163
 448 2097152 26138.067 26138.067 26138.067 71.88933259678308 71.88933259678308 71.88933259678308 17.97233314919577 17.97233314919577 17.97233314919577
 512 2097152 27681.112 27681.112 27681.112 77.57938510562727 77.57938510562727 77.57938510562727 19.394846276406817 19.394846276406817 19.394846276406817
 576 1048576 14210.939 14210.939 14210.939 85.0020925429347 85.0020925429347 85.0020925429347 21.250523135733676 21.250523135733676 21.250523135733676
 640 1048576 46607.971 46607.971 46607.971 28.79716175587219 28.79716175587219 28.79716175587219 7.199290438968047 7.199290438968047 7.199290438968047
 704 1048576 16895.056 16895.056 16895.056 87.38621570712756 87.38621570712756 87.38621570712756 21.84655392678189 21.84655392678189 21.84655392678189
 768 1048576 15113.115 15113.115 15113.115 106.57053400308276 106.57053400308276 106.57053400308276 26.64263350077069 26.64263350077069 26.64263350077069
 832 1048576 17366.886 17366.886 17366.886 100.46881542263824 100.46881542263824 100.46881542263824 25.11720385565956 25.11720385565956 25.11720385565956
 896 1048576 17724.991 17724.991 17724.991 106.01123532305319 106.01123532305319 106.01123532305319 26.502808830763296 26.502808830763296 26.502808830763296
 960 1048576 20653.009 20653.009 20653.009 97.48051337216772 97.48051337216772 97.48051337216772 24.37012834304193 24.37012834304193 24.37012834304193
 1024 1048576 15300.989 15300.989 15300.989 140.34933611154156 140.34933611154156 140.34933611154156 35.08733402788539 35.08733402788539 35.08733402788539
 1088 524288 9050.846 9050.846 9050.846 126.04906635247137 126.04906635247137 126.04906635247137 31.512266588117843 31.512266588117843 31.512266588117843
 1152 524288 9770.87 9770.87 9770.87 123.62865865577987 123.62865865577987 123.62865865577987 30.907164663944968 30.907164663944968 30.907164663944968
 1216 524288 11851.072 11851.072 11851.072 107.59097708629228 107.59097708629228 107.59097708629228 26.89774427157307 26.89774427157307 26.89774427157307
 1280 524288 11357.069 11357.069 11357.069 118.1799001133127 118.1799001133127 118.1799001133127 29.544975028328174 29.544975028328174 29.544975028328174
 1408 524288 11823.893 11823.893 11823.893 124.86538976629777 124.86538976629777 124.86538976629777 31.21634744157444 31.21634744157444 31.21634744157444
 1536 524288 13491.869 13491.869 13491.869 119.37654716333222 119.37654716333222 119.37654716333222 29.844136790833055 29.844136790833055 29.844136790833055
 1664 524288 13358.831 13358.831 13358.831 130.61251122946314 130.61251122946314 130.61251122946314 32.653127807365784 32.653127807365784 32.653127807365784
 1792 524288 12201.786 12201.786 12201.786 153.99779933855584 153.99779933855584 153.99779933855584 38.49944983463896 38.49944983463896 38.49944983463896
 1920 524288 14328.957 14328.957 14328.957 140.5033122787653 140.5033122787653 140.5033122787653 35.12582806969132 35.12582806969132 35.12582806969132
 2112 262144 9941.101 9941.101 9941.101 111.38567609362381 111.38567609362381 111.38567609362381 27.846419023405954 27.846419023405954 27.846419023405954
 2304 262144 9839.058 9839.058 9839.058 122.77187023391872 122.77187023391872 122.77187023391872 30.69296755847968 30.69296755847968 30.69296755847968
 2496 262144 8426.905 8426.905 8426.905 155.29104077950325 155.29104077950325 155.29104077950325 38.82276019487581 38.82276019487581 38.82276019487581
 2688 262144 9486.914 9486.914 9486.914 148.55053434657464 148.55053434657464 148.55053434657464 37.13763358664366 37.13763358664366 37.13763358664366
 2944 262144 10875.94 10875.94 10875.94 141.9191234964518 141.9191234964518 141.9191234964518 35.47978087411295 35.47978087411295 35.47978087411295
 3200 262144 12178.898 12178.898 12178.898 137.756437405092 137.756437405092 137.756437405092 34.439109351273 34.439109351273 34.439109351273
 3520 262144 14005.184 14005.184 14005.184 131.77218949783168 131.77218949783168 131.77218949783168 32.94304737445792 32.94304737445792 32.94304737445792
 3840 262144 16093.969 16093.969 16093.969 125.09443257906113 125.09443257906113 125.09443257906113 31.273608144765284 31.273608144765284 31.273608144765284
 4224 131072 7616.997 7616.997 7616.997 145.37175950049604 145.37175950049604 145.37175950049604 36.34293987512401 36.34293987512401 36.34293987512401
 4608 131072 7246.017 7246.017 7246.017 166.70669583027475 166.70669583027475 166.70669583027475 41.67667395756869 41.67667395756869 41.67667395756869
 5056 131072 11626.005 11626.005 11626.005 114.0030529833765 114.0030529833765 114.0030529833765 28.500763245844126 28.500763245844126 28.500763245844126
 5504 131072 9328.842 9328.842 9328.842 154.66448847563288 154.66448847563288 154.66448847563288 38.66612211890822 38.66612211890822 38.66612211890822
 6016 131072 12066.126 12066.126 12066.126 130.7012958425927 130.7012958425927 130.7012958425927 32.67532396064818 32.67532396064818 32.67532396064818
 6592 131072 11446.953 11446.953 11446.953 150.96185404098367 150.96185404098367 150.96185404098367 37.74046351024592 37.74046351024592 37.74046351024592
 7232 131072 10693.073 10693.073 10693.073 177.29472229358203 177.29472229358203 177.29472229358203 44.32368057339551 44.32368057339551 44.32368057339551
 7936 131072 14190.197 14190.197 14190.197 146.60647656970514 146.60647656970514 146.60647656970514 36.651619142426284 36.651619142426284 36.651619142426284
 8704 65536 8428.812 8428.812 8428.812 135.35130312551757 135.35130312551757 135.35130312551757 33.837825781379394 33.837825781379394 33.837825781379394
 9536 65536 9870.052 9870.052 9870.052 126.63586696402412 126.63586696402412 126.63586696402412 31.65896674100603 31.65896674100603 31.65896674100603
 10432 65536 22660.971 22660.971 22660.971 60.33912244978381 60.33912244978381 60.33912244978381 15.084780612445952 15.084780612445952 15.084780612445952
 11456 65536 7706.881 7706.881 7706.881 194.83378970039888 194.83378970039888 194.83378970039888 48.70844742509972 48.70844742509972 48.70844742509972
 12544 65536 8339.882 8339.882 8339.882 197.14513562661918 197.14513562661918 197.14513562661918 49.286283906654795 49.286283906654795 49.286283906654795
 13760 65536 9998.083 9998.083 9998.083 180.38965269642188 180.38965269642188 180.38965269642188 45.09741317410547 45.09741317410547 45.09741317410547
 15104 65536 11044.025 11044.025 11044.025 179.25633888007317 179.25633888007317 179.25633888007317 44.81408472001829 44.81408472001829 44.81408472001829
 16576 32768 8871.078 8871.078 8871.078 122.45690275747772 122.45690275747772 122.45690275747772 30.61422568936943 30.61422568936943 30.61422568936943
 18176 32768 8594.99 8594.99 8594.99 138.5903108671447 138.5903108671447 138.5903108671447 34.647577716786174 34.647577716786174 34.647577716786174
 19968 32768 48656.94 48656.94 48656.94 26.89488586828518 26.89488586828518 26.89488586828518 6.723721467071295 6.723721467071295 6.723721467071295
 21952 32768 8622.885 8622.885 8622.885 166.84047995537455 166.84047995537455 166.84047995537455 41.71011998884364 41.71011998884364 41.71011998884364
 24128 32768 11157.99 11157.99 11157.99 141.7148256988938 141.7148256988938 141.7148256988938 35.42870642472345 35.42870642472345 35.42870642472345
 26496 32768 12603.998 12603.998 12603.998 137.76913135022713 137.76913135022713 137.76913135022713 34.44228283755678 34.44228283755678 34.44228283755678
 29120 32768 11269.093 11269.093 11269.093 169.34888371229164 169.34888371229164 169.34888371229164 42.33722092807291 42.33722092807291 42.33722092807291
 32000 32768 13297.796 13297.796 13297.796 157.70673576282866 157.70673576282866 157.70673576282866 39.426683940707164 39.426683940707164 39.426683940707164
 35200 16384 9307.146 9307.146 9307.146 123.92989214953757 123.92989214953757 123.92989214953757 30.98247303738439 30.98247303738439 30.98247303738439
 38720 16384 8463.86 8463.86 8463.86 149.90523945339362 149.90523945339362 149.90523945339362 37.476309863348405 37.476309863348405 37.476309863348405
 42560 16384 9693.861 9693.861 9693.861 143.86487283034074 143.86487283034074 143.86487283034074 35.966218207585186 35.966218207585186 35.966218207585186
 46784 16384 9243.965 9243.965 9243.965 165.83988710472184 165.83988710472184 165.83988710472184 41.45997177618046 41.45997177618046 41.45997177618046
 51456 16384 8308.172 8308.172 8308.172 202.94599197031548 202.94599197031548 202.94599197031548 50.73649799257887 50.73649799257887 50.73649799257887
 56576 16384 9144.068 9144.068 9144.068 202.74153341816793 202.74153341816793 202.74153341816793 50.68538335454198 50.68538335454198 50.68538335454198
 62208 16384 10151.863 10151.863 10151.863 200.79385862476673 200.79385862476673 200.79385862476673 50.19846465619168 50.19846465619168 50.19846465619168
 68416 8192 6933.928 6933.928 6933.928 161.65840545214778 161.65840545214778 161.65840545214778 40.414601363036944 40.414601363036944 40.414601363036944
 75200 8192 9209.156 9209.156 9209.156 133.78824291824353 133.78824291824353 133.78824291824353 33.44706072956088 33.44706072956088 33.44706072956088
 82688 8192 7836.819 7836.819 7836.819 172.8711856175318 172.8711856175318 172.8711856175318 43.21779640438295 43.21779640438295 43.21779640438295
 90944 8192 10738.85 10738.85 10738.85 138.75102976575704 138.75102976575704 138.75102976575704 34.68775744143926 34.68775744143926 34.68775744143926
 100032 8192 52736.998 52736.998 52736.998 31.077314791410764 31.077314791410764 31.077314791410764 7.769328697852691 7.769328697852691 7.769328697852691
 110016 8192 10174.036 10174.036 10174.036 177.16687300890226 177.16687300890226 177.16687300890226 44.291718252225564 44.291718252225564 44.291718252225564
 120960 8192 9830.952 9830.952 9830.952 201.5886803231264 201.5886803231264 201.5886803231264 50.3971700807816 50.3971700807816 50.3971700807816
 133056 4096 8864.164 8864.164 8864.164 122.96644692043151 122.96644692043151 122.96644692043151 30.741611730107877 30.741611730107877 30.741611730107877
 146304 4096 6037.951 6037.951 6037.951 198.49819384092385 198.49819384092385 198.49819384092385 49.62454846023096 49.62454846023096 49.62454846023096
 160896 4096 8659.84 8659.84 8659.84 152.20373956100806 152.20373956100806 152.20373956100806 38.050934890252016 38.050934890252016 38.050934890252016
 176960 4096 10195.017 10195.017 10195.017 142.19263391125293 142.19263391125293 142.19263391125293 35.54815847781323 35.54815847781323 35.54815847781323
 194624 4096 8185.148 8185.148 8185.148 194.78692480575796 194.78692480575796 194.78692480575796 48.69673120143949 48.69673120143949 48.69673120143949
 214080 4096 9855.032 9855.032 9855.032 177.95410101154417 177.95410101154417 177.95410101154417 44.48852525288604 44.48852525288604 44.48852525288604
 235456 4096 10663.986 10663.986 10663.986 180.87566431538824 180.87566431538824 180.87566431538824 45.21891607884706 45.21891607884706 45.21891607884706
 258944 4096 13773.918 13773.918 13773.918 154.0062346820999 154.0062346820999 154.0062346820999 38.50155867052497 38.50155867052497 38.50155867052497
 284800 2048 26002.169 26002.169 26002.169 44.863211219033296 44.863211219033296 44.863211219033296 11.215802804758324 11.215802804758324 11.215802804758324
 313280 2048 8631.945 8631.945 8631.945 148.65651715806808 148.65651715806808 148.65651715806808 37.16412928951702 37.16412928951702 37.16412928951702
 344576 2048 8682.013 8682.013 8682.013 162.56406158341386 162.56406158341386 162.56406158341386 40.641015395853465 40.641015395853465 40.641015395853465
 379008 2048 10394.096 10394.096 10394.096 149.35563111982034 149.35563111982034 149.35563111982034 37.338907779955086 37.338907779955086 37.338907779955086
 416896 2048 12149.096 12149.096 12149.096 140.55416271301172 140.55416271301172 140.55416271301172 35.13854067825293 35.13854067825293 35.13854067825293
 458560 2048 13628.96 13628.96 13628.96 137.81401955835221 137.81401955835221 137.81401955835221 34.453504889588054 34.453504889588054 34.453504889588054
 504384 2048 15264.988 15264.988 15264.988 135.3395668571767 135.3395668571767 135.3395668571767 33.83489171429417 33.83489171429417 33.83489171429417
 554816 1024 8876.085 8876.085 8876.085 128.0140025698267 128.0140025698267 128.0140025698267 32.00350064245667 32.00350064245667 32.00350064245667
 610240 1024 10091.066 10091.066 10091.066 123.84930591079275 123.84930591079275 123.84930591079275 30.962326477698188 30.962326477698188 30.962326477698188
 671232 1024 10321.14 10321.14 10321.14 133.19101727134793 133.19101727134793 133.19101727134793 33.29775431783698 33.29775431783698 33.29775431783698
 738304 1024 8501.053 8501.053 8501.053 177.86579991913942 177.86579991913942 177.86579991913942 44.466449979784855 44.466449979784855 44.466449979784855
 812096 1024 13530.016 13530.016 13530.016 122.9246593647783 122.9246593647783 122.9246593647783 30.731164841194573 30.731164841194573 30.731164841194573
 893248 1024 13434.887 13434.887 13434.887 136.16578271183076 136.16578271183076 136.16578271183076 34.04144567795769 34.04144567795769 34.04144567795769
 982528 1024 14844.894 14844.894 14844.894 135.54945855457103 135.54945855457103 135.54945855457103 33.88736463864276 33.88736463864276 33.88736463864276
 1080768 512 9635.925 9635.925 9635.925 114.85212182535666 114.85212182535666 114.85212182535666 28.713030456339165 28.713030456339165 28.713030456339165
 1188800 512 7255.077 7255.077 7255.077 167.79025226058937 167.79025226058937 167.79025226058937 41.94756306514734 41.94756306514734 41.94756306514734
 1307648 512 11099.815 11099.815 11099.815 120.63548374454889 120.63548374454889 120.63548374454889 30.158870936137223 30.158870936137223 30.158870936137223
 1438400 512 8486.032 8486.032 8486.032 173.57012087628237 173.57012087628237 173.57012087628237 43.39253021907059 43.39253021907059 43.39253021907059
 1582208 512 9729.862 9729.862 9729.862 166.51633825844604 166.51633825844604 166.51633825844604 41.62908456461151 41.62908456461151 41.62908456461151
 1740416 512 10702.133 10702.133 10702.133 166.5262414511201 166.5262414511201 166.5262414511201 41.63156036278002 41.63156036278002 41.63156036278002
 1914432 512 13864.994 13864.994 13864.994 141.39049522848694 141.39049522848694 141.39049522848694 35.347623807121735 35.347623807121735 35.347623807121735
 2105856 256 7935.047 7935.047 7935.047 135.87799442145715 135.87799442145715 135.87799442145715 33.96949860536429 33.96949860536429 33.96949860536429
 2316416 256 11657.0 11657.0 11657.0 101.74187115038174 101.74187115038174 101.74187115038174 25.435467787595435 25.435467787595435 25.435467787595435
 2548032 256 9424.925 9424.925 9424.925 138.41939156014504 138.41939156014504 138.41939156014504 34.60484789003626 34.60484789003626 34.60484789003626
 2802816 256 10709.047 10709.047 10709.047 134.0027541199511 134.0027541199511 134.0027541199511 33.50068852998778 33.50068852998778 33.50068852998778
 3083072 256 11747.837 11747.837 11747.837 134.36795760785583 134.36795760785583 134.36795760785583 33.59198940196396 33.59198940196396 33.59198940196396
 3391360 256 13747.931 13747.931 13747.931 126.30091902556102 126.30091902556102 126.30091902556102 31.575229756390254 31.575229756390254 31.575229756390254
 3730496 256 17245.054 17245.054 17245.054 110.75720331174377 110.75720331174377 110.75720331174377 27.68930082793594 27.68930082793594 27.68930082793594
 4103488 256 17112.97 17112.97 17112.97 122.7715502335363 122.7715502335363 122.7715502335363 30.692887558384076 30.692887558384076 30.692887558384076
 4513792 128 11943.102 11943.102 11943.102 96.7529836050969 96.7529836050969 96.7529836050969 24.188245901274225 24.188245901274225 24.188245901274225
 4965120 128 13230.085 13230.085 13230.085 96.0742670965455 96.0742670965455 96.0742670965455 24.018566774136374 24.018566774136374 24.018566774136374
 5461632 128 10464.907 10464.907 10464.907 133.60632750964726 133.60632750964726 133.60632750964726 33.401581877411815 33.401581877411815 33.401581877411815
 6007744 128 11734.009 11734.009 11734.009 131.0705031843763 131.0705031843763 131.0705031843763 32.76762579609407 32.76762579609407 32.76762579609407
 6608512 128 14963.15 14963.15 14963.15 113.06302964282254 113.06302964282254 113.06302964282254 28.265757410705636 28.265757410705636 28.265757410705636
 7269312 128 16575.098 16575.098 16575.098 112.2734762714525 112.2734762714525 112.2734762714525 28.068369067863124 28.068369067863124 28.068369067863124
 7996224 128 18298.149 18298.149 18298.149 111.87106105650358 111.87106105650358 111.87106105650358 27.967765264125894 27.967765264125894 27.967765264125894
 8795840 64 11633.158 11633.158 11633.158 96.78090162619642 96.78090162619642 96.78090162619642 24.195225406549106 24.195225406549106 24.195225406549106
 9675392 64 12915.85 12915.85 12915.85 95.88607610029537 95.88607610029537 95.88607610029537 23.971519025073842 23.971519025073842 23.971519025073842
 10642880 64 10231.972 10231.972 10231.972 133.14037997758402 133.14037997758402 133.14037997758402 33.285094994396005 33.285094994396005 33.285094994396005
 11707136 64 11363.983 11363.983 11363.983 131.86515748923594 131.86515748923594 131.86515748923594 32.966289372308985 32.966289372308985 32.966289372308985
 12877824 64 13007.879 13007.879 13007.879 126.72023409811852 126.72023409811852 126.72023409811852 31.68005852452963 31.68005852452963 31.68005852452963
 14165568 64 13637.066 13637.066 13637.066 132.96061660184088 132.96061660184088 132.96061660184088 33.24015415046022 33.24015415046022 33.24015415046022
 15582080 64 15205.145 15205.145 15205.145 131.17311541586747 131.17311541586747 131.17311541586747 32.79327885396687 32.79327885396687 32.79327885396687
 17140288 32 11687.04 11687.04 11687.04 93.86281145610864 93.86281145610864 93.86281145610864 23.46570286402716 23.46570286402716 23.46570286402716
 18854272 32 11240.959 11240.959 11240.959 107.34612660716937 107.34612660716937 107.34612660716937 26.836531651792342 26.836531651792342 26.836531651792342
 20739648 32 12365.103 12365.103 12365.103 107.345444029055 107.345444029055 107.345444029055 26.83636100726375 26.83636100726375 26.83636100726375
 22813568 32 13607.979 13607.979 13607.979 107.29501801847285 107.29501801847285 107.29501801847285 26.82375450461821 26.82375450461821 26.82375450461821
 25094912 32 54125.071 54125.071 54125.071 29.67339050696118 29.67339050696118 29.67339050696118 7.418347626740295 7.418347626740295 7.418347626740295
 27604352 32 13395.071 13395.071 13395.071 131.8901951322244 131.8901951322244 131.8901951322244 32.9725487830561 32.9725487830561 32.9725487830561
 30364736 32 14803.886 14803.886 14803.886 131.2724985858443 131.2724985858443 131.2724985858443 32.81812464646107 32.81812464646107 32.81812464646107
 33401152 32 19539.118 19539.118 19539.118 109.40482206003364 109.40482206003364 109.40482206003364 27.35120551500841 27.35120551500841 27.35120551500841
 36741248 16 12511.015 12511.015 12511.015 93.97478430007477 93.97478430007477 93.97478430007477 23.493696075018693 23.493696075018693 23.493696075018693
 40415360 16 10098.934 10098.934 10098.934 128.06218161243555 128.06218161243555 128.06218161243555 32.01554540310889 32.01554540310889 32.01554540310889
 44456896 16 14210.939 14210.939 14210.939 100.10743639107874 100.10743639107874 100.10743639107874 25.026859097769684 25.026859097769684 25.026859097769684
 48902528 16 13797.998 13797.998 13797.998 113.41361957002749 113.41361957002749 113.41361957002749 28.353404892506873 28.353404892506873 28.353404892506873
 53792768 16 13659.954 13659.954 13659.954 126.01569346426788 126.01569346426788 126.01569346426788 31.50392336606697 31.50392336606697 31.50392336606697
 59172032 16 18064.976 18064.976 18064.976 104.81635978924079 104.81635978924079 104.81635978924079 26.204089947310198 26.204089947310198 26.204089947310198
 65089216 16 20114.183 20114.183 20114.183 103.55155424408737 103.55155424408737 103.55155424408737 25.887888561021843 25.887888561021843 25.887888561021843
 71598080 8 14248.133 14248.133 14248.133 80.40136065546271 80.40136065546271 80.40136065546271 20.100340163865678 20.100340163865678 20.100340163865678
 78757888 8 15371.799 15371.799 15371.799 81.97649526903129 81.97649526903129 81.97649526903129 20.494123817257822 20.494123817257822 20.494123817257822
 86633664 8 16115.904 16115.904 16115.904 86.0106031904881 86.0106031904881 86.0106031904881 21.502650797622024 21.502650797622024 21.502650797622024
 95297024 8 16458.988 16458.988 16458.988 92.63949788407403 92.63949788407403 92.63949788407403 23.159874471018508 23.159874471018508 23.159874471018508
 104826688 8 15453.1 15453.1 15453.1 108.53660482362761 108.53660482362761 108.53660482362761 27.134151205906903 27.134151205906903 27.134151205906903
 115309312 8 21133.9 21133.9 21133.9 87.2980846885809 87.2980846885809 87.2980846885809 21.824521172145225 21.824521172145225 21.824521172145225
 126840192 8 24692.059 24692.059 24692.059 82.19011107984149 82.19011107984149 82.19011107984149 20.54752776996037 20.54752776996037 20.54752776996037
 139524160 4 16637.087 16637.087 16637.087 67.09066797570995 67.09066797570995 67.09066797570995 16.772666993927487 16.772666993927487 16.772666993927487
 153476544 4 18714.905 18714.905 18714.905 65.60612260655344 65.60612260655344 65.60612260655344 16.40153065163836 16.40153065163836 16.40153065163836
 168824192 4 21265.984 21265.984 21265.984 63.50957171791345 63.50957171791345 63.50957171791345 15.877392929478363 15.877392929478363 15.877392929478363
 185706560 4 21821.976 21821.976 21821.976 68.08056612288456 68.08056612288456 68.08056612288456 17.02014153072114 17.02014153072114 17.02014153072114
 204277184 4 27925.968 27925.968 27925.968 58.519635630893795 58.519635630893795 58.519635630893795 14.629908907723449 14.629908907723449 14.629908907723449
 224704896 4 49077.034 49077.034 49077.034 36.62892847192029 36.62892847192029 36.62892847192029 9.157232117980072 9.157232117980072 9.157232117980072
 247175360 4 28724.909 28724.909 28724.909 68.83930876856738 68.83930876856738 68.83930876856738 17.209827192141844 17.209827192141844 17.209827192141844
 271892864 2 17812.967 17812.967 17812.967 61.055042430606875 61.055042430606875 61.055042430606875 15.263760607651719 15.263760607651719 15.263760607651719
 299082112 2 19079.208 19079.208 19079.208 62.703255187531894 62.703255187531894 62.703255187531894 15.675813796882974 15.675813796882974 15.675813796882974
 328990272 2 22056.103 22056.103 22056.103 59.664261089096286 59.664261089096286 59.664261089096286 14.916065272274071 14.916065272274071 14.916065272274071
 361889280 2 24842.978 24842.978 24842.978 58.268260753602085 58.268260753602085 58.268260753602085 14.567065188400521 14.567065188400521 14.567065188400521
 398078208 2 25974.035 25974.035 25974.035 61.304022728852104 61.304022728852104 61.304022728852104 15.326005682213026 15.326005682213026 15.326005682213026
 437886016 2 28277.874 28277.874 28277.874 61.940443754717904 61.940443754717904 61.940443754717904 15.485110938679476 15.485110938679476 15.485110938679476
 481674560 2 32279.015 32279.015 32279.015 59.688879601809404 59.688879601809404 59.688879601809404 14.922219900452351 14.922219900452351 14.922219900452351
 529841984 2 34632.921 34632.921 34632.921 61.195182930137484 61.195182930137484 61.195182930137484 15.298795732534371 15.298795732534371 15.298795732534371
 582826176 1 21918.058 21918.058 21918.058 53.18228248141327 53.18228248141327 53.18228248141327 13.295570620353317 13.295570620353317 13.295570620353317
 641108736 1 23653.03 23653.03 23653.03 54.20943836793848 54.20943836793848 54.20943836793848 13.55235959198462 13.55235959198462 13.55235959198462
 705219584 1 25680.065 25680.065 25680.065 54.923504593933075 54.923504593933075 54.923504593933075 13.730876148483269 13.730876148483269 13.730876148483269
 775741504 1 29255.152 29255.152 29255.152 53.032813092203384 53.032813092203384 53.032813092203384 13.258203273050846 13.258203273050846 13.258203273050846
 853315648 1 25029.898 25029.898 25029.898 68.18370957804143 68.18370957804143 68.18370957804143 17.045927394510358 17.045927394510358 17.045927394510358
 938647168 1 34265.041 34265.041 34265.041 54.78745336974791 54.78745336974791 54.78745336974791 13.696863342436977 13.696863342436977 13.696863342436977
 1032511872 1 33267.021 33267.021 33267.021 62.074200872990694 62.074200872990694 62.074200872990694 15.518550218247674 15.518550218247674 15.518550218247674
 
META_DATA
 MPI startup(): shm:tmi fabric is unknown or has been removed from the product, please use ofi or shm:ofi instead
 FLOPS          4
 MPI_PROCS      2
 OPENMP_THREADS 4
 ERT_VERSION  1.1.0
 HOSTNAME  ('shas0420.rc.int.colorado.edu', [], ['10.225.6.135'])
 UNAME  uname_result(system='Linux', node='shas0420.rc.int.colorado.edu', release='3.10.0-957.27.2.el7.x86_64', version='#1 SMP Mon Jul 29 17:46:05 UTC 2019', machine='x86_64', processor='x86_64')
 TIMESTAMP_DATA  1664552881.3262725
 CONFIG  {'ERT_RESULTS': ['lab5_results'], 'ERT_DRIVER': ['driver1'], 'ERT_KERNEL': ['kernel1'], 'ERT_MPI': ['True'], 'ERT_MPI_CFLAGS': ['-I/usr/include/mpi'], 'ERT_MPI_LDFLAGS': ['-lmpi'], 'ERT_OPENMP': ['True'], 'ERT_OPENMP_CFLAGS': ['-qopenmp'], 'ERT_OPENMP_LDFLAGS': ['-qopenmp'], 'ERT_FLOPS': ['1,2,4,8,16'], 'ERT_ALIGN': ['32'], 'ERT_CC': ['mpicc'], 'ERT_CFLAGS': ['-O3', '-msse3', '-axSSE3', '-xSSE3', '-fno-alias', '-fno-fnalias', '-DERT_INTEL', '-std=c++11'], 'ERT_LD': ['mpicc'], 'ERT_LDFLAGS': [], 'ERT_LDLIBS': [], 'ERT_PRECISION': ['FP64'], 'ERT_RUN': ['export', 'OMP_NUM_THREADS=ERT_OPENMP_THREADS;', 'mpirun', '-np', 'ERT_MPI_PROCS', 'ERT_CODE'], 'ERT_PROCS_THREADS': ['1-24'], 'ERT_MPI_PROCS': ['1,2,4'], 'ERT_OPENMP_THREADS': ['1,2,4'], 'ERT_NUM_EXPERIMENTS': ['1'], 'ERT_MEMORY_MAX': ['1073741824'], 'ERT_WORKING_SET_MIN': ['1'], 'ERT_TRIALS_MIN': ['1'], 'ERT_GNUPLOT': ['gnuplot'], 'ERT_GPU': [False], 'ERT_HIP': [False], 'ERT_OCL': [False], 'ERT_SYCL': [False], 'ERT_WSS_MULT': [1.1]}
 