fp64
 16 67108864 1331027.031 1331027.031 1331027.031 1.6134034831633712 1.6134034831633712 1.6134034831633712 1.6134034831633712 1.6134034831633712 1.6134034831633712
 32 33554432 675421.953 675421.953 675421.953 3.1794697203157094 3.1794697203157094 3.1794697203157094 3.1794697203157094 3.1794697203157094 3.1794697203157094
 48 16777216 337903.023 337903.023 337903.023 4.76649401269192 4.76649401269192 4.76649401269192 4.76649401269192 4.76649401269192 4.76649401269192
 64 16777216 337590.933 337590.933 337590.933 6.361200607244982 6.361200607244982 6.361200607244982 6.361200607244982 6.361200607244982 6.361200607244982
 80 8388608 169786.215 169786.215 169786.215 7.90510160085729 7.90510160085729 7.90510160085729 7.90510160085729 7.90510160085729 7.90510160085729
 96 8388608 181362.867 181362.867 181362.867 8.88060914917054 8.88060914917054 8.88060914917054 8.88060914917054 8.88060914917054 8.88060914917054
 112 8388608 181813.002 181813.002 181813.002 10.335059491509853 10.335059491509853 10.335059491509853 10.335059491509853 10.335059491509853 10.335059491509853
 128 8388608 173813.82 173813.82 173813.82 12.355079981557278 12.355079981557278 12.355079981557278 12.355079981557278 12.355079981557278 12.355079981557278
 144 4194304 87985.992 87985.992 87985.992 13.728998497851794 13.728998497851794 13.728998497851794 13.728998497851794 13.728998497851794 13.728998497851794
 160 4194304 88163.137 88163.137 88163.137 15.223792229625404 15.223792229625404 15.223792229625404 15.223792229625404 15.223792229625404 15.223792229625404
 176 4194304 100133.896 100133.896 100133.896 14.74420817502197 14.74420817502197 14.74420817502197 14.74420817502197 14.74420817502197 14.74420817502197
 192 4194304 100409.985 100409.985 100409.985 16.040364272537236 16.040364272537236 16.040364272537236 16.040364272537236 16.040364272537236 16.040364272537236
 208 4194304 116731.167 116731.167 116731.167 14.947425857568957 14.947425857568957 14.947425857568957 14.947425857568957 14.947425857568957 14.947425857568957
 224 4194304 117444.038 117444.038 117444.038 15.999519635045246 15.999519635045246 15.999519635045246 15.999519635045246 15.999519635045246 15.999519635045246
 240 4194304 133013.01 133013.01 133013.01 15.135857161641553 15.135857161641553 15.135857161641553 15.135857161641553 15.135857161641553 15.135857161641553
 256 4194304 90334.177 90334.177 90334.177 23.772659687816716 23.772659687816716 23.772659687816716 23.772659687816716 23.772659687816716 23.772659687816716
 272 2097152 55364.132 55364.132 55364.132 20.606313994049433 20.606313994049433 20.606313994049433 20.606313994049433 20.606313994049433 20.606313994049433
 288 2097152 56373.835 56373.835 56373.835 21.427663241289153 21.427663241289153 21.427663241289153 21.427663241289153 21.427663241289153 21.427663241289153
 304 2097152 67076.921 67076.921 67076.921 19.009048074821443 19.009048074821443 19.009048074821443 19.009048074821443 19.009048074821443 19.009048074821443
 320 2097152 65364.122 65364.122 65364.122 20.53385311287437 20.53385311287437 20.53385311287437 20.53385311287437 20.53385311287437 20.53385311287437
 352 2097152 74722.767 74722.767 74722.767 19.758302151739105 19.758302151739105 19.758302151739105 19.758302151739105 19.758302151739105 19.758302151739105
 384 2097152 82006.931 82006.931 82006.931 19.6399586761758 19.6399586761758 19.6399586761758 19.6399586761758 19.6399586761758 19.6399586761758
 416 2097152 89396.0 89396.0 89396.0 19.517992572374602 19.517992572374602 19.517992572374602 19.517992572374602 19.517992572374602 19.517992572374602
 448 2097152 98577.976 98577.976 98577.976 19.061541616557435 19.061541616557435 19.061541616557435 19.061541616557435 19.061541616557435 19.061541616557435
 480 2097152 106854.916 106854.916 106854.916 18.841116491074683 18.841116491074683 18.841116491074683 18.841116491074683 18.841116491074683 18.841116491074683
 528 1048576 50405.979 50405.979 50405.979 21.967557777223213 21.967557777223213 21.967557777223213 21.967557777223213 21.967557777223213 21.967557777223213
 576 1048576 57005.882 57005.882 57005.882 21.190086173914473 21.190086173914473 21.190086173914473 21.190086173914473 21.190086173914473 21.190086173914473
 624 1048576 63798.904 63798.904 63798.904 20.511682269651526 20.511682269651526 20.511682269651526 20.511682269651526 20.511682269651526 20.511682269651526
 672 1048576 67483.902 67483.902 67483.902 20.88329367795004 20.88329367795004 20.88329367795004 20.88329367795004 20.88329367795004 20.88329367795004
 736 1048576 76493.025 76493.025 76493.025 20.1783609943521 20.1783609943521 20.1783609943521 20.1783609943521 20.1783609943521 20.1783609943521
 800 1048576 73791.981 73791.981 73791.981 22.735825455072142 22.735825455072142 22.735825455072142 22.735825455072142 22.735825455072142 22.735825455072142
 880 1048576 85975.885 85975.885 85975.885 21.465248772955352 21.465248772955352 21.465248772955352 21.465248772955352 21.465248772955352 21.465248772955352
 960 1048576 94833.851 94833.851 94833.851 21.229401724917825 21.229401724917825 21.229401724917825 21.229401724917825 21.229401724917825 21.229401724917825
 1056 524288 48773.05 48773.05 48773.05 22.703034893245345 22.703034893245345 22.703034893245345 22.703034893245345 22.703034893245345 22.703034893245345
 1152 524288 54710.865 54710.865 54710.865 22.07897009122411 22.07897009122411 22.07897009122411 22.07897009122411 22.07897009122411 22.07897009122411
 1264 524288 62995.911 62995.911 62995.911 21.039461815227977 21.039461815227977 21.039461815227977 21.039461815227977 21.039461815227977 21.039461815227977
 1376 524288 64186.096 64186.096 64186.096 22.479020627769604 22.479020627769604 22.479020627769604 22.479020627769604 22.479020627769604 22.479020627769604
 1504 524288 71991.205 71991.205 71991.205 21.906263466488717 21.906263466488717 21.906263466488717 21.906263466488717 21.906263466488717 21.906263466488717
 1648 524288 77466.965 77466.965 77466.965 22.306969790284153 22.306969790284153 22.306969790284153 22.306969790284153 22.306969790284153 22.306969790284153
 1808 524288 82093.0 82093.0 82093.0 23.0936304922466 23.0936304922466 23.0936304922466 23.0936304922466 23.0936304922466 23.0936304922466
 1984 524288 92722.893 92722.893 92722.893 22.43647406471668 22.43647406471668 22.43647406471668 22.43647406471668 22.43647406471668 22.43647406471668
 2176 262144 50221.92 50221.92 50221.92 22.71619022132169 22.71619022132169 22.71619022132169 22.71619022132169 22.71619022132169 22.71619022132169
 2384 262144 55055.141 55055.141 55055.141 22.702740730425155 22.702740730425155 22.702740730425155 22.702740730425155 22.702740730425155 22.702740730425155
 2608 262144 59841.156 59841.156 59841.156 22.849543615099947 22.849543615099947 22.849543615099947 22.849543615099947 22.849543615099947 22.849543615099947
 2864 262144 65444.946 65444.946 65444.946 22.943877621963352 22.943877621963352 22.943877621963352 22.943877621963352 22.943877621963352 22.943877621963352
 3136 262144 71219.921 71219.921 71219.921 23.085776351815948 23.085776351815948 23.085776351815948 23.085776351815948 23.085776351815948 23.085776351815948
 3440 262144 78649.044 78649.044 78649.044 22.931629277019567 22.931629277019567 22.931629277019567 22.931629277019567 22.931629277019567 22.931629277019567
 3776 262144 86588.144 86588.144 86588.144 22.86353993221058 22.86353993221058 22.86353993221058 22.86353993221058 22.86353993221058 22.86353993221058
 4144 131072 47038.078 47038.078 47038.078 23.09458171313887 23.09458171313887 23.09458171313887 23.09458171313887 23.09458171313887 23.09458171313887
 4544 131072 51899.91 51899.91 51899.91 22.951529896679975 22.951529896679975 22.951529896679975 22.951529896679975 22.951529896679975 22.951529896679975
 4992 131072 56553.125 56553.125 56553.125 23.139708866662982 23.139708866662982 23.139708866662982 23.139708866662982 23.139708866662982 23.139708866662982
 5488 131072 62455.893 62455.893 62455.893 23.03459614291321 23.03459614291321 23.03459614291321 23.03459614291321 23.03459614291321 23.03459614291321
 6032 131072 68440.199 68440.199 68440.199 23.104149770224954 23.104149770224954 23.104149770224954 23.104149770224954 23.104149770224954 23.104149770224954
 6624 131072 75242.996 75242.996 75242.996 23.07778728002803 23.07778728002803 23.07778728002803 23.07778728002803 23.07778728002803 23.07778728002803
 7280 131072 82499.027 82499.027 82499.027 23.13249488384875 23.13249488384875 23.13249488384875 23.13249488384875 23.13249488384875 23.13249488384875
 8000 131072 89866.877 89866.877 89866.877 23.336206509101235 23.336206509101235 23.336206509101235 23.336206509101235 23.336206509101235 23.336206509101235
 8800 65536 49582.005 49582.005 49582.005 23.263149604377638 23.263149604377638 23.263149604377638 23.263149604377638 23.263149604377638 23.263149604377638
 9680 65536 55282.831 55282.831 55282.831 22.950650989635463 22.950650989635463 22.950650989635463 22.950650989635463 22.950650989635463 22.950650989635463
 10640 65536 60189.009 60189.009 60189.009 23.17044429158154 23.17044429158154 23.17044429158154 23.17044429158154 23.17044429158154 23.17044429158154
 11696 65536 65940.857 65940.857 65940.857 23.24838016588107 23.24838016588107 23.24838016588107 23.24838016588107 23.24838016588107 23.24838016588107
 12864 65536 72108.03 72108.03 72108.03 23.383112920988136 23.383112920988136 23.383112920988136 23.383112920988136 23.383112920988136 23.383112920988136
 14144 65536 79107.046 79107.046 79107.046 23.435110546284335 23.435110546284335 23.435110546284335 23.435110546284335 23.435110546284335 23.435110546284335
 15552 65536 87370.872 87370.872 87370.872 23.33079317326717 23.33079317326717 23.33079317326717 23.33079317326717 23.33079317326717 23.33079317326717
 17104 32768 48118.114 48118.114 48118.114 23.295338300250087 23.295338300250087 23.295338300250087 23.295338300250087 23.295338300250087 23.295338300250087
 18800 32768 52762.985 52762.985 52762.985 23.351158013520273 23.351158013520273 23.351158013520273 23.351158013520273 23.351158013520273 23.351158013520273
 20672 32768 58095.932 58095.932 58095.932 23.319364116578765 23.319364116578765 23.319364116578765 23.319364116578765 23.319364116578765 23.319364116578765
 22736 32768 63863.039 63863.039 63863.039 23.331593975664077 23.331593975664077 23.331593975664077 23.331593975664077 23.331593975664077 23.331593975664077
 25008 32768 70344.925 70344.925 70344.925 23.298401242164942 23.298401242164942 23.298401242164942 23.298401242164942 23.298401242164942 23.298401242164942
 27504 32768 77049.017 77049.017 77049.017 23.39422635333556 23.39422635333556 23.39422635333556 23.39422635333556 23.39422635333556 23.39422635333556
 30240 32768 84753.99 84753.99 84753.99 23.38307187661607 23.38307187661607 23.38307187661607 23.38307187661607 23.38307187661607 23.38307187661607
 33264 16384 46906.948 46906.948 46906.948 23.237383766686335 23.237383766686335 23.237383766686335 23.237383766686335 23.237383766686335 23.237383766686335
 36576 16384 51461.935 51461.935 51461.935 23.289492864969027 23.289492864969027 23.289492864969027 23.289492864969027 23.289492864969027 23.289492864969027
 40224 16384 56512.833 56512.833 56512.833 23.32319867949285 23.32319867949285 23.32319867949285 23.32319867949285 23.32319867949285 23.32319867949285
 44240 16384 62097.073 62097.073 62097.073 23.34500242869741 23.34500242869741 23.34500242869741 23.34500242869741 23.34500242869741 23.34500242869741
 48656 16384 68298.101 68298.101 68298.101 23.34413087122291 23.34413087122291 23.34413087122291 23.34413087122291 23.34413087122291 23.34413087122291
 53520 16384 75710.058 75710.058 75710.058 23.16394157299417 23.16394157299417 23.16394157299417 23.16394157299417 23.16394157299417 23.16394157299417
 58864 16384 82948.923 82948.923 82948.923 23.253533406334885 23.253533406334885 23.253533406334885 23.253533406334885 23.253533406334885 23.253533406334885
 64736 16384 91101.885 91101.885 91101.885 23.28458130147362 23.28458130147362 23.28458130147362 23.28458130147362 23.28458130147362 23.28458130147362
 71200 8192 49988.031 49988.031 49988.031 23.336402267974904 23.336402267974904 23.336402267974904 23.336402267974904 23.336402267974904 23.336402267974904
 78320 8192 54967.88 54967.88 54967.88 23.344449158308453 23.344449158308453 23.344449158308453 23.344449158308453 23.344449158308453 23.344449158308453
 86144 8192 60497.999 60497.999 60497.999 23.329421126804537 23.329421126804537 23.329421126804537 23.329421126804537 23.329421126804537 23.329421126804537
 94752 8192 66493.034 66493.034 66493.034 23.347058700915948 23.347058700915948 23.347058700915948 23.347058700915948 23.347058700915948 23.347058700915948
 104224 8192 73044.062 73044.062 73044.062 23.377752677555087 23.377752677555087 23.377752677555087 23.377752677555087 23.377752677555087 23.377752677555087
 114640 8192 80382.109 80382.109 80382.109 23.366664340693028 23.366664340693028 23.366664340693028 23.366664340693028 23.366664340693028 23.366664340693028
 126096 8192 88532.925 88532.925 88532.925 23.335463772376208 23.335463772376208 23.335463772376208 23.335463772376208 23.335463772376208 23.335463772376208
 138704 4096 52070.856 52070.856 52070.856 21.821480484207903 21.821480484207903 21.821480484207903 21.821480484207903 21.821480484207903 21.821480484207903
 152560 4096 56535.006 56535.006 56535.006 22.10615348656724 22.10615348656724 22.10615348656724 22.10615348656724 22.10615348656724 22.10615348656724
 167808 4096 58999.062 58999.062 58999.062 23.30008460134502 23.30008460134502 23.30008460134502 23.30008460134502 23.30008460134502 23.30008460134502
 184576 4096 64841.986 64841.986 64841.986 23.318943253835563 23.318943253835563 23.318943253835563 23.318943253835563 23.318943253835563 23.318943253835563
 203024 4096 71175.098 71175.098 71175.098 23.36733850369971 23.36733850369971 23.36733850369971 23.36733850369971 23.36733850369971 23.36733850369971
 223312 4096 78351.021 78351.021 78351.021 23.34841180946449 23.34841180946449 23.34841180946449 23.34841180946449 23.34841180946449 23.34841180946449
 245632 4096 86159.945 86159.945 86159.945 23.354440906386372 23.354440906386372 23.354440906386372 23.354440906386372 23.354440906386372 23.354440906386372
 270192 2048 48393.965 48393.965 48393.965 22.868686870356665 22.868686870356665 22.868686870356665 22.868686870356665 22.868686870356665 22.868686870356665
 297200 2048 52187.92 52187.92 52187.92 23.325919101585196 23.325919101585196 23.325919101585196 23.325919101585196 23.325919101585196 23.325919101585196
 326912 2048 57404.995 57404.995 57404.995 23.326045965163832 23.326045965163832 23.326045965163832 23.326045965163832 23.326045965163832 23.326045965163832
 359600 2048 63148.975 63148.975 63148.975 23.32455277381779 23.32455277381779 23.32455277381779 23.32455277381779 23.32455277381779 23.32455277381779
 395552 2048 69426.06 69426.06 69426.06 23.33678437174744 23.33678437174744 23.33678437174744 23.33678437174744 23.33678437174744 23.33678437174744
 435104 2048 76345.921 76345.921 76345.921 23.34356519191117 23.34356519191117 23.34356519191117 23.34356519191117 23.34356519191117 23.34356519191117
 478608 2048 85885.048 85885.048 85885.048 22.825607176699723 22.825607176699723 22.825607176699723 22.825607176699723 22.825607176699723 22.825607176699723
 526464 1024 46318.054 46318.054 46318.054 23.278142730262374 23.278142730262374 23.278142730262374 23.278142730262374 23.278142730262374 23.278142730262374
 579104 1024 50925.97 50925.97 50925.97 23.288805142052276 23.288805142052276 23.288805142052276 23.288805142052276 23.288805142052276 23.288805142052276
 637008 1024 56455.851 56455.851 56455.851 23.108187386990235 23.108187386990235 23.108187386990235 23.108187386990235 23.108187386990235 23.108187386990235
 700704 1024 61575.89 61575.89 61575.89 23.30525457285311 23.30525457285311 23.30525457285311 23.30525457285311 23.30525457285311 23.30525457285311
 770768 1024 67708.969 67708.969 67708.969 23.313497270945007 23.313497270945007 23.313497270945007 23.313497270945007 23.313497270945007 23.313497270945007
 847840 1024 74580.193 74580.193 74580.193 23.28200357432703 23.28200357432703 23.28200357432703 23.28200357432703 23.28200357432703 23.28200357432703
 932624 1024 81916.094 81916.094 81916.094 23.316711756300293 23.316711756300293 23.316711756300293 23.316711756300293 23.316711756300293 23.316711756300293
 1025872 1024 96030.951 96030.951 96030.951 21.87821565986574 21.87821565986574 21.87821565986574 21.87821565986574 21.87821565986574 21.87821565986574
 1128448 512 52829.981 52829.981 52829.981 21.872632360022997 21.872632360022997 21.872632360022997 21.872632360022997 21.872632360022997 21.872632360022997
 1241280 512 58028.936 58028.936 58028.936 21.904084541546652 21.904084541546652 21.904084541546652 21.904084541546652 21.904084541546652 21.904084541546652
 1365408 512 60054.064 60054.064 60054.064 23.281984579761332 23.281984579761332 23.281984579761332 23.281984579761332 23.281984579761332 23.281984579761332
 1501936 512 65999.985 65999.985 65999.985 23.302769902144675 23.302769902144675 23.302769902144675 23.302769902144675 23.302769902144675 23.302769902144675
 1652128 512 72897.911 72897.911 72897.911 23.207511008100084 23.207511008100084 23.207511008100084 23.207511008100084 23.207511008100084 23.207511008100084
 1817328 512 80003.977 80003.977 80003.977 23.26064205533182 23.26064205533182 23.26064205533182 23.26064205533182 23.26064205533182 23.26064205533182
 1999056 512 87677.956 87677.956 87677.956 23.347183686627 23.347183686627 23.347183686627 23.347183686627 23.347183686627 23.347183686627
 2198960 256 48190.832 48190.832 48190.832 23.362691061237538 23.362691061237538 23.362691061237538 23.362691061237538 23.362691061237538 23.362691061237538
 2418848 256 53071.022 53071.022 53071.022 23.33571371585797 23.33571371585797 23.33571371585797 23.33571371585797 23.33571371585797 23.33571371585797
 2660720 256 58348.894 58348.894 58348.894 23.34729155277562 23.34729155277562 23.34729155277562 23.34729155277562 23.34729155277562 23.34729155277562
 2926784 256 64217.091 64217.091 64217.091 23.335118185281857 23.335118185281857 23.335118185281857 23.335118185281857 23.335118185281857 23.335118185281857
 3219456 256 70741.177 70741.177 70741.177 23.30130119265615 23.30130119265615 23.30130119265615 23.30130119265615 23.30130119265615 23.30130119265615
 3541392 256 77694.178 77694.178 77694.178 23.337562101500062 23.337562101500062 23.337562101500062 23.337562101500062 23.337562101500062 23.337562101500062
 3895520 256 85380.077 85380.077 85380.077 23.36032374391042 23.36032374391042 23.36032374391042 23.36032374391042 23.36032374391042 23.36032374391042
 4285072 128 47281.981 47281.981 47281.981 23.20077138899912 23.20077138899912 23.20077138899912 23.20077138899912 23.20077138899912 23.20077138899912
 4713568 128 51726.103 51726.103 51726.103 23.328132954458212 23.328132954458212 23.328132954458212 23.328132954458212 23.328132954458212 23.328132954458212
 5184912 128 56886.196 56886.196 56886.196 23.333208499299193 23.333208499299193 23.333208499299193 23.333208499299193 23.333208499299193 23.333208499299193
 5703392 128 62587.976 62587.976 62587.976 23.32825640503217 23.32825640503217 23.32825640503217 23.32825640503217 23.32825640503217 23.32825640503217
 6273728 128 68835.02 68835.02 68835.02 23.332227810785845 23.332227810785845 23.332227810785845 23.332227810785845 23.332227810785845 23.332227810785845
 6901088 128 75798.035 75798.035 75798.035 23.30770880801857 23.30770880801857 23.30770880801857 23.30770880801857 23.30770880801857 23.30770880801857
 7591184 128 83573.103 83573.103 83573.103 23.253212268545298 23.253212268545298 23.253212268545298 23.253212268545298 23.253212268545298 23.253212268545298
 8350288 128 91850.996 91850.996 91850.996 23.273277602781793 23.273277602781793 23.273277602781793 23.273277602781793 23.273277602781793 23.273277602781793
 9185312 64 50704.956 50704.956 50704.956 23.187475717363803 23.187475717363803 23.187475717363803 23.187475717363803 23.187475717363803 23.187475717363803
 10103840 64 55592.775 55592.775 55592.775 23.26366186973037 23.26366186973037 23.26366186973037 23.26366186973037 23.26366186973037 23.26366186973037
 11114224 64 61132.908 61132.908 61132.908 23.27094716318746 23.27094716318746 23.27094716318746 23.27094716318746 23.27094716318746 23.27094716318746
 12225632 64 67465.067 67465.067 67465.067 23.19542491523799 23.19542491523799 23.19542491523799 23.19542491523799 23.19542491523799 23.19542491523799
 13448192 64 74233.055 74233.055 74233.055 23.18870718711496 23.18870718711496 23.18870718711496 23.18870718711496 23.18870718711496 23.18870718711496
 14793008 64 81521.034 81521.034 81521.034 23.227195867020036 23.227195867020036 23.227195867020036 23.227195867020036 23.227195867020036 23.227195867020036
 16272304 64 89680.91 89680.91 89680.91 23.225175926515465 23.225175926515465 23.225175926515465 23.225175926515465 23.225175926515465 23.225175926515465
 17899520 32 49466.133 49466.133 49466.133 23.158658470432687 23.158658470432687 23.158658470432687 23.158658470432687 23.158658470432687 23.158658470432687
 19689472 32 54710.15 54710.15 54710.15 23.03276828888241 23.03276828888241 23.03276828888241 23.03276828888241 23.03276828888241 23.03276828888241
 21658416 32 59726.954 59726.954 59726.954 23.207924248070647 23.207924248070647 23.207924248070647 23.207924248070647 23.207924248070647 23.207924248070647
 23824256 32 65891.981 65891.981 65891.981 23.14018126120688 23.14018126120688 23.14018126120688 23.14018126120688 23.14018126120688 23.14018126120688
 26206672 32 72311.878 72311.878 72311.878 23.194350007062464 23.194350007062464 23.194350007062464 23.194350007062464 23.194350007062464 23.194350007062464
 28827328 32 79628.944 79628.944 79628.944 23.169326369567326 23.169326369567326 23.169326369567326 23.169326369567326 23.169326369567326 23.169326369567326
 31710048 32 87603.092 87603.092 87603.092 23.166340658386805 23.166340658386805 23.166340658386805 23.166340658386805 23.166340658386805 23.166340658386805
 34881040 16 48219.919 48219.919 48219.919 23.147970862414763 23.147970862414763 23.147970862414763 23.147970862414763 23.147970862414763 23.147970862414763
 38369136 16 53014.994 53014.994 53014.994 23.159718776918094 23.159718776918094 23.159718776918094 23.159718776918094 23.159718776918094 23.159718776918094
 42206048 16 58310.032 58310.032 58310.032 23.162284253248227 23.162284253248227 23.162284253248227 23.162284253248227 23.162284253248227 23.162284253248227
 46426640 16 64066.887 64066.887 64066.887 23.189084870004685 23.189084870004685 23.189084870004685 23.189084870004685 23.189084870004685 23.189084870004685
 51069296 16 71088.076 71088.076 71088.076 22.988629935630836 22.988629935630836 22.988629935630836 22.988629935630836 22.988629935630836 22.988629935630836
 56176224 16 81938.028 81938.028 81938.028 21.939009418191024 21.939009418191024 21.939009418191024 21.939009418191024 21.939009418191024 21.939009418191024
 61793840 16 92307.806 92307.806 92307.806 21.42183814876935 21.42183814876935 21.42183814876935 21.42183814876935 21.42183814876935 21.42183814876935
 67973216 8 52000.999 52000.999 52000.999 20.914433893856536 20.914433893856536 20.914433893856536 20.914433893856536 20.914433893856536 20.914433893856536
 74770528 8 58181.047 58181.047 58181.047 20.562167745107786 20.562167745107786 20.562167745107786 20.562167745107786 20.562167745107786 20.562167745107786
 82247568 8 64835.072 64835.072 64835.072 20.297056013140544 20.297056013140544 20.297056013140544 20.297056013140544 20.297056013140544 20.297056013140544
 90472320 8 71906.09 71906.09 71906.09 20.13121725851037 20.13121725851037 20.13121725851037 20.13121725851037 20.13121725851037 20.13121725851037
 99519552 8 78773.022 78773.022 78773.022 20.213936085884836 20.213936085884836 20.213936085884836 20.213936085884836 20.213936085884836 20.213936085884836
 109471504 8 86851.835 86851.835 86851.835 20.1670357799579 20.1670357799579 20.1670357799579 20.1670357799579 20.1670357799579 20.1670357799579
 120418640 8 99007.845 99007.845 99007.845 19.46005632179955 19.46005632179955 19.46005632179955 19.46005632179955 19.46005632179955 19.46005632179955
 132460496 8 110389.948 110389.948 110389.948 19.19892140903989 19.19892140903989 19.19892140903989 19.19892140903989 19.19892140903989 19.19892140903989
 145706544 4 60086.012 60086.012 60086.012 19.399729041761 19.399729041761 19.399729041761 19.399729041761 19.399729041761 19.399729041761
 160277184 4 63727.856 63727.856 63727.856 20.120204138046006 20.120204138046006 20.120204138046006 20.120204138046006 20.120204138046006 20.120204138046006
 176304896 4 70041.895 70041.895 70041.895 20.13707892968915 20.13707892968915 20.13707892968915 20.13707892968915 20.13707892968915 20.13707892968915
 193935376 4 77065.945 77065.945 77065.945 20.131888449560954 20.131888449560954 20.131888449560954 20.131888449560954 20.131888449560954 20.131888449560954
 213328912 4 84715.843 84715.843 84715.843 20.14536166511381 20.14536166511381 20.14536166511381 20.14536166511381 20.14536166511381 20.14536166511381
 234661792 4 93297.005 93297.005 93297.005 20.121699898083545 20.121699898083545 20.121699898083545 20.121699898083545 20.121699898083545 20.121699898083545
 258127968 4 102511.883 102511.883 102511.883 20.14423775631943 20.14423775631943 20.14423775631943 20.14423775631943 20.14423775631943 20.14423775631943
 283940752 2 56367.159 56367.159 56367.159 20.149374709482874 20.149374709482874 20.149374709482874 20.149374709482874 20.149374709482874 20.149374709482874
 312334816 2 61995.983 61995.983 61995.983 20.151938940947193 20.151938940947193 20.151938940947193 20.151938940947193 20.151938940947193 20.151938940947193
 343568288 2 68253.994 68253.994 68253.994 20.134692073844057 20.134692073844057 20.134692073844057 20.134692073844057 20.134692073844057 20.134692073844057
 377925104 2 75142.145 75142.145 75142.145 20.117876805353372 20.117876805353372 20.117876805353372 20.117876805353372 20.117876805353372 20.117876805353372
 415717600 2 82554.102 82554.102 82554.102 20.142795569383093 20.142795569383093 20.142795569383093 20.142795569383093 20.142795569383093 20.142795569383093
 457289360 2 90719.938 90719.938 90719.938 20.16268397361559 20.16268397361559 20.16268397361559 20.16268397361559 20.16268397361559 20.16268397361559
 503018288 2 101445.198 101445.198 101445.198 19.834089653016402 19.834089653016402 19.834089653016402 19.834089653016402 19.834089653016402 19.834089653016402
 553320112 1 54991.961 54991.961 54991.961 20.12367269463258 20.12367269463258 20.12367269463258 20.12367269463258 20.12367269463258 20.12367269463258
 608652112 1 60482.025 60482.025 60482.025 20.126710770679388 20.126710770679388 20.126710770679388 20.126710770679388 20.126710770679388 20.126710770679388
 669517312 1 66492.796 66492.796 66492.796 20.138040578110143 20.138040578110143 20.138040578110143 20.138040578110143 20.138040578110143 20.138040578110143
 736469040 1 73213.1 73213.1 73213.1 20.11850447529199 20.11850447529199 20.11850447529199 20.11850447529199 20.11850447529199 20.11850447529199
 810115936 1 80363.989 80363.989 80363.989 20.161167858404838 20.161167858404838 20.161167858404838 20.161167858404838 20.161167858404838 20.161167858404838
 891127520 1 88466.883 88466.883 88466.883 20.14601373487975 20.14601373487975 20.14601373487975 20.14601373487975 20.14601373487975 20.14601373487975
 980240272 1 97285.032 97285.032 97285.032 20.15192372039308 20.15192372039308 20.15192372039308 20.15192372039308 20.15192372039308 20.15192372039308
 
META_DATA
 MPI startup(): shm:tmi fabric is unknown or has been removed from the product, please use ofi or shm:ofi instead
 FLOPS          16
 MPI_PROCS      1
 OPENMP_THREADS 2
 ERT_VERSION  1.1.0
 HOSTNAME  ('shas0420.rc.int.colorado.edu', [], ['10.225.6.135'])
 UNAME  uname_result(system='Linux', node='shas0420.rc.int.colorado.edu', release='3.10.0-957.27.2.el7.x86_64', version='#1 SMP Mon Jul 29 17:46:05 UTC 2019', machine='x86_64', processor='x86_64')
 TIMESTAMP_DATA  1664555572.5800178
 CONFIG  {'ERT_RESULTS': ['lab5_results'], 'ERT_DRIVER': ['driver1'], 'ERT_KERNEL': ['kernel1'], 'ERT_MPI': ['True'], 'ERT_MPI_CFLAGS': ['-I/usr/include/mpi'], 'ERT_MPI_LDFLAGS': ['-lmpi'], 'ERT_OPENMP': ['True'], 'ERT_OPENMP_CFLAGS': ['-qopenmp'], 'ERT_OPENMP_LDFLAGS': ['-qopenmp'], 'ERT_FLOPS': ['1,2,4,8,16'], 'ERT_ALIGN': ['32'], 'ERT_CC': ['mpicc'], 'ERT_CFLAGS': ['-O3', '-msse3', '-axSSE3', '-xSSE3', '-fno-alias', '-fno-fnalias', '-DERT_INTEL', '-std=c++11'], 'ERT_LD': ['mpicc'], 'ERT_LDFLAGS': [], 'ERT_LDLIBS': [], 'ERT_PRECISION': ['FP64'], 'ERT_RUN': ['export', 'OMP_NUM_THREADS=ERT_OPENMP_THREADS;', 'mpirun', '-np', 'ERT_MPI_PROCS', 'ERT_CODE'], 'ERT_PROCS_THREADS': ['1-24'], 'ERT_MPI_PROCS': ['1,2,4,8,12,24'], 'ERT_OPENMP_THREADS': ['1,2,4,8,12,24'], 'ERT_NUM_EXPERIMENTS': ['1'], 'ERT_MEMORY_MAX': ['1073741824'], 'ERT_WORKING_SET_MIN': ['1'], 'ERT_TRIALS_MIN': ['1'], 'ERT_GNUPLOT': ['gnuplot'], 'ERT_GPU': [False], 'ERT_HIP': [False], 'ERT_OCL': [False], 'ERT_SYCL': [False], 'ERT_WSS_MULT': [1.1]}
 