fp64
 16 67108864 347857.952 347857.952 347857.952 6.1734499259053885 6.1734499259053885 6.1734499259053885 1.5433624814763471 1.5433624814763471 1.5433624814763471
 32 33554432 184514.046 184514.046 184514.046 11.638591720003799 11.638591720003799 11.638591720003799 2.9096479300009497 2.9096479300009497 2.9096479300009497
 48 16777216 92158.079 92158.079 92158.079 17.476630952778432 17.476630952778432 17.476630952778432 4.369157738194608 4.369157738194608 4.369157738194608
 64 16777216 92116.117 92116.117 92116.117 23.312789530631218 23.312789530631218 23.312789530631218 5.828197382657804 5.828197382657804 5.828197382657804
 80 8388608 46078.92 46078.92 46078.92 29.127793793778157 29.127793793778157 29.127793793778157 7.281948448444539 7.281948448444539 7.281948448444539
 96 8388608 46202.183 46202.183 46202.183 34.86010035499838 34.86010035499838 34.86010035499838 8.715025088749595 8.715025088749595 8.715025088749595
 112 8388608 46118.975 46118.975 46118.975 40.7434942342062 40.7434942342062 40.7434942342062 10.18587355855155 10.18587355855155 10.18587355855155
 128 8388608 49180.984 49180.984 49180.984 43.66491829443673 43.66491829443673 43.66491829443673 10.916229573609183 10.916229573609183 10.916229573609183
 144 4194304 29755.116 29755.116 29755.116 40.59670115216489 40.59670115216489 40.59670115216489 10.149175288041222 10.149175288041222 10.149175288041222
 160 4194304 28694.153 28694.153 28694.153 46.775288331389326 46.775288331389326 46.775288331389326 11.693822082847332 11.693822082847332 11.693822082847332
 176 4194304 31208.038 31208.038 31208.038 47.30816490290097 47.30816490290097 47.30816490290097 11.827041225725242 11.827041225725242 11.827041225725242
 192 4194304 32184.839 32184.839 32184.839 50.04259104729404 50.04259104729404 50.04259104729404 12.51064776182351 12.51064776182351 12.51064776182351
 208 4194304 37585.974 37585.974 37585.974 46.42238256217599 46.42238256217599 46.42238256217599 11.605595640543998 11.605595640543998 11.605595640543998
 224 4194304 34875.87 34875.87 34875.87 53.87817399250542 53.87817399250542 53.87817399250542 13.469543498126354 13.469543498126354 13.469543498126354
 240 4194304 39506.912 39506.912 39506.912 50.959840141390956 50.959840141390956 50.959840141390956 12.739960035347739 12.739960035347739 12.739960035347739
 256 4194304 27703.047 27703.047 27703.047 77.51795851192831 77.51795851192831 77.51795851192831 19.37948962798208 19.37948962798208 19.37948962798208
 272 2097152 16062.021 16062.021 16062.021 71.02784188863905 71.02784188863905 71.02784188863905 17.75696047215976 17.75696047215976 17.75696047215976
 288 2097152 15475.035 15475.035 15475.035 78.05859902740123 78.05859902740123 78.05859902740123 19.514649756850307 19.514649756850307 19.514649756850307
 304 2097152 17885.923 17885.923 17885.923 71.2889357736808 71.2889357736808 71.2889357736808 17.8222339434202 17.8222339434202 17.8222339434202
 320 2097152 17884.97 17884.97 17884.97 75.04498358118576 75.04498358118576 75.04498358118576 18.76124589529644 18.76124589529644 18.76124589529644
 352 2097152 19217.968 19217.968 19217.968 76.82367917357338 76.82367917357338 76.82367917357338 19.205919793393345 19.205919793393345 19.205919793393345
 384 2097152 21356.106 21356.106 21356.106 75.41696674478015 75.41696674478015 75.41696674478015 18.85424168619504 18.85424168619504 18.85424168619504
 416 2097152 23812.056 23812.056 23812.056 73.27508653599672 73.27508653599672 73.27508653599672 18.31877163399918 18.31877163399918 18.31877163399918
 448 2097152 24513.96 24513.96 24513.96 76.65216847869542 76.65216847869542 76.65216847869542 19.163042119673854 19.163042119673854 19.163042119673854
 480 2097152 26305.199 26305.199 26305.199 76.53490551430535 76.53490551430535 76.53490551430535 19.133726378576338 19.133726378576338 19.133726378576338
 528 1048576 12813.091 12813.091 12813.091 86.41913617877215 86.41913617877215 86.41913617877215 21.604784044693037 21.604784044693037 21.604784044693037
 576 1048576 14110.088 14110.088 14110.088 85.60963985483293 85.60963985483293 85.60963985483293 21.402409963708234 21.402409963708234 21.402409963708234
 624 1048576 16584.158 16584.158 16584.158 78.90800654455897 78.90800654455897 78.90800654455897 19.727001636139743 19.727001636139743 19.727001636139743
 672 1048576 17368.078 17368.078 17368.078 81.14232006558237 81.14232006558237 81.14232006558237 20.285580016395592 20.285580016395592 20.285580016395592
 736 1048576 18595.934 18595.934 18595.934 83.00222360436426 83.00222360436426 83.00222360436426 20.750555901091065 20.750555901091065 20.750555901091065
 800 1048576 18005.848 18005.848 18005.848 93.17648355134398 93.17648355134398 93.17648355134398 23.294120887835994 23.294120887835994 23.294120887835994
 880 1048576 21634.102 21634.102 21634.102 85.30484694950593 85.30484694950593 85.30484694950593 21.326211737376482 21.326211737376482 21.326211737376482
 960 1048576 23674.965 23674.965 23674.965 85.03775697239679 85.03775697239679 85.03775697239679 21.259439243099198 21.259439243099198 21.259439243099198
 1056 524288 12299.061 12299.061 12299.061 90.0309589488173 90.0309589488173 90.0309589488173 22.507739737204325 22.507739737204325 22.507739737204325
 1152 524288 13458.014 13458.014 13458.014 89.75763823696424 89.75763823696424 89.75763823696424 22.43940955924106 22.43940955924106 22.43940955924106
 1264 524288 15053.034 15053.034 15053.034 88.04869928547295 88.04869928547295 88.04869928547295 22.012174821368237 22.012174821368237 22.012174821368237
 1376 524288 15820.98 15820.98 15820.98 91.19792680352293 91.19792680352293 91.19792680352293 22.799481700880733 22.799481700880733 22.799481700880733
 1504 524288 17628.908 17628.908 17628.908 89.45864962254043 89.45864962254043 89.45864962254043 22.36466240563511 22.36466240563511 22.36466240563511
 1648 524288 18700.123 18700.123 18700.123 92.4086567772843 92.4086567772843 92.4086567772843 23.102164194321077 23.102164194321077 23.102164194321077
 1808 524288 19404.173 19404.173 19404.173 97.70194318510767 97.70194318510767 97.70194318510767 24.425485796276917 24.425485796276917 24.425485796276917
 1984 524288 22016.048 22016.048 22016.048 94.4935614239213 94.4935614239213 94.4935614239213 23.623390355980327 23.623390355980327 23.623390355980327
 2176 262144 11965.036 11965.036 11965.036 95.34870501016462 95.34870501016462 95.34870501016462 23.837176252541155 23.837176252541155 23.837176252541155
 2384 262144 13143.063 13143.063 13143.063 95.09979462169511 95.09979462169511 95.09979462169511 23.774948655423778 23.774948655423778 23.774948655423778
 2608 262144 14033.079 14033.079 14033.079 97.43714148548582 97.43714148548582 97.43714148548582 24.359285371371456 24.359285371371456 24.359285371371456
 2864 262144 15338.898 15338.898 15338.898 97.89235393572604 97.89235393572604 97.89235393572604 24.47308848393151 24.47308848393151 24.47308848393151
 3136 262144 16582.012 16582.012 16582.012 99.1536592785001 99.1536592785001 99.1536592785001 24.788414819625025 24.788414819625025 24.788414819625025
 3440 262144 18500.09 18500.09 18500.09 97.48875383849484 97.48875383849484 97.48875383849484 24.37218845962371 24.37218845962371 24.37218845962371
 3776 262144 20241.022 20241.022 20241.022 97.80689374281594 97.80689374281594 97.80689374281594 24.451723435703986 24.451723435703986 24.451723435703986
 4144 131072 10915.995 10915.995 10915.995 99.51678578086558 99.51678578086558 99.51678578086558 24.879196445216394 24.879196445216394 24.879196445216394
 4544 131072 12042.999 12042.999 12042.999 98.91077264060223 98.91077264060223 98.91077264060223 24.727693160150558 24.727693160150558 24.727693160150558
 4992 131072 13150.93 13150.93 13150.93 99.50800802680875 99.50800802680875 99.50800802680875 24.877002006702188 24.877002006702188 24.877002006702188
 5488 131072 14465.094 14465.094 14465.094 99.4564067126007 99.4564067126007 99.4564067126007 24.864101678150174 24.864101678150174 24.864101678150174
 6032 131072 15872.955 15872.955 15872.955 99.61929634400147 99.61929634400147 99.61929634400147 24.904824086000367 24.904824086000367 24.904824086000367
 6624 131072 17360.926 17360.926 17360.926 100.02011736009935 100.02011736009935 100.02011736009935 25.005029340024837 25.005029340024837 25.005029340024837
 7280 131072 19026.995 19026.995 19026.995 100.30003791980815 100.30003791980815 100.30003791980815 25.075009479952037 25.075009479952037 25.075009479952037
 8000 131072 20780.087 20780.087 20780.087 100.92123290917887 100.92123290917887 100.92123290917887 25.230308227294717 25.230308227294717 25.230308227294717
 8800 65536 11471.033 11471.033 11471.033 100.55185091002703 100.55185091002703 100.55185091002703 25.137962727506757 25.137962727506757 25.137962727506757
 9680 65536 13039.112 13039.112 13039.112 97.3054729493849 97.3054729493849 97.3054729493849 24.326368237346227 24.326368237346227 24.326368237346227
 10640 65536 14165.878 14165.878 14165.878 98.44826279034734 98.44826279034734 98.44826279034734 24.612065697586836 24.612065697586836 24.612065697586836
 11696 65536 15204.906 15204.906 15204.906 100.82391249245472 100.82391249245472 100.82391249245472 25.20597812311368 25.20597812311368 25.20597812311368
 12864 65536 16630.888 16630.888 16630.888 101.38425609023403 101.38425609023403 101.38425609023403 25.346064022558508 25.346064022558508 25.346064022558508
 14144 65536 18215.179 18215.179 18215.179 101.77678561380044 101.77678561380044 101.77678561380044 25.44419640345011 25.44419640345011 25.44419640345011
 15552 65536 20068.169 20068.169 20068.169 101.5753726211893 101.5753726211893 101.5753726211893 25.393843155297326 25.393843155297326 25.393843155297326
 17104 32768 11136.055 11136.055 11136.055 100.65752584734899 100.65752584734899 100.65752584734899 25.164381461837248 25.164381461837248 25.164381461837248
 18800 32768 12206.078 12206.078 12206.078 100.93961385467142 100.93961385467142 100.93961385467142 25.234903463667855 25.234903463667855 25.234903463667855
 20672 32768 13564.11 13564.11 13564.11 99.87829588524423 99.87829588524423 99.87829588524423 24.969573971311057 24.969573971311057 24.969573971311057
 22736 32768 14626.026 14626.026 14626.026 101.87500664910618 101.87500664910618 101.87500664910618 25.468751662276546 25.468751662276546 25.468751662276546
 25008 32768 16274.929 16274.929 16274.929 100.70239249584436 100.70239249584436 100.70239249584436 25.17559812396109 25.17559812396109 25.17559812396109
 27504 32768 17809.153 17809.153 17809.153 101.21212075610784 101.21212075610784 101.21212075610784 25.30303018902696 25.30303018902696 25.30303018902696
 30240 32768 19562.006 19562.006 19562.006 101.30907024565884 101.30907024565884 101.30907024565884 25.32726756141471 25.32726756141471 25.32726756141471
 33264 16384 10860.92 10860.92 10860.92 100.35933898785738 100.35933898785738 100.35933898785738 25.089834746964346 25.089834746964346 25.089834746964346
 36576 16384 11829.138 11829.138 11829.138 101.31950172531589 101.31950172531589 101.31950172531589 25.329875431328972 25.329875431328972 25.329875431328972
 40224 16384 13031.006 13031.006 13031.006 101.14798749996739 101.14798749996739 101.14798749996739 25.286996874991846 25.286996874991846 25.286996874991846
 44240 16384 14346.123 14346.123 14346.123 101.04864708046907 101.04864708046907 101.04864708046907 25.262161770117267 25.262161770117267 25.262161770117267
 48656 16384 15742.064 15742.064 15742.064 101.2802265319211 101.2802265319211 101.2802265319211 25.320056632980275 25.320056632980275 25.320056632980275
 53520 16384 17280.102 17280.102 17280.102 101.48917870970902 101.48917870970902 101.48917870970902 25.372294677427256 25.372294677427256 25.372294677427256
 58864 16384 19129.038 19129.038 19129.038 100.83390246806974 100.83390246806974 100.83390246806974 25.208475617017434 25.208475617017434 25.208475617017434
 64736 16384 20982.981 20982.981 20982.981 101.09475140829608 101.09475140829608 101.09475140829608 25.27368785207402 25.27368785207402 25.27368785207402
 71200 8192 12619.019 12619.019 12619.019 92.44306550295232 92.44306550295232 92.44306550295232 23.11076637573808 23.11076637573808 23.11076637573808
 78320 8192 14152.05 14152.05 14152.05 90.67201430181493 90.67201430181493 90.67201430181493 22.66800357545373 22.66800357545373 22.66800357545373
 86144 8192 15558.958 15558.958 15558.958 90.71194202079599 90.71194202079599 90.71194202079599 22.677985505198997 22.677985505198997 22.677985505198997
 94752 8192 17143.965 17143.965 17143.965 90.55179289038446 90.55179289038446 90.55179289038446 22.637948222596115 22.637948222596115 22.637948222596115
 104224 8192 18895.149 18895.149 18895.149 90.37272032096703 90.37272032096703 90.37272032096703 22.59318008024176 22.59318008024176 22.59318008024176
 114640 8192 20704.985 20704.985 20704.985 90.71543688633437 90.71543688633437 90.71543688633437 22.678859221583593 22.678859221583593 22.678859221583593
 126096 8192 22847.891 22847.891 22847.891 90.42221288608214 90.42221288608214 90.42221288608214 22.605553221520534 22.605553221520534 22.605553221520534
 138704 4096 12581.825 12581.825 12581.825 90.30988493322708 90.30988493322708 90.30988493322708 22.57747123330677 22.57747123330677 22.57747123330677
 152560 4096 13855.934 13855.934 13855.934 90.1975658948722 90.1975658948722 90.1975658948722 22.54939147371805 22.54939147371805 22.54939147371805
 167808 4096 15189.171 15189.171 15189.171 90.50415825853827 90.50415825853827 90.50415825853827 22.626039564634567 22.626039564634567 22.626039564634567
 184576 4096 16740.084 16740.084 16740.084 90.3249106754781 90.3249106754781 90.3249106754781 22.581227668869523 22.581227668869523 22.581227668869523
 203024 4096 18360.853 18360.853 18360.853 90.5825349181762 90.5825349181762 90.5825349181762 22.64563372954405 22.64563372954405 22.64563372954405
 223312 4096 20231.962 20231.962 20231.962 90.4198962018612 90.4198962018612 90.4198962018612 22.6049740504653 22.6049740504653 22.6049740504653
 245632 4096 22186.041 22186.041 22186.041 90.69744998668308 90.69744998668308 90.69744998668308 22.67436249667077 22.67436249667077 22.67436249667077
 270192 2048 12231.827 12231.827 12231.827 90.47760665679787 90.47760665679787 90.47760665679787 22.61940166419947 22.61940166419947 22.61940166419947
 297200 2048 13454.914 13454.914 13454.914 90.47484064186513 90.47484064186513 90.47484064186513 22.618710160466282 22.618710160466282 22.618710160466282
 326912 2048 14797.926 14797.926 14797.926 90.48778538289758 90.48778538289758 90.48778538289758 22.621946345724396 22.621946345724396 22.621946345724396
 359600 2048 16326.904 16326.904 16326.904 90.21438479701969 90.21438479701969 90.21438479701969 22.553596199254923 22.553596199254923 22.553596199254923
 395552 2048 17936.945 17936.945 17936.945 90.32647376685384 90.32647376685384 90.32647376685384 22.58161844171346 22.58161844171346 22.58161844171346
 435104 2048 20151.854 20151.854 20151.854 88.4378173839489 88.4378173839489 88.4378173839489 22.109454345987224 22.109454345987224 22.109454345987224
 478608 2048 22358.894 22358.894 22358.894 87.67778799792154 87.67778799792154 87.67778799792154 21.919446999480385 21.919446999480385 21.919446999480385
 526464 1024 13276.1 13276.1 13276.1 81.21347925972236 81.21347925972236 81.21347925972236 20.30336981493059 20.30336981493059 20.30336981493059
 579104 1024 17058.849 17058.849 17058.849 69.52432675850523 69.52432675850523 69.52432675850523 17.381081689626306 17.381081689626306 17.381081689626306
 637008 1024 18964.052 18964.052 18964.052 68.79291324449017 68.79291324449017 68.79291324449017 17.19822831112254 17.19822831112254 17.19822831112254
 700704 1024 21440.983 21440.983 21440.983 66.92985074424993 66.92985074424993 66.92985074424993 16.732462686062483 16.732462686062483 16.732462686062483
 770768 1024 23564.1 23564.1 23564.1 66.98888835134804 66.98888835134804 66.98888835134804 16.74722208783701 16.74722208783701 16.74722208783701
 847840 1024 25985.003 25985.003 25985.003 66.82224820216491 66.82224820216491 66.82224820216491 16.70556205054123 16.70556205054123 16.70556205054123
 932624 1024 28539.896 28539.896 28539.896 66.92434870820831 66.92434870820831 66.92434870820831 16.73108717705208 16.73108717705208 16.73108717705208
 1025872 1024 31451.941 31451.941 31451.941 66.79987909172283 66.79987909172283 66.79987909172283 16.699969772930707 16.699969772930707 16.699969772930707
 1128448 512 17411.947 17411.947 17411.947 66.36424703107585 66.36424703107585 66.36424703107585 16.591061757768962 16.591061757768962 16.591061757768962
 1241280 512 18993.139 18993.139 18993.139 66.92262505950175 66.92262505950175 66.92262505950175 16.73065626487544 16.73065626487544 16.73065626487544
 1365408 512 20904.064 20904.064 20904.064 66.88545308701696 66.88545308701696 66.88545308701696 16.72136327175424 16.72136327175424 16.72136327175424
 1501936 512 22979.021 22979.021 22979.021 66.92985153719124 66.92985153719124 66.92985153719124 16.73246288429781 16.73246288429781 16.73246288429781
 1652128 512 25269.985 25269.985 25269.985 66.94816288968909 66.94816288968909 66.94816288968909 16.73704072242227 16.73704072242227 16.73704072242227
 1817328 512 27811.05 27811.05 27811.05 66.91383000641831 66.91383000641831 66.91383000641831 16.728457501604577 16.728457501604577 16.728457501604577
 1999056 512 30578.852 30578.852 30578.852 66.94277940846176 66.94277940846176 66.94277940846176 16.73569485211544 16.73569485211544 16.73569485211544
 2198960 256 16853.094 16853.094 16853.094 66.80479679280253 66.80479679280253 66.80479679280253 16.701199198200634 16.701199198200634 16.701199198200634
 2418848 256 18501.043 18501.043 18501.043 66.93947881749152 66.93947881749152 66.93947881749152 16.73486970437288 16.73486970437288 16.73486970437288
 2660720 256 20360.947 20360.947 20360.947 66.9069390534733 66.9069390534733 66.9069390534733 16.726734763368324 16.726734763368324 16.726734763368324
 2926784 256 22392.035 22392.035 22392.035 66.92171604769285 66.92171604769285 66.92171604769285 16.730429011923214 16.730429011923214 16.730429011923214
 3219456 256 25210.857 25210.857 25210.857 65.38300034782634 65.38300034782634 65.38300034782634 16.345750086956585 16.345750086956585 16.345750086956585
 3541392 256 27107.0 27107.0 27107.0 66.89020194045818 66.89020194045818 66.89020194045818 16.722550485114546 16.722550485114546 16.722550485114546
 3895520 256 29829.025 29829.025 29829.025 66.86461391212082 66.86461391212082 66.86461391212082 16.716153478030204 16.716153478030204 16.716153478030204
 4285072 128 16423.941 16423.941 16423.941 66.79142551717644 66.79142551717644 66.79142551717644 16.69785637929411 16.69785637929411 16.69785637929411
 4713568 128 18074.989 18074.989 18074.989 66.75928865018948 66.75928865018948 66.75928865018948 16.68982216254737 16.68982216254737 16.68982216254737
 5184912 128 19899.845 19899.845 19899.845 66.70089500697115 66.70089500697115 66.70089500697115 16.675223751742788 16.675223751742788 16.675223751742788
 5703392 128 21866.798 21866.798 21866.798 66.77101750333999 66.77101750333999 66.77101750333999 16.692754375834998 16.692754375834998 16.692754375834998
 6273728 128 24070.024 24070.024 24070.024 66.72508378055626 66.72508378055626 66.72508378055626 16.681270945139065 16.681270945139065 16.681270945139065
 6901088 128 26499.033 26499.033 26499.033 66.66954707366114 66.66954707366114 66.66954707366114 16.667386768415284 16.667386768415284 16.667386768415284
 7591184 128 29161.93 29161.93 29161.93 66.63972871480043 66.63972871480043 66.63972871480043 16.659932178700107 16.659932178700107 16.659932178700107
 8350288 128 32019.138 32019.138 32019.138 66.76237592654745 66.76237592654745 66.76237592654745 16.690593981636862 16.690593981636862 16.690593981636862
 9185312 64 17710.924 17710.924 17710.924 66.38388465785297 66.38388465785297 66.38388465785297 16.595971164463243 16.595971164463243 16.595971164463243
 10103840 64 19524.097 19524.097 19524.097 66.24078542531313 66.24078542531313 66.24078542531313 16.560196356328284 16.560196356328284 16.560196356328284
 11114224 64 21404.982 21404.982 21404.982 66.46212886327118 66.46212886327118 66.46212886327118 16.615532215817794 16.615532215817794 16.615532215817794
 12225632 64 23604.87 23604.87 23604.87 66.29483221047182 66.29483221047182 66.29483221047182 16.573708052617956 16.573708052617956 16.573708052617956
 13448192 64 27312.04 27312.04 27312.04 63.025997911543776 63.025997911543776 63.025997911543776 15.756499477885944 15.756499477885944 15.756499477885944
 14793008 64 28609.991 28609.991 28609.991 66.18334916638037 66.18334916638037 66.18334916638037 16.54583729159509 16.54583729159509 16.54583729159509
 16272304 64 32026.052 32026.052 32026.052 65.03626834803117 65.03626834803117 65.03626834803117 16.259067087007793 16.259067087007793 16.259067087007793
 17899520 32 18174.171 18174.171 18174.171 63.03282168963855 63.03282168963855 63.03282168963855 15.758205422409638 15.758205422409638 15.758205422409638
 19689472 32 20047.903 20047.903 20047.903 62.85576142302764 62.85576142302764 62.85576142302764 15.71394035575691 15.71394035575691 15.71394035575691
 21658416 32 21441.936 21441.936 21441.936 64.6461506087883 64.6461506087883 64.6461506087883 16.161537652197076 16.161537652197076 16.161537652197076
 23824256 32 23257.971 23257.971 23257.971 65.55827178561705 65.55827178561705 65.55827178561705 16.389567946404263 16.389567946404263 16.389567946404263
 26206672 32 25617.123 25617.123 25617.123 65.47288733399141 65.47288733399141 65.47288733399141 16.368221833497852 16.368221833497852 16.368221833497852
 28827328 32 28363.943 28363.943 28363.943 65.04557536305866 65.04557536305866 65.04557536305866 16.261393840764665 16.261393840764665 16.261393840764665
 31710048 32 32009.125 32009.125 32009.125 63.40201651872708 63.40201651872708 63.40201651872708 15.85050412968177 15.85050412968177 15.85050412968177
 34881040 16 17124.891 17124.891 17124.891 65.17958450071303 65.17958450071303 65.17958450071303 16.29489612517826 16.29489612517826 16.29489612517826
 38369136 16 19026.041 19026.041 19026.041 64.53325481638561 64.53325481638561 64.53325481638561 16.133313704096402 16.133313704096402 16.133313704096402
 42206048 16 20976.067 20976.067 20976.067 64.38735803046397 64.38735803046397 64.38735803046397 16.096839507615993 16.096839507615993 16.096839507615993
 46426640 16 23112.059 23112.059 23112.059 64.28040357633216 64.28040357633216 64.28040357633216 16.07010089408304 16.07010089408304 16.07010089408304
 51069296 16 26010.036 26010.036 26010.036 62.830265671297035 62.830265671297035 62.830265671297035 15.707566417824259 15.707566417824259 15.707566417824259
 56176224 16 31768.084 31768.084 31768.084 56.58632632676241 56.58632632676241 56.58632632676241 14.146581581690603 14.146581581690603 14.146581581690603
 61793840 16 40148.02 40148.02 40148.02 49.25281196930758 49.25281196930758 49.25281196930758 12.313202992326895 12.313202992326895 12.313202992326895
 67973216 8 25263.071 25263.071 25263.071 43.049851540218526 43.049851540218526 43.049851540218526 10.762462885054632 10.762462885054632 10.762462885054632
 74770528 8 31485.081 31485.081 31485.081 37.996676838785966 37.996676838785966 37.996676838785966 9.499169209696491 9.499169209696491 9.499169209696491
 82247568 8 34779.787 34779.787 34779.787 37.83695075533384 37.83695075533384 37.83695075533384 9.45923768883346 9.45923768883346 9.45923768883346
 90472320 8 39148.808 39148.808 39148.808 36.97576488152589 36.97576488152589 36.97576488152589 9.243941220381473 9.243941220381473 9.243941220381473
 99519552 8 44781.923 44781.923 44781.923 35.55704456907757 35.55704456907757 35.55704456907757 8.889261142269392 8.889261142269392 8.889261142269392
 109471504 8 48956.156 48956.156 48956.156 35.77781033298447 35.77781033298447 35.77781033298447 8.944452583246118 8.944452583246118 8.944452583246118
 120418640 8 54943.085 54943.085 54943.085 35.06716523107503 35.06716523107503 35.06716523107503 8.766791307768758 8.766791307768758 8.766791307768758
 132460496 8 60594.082 60594.082 60594.082 34.976483941121515 34.976483941121515 34.976483941121515 8.744120985280379 8.744120985280379 8.744120985280379
 145706544 4 32770.872 32770.872 32770.872 35.569769153533656 35.569769153533656 35.569769153533656 8.892442288383414 8.892442288383414 8.892442288383414
 160277184 4 35600.185 35600.185 35600.185 36.017157551288 36.017157551288 36.017157551288 9.004289387822 9.004289387822 9.004289387822
 176304896 4 40492.058 40492.058 40492.058 34.83248907724078 34.83248907724078 34.83248907724078 8.708122269310195 8.708122269310195 8.708122269310195
 193935376 4 42690.992 42690.992 42690.992 36.342163424077846 36.342163424077846 36.342163424077846 9.085540856019461 9.085540856019461 9.085540856019461
 213328912 4 48195.839 48195.839 48195.839 35.410345195982586 35.410345195982586 35.410345195982586 8.852586298995647 8.852586298995647 8.852586298995647
 234661792 4 50833.941 50833.941 50833.941 36.929938916205614 36.929938916205614 36.929938916205614 9.232484729051404 9.232484729051404 9.232484729051404
 258127968 4 59129.953 59129.953 59129.953 34.923480219914936 34.923480219914936 34.923480219914936 8.730870054978734 8.730870054978734 8.730870054978734
 283940752 2 31867.981 31867.981 31867.981 35.639628629124644 35.639628629124644 35.639628629124644 8.909907157281161 8.909907157281161 8.909907157281161
 312334816 2 34990.072 34990.072 34990.072 35.70553567309036 35.70553567309036 35.70553567309036 8.92638391827259 8.92638391827259 8.92638391827259
 343568288 2 39313.078 39313.078 39313.078 34.9571496793001 34.9571496793001 34.9571496793001 8.739287419825025 8.739287419825025 8.739287419825025
 377925104 2 42081.118 42081.118 42081.118 35.92348511272918 35.92348511272918 35.92348511272918 8.980871278182295 8.980871278182295 8.980871278182295
 415717600 2 47316.074 47316.074 47316.074 35.14387943513657 35.14387943513657 35.14387943513657 8.785969858784142 8.785969858784142 8.785969858784142
 457289360 2 51723.957 51723.957 51723.957 35.36383420935873 35.36383420935873 35.36383420935873 8.840958552339682 8.840958552339682 8.840958552339682
 503018288 2 57363.033 57363.033 57363.033 35.0761291161156 35.0761291161156 35.0761291161156 8.7690322790289 8.7690322790289 8.7690322790289
 553320112 1 31538.963 31538.963 31538.963 35.08803456854304 35.08803456854304 35.08803456854304 8.77200864213576 8.77200864213576 8.77200864213576
 608652112 1 34571.171 34571.171 34571.171 35.21154154714632 35.21154154714632 35.21154154714632 8.80288538678658 8.80288538678658 8.80288538678658
 669517312 1 37750.959 37750.959 37750.959 35.470214783152926 35.470214783152926 35.470214783152926 8.867553695788231 8.867553695788231 8.867553695788231
 736469040 1 41671.038 41671.038 41671.038 35.34680561592922 35.34680561592922 35.34680561592922 8.836701403982305 8.836701403982305 8.836701403982305
 810115936 1 45664.787 45664.787 45664.787 35.48099046208187 35.48099046208187 35.48099046208187 8.870247615520467 8.870247615520467 8.870247615520467
 891127520 1 49401.045 49401.045 49401.045 36.077274073858156 36.077274073858156 36.077274073858156 9.019318518464539 9.019318518464539 9.019318518464539
 980240272 1 56076.05 56076.05 56076.05 34.961102716756976 34.961102716756976 34.961102716756976 8.740275679189244 8.740275679189244 8.740275679189244
 
META_DATA
 MPI startup(): shm:tmi fabric is unknown or has been removed from the product, please use ofi or shm:ofi instead
 FLOPS          4
 MPI_PROCS      2
 OPENMP_THREADS 1
 ERT_VERSION  1.1.0
 HOSTNAME  ('shas0420.rc.int.colorado.edu', [], ['10.225.6.135'])
 UNAME  uname_result(system='Linux', node='shas0420.rc.int.colorado.edu', release='3.10.0-957.27.2.el7.x86_64', version='#1 SMP Mon Jul 29 17:46:05 UTC 2019', machine='x86_64', processor='x86_64')
 TIMESTAMP_DATA  1664555111.3548265
 CONFIG  {'ERT_RESULTS': ['lab5_results'], 'ERT_DRIVER': ['driver1'], 'ERT_KERNEL': ['kernel1'], 'ERT_MPI': ['True'], 'ERT_MPI_CFLAGS': ['-I/usr/include/mpi'], 'ERT_MPI_LDFLAGS': ['-lmpi'], 'ERT_OPENMP': ['True'], 'ERT_OPENMP_CFLAGS': ['-qopenmp'], 'ERT_OPENMP_LDFLAGS': ['-qopenmp'], 'ERT_FLOPS': ['1,2,4,8,16'], 'ERT_ALIGN': ['32'], 'ERT_CC': ['mpicc'], 'ERT_CFLAGS': ['-O3', '-msse3', '-axSSE3', '-xSSE3', '-fno-alias', '-fno-fnalias', '-DERT_INTEL', '-std=c++11'], 'ERT_LD': ['mpicc'], 'ERT_LDFLAGS': [], 'ERT_LDLIBS': [], 'ERT_PRECISION': ['FP64'], 'ERT_RUN': ['export', 'OMP_NUM_THREADS=ERT_OPENMP_THREADS;', 'mpirun', '-np', 'ERT_MPI_PROCS', 'ERT_CODE'], 'ERT_PROCS_THREADS': ['1-24'], 'ERT_MPI_PROCS': ['1,2,4,8,12,24'], 'ERT_OPENMP_THREADS': ['1,2,4,8,12,24'], 'ERT_NUM_EXPERIMENTS': ['1'], 'ERT_MEMORY_MAX': ['1073741824'], 'ERT_WORKING_SET_MIN': ['1'], 'ERT_TRIALS_MIN': ['1'], 'ERT_GNUPLOT': ['gnuplot'], 'ERT_GPU': [False], 'ERT_HIP': [False], 'ERT_OCL': [False], 'ERT_SYCL': [False], 'ERT_WSS_MULT': [1.1]}
 