fp64
 32 33554432 95851.898 95851.898 95851.898 22.404184922869238 22.404184922869238 22.404184922869238 1.4002615576793274 1.4002615576793274 1.4002615576793274
 64 16777216 54686.069 54686.069 54686.069 39.26929997473397 39.26929997473397 39.26929997473397 2.454331248420873 2.454331248420873 2.454331248420873
 96 8388608 27338.982 27338.982 27338.982 58.912681386600276 58.912681386600276 58.912681386600276 3.6820425866625173 3.6820425866625173 3.6820425866625173
 128 8388608 37997.961 37997.961 37997.961 56.515760095653555 56.515760095653555 56.515760095653555 3.532235005978347 3.532235005978347 3.532235005978347
 160 4194304 15092.134 15092.134 15092.134 88.93223980121036 88.93223980121036 88.93223980121036 5.558264987575647 5.558264987575647 5.558264987575647
 192 4194304 22237.062 22237.062 22237.062 72.42920562077849 72.42920562077849 72.42920562077849 4.526825351298656 4.526825351298656 4.526825351298656
 224 4194304 17786.98 17786.98 17786.98 105.64177797467585 105.64177797467585 105.64177797467585 6.60261112341724 6.60261112341724 6.60261112341724
 256 4194304 24648.905 24648.905 24648.905 87.12288225379586 87.12288225379586 87.12288225379586 5.445180140862242 5.445180140862242 5.445180140862242
 288 2097152 12104.988 12104.988 12104.988 99.7902312666481 99.7902312666481 99.7902312666481 6.236889454165507 6.236889454165507 6.236889454165507
 320 2097152 13821.84 13821.84 13821.84 97.10554311148154 97.10554311148154 97.10554311148154 6.069096444467596 6.069096444467596 6.069096444467596
 352 2097152 12976.885 12976.885 12976.885 113.77114060885951 113.77114060885951 113.77114060885951 7.1106962880537194 7.1106962880537194 7.1106962880537194
 384 2097152 15089.989 15089.989 15089.989 106.73385752633749 106.73385752633749 106.73385752633749 6.670866095396093 6.670866095396093 6.670866095396093
 416 2097152 14341.116 14341.116 14341.116 121.6662959842177 121.6662959842177 121.6662959842177 7.604143499013606 7.604143499013606 7.604143499013606
 448 2097152 16408.92 16408.92 16408.92 114.51382491961691 114.51382491961691 114.51382491961691 7.157114057476057 7.157114057476057 7.157114057476057
 480 2097152 15814.066 15814.066 15814.066 127.30855682529715 127.30855682529715 127.30855682529715 7.956784801581072 7.956784801581072 7.956784801581072
 512 2097152 8883.953 8883.953 8883.953 241.72613790280073 241.72613790280073 241.72613790280073 15.107883618925046 15.107883618925046 15.107883618925046
 544 1048576 5537.033 5537.033 5537.033 206.0400738084819 206.0400738084819 206.0400738084819 12.87750461303012 12.87750461303012 12.87750461303012
 576 1048576 5560.16 5560.16 5560.16 217.2526603550977 217.2526603550977 217.2526603550977 13.578291272193606 13.578291272193606 13.578291272193606
 608 1048576 6141.901 6141.901 6141.901 207.60159045220692 207.60159045220692 207.60159045220692 12.975099403262933 12.975099403262933 12.975099403262933
 640 1048576 6575.823 6575.823 6575.823 204.10787820779237 204.10787820779237 204.10787820779237 12.756742387987023 12.756742387987023 12.756742387987023
 704 1048576 7277.012 7277.012 7277.012 202.88478402948903 202.88478402948903 202.88478402948903 12.680299001843064 12.680299001843064 12.680299001843064
 768 1048576 7980.108 7980.108 7980.108 201.82843841211172 201.82843841211172 201.82843841211172 12.614277400756983 12.614277400756983 12.614277400756983
 832 1048576 8692.98 8692.98 8692.98 200.71718375056656 200.71718375056656 200.71718375056656 12.54482398441041 12.54482398441041 12.54482398441041
 896 1048576 9511.948 9511.948 9511.948 197.54609592062528 197.54609592062528 197.54609592062528 12.34663099503908 12.34663099503908 12.34663099503908
 960 1048576 10074.854 10074.854 10074.854 199.83077868919986 199.83077868919986 199.83077868919986 12.489423668074991 12.489423668074991 12.489423668074991
 1056 524288 4661.083 4661.083 4661.083 237.5620120903232 237.5620120903232 237.5620120903232 14.8476257556452 14.8476257556452 14.8476257556452
 1152 524288 5120.993 5120.993 5120.993 235.88385143272012 235.88385143272012 235.88385143272012 14.742740714545008 14.742740714545008 14.742740714545008
 1248 524288 5918.98 5918.98 5918.98 221.08924983696514 221.08924983696514 221.08924983696514 13.818078114810321 13.818078114810321 13.818078114810321
 1344 524288 6151.915 6151.915 6151.915 229.0808868458033 229.0808868458033 229.0808868458033 14.317555427862706 14.317555427862706 14.317555427862706
 1472 524288 6913.185 6913.185 6913.185 223.26957429896638 223.26957429896638 223.26957429896638 13.954348393685398 13.954348393685398 13.954348393685398
 1600 524288 6904.125 6904.125 6904.125 243.00278456719715 243.00278456719715 243.00278456719715 15.187674035449822 15.187674035449822 15.187674035449822
 1760 524288 8008.957 8008.957 8008.957 230.42872623738646 230.42872623738646 230.42872623738646 14.401795389836654 14.401795389836654 14.401795389836654
 1920 524288 8884.192 8884.192 8884.192 226.61215786421545 226.61215786421545 226.61215786421545 14.163259866513465 14.163259866513465 14.163259866513465
 2112 262144 4492.998 4492.998 4492.998 246.4493097927041 246.4493097927041 246.4493097927041 15.403081862044006 15.403081862044006 15.403081862044006
 2304 262144 4940.033 4940.033 4940.033 244.5245916373433 244.5245916373433 244.5245916373433 15.282786977333956 15.282786977333956 15.282786977333956
 2528 262144 5749.941 5749.941 5749.941 230.50672415595224 230.50672415595224 230.50672415595224 14.406670259747015 14.406670259747015 14.406670259747015
 2752 262144 5820.036 5820.036 5820.036 247.9092184309513 247.9092184309513 247.9092184309513 15.494326151934457 15.494326151934457 15.494326151934457
 3008 262144 6542.921 6542.921 6542.921 241.03275952743428 241.03275952743428 241.03275952743428 15.064547470464642 15.064547470464642 15.064547470464642
 3296 262144 7053.852 7053.852 7053.852 244.98008293908063 244.98008293908063 244.98008293908063 15.31125518369254 15.31125518369254 15.31125518369254
 3616 262144 7467.985 7467.985 7467.985 253.86036635049484 253.86036635049484 253.86036635049484 15.866272896905928 15.866272896905928 15.866272896905928
 3968 262144 8385.181 8385.181 8385.181 248.10135690571258 248.10135690571258 248.10135690571258 15.506334806607036 15.506334806607036 15.506334806607036
 4352 131072 4304.886 4304.886 4304.886 265.0129847805493 265.0129847805493 265.0129847805493 16.56331154878433 16.56331154878433 16.56331154878433
 4768 131072 4651.07 4651.07 4651.07 268.73441853164974 268.73441853164974 268.73441853164974 16.79590115822811 16.79590115822811 16.79590115822811
 5216 131072 5074.978 5074.978 5074.978 269.42838057623106 269.42838057623106 269.42838057623106 16.83927378601444 16.83927378601444 16.83927378601444
 5728 131072 5552.053 5552.053 5552.053 270.45145858658054 270.45145858658054 270.45145858658054 16.903216161661284 16.903216161661284 16.903216161661284
 6272 131072 6066.084 6066.084 6066.084 271.04259815722963 271.04259815722963 271.04259815722963 16.940162384826852 16.940162384826852 16.940162384826852
 6880 131072 6682.873 6682.873 6682.873 269.8765515968955 269.8765515968955 269.8765515968955 16.86728447480597 16.86728447480597 16.86728447480597
 7552 131072 7349.014 7349.014 7349.014 269.3846396264859 269.3846396264859 269.3846396264859 16.83653997665537 16.83653997665537 16.83653997665537
 8288 65536 3952.98 3952.98 3952.98 274.8115942908894 274.8115942908894 274.8115942908894 17.175724643180587 17.175724643180587 17.175724643180587
 9088 65536 4432.201 4432.201 4432.201 268.7563889814564 268.7563889814564 268.7563889814564 16.797274311341024 16.797274311341024 16.797274311341024
 9984 65536 4815.817 4815.817 4815.817 271.7343387425228 271.7343387425228 271.7343387425228 16.983396171407676 16.983396171407676 16.983396171407676
 10976 65536 5236.149 5236.149 5236.149 274.75273755578763 274.75273755578763 274.75273755578763 17.172046097236727 17.172046097236727 17.172046097236727
 12064 65536 5814.075 5814.075 5814.075 271.9697644079239 271.9697644079239 271.9697644079239 16.998110275495243 16.998110275495243 16.998110275495243
 13248 65536 6352.901 6352.901 6352.901 273.3305392292434 273.3305392292434 273.3305392292434 17.083158701827713 17.083158701827713 17.083158701827713
 14560 65536 6942.987 6942.987 6942.987 274.8684852787424 274.8684852787424 274.8684852787424 17.1792803299214 17.1792803299214 17.1792803299214
 16000 65536 7775.068 7775.068 7775.068 269.72780173755393 269.72780173755393 269.72780173755393 16.85798760859712 16.85798760859712 16.85798760859712
 17600 32768 4612.923 4612.923 4612.923 250.04397428701935 250.04397428701935 250.04397428701935 15.62774839293871 15.62774839293871 15.62774839293871
 19360 32768 5111.933 5111.933 5111.933 248.1990589469776 248.1990589469776 248.1990589469776 15.5124411841861 15.5124411841861 15.5124411841861
 21280 32768 5557.06 5557.06 5557.06 250.96113412487895 250.96113412487895 250.96113412487895 15.685070882804935 15.685070882804935 15.685070882804935
 23392 32768 6129.98 6129.98 6129.98 250.0853366568896 250.0853366568896 250.0853366568896 15.6303335410556 15.6303335410556 15.6303335410556
 25728 32768 6654.978 6654.978 6654.978 253.36074860052133 253.36074860052133 253.36074860052133 15.835046787532583 15.835046787532583 15.835046787532583
 28288 32768 7309.914 7309.914 7309.914 253.6120627410938 253.6120627410938 253.6120627410938 15.850753921318363 15.850753921318363 15.850753921318363
 31104 32768 8055.925 8055.925 8055.925 253.0350945422158 253.0350945422158 253.0350945422158 15.814693408888488 15.814693408888488 15.814693408888488
 34208 16384 4450.083 4450.083 4450.083 251.88917689849833 251.88917689849833 251.88917689849833 15.743073556156146 15.743073556156146 15.743073556156146
 37600 16384 4860.878 4860.878 4860.878 253.46795373181553 253.46795373181553 253.46795373181553 15.84174710823847 15.84174710823847 15.84174710823847
 41344 16384 5303.86 5303.86 5303.86 255.42910106978695 255.42910106978695 255.42910106978695 15.964318816861685 15.964318816861685 15.964318816861685
 45472 16384 5846.977 5846.977 5846.977 254.8370715328622 254.8370715328622 254.8370715328622 15.927316970803888 15.927316970803888 15.927316970803888
 50016 16384 6384.85 6384.85 6384.85 256.68955229958414 256.68955229958414 256.68955229958414 16.04309701872401 16.04309701872401 16.04309701872401
 55008 16384 6999.016 6999.016 6999.016 257.53650856063194 257.53650856063194 257.53650856063194 16.096031785039496 16.096031785039496 16.096031785039496
 60480 16384 7696.867 7696.867 7696.867 257.48251074105866 257.48251074105866 257.48251074105866 16.092656921316166 16.092656921316166 16.092656921316166
 66528 8192 4212.856 4212.856 4212.856 258.73059796014866 258.73059796014866 258.73059796014866 16.17066237250929 16.17066237250929 16.17066237250929
 73152 8192 4683.971 4683.971 4683.971 255.87741000104398 255.87741000104398 255.87741000104398 15.992338125065249 15.992338125065249 15.992338125065249
 80448 8192 5104.065 5104.065 5104.065 258.2373132003609 258.2373132003609 258.2373132003609 16.139832075022557 16.139832075022557 16.139832075022557
 88480 8192 5644.083 5644.083 5644.083 256.84532279202847 256.84532279202847 256.84532279202847 16.05283267450178 16.05283267450178 16.05283267450178
 97312 8192 6160.021 6160.021 6160.021 258.82376180211077 258.82376180211077 258.82376180211077 16.176485112631923 16.176485112631923 16.176485112631923
 107040 8192 6789.923 6789.923 6789.923 258.28619264165445 258.28619264165445 258.28619264165445 16.142887040103403 16.142887040103403 16.142887040103403
 117728 8192 7493.019 7493.019 7493.019 257.42034712577134 257.42034712577134 257.42034712577134 16.08877169536071 16.08877169536071 16.08877169536071
 129472 8192 8226.871 8226.871 8226.871 257.84642156173356 257.84642156173356 257.84642156173356 16.115401347608348 16.115401347608348 16.115401347608348
 142400 4096 4791.975 4791.975 4791.975 243.4363284449522 243.4363284449522 243.4363284449522 15.214770527809513 15.214770527809513 15.214770527809513
 156640 4096 5501.032 5501.032 5501.032 233.26439111788477 233.26439111788477 233.26439111788477 14.579024444867798 14.579024444867798 14.579024444867798
 172288 4096 6062.984 6062.984 6062.984 232.78690756894622 232.78690756894622 232.78690756894622 14.549181723059139 14.549181723059139 14.549181723059139
 189504 4096 6681.919 6681.919 6681.919 232.33097677478582 232.33097677478582 232.33097677478582 14.520686048424114 14.520686048424114 14.520686048424114
 208448 4096 7293.94 7293.94 7293.94 234.11297817091997 234.11297817091997 234.11297817091997 14.632061135682498 14.632061135682498 14.632061135682498
 229280 4096 8074.999 8074.999 8074.999 232.60210434700986 232.60210434700986 232.60210434700986 14.537631521688116 14.537631521688116 14.537631521688116
 252192 4096 8861.78 8861.78 8861.78 233.13113889083226 233.13113889083226 233.13113889083226 14.570696180677016 14.570696180677016 14.570696180677016
 277408 2048 5055.904 5055.904 5055.904 224.73986214928127 224.73986214928127 224.73986214928127 14.046241384330079 14.046241384330079 14.046241384330079
 305120 2048 5342.007 5342.007 5342.007 233.95168145605203 233.95168145605203 233.95168145605203 14.621980091003252 14.621980091003252 14.621980091003252
 335616 2048 5708.933 5708.933 5708.933 240.79510759716393 240.79510759716393 240.79510759716393 15.049694224822746 15.049694224822746 15.049694224822746
 369152 2048 6111.145 6111.145 6111.145 247.4244338826848 247.4244338826848 247.4244338826848 15.4640271176678 15.4640271176678 15.4640271176678
 406048 2048 6755.829 6755.829 6755.829 246.18334892727452 246.18334892727452 246.18334892727452 15.386459307954658 15.386459307954658 15.386459307954658
 446624 2048 7448.912 7448.912 7448.912 245.58914160886852 245.58914160886852 245.58914160886852 15.349321350554282 15.349321350554282 15.349321350554282
 491264 2048 8142.948 8142.948 8142.948 247.11165342084956 247.11165342084956 247.11165342084956 15.444478338803098 15.444478338803098 15.444478338803098
 540384 1024 4484.892 4484.892 4484.892 246.76322908110163 246.76322908110163 246.76322908110163 15.422701817568852 15.422701817568852 15.422701817568852
 594400 1024 4976.034 4976.034 4976.034 244.63884290179692 244.63884290179692 244.63884290179692 15.289927681362308 15.289927681362308 15.289927681362308
 653824 1024 5486.965 5486.965 5486.965 244.03865379130357 244.03865379130357 244.03865379130357 15.252415861956473 15.252415861956473 15.252415861956473
 719200 1024 6132.841 6132.841 6132.841 240.1695396962028 240.1695396962028 240.1695396962028 15.010596231012675 15.010596231012675 15.010596231012675
 791104 1024 6741.047 6741.047 6741.047 240.34560091332997 240.34560091332997 240.34560091332997 15.021600057083123 15.021600057083123 15.021600057083123
 870208 1024 7577.181 7577.181 7577.181 235.2043568709788 235.2043568709788 235.2043568709788 14.700272304436176 14.700272304436176 14.700272304436176
 957216 1024 9052.992 9052.992 9052.992 216.54480286738348 216.54480286738348 216.54480286738348 13.534050179211468 13.534050179211468 13.534050179211468
 1052928 512 5324.125 5324.125 5324.125 202.51182532340997 202.51182532340997 202.51182532340997 12.656989082713123 12.656989082713123 12.656989082713123
 1158208 512 7366.18 7366.18 7366.18 161.00678940780702 161.00678940780702 161.00678940780702 10.062924337987939 10.062924337987939 10.062924337987939
 1274016 512 8186.102 8186.102 8186.102 159.3667393834086 159.3667393834086 159.3667393834086 9.960421211463037 9.960421211463037 9.960421211463037
 1401408 512 9752.035 9752.035 9752.035 147.15306005361958 147.15306005361958 147.15306005361958 9.197066253351224 9.197066253351224 9.197066253351224
 1541536 512 10703.802 10703.802 10703.802 147.47403436648025 147.47403436648025 147.47403436648025 9.217127147905016 9.217127147905016 9.217127147905016
 1695680 512 11820.078 11820.078 11820.078 146.90058052070384 146.90058052070384 146.90058052070384 9.18128628254399 9.18128628254399 9.18128628254399
 1865248 512 13046.026 13046.026 13046.026 146.40580602859444 146.40580602859444 146.40580602859444 9.150362876787153 9.150362876787153 9.150362876787153
 2051744 512 14369.011 14369.011 14369.011 146.2164553983569 146.2164553983569 146.2164553983569 9.138528462397307 9.138528462397307 9.138528462397307
 2256896 256 8037.09 8037.09 8037.09 143.77476823079 143.77476823079 143.77476823079 8.985923014424374 8.985923014424374 8.985923014424374
 2482560 256 8615.017 8615.017 8615.017 147.54128981985758 147.54128981985758 147.54128981985758 9.221330613741099 9.221330613741099 9.221330613741099
 2730816 256 9485.006 9485.006 9485.006 147.40926805950363 147.40926805950363 147.40926805950363 9.213079253718977 9.213079253718977 9.213079253718977
 3003872 256 10457.039 10457.039 10457.039 147.07628650902035 147.07628650902035 147.07628650902035 9.192267906813772 9.192267906813772 9.192267906813772
 3304256 256 11533.976 11533.976 11533.976 146.67787344104062 146.67787344104062 146.67787344104062 9.167367090065039 9.167367090065039 9.167367090065039
 3634656 256 12633.085 12633.085 12633.085 147.3071598900823 147.3071598900823 147.3071598900823 9.206697493130143 9.206697493130143 9.206697493130143
 3998112 256 13969.898 13969.898 13969.898 146.5317315845828 146.5317315845828 146.5317315845828 9.158233224036424 9.158233224036424 9.158233224036424
 4397920 128 7700.92 7700.92 7700.92 146.19909309537042 146.19909309537042 146.19909309537042 9.137443318460651 9.137443318460651 9.137443318460651
 4837696 128 8493.185 8493.185 8493.185 145.81693157513936 145.81693157513936 145.81693157513936 9.11355822344621 9.11355822344621 9.11355822344621
 5321440 128 9329.796 9329.796 9329.796 146.01483676599148 146.01483676599148 146.01483676599148 9.125927297874467 9.125927297874467 9.125927297874467
 5853568 128 10210.991 10210.991 10210.991 146.7549435701197 146.7549435701197 146.7549435701197 9.172183973132482 9.172183973132482 9.172183973132482
 6438912 128 11507.034 11507.034 11507.034 143.24816212414078 143.24816212414078 143.24816212414078 8.953010132758799 8.953010132758799 8.953010132758799
 7082784 128 12353.897 12353.897 12353.897 146.7709099404018 146.7709099404018 146.7709099404018 9.173181871275112 9.173181871275112 9.173181871275112
 7791040 128 13720.989 13720.989 13720.989 145.3616965949029 145.3616965949029 145.3616965949029 9.085106037181431 9.085106037181431 9.085106037181431
 8570144 64 7534.027 7534.027 7534.027 145.6031989266829 145.6031989266829 145.6031989266829 9.10019993291768 9.10019993291768 9.10019993291768
 9427136 64 8270.025 8270.025 8270.025 145.9092817736343 145.9092817736343 145.9092817736343 9.119330110852143 9.119330110852143 9.119330110852143
 10369824 64 9071.827 9071.827 9071.827 146.31423989897516 146.31423989897516 146.31423989897516 9.144639993685947 9.144639993685947 9.144639993685947
 11406784 64 10011.196 10011.196 10011.196 145.84354876280517 145.84354876280517 145.84354876280517 9.115221797675323 9.115221797675323 9.115221797675323
 12547456 64 10987.997 10987.997 10987.997 146.16625468681872 146.16625468681872 146.16625468681872 9.13539091792617 9.13539091792617 9.13539091792617
 13802176 64 12108.088 12108.088 12108.088 145.90896002738003 145.90896002738003 145.90896002738003 9.119310001711252 9.119310001711252 9.119310001711252
 15182368 64 13320.208 13320.208 13320.208 145.8943511993206 145.8943511993206 145.8943511993206 9.118396949957537 9.118396949957537 9.118396949957537
 16700576 64 14666.08 14666.08 14666.08 145.75631170701377 145.75631170701377 145.75631170701377 9.10976948168836 9.10976948168836 9.10976948168836
 18370624 32 8123.159 8123.159 8123.159 144.7367872523485 144.7367872523485 144.7367872523485 9.046049203271782 9.046049203271782 9.046049203271782
 20207680 32 8931.875 8931.875 8931.875 144.7950760618571 144.7950760618571 144.7950760618571 9.049692253866068 9.049692253866068 9.049692253866068
 22228448 32 9752.989 9752.989 9752.989 145.86509551071984 145.86509551071984 145.86509551071984 9.11656846941999 9.11656846941999 9.11656846941999
 24451264 32 10735.035 10735.035 10735.035 145.77324582546774 145.77324582546774 145.77324582546774 9.110827864091734 9.110827864091734 9.110827864091734
 26896384 32 11930.943 11930.943 11930.943 144.27766321572403 144.27766321572403 144.27766321572403 9.017353950982752 9.017353950982752 9.017353950982752
 29586016 32 13134.003 13134.003 13134.003 144.1681583291857 144.1681583291857 144.1681583291857 9.010509895574106 9.010509895574106 9.010509895574106
 32544608 32 14258.862 14258.862 14258.862 146.07441407315676 146.07441407315676 146.07441407315676 9.129650879572297 9.129650879572297 9.129650879572297
 35799040 16 7946.014 7946.014 7946.014 144.16904878345292 144.16904878345292 144.16904878345292 9.010565548965808 9.010565548965808 9.010565548965808
 39378944 16 8560.896 8560.896 8560.896 147.19559821775664 147.19559821775664 147.19559821775664 9.19972488860979 9.19972488860979 9.19972488860979
 43316832 16 9424.925 9424.925 9424.925 147.07158136536896 147.07158136536896 147.07158136536896 9.19197383533556 9.19197383533556 9.19197383533556
 47648512 16 11049.032 11049.032 11049.032 137.99873002449445 137.99873002449445 137.99873002449445 8.624920626530903 8.624920626530903 8.624920626530903
 52413344 16 14479.16 14479.16 14479.16 115.83731431933897 115.83731431933897 115.83731431933897 7.239832144958686 7.239832144958686 7.239832144958686
 57654656 16 17577.171 17577.171 17577.171 104.96279475235235 104.96279475235235 104.96279475235235 6.560174672022022 6.560174672022022 6.560174672022022
 63420096 16 21852.016 21852.016 21852.016 92.87212090637313 92.87212090637313 92.87212090637313 5.80450755664832 5.80450755664832 5.80450755664832
 69762080 8 13745.07 13745.07 13745.07 81.20680942330596 81.20680942330596 81.20680942330596 5.075425588956622 5.075425588956622 5.075425588956622
 76738272 8 16297.102 16297.102 16297.102 75.33930584713772 75.33930584713772 75.33930584713772 4.708706615446108 4.708706615446108 4.708706615446108
 84412096 8 18614.054 18614.054 18614.054 72.55773170100399 72.55773170100399 72.55773170100399 4.534858231312749 4.534858231312749 4.534858231312749
 92853280 8 20961.046 20961.046 20961.046 70.87682933380329 70.87682933380329 70.87682933380329 4.429801833362705 4.429801833362705 4.429801833362705
 102138592 8 23476.839 23476.839 23476.839 69.60977463788886 69.60977463788886 69.60977463788886 4.350610914868054 4.350610914868054 4.350610914868054
 112352448 8 26160.002 26160.002 26160.002 68.71708832438162 68.71708832438162 68.71708832438162 4.294818020273851 4.294818020273851 4.294818020273851
 123587680 8 28873.92 28873.92 28873.92 68.48404650286489 68.48404650286489 68.48404650286489 4.280252906429055 4.280252906429055 4.280252906429055
 135946432 4 15780.926 15780.926 15780.926 68.91683390442361 68.91683390442361 68.91683390442361 4.307302119026476 4.307302119026476 4.307302119026476
 149541056 4 17446.995 17446.995 17446.995 68.56931225119283 68.56931225119283 68.56931225119283 4.285582015699552 4.285582015699552 4.285582015699552
 164495136 4 19152.164 19152.164 19152.164 68.71083017041833 68.71083017041833 68.71083017041833 4.294426885651146 4.294426885651146 4.294426885651146
 180944640 4 21056.175 21056.175 21056.175 68.74739215455799 68.74739215455799 68.74739215455799 4.296712009659874 4.296712009659874 4.296712009659874
 199039104 4 23161.888 23161.888 23161.888 68.74710869856551 68.74710869856551 68.74710869856551 4.2966942936603445 4.2966942936603445 4.2966942936603445
 218943008 4 25499.105 25499.105 25499.105 68.69041340862748 68.69041340862748 68.69041340862748 4.293150838039217 4.293150838039217 4.293150838039217
 240837280 4 28037.786 28037.786 28037.786 68.71791660011957 68.71791660011957 68.71791660011957 4.294869787507473 4.294869787507473 4.294869787507473
 264920992 4 30827.045 30827.045 30827.045 68.7502787244123 68.7502787244123 68.7502787244123 4.296892420275769 4.296892420275769 4.296892420275769
 291413088 2 16946.077 16946.077 16946.077 68.78597046384245 68.78597046384245 68.78597046384245 4.299123153990153 4.299123153990153 4.299123153990153
 320554368 2 18640.995 18640.995 18640.995 68.78481926528063 68.78481926528063 68.78481926528063 4.2990512040800395 4.2990512040800395 4.2990512040800395
 352609792 2 20480.156 20480.156 20480.156 68.8685754151482 68.8685754151482 68.8685754151482 4.3042859634467625 4.3042859634467625 4.3042859634467625
 387870752 2 22867.918 22867.918 22867.918 67.84539843111209 67.84539843111209 67.84539843111209 4.2403374019445055 4.2403374019445055 4.2403374019445055
 426657824 2 24909.973 24909.973 24909.973 68.51196892104218 68.51196892104218 68.51196892104218 4.281998057565136 4.281998057565136 4.281998057565136
 469323584 2 27281.046 27281.046 27281.046 68.81313627050811 68.81313627050811 68.81313627050811 4.300821016906757 4.300821016906757 4.300821016906757
 516255936 2 30142.069 30142.069 30142.069 68.50968803767252 68.50968803767252 68.50968803767252 4.281855502354532 4.281855502354532 4.281855502354532
 567881504 1 16441.107 16441.107 16441.107 69.08068951804766 69.08068951804766 69.08068951804766 4.317543094877979 4.317543094877979 4.317543094877979
 624669632 1 18140.078 18140.078 18140.078 68.87176912910738 68.87176912910738 68.87176912910738 4.304485570569211 4.304485570569211 4.304485570569211
 687136576 1 19898.891 19898.891 19898.891 69.06280113801317 69.06280113801317 69.06280113801317 4.316425071125823 4.316425071125823 4.316425071125823
 755850208 1 22006.035 22006.035 22006.035 68.69481103706325 68.69481103706325 68.69481103706325 4.293425689816453 4.293425689816453 4.293425689816453
 831435200 1 24174.929 24174.929 24174.929 68.7849134944719 68.7849134944719 68.7849134944719 4.299057093404493 4.299057093404493 4.299057093404493
 914578720 1 26571.989 26571.989 26571.989 68.83780660905738 68.83780660905738 68.83780660905738 4.302362913066086 4.302362913066086 4.302362913066086
 1006036576 1 29300.928 29300.928 29300.928 68.66926371751775 68.66926371751775 68.66926371751775 4.291828982344859 4.291828982344859 4.291828982344859
 
META_DATA
 MPI startup(): shm:tmi fabric is unknown or has been removed from the product, please use ofi or shm:ofi instead
 FLOPS          1
 MPI_PROCS      1
 OPENMP_THREADS 4
 ERT_VERSION  1.1.0
 HOSTNAME  ('shas0642.rc.int.colorado.edu', [], ['10.225.7.27'])
 UNAME  uname_result(system='Linux', node='shas0642.rc.int.colorado.edu', release='3.10.0-957.27.2.el7.x86_64', version='#1 SMP Mon Jul 29 17:46:05 UTC 2019', machine='x86_64', processor='x86_64')
 TIMESTAMP_DATA  1664550965.1793454
 CONFIG  {'ERT_RESULTS': ['lab5_results'], 'ERT_DRIVER': ['driver1'], 'ERT_KERNEL': ['kernel1'], 'ERT_MPI': ['True'], 'ERT_MPI_CFLAGS': ['-I/usr/include/mpi'], 'ERT_MPI_LDFLAGS': ['-lmpi'], 'ERT_OPENMP': ['True'], 'ERT_OPENMP_CFLAGS': ['-qopenmp'], 'ERT_OPENMP_LDFLAGS': ['-qopenmp'], 'ERT_FLOPS': ['1,2,4,8,16'], 'ERT_ALIGN': ['32'], 'ERT_CC': ['mpicc'], 'ERT_CFLAGS': ['-O3', '-msse3', '-axSSE3', '-xSSE3', '-fno-alias', '-fno-fnalias', '-DERT_INTEL', '-std=c++11'], 'ERT_LD': ['mpicc'], 'ERT_LDFLAGS': [], 'ERT_LDLIBS': [], 'ERT_PRECISION': ['FP64'], 'ERT_RUN': ['export', 'OMP_NUM_THREADS=ERT_OPENMP_THREADS;', 'mpirun', '-np', 'ERT_MPI_PROCS', 'ERT_CODE'], 'ERT_PROCS_THREADS': ['1-24'], 'ERT_MPI_PROCS': ['1,2,4,8,12,24'], 'ERT_OPENMP_THREADS': ['1,2,4,8,12,24'], 'ERT_NUM_EXPERIMENTS': ['1'], 'ERT_MEMORY_MAX': ['1073741824'], 'ERT_WORKING_SET_MIN': ['1'], 'ERT_TRIALS_MIN': ['1'], 'ERT_GNUPLOT': ['gnuplot'], 'ERT_GPU': [False], 'ERT_HIP': [False], 'ERT_OCL': [False], 'ERT_SYCL': [False], 'ERT_WSS_MULT': [1.1]}
 