fp64
 32 33554432 191821.098 191821.098 191821.098 11.19524218342239 11.19524218342239 11.19524218342239 2.7988105458555976 2.7988105458555976 2.7988105458555976
 64 16777216 98359.108 98359.108 98359.108 21.83309397234469 21.83309397234469 21.83309397234469 5.458273493086173 5.458273493086173 5.458273493086173
 96 8388608 46502.829 46502.829 46502.829 34.63472590022427 34.63472590022427 34.63472590022427 8.658681475056067 8.658681475056067 8.658681475056067
 128 8388608 46756.029 46756.029 46756.029 45.92955590818031 45.92955590818031 45.92955590818031 11.482388977045078 11.482388977045078 11.482388977045078
 160 4194304 23364.782 23364.782 23364.782 57.4444597856723 57.4444597856723 57.4444597856723 14.361114946418075 14.361114946418075 14.361114946418075
 192 4194304 23702.86 23702.86 23702.86 67.95014340041666 67.95014340041666 67.95014340041666 16.987535850104166 16.987535850104166 16.987535850104166
 224 4194304 24530.172 24530.172 24530.172 76.60150903140834 76.60150903140834 76.60150903140834 19.150377257852085 19.150377257852085 19.150377257852085
 256 4194304 24780.989 24780.989 24780.989 86.65851262029938 86.65851262029938 86.65851262029938 21.664628155074844 21.664628155074844 21.664628155074844
 288 2097152 15062.094 15062.094 15062.094 80.19864648301889 80.19864648301889 80.19864648301889 20.049661620754723 20.049661620754723 20.049661620754723
 320 2097152 13795.853 13795.853 13795.853 97.28845907534678 97.28845907534678 97.28845907534678 24.322114768836695 24.322114768836695 24.322114768836695
 352 2097152 16331.196 16331.196 16331.196 90.40336102756956 90.40336102756956 90.40336102756956 22.60084025689239 22.60084025689239 22.60084025689239
 384 2097152 15971.899 15971.899 15971.899 100.84040326075191 100.84040326075191 100.84040326075191 25.210100815187978 25.210100815187978 25.210100815187978
 416 2097152 18402.1 18402.1 18402.1 94.81692111226438 94.81692111226438 94.81692111226438 23.704230278066095 23.704230278066095 23.704230278066095
 448 2097152 18131.018 18131.018 18131.018 103.6372139722105 103.6372139722105 103.6372139722105 25.909303493052626 25.909303493052626 25.909303493052626
 480 2097152 20446.062 20446.062 20446.062 98.46717279836086 98.46717279836086 98.46717279836086 24.616793199590216 24.616793199590216 24.616793199590216
 512 2097152 13681.173 13681.173 13681.173 156.9663396552328 156.9663396552328 156.9663396552328 39.2415849138082 39.2415849138082 39.2415849138082
 544 1048576 8166.075 8166.075 8166.075 139.70612417838436 139.70612417838436 139.70612417838436 34.92653104459609 34.92653104459609 34.92653104459609
 576 1048576 8069.038 8069.038 8069.038 149.70304415470594 149.70304415470594 149.70304415470594 37.425761038676484 37.425761038676484 37.425761038676484
 608 1048576 9375.095 9375.095 9375.095 136.00591951334894 136.00591951334894 136.00591951334894 34.001479878337236 34.001479878337236 34.001479878337236
 640 1048576 9047.031 9047.031 9047.031 148.35555222481275 148.35555222481275 148.35555222481275 37.08888805620319 37.08888805620319 37.08888805620319
 704 1048576 10307.074 10307.074 10307.074 143.24094384109395 143.24094384109395 143.24094384109395 35.81023596027349 35.81023596027349 35.81023596027349
 768 1048576 11165.857 11165.857 11165.857 144.2444351562088 144.2444351562088 144.2444351562088 36.0611087890522 36.0611087890522 36.0611087890522
 832 1048576 11509.18 11509.18 11509.18 151.603369136637 151.603369136637 151.603369136637 37.90084228415925 37.90084228415925 37.90084228415925
 896 1048576 12426.138 12426.138 12426.138 151.21739288586684 151.21739288586684 151.21739288586684 37.80434822146671 37.80434822146671 37.80434822146671
 960 1048576 13339.996 13339.996 13339.996 150.9195295111033 150.9195295111033 150.9195295111033 37.72988237777582 37.72988237777582 37.72988237777582
 1056 524288 6498.098 6498.098 6498.098 170.40313273207022 170.40313273207022 170.40313273207022 42.600783183017555 42.600783183017555 42.600783183017555
 1152 524288 7166.862 7166.862 7166.862 168.5479017176555 168.5479017176555 168.5479017176555 42.13697542941387 42.13697542941387 42.13697542941387
 1248 524288 8481.979 8481.979 8481.979 154.28272670800058 154.28272670800058 154.28272670800058 38.570681677000145 38.570681677000145 38.570681677000145
 1344 524288 8723.021 8723.021 8723.021 161.5594120431442 161.5594120431442 161.5594120431442 40.38985301078605 40.38985301078605 40.38985301078605
 1472 524288 9462.118 9462.118 9462.118 163.12456386614497 163.12456386614497 163.12456386614497 40.78114096653624 40.78114096653624 40.78114096653624
 1600 524288 9083.033 9083.033 9083.033 184.7094026852044 184.7094026852044 184.7094026852044 46.1773506713011 46.1773506713011 46.1773506713011
 1760 524288 10993.004 10993.004 10993.004 167.87893100011607 167.87893100011607 167.87893100011607 41.96973275002902 41.96973275002902 41.96973275002902
 1920 524288 11759.996 11759.996 11759.996 171.19613986263258 171.19613986263258 171.19613986263258 42.799034965658144 42.799034965658144 42.799034965658144
 2112 262144 5865.097 5865.097 5865.097 188.79419317361675 188.79419317361675 188.79419317361675 47.19854829340419 47.19854829340419 47.19854829340419
 2304 262144 6843.09 6843.09 6843.09 176.52252885757747 176.52252885757747 176.52252885757747 44.13063221439437 44.13063221439437 44.13063221439437
 2528 262144 7692.099 7692.099 7692.099 172.30668300030982 172.30668300030982 172.30668300030982 43.076670750077454 43.076670750077454 43.076670750077454
 2752 262144 8152.008 8152.008 8152.008 176.9920461314562 176.9920461314562 176.9920461314562 44.24801153286405 44.24801153286405 44.24801153286405
 3008 262144 8872.986 8872.986 8872.986 177.73704410217707 177.73704410217707 177.73704410217707 44.43426102554427 44.43426102554427 44.43426102554427
 3296 262144 9750.128 9750.128 9750.128 177.23390380105778 177.23390380105778 177.23390380105778 44.308475950264445 44.308475950264445 44.308475950264445
 3616 262144 9871.96 9871.96 9871.96 192.04143938994895 192.04143938994895 192.04143938994895 48.01035984748724 48.01035984748724 48.01035984748724
 3968 262144 11198.044 11198.044 11198.044 185.78019375526657 185.78019375526657 185.78019375526657 46.44504843881664 46.44504843881664 46.44504843881664
 4352 131072 6092.072 6092.072 6092.072 187.26809006853497 187.26809006853497 187.26809006853497 46.81702251713374 46.81702251713374 46.81702251713374
 4768 131072 6711.96 6711.96 6711.96 186.22020870207808 186.22020870207808 186.22020870207808 46.55505217551952 46.55505217551952 46.55505217551952
 5216 131072 7161.856 7161.856 7161.856 190.92021732913926 190.92021732913926 190.92021732913926 47.730054332284816 47.730054332284816 47.730054332284816
 5728 131072 7768.869 7768.869 7768.869 193.27920602085067 193.27920602085067 193.27920602085067 48.319801505212666 48.319801505212666 48.319801505212666
 6272 131072 8384.943 8384.943 8384.943 196.08567023055497 196.08567023055497 196.08567023055497 49.02141755763874 49.02141755763874 49.02141755763874
 6880 131072 9402.037 9402.037 9402.037 191.82552887209442 191.82552887209442 191.82552887209442 47.956382218023606 47.956382218023606 47.956382218023606
 7552 131072 10364.056 10364.056 10364.056 191.01705818648605 191.01705818648605 191.01705818648605 47.75426454662151 47.75426454662151 47.75426454662151
 8288 65536 5591.869 5591.869 5591.869 194.26863111421244 194.26863111421244 194.26863111421244 48.56715777855311 48.56715777855311 48.56715777855311
 9088 65536 6109.953 6109.953 6109.953 194.9576921459134 194.9576921459134 194.9576921459134 48.73942303647835 48.73942303647835 48.73942303647835
 9984 65536 6677.866 6677.866 6677.866 195.96422689523868 195.96422689523868 195.96422689523868 48.99105672380967 48.99105672380967 48.99105672380967
 10976 65536 7320.881 7320.881 7320.881 196.51272462972693 196.51272462972693 196.51272462972693 49.12818115743173 49.12818115743173 49.12818115743173
 12064 65536 7995.129 7995.129 7995.129 197.77699746933413 197.77699746933413 197.77699746933413 49.44424936733353 49.44424936733353 49.44424936733353
 13248 65536 8836.985 8836.985 8836.985 196.4970921643524 196.4970921643524 196.4970921643524 49.1242730410881 49.1242730410881 49.1242730410881
 14560 65536 9598.97 9598.97 9598.97 198.8138644042017 198.8138644042017 198.8138644042017 49.703466101050424 49.703466101050424 49.703466101050424
 16000 65536 10541.916 10541.916 10541.916 198.93461492199333 198.93461492199333 198.93461492199333 49.73365373049833 49.73365373049833 49.73365373049833
 17600 32768 5779.982 5779.982 5779.982 199.55660761573307 199.55660761573307 199.55660761573307 49.88915190393327 49.88915190393327 49.88915190393327
 19360 32768 6611.109 6611.109 6611.109 191.91590397314582 191.91590397314582 191.91590397314582 47.978975993286454 47.978975993286454 47.978975993286454
 21280 32768 7169.008 7169.008 7169.008 194.53264384695902 194.53264384695902 194.53264384695902 48.633160961739755 48.633160961739755 48.633160961739755
 23392 32768 7641.077 7641.077 7641.077 200.62853862093 200.62853862093 200.62853862093 50.1571346552325 50.1571346552325 50.1571346552325
 25728 32768 8771.896 8771.896 8771.896 192.2173049019277 192.2173049019277 192.2173049019277 48.05432622548192 48.05432622548192 48.05432622548192
 28288 32768 9671.926 9671.926 9671.926 191.67664930438883 191.67664930438883 191.67664930438883 47.91916232609721 47.91916232609721 47.91916232609721
 31104 32768 10694.027 10694.027 10694.027 190.61404501784034 190.61404501784034 190.61404501784034 47.653511254460085 47.653511254460085 47.653511254460085
 34208 16384 5888.224 5888.224 5888.224 190.36771427173966 190.36771427173966 190.36771427173966 47.591928567934914 47.591928567934914 47.591928567934914
 37600 16384 6443.024 6443.024 6443.024 191.22647998827878 191.22647998827878 191.22647998827878 47.806619997069696 47.806619997069696 47.806619997069696
 41344 16384 7175.922 7175.922 7175.922 188.79249133421465 188.79249133421465 188.79249133421465 47.19812283355366 47.19812283355366 47.19812283355366
 45472 16384 7783.175 7783.175 7783.175 191.44198813466227 191.44198813466227 191.44198813466227 47.86049703366557 47.86049703366557 47.86049703366557
 50016 16384 8630.991 8630.991 8630.991 189.88830923355152 189.88830923355152 189.88830923355152 47.47207730838788 47.47207730838788 47.47207730838788
 55008 16384 9465.933 9465.933 9465.933 190.41991359964197 190.41991359964197 190.41991359964197 47.60497839991049 47.60497839991049 47.60497839991049
 60480 16384 10387.182 10387.182 10387.182 190.7936762829418 190.7936762829418 190.7936762829418 47.69841907073545 47.69841907073545 47.69841907073545
 66528 8192 5739.927 5739.927 5739.927 189.89697116357056 189.89697116357056 189.89697116357056 47.47424279089264 47.47424279089264 47.47424279089264
 73152 8192 6313.086 6313.086 6313.086 189.84730573922167 189.84730573922167 189.84730573922167 47.46182643480542 47.46182643480542 47.46182643480542
 80448 8192 6930.828 6930.828 6930.828 190.17353078160355 190.17353078160355 190.17353078160355 47.54338269540089 47.54338269540089 47.54338269540089
 88480 8192 7621.05 7621.05 7621.05 190.21740048943389 190.21740048943389 190.21740048943389 47.55435012235847 47.55435012235847 47.55435012235847
 97312 8192 8342.028 8342.028 8342.028 191.1237660674359 191.1237660674359 191.1237660674359 47.780941516858974 47.780941516858974 47.780941516858974
 107040 8192 9212.017 9212.017 9212.017 190.37561046619868 190.37561046619868 190.37561046619868 47.59390261654967 47.59390261654967 47.59390261654967
 117728 8192 9733.915 9733.915 9733.915 198.15824896765585 198.15824896765585 198.15824896765585 49.53956224191396 49.53956224191396 49.53956224191396
 129472 8192 10645.866 10645.866 10645.866 199.2575566891411 199.2575566891411 199.2575566891411 49.814389172285274 49.814389172285274 49.814389172285274
 142400 4096 6503.105 6503.105 6503.105 179.3821259229245 179.3821259229245 179.3821259229245 44.845531480731125 44.845531480731125 44.845531480731125
 156640 4096 7215.023 7215.023 7215.023 177.85042126684834 177.85042126684834 177.85042126684834 44.462605316712086 44.462605316712086 44.462605316712086
 172288 4096 7854.939 7854.939 7854.939 179.68100019618228 179.68100019618228 179.68100019618228 44.92025004904557 44.92025004904557 44.92025004904557
 189504 4096 9078.979 9078.979 9078.979 170.99023667749427 170.99023667749427 170.99023667749427 42.74755916937357 42.74755916937357 42.74755916937357
 208448 4096 9973.049 9973.049 9973.049 171.2220621797807 171.2220621797807 171.2220621797807 42.80551554494517 42.80551554494517 42.80551554494517
 229280 4096 10966.063 10966.063 10966.063 171.279497482369 171.279497482369 171.279497482369 42.81987437059225 42.81987437059225 42.81987437059225
 252192 4096 12054.92 12054.92 12054.92 171.3787286850514 171.3787286850514 171.3787286850514 42.84468217126285 42.84468217126285 42.84468217126285
 277408 2048 6630.898 6630.898 6630.898 171.3588669287327 171.3588669287327 171.3588669287327 42.83971673218318 42.83971673218318 42.83971673218318
 305120 2048 7333.994 7333.994 7333.994 170.40803687595053 170.40803687595053 170.40803687595053 42.60200921898763 42.60200921898763 42.60200921898763
 335616 2048 8023.977 8023.977 8023.977 171.32191879413415 171.32191879413415 171.32191879413415 42.83047969853354 42.83047969853354 42.83047969853354
 369152 2048 8867.025 8867.025 8867.025 170.52467902143053 170.52467902143053 170.52467902143053 42.63116975535763 42.63116975535763 42.63116975535763
 406048 2048 9774.923 9774.923 9774.923 170.1468756326776 170.1468756326776 170.1468756326776 42.5367189081694 42.5367189081694 42.5367189081694
 446624 2048 10710.955 10710.955 10710.955 170.79447201486704 170.79447201486704 170.79447201486704 42.69861800371676 42.69861800371676 42.69861800371676
 491264 2048 11783.838 11783.838 11783.838 170.76077794009052 170.76077794009052 170.76077794009052 42.69019448502263 42.69019448502263 42.69019448502263
 540384 1024 6484.985 6484.985 6484.985 170.65674508113744 170.65674508113744 170.65674508113744 42.66418627028436 42.66418627028436 42.66418627028436
 594400 1024 7136.106 7136.106 7136.106 170.58760057656096 170.58760057656096 170.58760057656096 42.64690014414024 42.64690014414024 42.64690014414024
 653824 1024 7853.031 7853.031 7853.031 170.511430809327 170.511430809327 170.511430809327 42.62785770233175 42.62785770233175 42.62785770233175
 719200 1024 8646.965 8646.965 8646.965 170.33972035274806 170.33972035274806 170.33972035274806 42.584930088187015 42.584930088187015 42.584930088187015
 791104 1024 9536.028 9536.028 9536.028 169.90103133086438 169.90103133086438 169.90103133086438 42.475257832716096 42.475257832716096 42.475257832716096
 870208 1024 10468.96 10468.96 10468.96 170.23524628998487 170.23524628998487 170.23524628998487 42.55881157249622 42.55881157249622 42.55881157249622
 957216 1024 11632.204 11632.204 11632.204 168.53026030148715 168.53026030148715 168.53026030148715 42.13256507537179 42.13256507537179 42.13256507537179
 1052928 512 6609.201 6609.201 6609.201 163.13594820311866 163.13594820311866 163.13594820311866 40.783987050779665 40.783987050779665 40.783987050779665
 1158208 512 8846.045 8846.045 8846.045 134.07177919623967 134.07177919623967 134.07177919623967 33.51794479905992 33.51794479905992 33.51794479905992
 1274016 512 9867.907 9867.907 9867.907 132.20558158888204 132.20558158888204 132.20558158888204 33.05139539722051 33.05139539722051 33.05139539722051
 1401408 512 11105.061 11105.061 11105.061 129.22412510836276 129.22412510836276 129.22412510836276 32.30603127709069 32.30603127709069 32.30603127709069
 1541536 512 12264.013 12264.013 12264.013 128.71258893805805 128.71258893805805 128.71258893805805 32.17814723451451 32.17814723451451 32.17814723451451
 1695680 512 13499.975 13499.975 13499.975 128.62070633464134 128.62070633464134 128.62070633464134 32.155176583660335 32.155176583660335 32.155176583660335
 1865248 512 14873.981 14873.981 14873.981 128.41309613075342 128.41309613075342 128.41309613075342 32.103274032688354 32.103274032688354 32.103274032688354
 2051744 512 16548.872 16548.872 16548.872 126.95643884368674 126.95643884368674 126.95643884368674 31.739109710921685 31.739109710921685 31.739109710921685
 2256896 256 9034.872 9034.872 9034.872 127.89674850955278 127.89674850955278 127.89674850955278 31.974187127388195 31.974187127388195 31.974187127388195
 2482560 256 9896.04 9896.04 9896.04 128.44235876168648 128.44235876168648 128.44235876168648 32.11058969042162 32.11058969042162 32.11058969042162
 2730816 256 10906.935 10906.935 10906.935 128.1916314711695 128.1916314711695 128.1916314711695 32.047907867792375 32.047907867792375 32.047907867792375
 3003872 256 11959.076 11959.076 11959.076 128.60378711532564 128.60378711532564 128.60378711532564 32.15094677883141 32.15094677883141 32.15094677883141
 3304256 256 13191.938 13191.938 13191.938 128.24340684439238 128.24340684439238 128.24340684439238 32.060851711098096 32.060851711098096 32.060851711098096
 3634656 256 14467.001 14467.001 14467.001 128.6337003778461 128.6337003778461 128.6337003778461 32.15842509446153 32.15842509446153 32.15842509446153
 3998112 256 15941.143 15941.143 15941.143 128.4119554036997 128.4119554036997 128.4119554036997 32.10298885092492 32.10298885092492 32.10298885092492
 4397920 128 8782.148 8782.148 8782.148 128.19956120074497 128.19956120074497 128.19956120074497 32.04989030018624 32.04989030018624 32.04989030018624
 4837696 128 9677.172 9677.172 9677.172 127.97645593154692 127.97645593154692 127.97645593154692 31.99411398288673 31.99411398288673 31.99411398288673
 5321440 128 10607.958 10607.958 10607.958 128.42138326716602 128.42138326716602 128.42138326716602 32.105345816791505 32.105345816791505 32.105345816791505
 5853568 128 11679.888 11679.888 11679.888 128.29861108257202 128.29861108257202 128.29861108257202 32.074652770643006 32.074652770643006 32.074652770643006
 6438912 128 13485.909 13485.909 13485.909 122.22842909588076 122.22842909588076 122.22842909588076 30.55710727397019 30.55710727397019 30.55710727397019
 7082784 128 14127.016 14127.016 14127.016 128.3493063220145 128.3493063220145 128.3493063220145 32.08732658050363 32.08732658050363 32.08732658050363
 7791040 128 15542.984 15542.984 15542.984 128.32196443102558 128.32196443102558 128.32196443102558 32.080491107756394 32.080491107756394 32.080491107756394
 8570144 64 8650.064 8650.064 8650.064 126.81737753616619 126.81737753616619 126.81737753616619 31.704344384041548 31.704344384041548 31.704344384041548
 9427136 64 9515.047 9515.047 9515.047 126.81738808016397 126.81738808016397 126.81738808016397 31.70434702004099 31.70434702004099 31.70434702004099
 10369824 64 10341.167 10341.167 10341.167 128.35470812916955 128.35470812916955 128.35470812916955 32.08867703229239 32.08867703229239 32.08867703229239
 11406784 64 11422.873 11422.873 11422.873 127.81971330680118 127.81971330680118 127.81971330680118 31.954928326700294 31.954928326700294 31.954928326700294
 12547456 64 12757.063 12757.063 12757.063 125.89687516632942 125.89687516632942 125.89687516632942 31.474218791582356 31.474218791582356 31.474218791582356
 13802176 64 14188.766 14188.766 14188.766 124.51248600477307 124.51248600477307 124.51248600477307 31.128121501193267 31.128121501193267 31.128121501193267
 15182368 64 15233.994 15233.994 15233.994 127.56622485213003 127.56622485213003 127.56622485213003 31.89155621303251 31.89155621303251 31.89155621303251
 16700576 64 16736.031 16736.031 16736.031 127.72883415428666 127.72883415428666 127.72883415428666 31.932208538571665 31.932208538571665 31.932208538571665
 18370624 32 9241.819 9241.819 9241.819 127.2173731166992 127.2173731166992 127.2173731166992 31.8043432791748 31.8043432791748 31.8043432791748
 20207680 32 10135.889 10135.889 10135.889 127.59527260016364 127.59527260016364 127.59527260016364 31.89881815004091 31.89881815004091 31.89881815004091
 22228448 32 11175.156 11175.156 11175.156 127.30208616327145 127.30208616327145 127.30208616327145 31.825521540817864 31.825521540817864 31.825521540817864
 24451264 32 12342.93 12342.93 12342.93 126.78358347653271 126.78358347653271 126.78358347653271 31.695895869133178 31.695895869133178 31.695895869133178
 26896384 32 14197.111 14197.111 14197.111 121.2478071066712 121.2478071066712 121.2478071066712 30.3119517766678 30.3119517766678 30.3119517766678
 29586016 32 14923.096 14923.096 14923.096 126.88419507587433 126.88419507587433 126.88419507587433 31.721048768968583 31.721048768968583 31.721048768968583
 32544608 32 16336.918 16336.918 16336.918 127.4937483312336 127.4937483312336 127.4937483312336 31.8734370828084 31.8734370828084 31.8734370828084
 35799040 16 9429.932 9429.932 9429.932 121.48224186558289 121.48224186558289 121.48224186558289 30.370560466395723 30.370560466395723 30.370560466395723
 39378944 16 10377.884 10377.884 10377.884 121.4241947587774 121.4241947587774 121.4241947587774 30.35604868969435 30.35604868969435 30.35604868969435
 43316832 16 11006.117 11006.117 11006.117 125.94256666542795 125.94256666542795 125.94256666542795 31.485641666356987 31.485641666356987 31.485641666356987
 47648512 16 12163.162 12163.162 12163.162 125.35822379082018 125.35822379082018 125.35822379082018 31.339555947705044 31.339555947705044 31.339555947705044
 52413344 16 13540.983 13540.983 13540.983 123.86301703502619 123.86301703502619 123.86301703502619 30.965754258756547 30.965754258756547 30.965754258756547
 57654656 16 17380.953 17380.953 17380.953 106.14774644405286 106.14774644405286 106.14774644405286 26.536936611013214 26.536936611013214 26.536936611013214
 63420096 16 22036.076 22036.076 22036.076 92.09639102715019 92.09639102715019 92.09639102715019 23.024097756787548 23.024097756787548 23.024097756787548
 69762080 8 13823.986 13823.986 13823.986 80.743229919359 80.743229919359 80.743229919359 20.18580747983975 20.18580747983975 20.18580747983975
 76738272 8 16109.943 16109.943 16109.943 76.21456835694578 76.21456835694578 76.21456835694578 19.053642089236444 19.053642089236444 19.053642089236444
 84412096 8 19113.064 19113.064 19113.064 70.66337118946497 70.66337118946497 70.66337118946497 17.665842797366242 17.665842797366242 17.665842797366242
 92853280 8 21086.216 21086.216 21086.216 70.4560970066891 70.4560970066891 70.4560970066891 17.614024251672276 17.614024251672276 17.614024251672276
 102138592 8 23477.077 23477.077 23477.077 69.60906896544233 69.60906896544233 69.60906896544233 17.402267241360583 17.402267241360583 17.402267241360583
 112352448 8 26236.057 26236.057 26236.057 68.51788620523274 68.51788620523274 68.51788620523274 17.129471551308185 17.129471551308185 17.129471551308185
 123587680 8 29338.837 29338.837 29338.837 67.3988161153082 67.3988161153082 67.3988161153082 16.84970402882705 16.84970402882705 16.84970402882705
 135946432 4 15746.117 15746.117 15746.117 69.06918423126159 69.06918423126159 69.06918423126159 17.267296057815397 17.267296057815397 17.267296057815397
 149541056 4 17235.994 17235.994 17235.994 69.40872966189245 69.40872966189245 69.40872966189245 17.352182415473113 17.352182415473113 17.352182415473113
 164495136 4 19194.126 19194.126 19194.126 68.5606152632321 68.5606152632321 68.5606152632321 17.140153815808024 17.140153815808024 17.140153815808024
 180944640 4 21192.074 21192.074 21192.074 68.30653384845672 68.30653384845672 68.30653384845672 17.07663346211418 17.07663346211418 17.07663346211418
 199039104 4 23386.955 23386.955 23386.955 68.08551314183484 68.08551314183484 68.08551314183484 17.02137828545871 17.02137828545871 17.02137828545871
 218943008 4 25246.143 25246.143 25246.143 69.37867950759845 69.37867950759845 69.37867950759845 17.344669876899612 17.344669876899612 17.344669876899612
 240837280 4 28295.04 28295.04 28295.04 68.09314424012123 68.09314424012123 68.09314424012123 17.02328606003031 17.02328606003031 17.02328606003031
 264920992 4 31121.969 31121.969 31121.969 68.09877408463456 68.09877408463456 68.09877408463456 17.02469352115864 17.02469352115864 17.02469352115864
 291413088 2 17274.857 17274.857 17274.857 67.47681627697409 67.47681627697409 67.47681627697409 16.869204069243523 16.869204069243523 16.869204069243523
 320554368 2 18377.066 18377.066 18377.066 69.77269777449784 69.77269777449784 69.77269777449784 17.44317444362446 17.44317444362446 17.44317444362446
 352609792 2 20728.827 20728.827 20728.827 68.0424014344854 68.0424014344854 68.0424014344854 17.01060035862135 17.01060035862135 17.01060035862135
 387870752 2 22787.094 22787.094 22787.094 68.08604063335149 68.08604063335149 68.08604063335149 17.021510158337872 17.021510158337872 17.021510158337872
 426657824 2 25037.05 25037.05 25037.05 68.16423244751279 68.16423244751279 68.16423244751279 17.041058111878197 17.041058111878197 17.041058111878197
 469323584 2 27635.813 27635.813 27635.813 67.92976692959965 67.92976692959965 67.92976692959965 16.982441732399913 16.982441732399913 16.982441732399913
 516255936 2 30048.132 30048.132 30048.132 68.72386423222581 68.72386423222581 68.72386423222581 17.180966058056452 17.180966058056452 17.180966058056452
 567881504 1 16730.785 16730.785 16730.785 67.88462155242566 67.88462155242566 67.88462155242566 16.971155388106414 16.971155388106414 16.971155388106414
 624669632 1 18509.865 18509.865 18509.865 67.49586039660473 67.49586039660473 67.49586039660473 16.87396509915118 16.87396509915118 16.87396509915118
 687136576 1 20339.966 20339.966 20339.966 67.56516466153384 67.56516466153384 67.56516466153384 16.89129116538346 16.89129116538346 16.89129116538346
 755850208 1 22300.005 22300.005 22300.005 67.78924112348854 67.78924112348854 67.78924112348854 16.947310280872134 16.947310280872134 16.947310280872134
 831435200 1 24440.05 24440.05 24440.05 68.03874787490207 68.03874787490207 68.03874787490207 17.009686968725518 17.009686968725518 17.009686968725518
 914578720 1 26422.024 26422.024 26422.024 69.22851330390131 69.22851330390131 69.22851330390131 17.307128325975327 17.307128325975327 17.307128325975327
 1006036576 1 29543.877 29543.877 29543.877 68.10457381744448 68.10457381744448 68.10457381744448 17.02614345436112 17.02614345436112 17.02614345436112
 
META_DATA
 MPI startup(): shm:tmi fabric is unknown or has been removed from the product, please use ofi or shm:ofi instead
 FLOPS          4
 MPI_PROCS      2
 OPENMP_THREADS 2
 ERT_VERSION  1.1.0
 HOSTNAME  ('shas0420.rc.int.colorado.edu', [], ['10.225.6.135'])
 UNAME  uname_result(system='Linux', node='shas0420.rc.int.colorado.edu', release='3.10.0-957.27.2.el7.x86_64', version='#1 SMP Mon Jul 29 17:46:05 UTC 2019', machine='x86_64', processor='x86_64')
 TIMESTAMP_DATA  1664555131.9123082
 CONFIG  {'ERT_RESULTS': ['lab5_results'], 'ERT_DRIVER': ['driver1'], 'ERT_KERNEL': ['kernel1'], 'ERT_MPI': ['True'], 'ERT_MPI_CFLAGS': ['-I/usr/include/mpi'], 'ERT_MPI_LDFLAGS': ['-lmpi'], 'ERT_OPENMP': ['True'], 'ERT_OPENMP_CFLAGS': ['-qopenmp'], 'ERT_OPENMP_LDFLAGS': ['-qopenmp'], 'ERT_FLOPS': ['1,2,4,8,16'], 'ERT_ALIGN': ['32'], 'ERT_CC': ['mpicc'], 'ERT_CFLAGS': ['-O3', '-msse3', '-axSSE3', '-xSSE3', '-fno-alias', '-fno-fnalias', '-DERT_INTEL', '-std=c++11'], 'ERT_LD': ['mpicc'], 'ERT_LDFLAGS': [], 'ERT_LDLIBS': [], 'ERT_PRECISION': ['FP64'], 'ERT_RUN': ['export', 'OMP_NUM_THREADS=ERT_OPENMP_THREADS;', 'mpirun', '-np', 'ERT_MPI_PROCS', 'ERT_CODE'], 'ERT_PROCS_THREADS': ['1-24'], 'ERT_MPI_PROCS': ['1,2,4,8,12,24'], 'ERT_OPENMP_THREADS': ['1,2,4,8,12,24'], 'ERT_NUM_EXPERIMENTS': ['1'], 'ERT_MEMORY_MAX': ['1073741824'], 'ERT_WORKING_SET_MIN': ['1'], 'ERT_TRIALS_MIN': ['1'], 'ERT_GNUPLOT': ['gnuplot'], 'ERT_GPU': [False], 'ERT_HIP': [False], 'ERT_OCL': [False], 'ERT_SYCL': [False], 'ERT_WSS_MULT': [1.1]}
 