fp64
 128 8388608 49639.94 49639.94 49639.94 43.261205553431374 43.261205553431374 43.261205553431374 10.815301388357843 10.815301388357843 10.815301388357843
 256 4194304 26285.172 26285.172 26285.172 81.69943297308461 81.69943297308461 81.69943297308461 20.424858243271153 20.424858243271153 20.424858243271153
 384 2097152 13139.963 13139.963 13139.963 122.57361272630676 122.57361272630676 122.57361272630676 30.64340318157669 30.64340318157669 30.64340318157669
 512 2097152 13133.049 13133.049 13133.049 163.51752346313486 163.51752346313486 163.51752346313486 40.879380865783716 40.879380865783716 40.879380865783716
 640 1048576 6727.934 6727.934 6727.934 199.4932292736522 199.4932292736522 199.4932292736522 49.87330731841305 49.87330731841305 49.87330731841305
 768 1048576 6716.013 6716.013 6716.013 239.8167984487225 239.8167984487225 239.8167984487225 59.95419961218062 59.95419961218062 59.95419961218062
 896 1048576 6623.03 6623.03 6623.03 283.71428062382324 283.71428062382324 283.71428062382324 70.92857015595581 70.92857015595581 70.92857015595581
 1024 1048576 6774.902 6774.902 6774.902 316.9763412075924 316.9763412075924 316.9763412075924 79.2440853018981 79.2440853018981 79.2440853018981
 1152 524288 3839.016 3839.016 3839.016 314.6534299414225 314.6534299414225 314.6534299414225 78.66335748535562 78.66335748535562 78.66335748535562
 1280 524288 3824.949 3824.949 3824.949 350.9006995910272 350.9006995910272 350.9006995910272 87.7251748977568 87.7251748977568 87.7251748977568
 1408 524288 4381.895 4381.895 4381.895 336.93071331010896 336.93071331010896 336.93071331010896 84.23267832752724 84.23267832752724 84.23267832752724
 1536 524288 4295.826 4295.826 4295.826 374.9250402600105 374.9250402600105 374.9250402600105 93.73126006500263 93.73126006500263 93.73126006500263
 1664 524288 4934.072 4934.072 4934.072 353.6289020508821 353.6289020508821 353.6289020508821 88.40722551272053 88.40722551272053 88.40722551272053
 1792 524288 4924.059 4924.059 4924.059 381.60553965742486 381.60553965742486 381.60553965742486 95.40138491435621 95.40138491435621 95.40138491435621
 1920 524288 5481.005 5481.005 5481.005 367.316928191089 367.316928191089 367.316928191089 91.82923204777225 91.82923204777225 91.82923204777225
 2048 524288 3677.845 3677.845 3677.845 583.8972681012931 583.8972681012931 583.8972681012931 145.97431702532327 145.97431702532327 145.97431702532327
 2176 262144 2193.213 2193.213 2193.213 520.1732289567861 520.1732289567861 520.1732289567861 130.04330723919654 130.04330723919654 130.04330723919654
 2304 262144 2198.935 2198.935 2198.935 549.3384533876626 549.3384533876626 549.3384533876626 137.33461334691566 137.33461334691566 137.33461334691566
 2432 262144 2532.005 2532.005 2532.005 503.5805284744699 503.5805284744699 503.5805284744699 125.89513211861747 125.89513211861747 125.89513211861747
 2560 262144 2458.811 2458.811 2458.811 545.8643547633388 545.8643547633388 545.8643547633388 136.4660886908347 136.4660886908347 136.4660886908347
 2816 262144 2732.992 2732.992 2732.992 540.2119757394094 540.2119757394094 540.2119757394094 135.05299393485234 135.05299393485234 135.05299393485234
 3072 262144 3021.002 3021.002 3021.002 533.1385864689927 533.1385864689927 533.1385864689927 133.28464661724817 133.28464661724817 133.28464661724817
 3328 262144 3282.07 3282.07 3282.07 531.6250000761714 531.6250000761714 531.6250000761714 132.90625001904286 132.90625001904286 132.90625001904286
 3584 262144 3554.106 3554.106 3554.106 528.6978475037041 528.6978475037041 528.6978475037041 132.17446187592603 132.17446187592603 132.17446187592603
 3840 262144 3813.982 3813.982 3813.982 527.8645573051996 527.8645573051996 527.8645573051996 131.9661393262999 131.9661393262999 131.9661393262999
 4224 131072 1827.002 1827.002 1827.002 606.072820938346 606.072820938346 606.072820938346 151.5182052345865 151.5182052345865 151.5182052345865
 4608 131072 2007.008 2007.008 2007.008 601.8708206444617 601.8708206444617 601.8708206444617 150.46770516111542 150.46770516111542 150.46770516111542
 4992 131072 2372.026 2372.026 2372.026 551.68992582712 551.68992582712 551.68992582712 137.92248145678 137.92248145678 137.92248145678
 5376 131072 2444.983 2444.983 2444.983 576.3991586035568 576.3991586035568 576.3991586035568 144.0997896508892 144.0997896508892 144.0997896508892
 5888 131072 2664.804 2664.804 2664.804 579.218536147499 579.218536147499 579.218536147499 144.80463403687475 144.80463403687475 144.80463403687475
 6400 131072 2577.782 2577.782 2577.782 650.8392098323286 650.8392098323286 650.8392098323286 162.70980245808215 162.70980245808215 162.70980245808215
 7040 131072 3109.932 3109.932 3109.932 593.4193287827516 593.4193287827516 593.4193287827516 148.3548321956879 148.3548321956879 148.3548321956879
 7680 131072 3318.071 3318.071 3318.071 606.7579385733457 606.7579385733457 606.7579385733457 151.6894846433364 151.6894846433364 151.6894846433364
 8448 65536 1664.877 1664.877 1664.877 665.091929313697 665.091929313697 665.091929313697 166.27298232842426 166.27298232842426 166.27298232842426
 9216 65536 1929.998 1929.998 1929.998 625.8864268253127 625.8864268253127 625.8864268253127 156.47160670632817 156.47160670632817 156.47160670632817
 10112 65536 2161.026 2161.026 2161.026 613.319813829172 613.319813829172 613.319813829172 153.329953457293 153.329953457293 153.329953457293
 11008 65536 2258.062 2258.062 2258.062 638.9729670841633 638.9729670841633 638.9729670841633 159.74324177104083 159.74324177104083 159.74324177104083
 12032 65536 2486.944 2486.944 2486.944 634.1350283721707 634.1350283721707 634.1350283721707 158.53375709304268 158.53375709304268 158.53375709304268
 13184 65536 2681.017 2681.017 2681.017 644.5513952354647 644.5513952354647 644.5513952354647 161.13784880886618 161.13784880886618 161.13784880886618
 14464 65536 2771.139 2771.139 2771.139 684.132195461866 684.132195461866 684.132195461866 171.0330488654665 171.0330488654665 171.0330488654665
 15872 65536 3156.9 3156.9 3156.9 658.9929310399442 658.9929310399442 658.9929310399442 164.74823275998605 164.74823275998605 164.74823275998605
 17408 32768 1717.091 1717.091 1717.091 664.4089847305705 664.4089847305705 664.4089847305705 166.10224618264263 166.10224618264263 166.10224618264263
 19072 32768 1878.023 1878.023 1878.023 665.5416850592352 665.5416850592352 665.5416850592352 166.3854212648088 166.3854212648088 166.3854212648088
 20864 32768 2007.961 2007.961 2007.961 680.9609867920741 680.9609867920741 680.9609867920741 170.24024669801852 170.24024669801852 170.24024669801852
 22912 32768 2192.974 2192.974 2192.974 684.7143796506479 684.7143796506479 684.7143796506479 171.17859491266196 171.17859491266196 171.17859491266196
 25088 32768 2370.834 2370.834 2370.834 693.4973802467823 693.4973802467823 693.4973802467823 173.37434506169558 173.37434506169558 173.37434506169558
 27520 32768 2638.817 2638.817 2638.817 683.4694183037324 683.4694183037324 683.4694183037324 170.8673545759331 170.8673545759331 170.8673545759331
 30208 32768 2898.932 2898.932 2898.932 682.9106332952963 682.9106332952963 682.9106332952963 170.72765832382407 170.72765832382407 170.72765832382407
 33152 16384 1569.033 1569.033 1569.033 692.3530199810966 692.3530199810966 692.3530199810966 173.08825499527416 173.08825499527416 173.08825499527416
 36352 16384 1718.044 1718.044 1718.044 693.336338300998 693.336338300998 693.336338300998 173.3340845752495 173.3340845752495 173.3340845752495
 39936 16384 1881.123 1881.123 1881.123 695.6604368773334 695.6604368773334 695.6604368773334 173.91510921933335 173.91510921933335 173.91510921933335
 43904 16384 2062.798 2062.798 2062.798 697.4246979103141 697.4246979103141 697.4246979103141 174.35617447757852 174.35617447757852 174.35617447757852
 48256 16384 2278.09 2278.09 2278.09 694.1133177354714 694.1133177354714 694.1133177354714 173.52832943386784 173.52832943386784 173.52832943386784
 52992 16384 2498.865 2498.865 2498.865 694.8922234694551 694.8922234694551 694.8922234694551 173.72305586736377 173.72305586736377 173.72305586736377
 58240 16384 2712.965 2712.965 2712.965 703.4400812395294 703.4400812395294 703.4400812395294 175.86002030988234 175.86002030988234 175.86002030988234
 64000 16384 2969.98 2969.98 2969.98 706.1165395053165 706.1165395053165 706.1165395053165 176.52913487632912 176.52913487632912 176.52913487632912
 70400 8192 1640.081 1640.081 1640.081 703.2784356382399 703.2784356382399 703.2784356382399 175.81960890955997 175.81960890955997 175.81960890955997
 77440 8192 1861.811 1861.811 1861.811 681.4746287351402 681.4746287351402 681.4746287351402 170.36865718378505 170.36865718378505 170.36865718378505
 85120 8192 2021.074 2021.074 2021.074 690.0321710140253 690.0321710140253 690.0321710140253 172.50804275350632 172.50804275350632 172.50804275350632
 93568 8192 2163.887 2163.887 2163.887 708.4557151089682 708.4557151089682 708.4557151089682 177.11392877724205 177.11392877724205 177.11392877724205
 102912 8192 2370.119 2370.119 2370.119 711.4031860847493 711.4031860847493 711.4031860847493 177.85079652118733 177.85079652118733 177.85079652118733
 113152 8192 2602.1 2602.1 2602.1 712.4562345797625 712.4562345797625 712.4562345797625 178.11405864494063 178.11405864494063 178.11405864494063
 124416 8192 2869.129 2869.129 2869.129 710.4705797473729 710.4705797473729 710.4705797473729 177.61764493684322 177.61764493684322 177.61764493684322
 136832 4096 1585.96 1585.96 1585.96 706.7818507402457 706.7818507402457 706.7818507402457 176.69546268506141 176.69546268506141 176.69546268506141
 150400 4096 1739.025 1739.025 1739.025 708.4871120311668 708.4871120311668 708.4871120311668 177.1217780077917 177.1217780077917 177.1217780077917
 165376 4096 1923.084 1923.084 1923.084 704.4727073804369 704.4727073804369 704.4727073804369 176.11817684510922 176.11817684510922 176.11817684510922
 181888 4096 2093.077 2093.077 2093.077 711.8832685085164 711.8832685085164 711.8832685085164 177.9708171271291 177.9708171271291 177.9708171271291
 200064 4096 2322.912 2322.912 2322.912 705.5472992519734 705.5472992519734 705.5472992519734 176.38682481299335 176.38682481299335 176.38682481299335
 220032 4096 2542.019 2542.019 2542.019 709.0828762491547 709.0828762491547 709.0828762491547 177.27071906228866 177.27071906228866 177.27071906228866
 241920 4096 2799.988 2799.988 2799.988 707.7918333935717 707.7918333935717 707.7918333935717 176.94795834839292 176.94795834839292 176.94795834839292
 266112 2048 1547.098 1547.098 1547.098 704.5415041581076 704.5415041581076 704.5415041581076 176.1353760395269 176.1353760395269 176.1353760395269
 292608 2048 1689.911 1689.911 1689.911 709.2221827066631 709.2221827066631 709.2221827066631 177.3055456766658 177.3055456766658 177.3055456766658
 321792 2048 1863.003 1863.003 1863.003 707.492168289584 707.492168289584 707.492168289584 176.873042072396 176.873042072396 176.873042072396
 353920 2048 2050.877 2050.877 2050.877 706.8470317820133 706.8470317820133 706.8470317820133 176.71175794550334 176.71175794550334 176.71175794550334
 389248 2048 2251.863 2251.863 2251.863 708.0181201076621 708.0181201076621 708.0181201076621 177.00453002691552 177.00453002691552 177.00453002691552
 428160 2048 2475.023 2475.023 2475.023 708.5765910054168 708.5765910054168 708.5765910054168 177.1441477513542 177.1441477513542 177.1441477513542
 470912 2048 2733.946 2733.946 2733.946 705.5207205994558 705.5207205994558 705.5207205994558 176.38018014986395 176.38018014986395 176.38018014986395
 517888 2048 2996.922 2996.922 2996.922 707.8159685170318 707.8159685170318 707.8159685170318 176.95399212925795 176.95399212925795 176.95399212925795
 569600 1024 1816.988 1816.988 1816.988 642.0189896686163 642.0189896686163 642.0189896686163 160.50474741715408 160.50474741715408 160.50474741715408
 626560 1024 2018.213 2018.213 2018.213 635.8074593712358 635.8074593712358 635.8074593712358 158.95186484280896 158.95186484280896 158.95186484280896
 689152 1024 2216.816 2216.816 2216.816 636.6713773267605 636.6713773267605 636.6713773267605 159.16784433169013 159.16784433169013 159.16784433169013
 758016 1024 2448.082 2448.082 2448.082 634.1359349891059 634.1359349891059 634.1359349891059 158.53398374727647 158.53398374727647 158.53398374727647
 833792 1024 2687.931 2687.931 2687.931 635.2864028131673 635.2864028131673 635.2864028131673 158.82160070329184 158.82160070329184 158.82160070329184
 917120 1024 2953.053 2953.053 2953.053 636.0406535202721 636.0406535202721 636.0406535202721 159.01016338006804 159.01016338006804 159.01016338006804
 1008768 1024 3249.884 3249.884 3249.884 635.7017247384829 635.7017247384829 635.7017247384829 158.92543118462072 158.92543118462072 158.92543118462072
 1109632 512 1790.047 1790.047 1790.047 634.7672256650244 634.7672256650244 634.7672256650244 158.6918064162561 158.6918064162561 158.6918064162561
 1220480 512 1963.854 1963.854 1963.854 636.3871856054471 636.3871856054471 636.3871856054471 159.0967964013618 159.0967964013618 159.0967964013618
 1342464 512 2160.788 2160.788 2160.788 636.1952843129451 636.1952843129451 636.1952843129451 159.04882107823627 159.04882107823627 159.04882107823627
 1476608 512 2376.08 2376.08 2376.08 636.3618194673579 636.3618194673579 636.3618194673579 159.09045486683948 159.09045486683948 159.09045486683948
 1624192 512 2608.061 2608.061 2608.061 637.704642644478 637.704642644478 637.704642644478 159.4261606611195 159.4261606611195 159.4261606611195
 1786496 512 2873.898 2873.898 2873.898 636.5472622897541 636.5472622897541 636.5472622897541 159.13681557243854 159.13681557243854 159.13681557243854
 1965056 512 3165.007 3165.007 3165.007 635.7702665428544 635.7702665428544 635.7702665428544 158.9425666357136 158.9425666357136 158.9425666357136
 2161536 256 1747.131 1747.131 1747.131 633.4421586017304 633.4421586017304 633.4421586017304 158.3605396504326 158.3605396504326 158.3605396504326
 2377600 256 1936.913 1936.913 1936.913 628.4903865067765 628.4903865067765 628.4903865067765 157.12259662669413 157.12259662669413 157.12259662669413
 2615296 256 2205.133 2205.133 2205.133 607.2339183169452 607.2339183169452 607.2339183169452 151.8084795792363 151.8084795792363 151.8084795792363
 2876800 256 2413.988 2413.988 2413.988 610.1611109914384 610.1611109914384 610.1611109914384 152.5402777478596 152.5402777478596 152.5402777478596
 3164416 256 2661.228 2661.228 2661.228 608.8095390549025 608.8095390549025 608.8095390549025 152.20238476372563 152.20238476372563 152.20238476372563
 3480832 256 3108.978 3108.978 3108.978 573.2385317618845 573.2385317618845 573.2385317618845 143.30963294047112 143.30963294047112 143.30963294047112
 3828864 256 3670.931 3670.931 3670.931 534.0275717522339 534.0275717522339 534.0275717522339 133.50689293805848 133.50689293805848 133.50689293805848
 4211712 128 2007.961 2007.961 2007.961 536.9617597154527 536.9617597154527 536.9617597154527 134.24043992886317 134.24043992886317 134.24043992886317
 4632832 128 2375.126 2375.126 2375.126 499.3440314324376 499.3440314324376 499.3440314324376 124.8360078581094 124.8360078581094 124.8360078581094
 5096064 128 2641.916 2641.916 2641.916 493.8053988090461 493.8053988090461 493.8053988090461 123.45134970226152 123.45134970226152 123.45134970226152
 5605632 128 2995.968 2995.968 2995.968 478.99102794155345 478.99102794155345 478.99102794155345 119.74775698538836 119.74775698538836 119.74775698538836
 6166144 128 3284.931 3284.931 3284.931 480.53760155083927 480.53760155083927 480.53760155083927 120.13440038770982 120.13440038770982 120.13440038770982
 6782720 128 3612.995 3612.995 3612.995 480.5919521062166 480.5919521062166 480.5919521062166 120.14798802655415 120.14798802655415 120.14798802655415
 7460992 128 3986.12 3986.12 3986.12 479.1661946955937 479.1661946955937 479.1661946955937 119.79154867389842 119.79154867389842 119.79154867389842
 8206976 128 4379.034 4379.034 4379.034 479.78295121709493 479.78295121709493 479.78295121709493 119.94573780427373 119.94573780427373 119.94573780427373
 9027584 64 2525.091 2525.091 2525.091 457.61944896243347 457.61944896243347 457.61944896243347 114.40486224060837 114.40486224060837 114.40486224060837
 9930240 64 2654.076 2654.076 2654.076 478.91270634299843 478.91270634299843 478.91270634299843 119.72817658574961 119.72817658574961 119.72817658574961
 10923264 64 2928.972 2928.972 2928.972 477.36126941466154 477.36126941466154 477.36126941466154 119.34031735366538 119.34031735366538 119.34031735366538
 12015488 64 3209.114 3209.114 3209.114 479.25454315427874 479.25454315427874 479.25454315427874 119.81363578856968 119.81363578856968 119.81363578856968
 13217024 64 3537.893 3537.893 3537.893 478.18830925638514 478.18830925638514 478.18830925638514 119.54707731409628 119.54707731409628 119.54707731409628
 14538624 64 3880.978 3880.978 3880.978 479.50384464946717 479.50384464946717 479.50384464946717 119.87596116236679 119.87596116236679 119.87596116236679
 15992448 64 4260.063 4260.063 4260.063 480.51715291534424 480.51715291534424 480.51715291534424 120.12928822883606 120.12928822883606 120.12928822883606
 17591680 32 2357.96 2357.96 2357.96 477.4752413102851 477.4752413102851 477.4752413102851 119.36881032757128 119.36881032757128 119.36881032757128
 19350784 32 2588.987 2588.987 2588.987 478.3531844694469 478.3531844694469 478.3531844694469 119.58829611736172 119.58829611736172 119.58829611736172
 21285760 32 2834.082 2834.082 2834.082 480.68074247675264 480.68074247675264 480.68074247675264 120.17018561918816 120.17018561918816 120.17018561918816
 23414272 32 3131.151 3131.151 3131.151 478.5822874719233 478.5822874719233 478.5822874719233 119.64557186798082 119.64557186798082 119.64557186798082
 25755648 32 3615.141 3615.141 3615.141 455.9604928272507 455.9604928272507 455.9604928272507 113.99012320681267 113.99012320681267 113.99012320681267
 28331136 32 3793.955 3793.955 3793.955 477.91623885892164 477.91623885892164 477.91623885892164 119.47905971473041 119.47905971473041 119.47905971473041
 31164160 32 4164.934 4164.934 4164.934 478.8806353233928 478.8806353233928 478.8806353233928 119.7201588308482 119.7201588308482 119.7201588308482
 34280576 16 2283.096 2283.096 2283.096 480.4784520668426 480.4784520668426 480.4784520668426 120.11961301671064 120.11961301671064 120.11961301671064
 37708544 16 2519.846 2519.846 2519.846 478.8679181188056 478.8679181188056 478.8679181188056 119.7169795297014 119.7169795297014 119.7169795297014
 41479296 16 2789.021 2789.021 2789.021 475.91519461488457 475.91519461488457 475.91519461488457 118.97879865372114 118.97879865372114 118.97879865372114
 45627136 16 3082.991 3082.991 3082.991 473.5882628265863 473.5882628265863 473.5882628265863 118.39706570664657 118.39706570664657 118.39706570664657
 50189824 16 3679.991 3679.991 3679.991 436.4343195404554 436.4343195404554 436.4343195404554 109.10857988511385 109.10857988511385 109.10857988511385
 55208704 16 4544.973 4544.973 4544.973 388.7104561457241 388.7104561457241 388.7104561457241 97.17761403643102 97.17761403643102 97.17761403643102
 60729472 16 5490.065 5490.065 5490.065 353.9745165130103 353.9745165130103 353.9745165130103 88.49362912825258 88.49362912825258 88.49362912825258
 66802304 16 8375.883 8375.883 8375.883 255.2177159112657 255.2177159112657 255.2177159112657 63.80442897781643 63.80442897781643 63.80442897781643
 73482496 8 7510.185 7510.185 7510.185 156.5500631475789 156.5500631475789 156.5500631475789 39.137515786894724 39.137515786894724 39.137515786894724
 80830720 8 10782.003 10782.003 10782.003 119.94909665671582 119.94909665671582 119.94909665671582 29.987274164178956 29.987274164178956 29.987274164178956
 88913792 8 12844.086 12844.086 12844.086 110.76075572835624 110.76075572835624 110.76075572835624 27.69018893208906 27.69018893208906 27.69018893208906
 97805056 8 14748.096 14748.096 14748.096 106.10731690382272 106.10731690382272 106.10731690382272 26.52682922595568 26.52682922595568 26.52682922595568
 107585536 8 16715.05 16715.05 16715.05 102.9831544625951 102.9831544625951 102.9831544625951 25.745788615648774 25.745788615648774 25.745788615648774
 118344064 8 18686.056 18686.056 18686.056 101.33251361335961 101.33251361335961 101.33251361335961 25.333128403339902 25.333128403339902 25.333128403339902
 130178432 8 20502.09 20502.09 20502.09 101.59232117310967 101.59232117310967 101.59232117310967 25.398080293277417 25.398080293277417 25.398080293277417
 143196160 4 11123.896 11123.896 11123.896 102.98273914103474 102.98273914103474 102.98273914103474 25.745684785258685 25.745684785258685 25.745684785258685
 157515776 4 12262.821 12262.821 12262.821 102.75989578580653 102.75989578580653 102.75989578580653 25.689973946451634 25.689973946451634 25.689973946451634
 173267328 4 13410.807 13410.807 13410.807 103.35982197044518 103.35982197044518 103.35982197044518 25.839955492611296 25.839955492611296 25.839955492611296
 190594048 4 14804.84 14804.84 14804.84 102.99012917397283 102.99012917397283 102.99012917397283 25.747532293493208 25.747532293493208 25.747532293493208
 209653376 4 16327.858 16327.858 16327.858 102.72180270063593 102.72180270063593 102.72180270063593 25.680450675158983 25.680450675158983 25.680450675158983
 230618624 4 18085.957 18085.957 18085.957 102.01002866478119 102.01002866478119 102.01002866478119 25.502507166195297 25.502507166195297 25.502507166195297
 253680384 4 19984.961 19984.961 19984.961 101.54851300435362 101.54851300435362 101.54851300435362 25.387128251088406 25.387128251088406 25.387128251088406
 279048320 2 10967.016 10967.016 10967.016 101.77730022460076 101.77730022460076 101.77730022460076 25.44432505615019 25.44432505615019 25.44432505615019
 306953088 2 12008.905 12008.905 12008.905 102.24182404640555 102.24182404640555 102.24182404640555 25.56045601160139 25.56045601160139 25.56045601160139
 337648384 2 13145.924 13145.924 13145.924 102.73857782838239 102.73857782838239 102.73857782838239 25.684644457095597 25.684644457095597 25.684644457095597
 371413120 2 14441.013 14441.013 14441.013 102.87730369053749 102.87730369053749 102.87730369053749 25.719325922634372 25.719325922634372 25.719325922634372
 408554368 2 15895.128 15895.128 15895.128 102.81247637640917 102.81247637640917 102.81247637640917 25.70311909410229 25.70311909410229 25.70311909410229
 449409792 2 17623.901 17623.901 17623.901 102.00007183426642 102.00007183426642 102.00007183426642 25.500017958566605 25.500017958566605 25.500017958566605
 494350720 2 19353.151 19353.151 19353.151 102.17472493238955 102.17472493238955 102.17472493238955 25.543681233097388 25.543681233097388 25.543681233097388
 543785728 1 10608.912 10608.912 10608.912 102.51489087665163 102.51489087665163 102.51489087665163 25.62872271916291 25.62872271916291 25.62872271916291
 598164224 1 11782.885 11782.885 11782.885 101.53102979448582 101.53102979448582 101.53102979448582 25.382757448621454 25.382757448621454 25.382757448621454
 657980544 1 12896.061 12896.061 12896.061 102.04364635061822 102.04364635061822 102.04364635061822 25.510911587654554 25.510911587654554 25.510911587654554
 723778560 1 14194.965 14194.965 14194.965 101.97680092906181 101.97680092906181 101.97680092906181 25.494200232265452 25.494200232265452 25.494200232265452
 796156416 1 15592.098 15592.098 15592.098 102.12306464466808 102.12306464466808 102.12306464466808 25.53076616116702 25.53076616116702 25.53076616116702
 875772032 1 17126.083 17126.083 17126.083 102.27347747876732 102.27347747876732 102.27347747876732 25.56836936969183 25.56836936969183 25.56836936969183
 963349120 1 18847.942 18847.942 18847.942 102.22326872610283 102.22326872610283 102.22326872610283 25.555817181525708 25.555817181525708 25.555817181525708
 1059683968 1 20825.148 20825.148 20825.148 101.76964581476204 101.76964581476204 101.76964581476204 25.44241145369051 25.44241145369051 25.44241145369051
 
META_DATA
 MPI startup(): shm:tmi fabric is unknown or has been removed from the product, please use ofi or shm:ofi instead
 FLOPS          4
 MPI_PROCS      4
 OPENMP_THREADS 4
 ERT_VERSION  1.1.0
 HOSTNAME  ('shas0420.rc.int.colorado.edu', [], ['10.225.6.135'])
 UNAME  uname_result(system='Linux', node='shas0420.rc.int.colorado.edu', release='3.10.0-957.27.2.el7.x86_64', version='#1 SMP Mon Jul 29 17:46:05 UTC 2019', machine='x86_64', processor='x86_64')
 TIMESTAMP_DATA  1664555177.7099195
 CONFIG  {'ERT_RESULTS': ['lab5_results'], 'ERT_DRIVER': ['driver1'], 'ERT_KERNEL': ['kernel1'], 'ERT_MPI': ['True'], 'ERT_MPI_CFLAGS': ['-I/usr/include/mpi'], 'ERT_MPI_LDFLAGS': ['-lmpi'], 'ERT_OPENMP': ['True'], 'ERT_OPENMP_CFLAGS': ['-qopenmp'], 'ERT_OPENMP_LDFLAGS': ['-qopenmp'], 'ERT_FLOPS': ['1,2,4,8,16'], 'ERT_ALIGN': ['32'], 'ERT_CC': ['mpicc'], 'ERT_CFLAGS': ['-O3', '-msse3', '-axSSE3', '-xSSE3', '-fno-alias', '-fno-fnalias', '-DERT_INTEL', '-std=c++11'], 'ERT_LD': ['mpicc'], 'ERT_LDFLAGS': [], 'ERT_LDLIBS': [], 'ERT_PRECISION': ['FP64'], 'ERT_RUN': ['export', 'OMP_NUM_THREADS=ERT_OPENMP_THREADS;', 'mpirun', '-np', 'ERT_MPI_PROCS', 'ERT_CODE'], 'ERT_PROCS_THREADS': ['1-24'], 'ERT_MPI_PROCS': ['1,2,4,8,12,24'], 'ERT_OPENMP_THREADS': ['1,2,4,8,12,24'], 'ERT_NUM_EXPERIMENTS': ['1'], 'ERT_MEMORY_MAX': ['1073741824'], 'ERT_WORKING_SET_MIN': ['1'], 'ERT_TRIALS_MIN': ['1'], 'ERT_GNUPLOT': ['gnuplot'], 'ERT_GPU': [False], 'ERT_HIP': [False], 'ERT_OCL': [False], 'ERT_SYCL': [False], 'ERT_WSS_MULT': [1.1]}
 