fp64
 128 8388608 96331.12 96331.12 96331.12 22.292729992135463 22.292729992135463 22.292729992135463 11.146364996067732 11.146364996067732 11.146364996067732
 256 4194304 49643.04 49643.04 49643.04 43.25850407227277 43.25850407227277 43.25850407227277 21.629252036136386 21.629252036136386 21.629252036136386
 384 2097152 24820.805 24820.805 24820.805 64.88962529619809 64.88962529619809 64.88962529619809 32.444812648099045 32.444812648099045 32.444812648099045
 512 2097152 24832.01 24832.01 24832.01 86.48046001914466 86.48046001914466 86.48046001914466 43.24023000957233 43.24023000957233 43.24023000957233
 640 1048576 12504.101 12504.101 12504.101 107.33896663182743 107.33896663182743 107.33896663182743 53.669483315913716 53.669483315913716 53.669483315913716
 768 1048576 12447.834 12447.834 12447.834 129.38899538666726 129.38899538666726 129.38899538666726 64.69449769333363 64.69449769333363 64.69449769333363
 896 1048576 12721.062 12721.062 12721.062 147.71158194182215 147.71158194182215 147.71158194182215 73.85579097091107 73.85579097091107 73.85579097091107
 1024 1048576 12557.983 12557.983 12557.983 171.00545907730566 171.00545907730566 171.00545907730566 85.50272953865283 85.50272953865283 85.50272953865283
 1152 524288 6751.06 6751.06 6751.06 178.92887220673492 178.92887220673492 178.92887220673492 89.46443610336746 89.46443610336746 89.46443610336746
 1280 524288 6759.882 6759.882 6759.882 198.55040073184713 198.55040073184713 198.55040073184713 99.27520036592357 99.27520036592357 99.27520036592357
 1408 524288 6941.08 6941.08 6941.08 212.70393195295256 212.70393195295256 212.70393195295256 106.35196597647628 106.35196597647628 106.35196597647628
 1536 524288 6870.985 6870.985 6870.985 234.4078375953375 234.4078375953375 234.4078375953375 117.20391879766875 117.20391879766875 117.20391879766875
 1664 524288 7019.043 7019.043 7019.043 248.58523647739443 248.58523647739443 248.58523647739443 124.29261823869722 124.29261823869722 124.29261823869722
 1792 524288 7040.977 7040.977 7040.977 266.87321830478925 266.87321830478925 266.87321830478925 133.43660915239462 133.43660915239462 133.43660915239462
 1920 524288 7997.99 7997.99 7997.99 251.72148502311202 251.72148502311202 251.72148502311202 125.86074251155601 125.86074251155601 125.86074251155601
 2048 524288 6736.994 6736.994 6736.994 318.7599169599973 318.7599169599973 318.7599169599973 159.37995847999866 159.37995847999866 159.37995847999866
 2176 262144 3684.998 3684.998 3684.998 309.59329910084074 309.59329910084074 309.59329910084074 154.79664955042037 154.79664955042037 154.79664955042037
 2304 262144 3746.033 3746.033 3746.033 322.463670768517 322.463670768517 322.463670768517 161.2318353842585 161.2318353842585 161.2318353842585
 2432 262144 4369.974 4369.974 4369.974 291.7794055525273 291.7794055525273 291.7794055525273 145.88970277626365 145.88970277626365 145.88970277626365
 2560 262144 4423.857 4423.857 4423.857 303.39526797543414 303.39526797543414 303.39526797543414 151.69763398771707 151.69763398771707 151.69763398771707
 2816 262144 4842.997 4842.997 4842.997 304.8515223114943 304.8515223114943 304.8515223114943 152.42576115574715 152.42576115574715 152.42576115574715
 3072 262144 5394.936 5394.936 5394.936 298.54158344047084 298.54158344047084 298.54158344047084 149.27079172023542 149.27079172023542 149.27079172023542
 3328 262144 5806.923 5806.923 5806.923 300.4741864150774 300.4741864150774 300.4741864150774 150.2370932075387 150.2370932075387 150.2370932075387
 3584 262144 6262.064 6262.064 6262.064 300.06850648604035 300.06850648604035 300.06850648604035 150.03425324302017 150.03425324302017 150.03425324302017
 3840 262144 6680.012 6680.012 6680.012 301.38657235945084 301.38657235945084 301.38657235945084 150.69328617972542 150.69328617972542 150.69328617972542
 4224 131072 3345.013 3345.013 3345.013 331.0289843417649 331.0289843417649 331.0289843417649 165.51449217088245 165.51449217088245 165.51449217088245
 4608 131072 3707.17 3707.17 3707.17 325.8441215266632 325.8441215266632 325.8441215266632 162.9220607633316 162.9220607633316 162.9220607633316
 4992 131072 4239.082 4239.082 4239.082 308.70430154453254 308.70430154453254 308.70430154453254 154.35215077226627 154.35215077226627 154.35215077226627
 5376 131072 4453.897 4453.897 4453.897 316.4164200474326 316.4164200474326 316.4164200474326 158.2082100237163 158.2082100237163 158.2082100237163
 5888 131072 4878.044 4878.044 4878.044 316.4186038502318 316.4186038502318 316.4186038502318 158.2093019251159 158.2093019251159 158.2093019251159
 6400 131072 4834.89 4834.89 4834.89 347.00305487818747 347.00305487818747 347.00305487818747 173.50152743909373 173.50152743909373 173.50152743909373
 7040 131072 5688.906 5688.906 5688.906 324.4022242589349 324.4022242589349 324.4022242589349 162.20111212946745 162.20111212946745 162.20111212946745
 7680 131072 6072.998 6072.998 6072.998 331.5110461093516 331.5110461093516 331.5110461093516 165.7555230546758 165.7555230546758 165.7555230546758
 8448 65536 3160.0 3160.0 3160.0 350.41020759493665 350.41020759493665 350.41020759493665 175.20510379746833 175.20510379746833 175.20510379746833
 9216 65536 3564.119 3564.119 3564.119 338.9223401351077 338.9223401351077 338.9223401351077 169.46117006755384 169.46117006755384 169.46117006755384
 10112 65536 4001.141 4001.141 4001.141 331.2555253613907 331.2555253613907 331.2555253613907 165.62776268069535 165.62776268069535 165.62776268069535
 11008 65536 4169.941 4169.941 4169.941 346.0098298752908 346.0098298752908 346.0098298752908 173.0049149376454 173.0049149376454 173.0049149376454
 12032 65536 4637.003 4637.003 4637.003 340.10292941367516 340.10292941367516 340.10292941367516 170.05146470683758 170.05146470683758 170.05146470683758
 13184 65536 5062.819 5062.819 5062.819 341.3223439352661 341.3223439352661 341.3223439352661 170.66117196763304 170.66117196763304 170.66117196763304
 14464 65536 5337.0 5337.0 5337.0 355.2230481543939 355.2230481543939 355.2230481543939 177.61152407719695 177.61152407719695 177.61152407719695
 15872 65536 5974.054 5974.054 5974.054 348.2350149496472 348.2350149496472 348.2350149496472 174.1175074748236 174.1175074748236 174.1175074748236
 17408 32768 3245.831 3245.831 3245.831 351.48185102674785 351.48185102674785 351.48185102674785 175.74092551337392 175.74092551337392 175.74092551337392
 19072 32768 3556.967 3556.967 3556.967 351.39561092357616 351.39561092357616 351.39561092357616 175.69780546178808 175.69780546178808 175.69780546178808
 20864 32768 3863.096 3863.096 3863.096 353.9500711346547 353.9500711346547 353.9500711346547 176.97503556732735 176.97503556732735 176.97503556732735
 22912 32768 4221.916 4221.916 4221.916 355.6586232412014 355.6586232412014 355.6586232412014 177.8293116206007 177.8293116206007 177.8293116206007
 25088 32768 4582.882 4582.882 4582.882 358.76271045163287 358.76271045163287 358.76271045163287 179.38135522581643 179.38135522581643 179.38135522581643
 27520 32768 5100.965 5100.965 5100.965 353.5704949945746 353.5704949945746 353.5704949945746 176.7852474972873 176.7852474972873 176.7852474972873
 30208 32768 5548.954 5548.954 5548.954 356.7720128874739 356.7720128874739 356.7720128874739 178.38600644373696 178.38600644373696 178.38600644373696
 33152 16384 3022.909 3022.909 3022.909 359.3640218742939 359.3640218742939 359.3640218742939 179.68201093714694 179.68201093714694 179.68201093714694
 36352 16384 3329.039 3329.039 3329.039 357.81567473375947 357.81567473375947 357.81567473375947 178.90783736687973 178.90783736687973 178.90783736687973
 39936 16384 3640.175 3640.175 3640.175 359.4944880397233 359.4944880397233 359.4944880397233 179.74724401986165 179.74724401986165 179.74724401986165
 43904 16384 4012.823 4012.823 4012.823 358.51226729910593 358.51226729910593 358.51226729910593 179.25613364955296 179.25613364955296 179.25613364955296
 48256 16384 4410.982 4410.982 4410.982 358.4808570971271 358.4808570971271 358.4808570971271 179.24042854856356 179.24042854856356 179.24042854856356
 52992 16384 4817.009 4817.009 4817.009 360.4813393539435 360.4813393539435 360.4813393539435 180.24066967697175 180.24066967697175 180.24066967697175
 58240 16384 5278.111 5278.111 5278.111 361.5703269597778 361.5703269597778 361.5703269597778 180.7851634798889 180.7851634798889 180.7851634798889
 64000 16384 5763.054 5763.054 5763.054 363.89594822467393 363.89594822467393 363.89594822467393 181.94797411233696 181.94797411233696 181.94797411233696
 70400 8192 3177.881 3177.881 3177.881 362.9568256331814 362.9568256331814 362.9568256331814 181.4784128165907 181.4784128165907 181.4784128165907
 77440 8192 3542.9 3542.9 3542.9 358.11819695729486 358.11819695729486 358.11819695729486 179.05909847864743 179.05909847864743 179.05909847864743
 85120 8192 3882.17 3882.17 3882.17 359.23364510054944 359.23364510054944 359.23364510054944 179.61682255027472 179.61682255027472 179.61682255027472
 93568 8192 4221.916 4221.916 4221.916 363.10957205212037 363.10957205212037 363.10957205212037 181.55478602606019 181.55478602606019 181.55478602606019
 102912 8192 4623.89 4623.89 4623.89 364.6518857498773 364.6518857498773 364.6518857498773 182.32594287493865 182.32594287493865 182.32594287493865
 113152 8192 5077.124 5077.124 5077.124 365.14419738418843 365.14419738418843 365.14419738418843 182.57209869209422 182.57209869209422 182.57209869209422
 124416 8192 5594.015 5594.015 5594.015 364.39511585149484 364.39511585149484 364.39511585149484 182.19755792574742 182.19755792574742 182.19755792574742
 136832 4096 3101.11 3101.11 3101.11 361.46016877827617 361.46016877827617 361.46016877827617 180.73008438913809 180.73008438913809 180.73008438913809
 150400 4096 3374.815 3374.815 3374.815 365.07980437446196 365.07980437446196 365.07980437446196 182.53990218723098 182.53990218723098 182.53990218723098
 165376 4096 3737.926 3737.926 3737.926 362.4363328755037 362.4363328755037 362.4363328755037 181.21816643775185 181.21816643775185 181.21816643775185
 181888 4096 4080.057 4080.057 4080.057 365.19747052553436 365.19747052553436 365.19747052553436 182.59873526276718 182.59873526276718 182.59873526276718
 200064 4096 4513.979 4513.979 4513.979 363.07751719713355 363.07751719713355 363.07751719713355 181.53875859856677 181.53875859856677 181.53875859856677
 220032 4096 4953.861 4953.861 4953.861 363.8580380030849 363.8580380030849 363.8580380030849 181.92901900154246 181.92901900154246 181.92901900154246
 241920 4096 5436.897 5436.897 5436.897 364.5109774932282 364.5109774932282 364.5109774932282 182.2554887466141 182.2554887466141 182.2554887466141
 266112 2048 2991.915 2991.915 2991.915 364.31340863627474 364.31340863627474 364.31340863627474 182.15670431813737 182.15670431813737 182.15670431813737
 292608 2048 3287.077 3287.077 3287.077 364.61645650527805 364.61645650527805 364.61645650527805 182.30822825263903 182.30822825263903 182.30822825263903
 321792 2048 3618.002 3618.002 3618.002 364.3060540043925 364.3060540043925 364.3060540043925 182.15302700219624 182.15302700219624 182.15302700219624
 353920 2048 3988.981 3988.981 3988.981 363.4151980167366 363.4151980167366 363.4151980167366 181.7075990083683 181.7075990083683 181.7075990083683
 389248 2048 4394.054 4394.054 4394.054 362.84483713673075 362.84483713673075 362.84483713673075 181.42241856836537 181.42241856836537 181.42241856836537
 428160 2048 4819.155 4819.155 4819.155 363.91096779414653 363.91096779414653 363.91096779414653 181.95548389707326 181.95548389707326 181.95548389707326
 470912 2048 5306.959 5306.959 5306.959 363.4577828846991 363.4577828846991 363.4577828846991 181.72889144234955 181.72889144234955 181.72889144234955
 517888 2048 5824.089 5824.089 5824.089 364.2233571636697 364.2233571636697 364.2233571636697 182.11167858183484 182.11167858183484 182.11167858183484
 569600 1024 3211.021 3211.021 3211.021 363.2927969016708 363.2927969016708 363.2927969016708 181.6463984508354 181.6463984508354 181.6463984508354
 626560 1024 3530.025 3530.025 3530.025 363.50872302604085 363.50872302604085 363.50872302604085 181.75436151302043 181.75436151302043 181.75436151302043
 689152 1024 3890.038 3890.038 3890.038 362.81992515240205 362.81992515240205 362.81992515240205 181.40996257620102 181.40996257620102 181.40996257620102
 758016 1024 4271.984 4271.984 4271.984 363.3947992314578 363.3947992314578 363.3947992314578 181.6973996157289 181.6973996157289 181.6973996157289
 833792 1024 4704.952 4704.952 4704.952 362.93803124877786 362.93803124877786 362.93803124877786 181.46901562438893 181.46901562438893 181.46901562438893
 917120 1024 5164.146 5164.146 5164.146 363.7119787085803 363.7119787085803 363.7119787085803 181.85598935429016 181.85598935429016 181.85598935429016
 1008768 1024 5681.038 5681.038 5681.038 363.65834271835536 363.65834271835536 363.65834271835536 181.82917135917768 181.82917135917768 181.82917135917768
 1109632 512 3129.005 3129.005 3129.005 363.1388150546259 363.1388150546259 363.1388150546259 181.56940752731296 181.56940752731296 181.56940752731296
 1220480 512 3432.035 3432.035 3432.035 364.14882715356924 364.14882715356924 364.14882715356924 182.07441357678462 182.07441357678462 182.07441357678462
 1342464 512 3787.041 3787.041 3787.041 362.9966340475321 362.9966340475321 362.9966340475321 181.49831702376605 181.49831702376605 181.49831702376605
 1476608 512 4158.02 4158.02 4158.02 363.6458198854262 363.6458198854262 363.6458198854262 181.8229099427131 181.8229099427131 181.8229099427131
 1624192 512 4565.954 4565.954 4565.954 364.2552263995652 364.2552263995652 364.2552263995652 182.1276131997826 182.1276131997826 182.1276131997826
 1786496 512 5048.99 5048.99 5048.99 362.32432704362657 362.32432704362657 362.32432704362657 181.16216352181328 181.16216352181328 181.16216352181328
 1965056 512 5533.934 5533.934 5533.934 363.6142650056904 363.6142650056904 363.6142650056904 181.8071325028452 181.8071325028452 181.8071325028452
 2161536 256 3067.017 3067.017 3067.017 360.8413099764364 360.8413099764364 360.8413099764364 180.4206549882182 180.4206549882182 180.4206549882182
 2377600 256 3373.146 3373.146 3373.146 360.88897426912445 360.88897426912445 360.88897426912445 180.44448713456222 180.44448713456222 180.44448713456222
 2615296 256 3736.973 3736.973 3736.973 358.31983586715774 358.31983586715774 358.31983586715774 179.15991793357887 179.15991793357887 179.15991793357887
 2876800 256 4067.183 4067.183 4067.183 362.1478551616684 362.1478551616684 362.1478551616684 181.0739275808342 181.0739275808342 181.0739275808342
 3164416 256 4478.931 4478.931 4478.931 361.7338583693297 361.7338583693297 361.7338583693297 180.86692918466485 180.86692918466485 180.86692918466485
 3480832 256 4961.967 4961.967 4961.967 359.1692536447744 359.1692536447744 359.1692536447744 179.5846268223872 179.5846268223872 179.5846268223872
 3828864 256 5475.998 5475.998 5475.998 357.99471950135853 357.99471950135853 357.99471950135853 178.99735975067927 178.99735975067927 178.99735975067927
 4211712 128 3040.075 3040.075 3040.075 354.66173433221223 354.66173433221223 354.66173433221223 177.33086716610612 177.33086716610612 177.33086716610612
 4632832 128 3400.087 3400.087 3400.087 348.8160720593326 348.8160720593326 348.8160720593326 174.4080360296663 174.4080360296663 174.4080360296663
 5096064 128 3751.993 3751.993 3751.993 347.70650798122495 347.70650798122495 347.70650798122495 173.85325399061247 173.85325399061247 173.85325399061247
 5605632 128 4296.064 4296.064 4296.064 334.03640914101834 334.03640914101834 334.03640914101834 167.01820457050917 167.01820457050917 167.01820457050917
 6166144 128 4578.114 4578.114 4578.114 344.7998158193527 344.7998158193527 344.7998158193527 172.39990790967636 172.39990790967636 172.39990790967636
 6782720 128 5151.033 5151.033 5151.033 337.09283555356757 337.09283555356757 337.09283555356757 168.54641777678378 168.54641777678378 168.54641777678378
 7460992 128 5523.92 5523.92 5523.92 345.7714724326203 345.7714724326203 345.7714724326203 172.88573621631016 172.88573621631016 172.88573621631016
 8206976 128 6077.051 6077.051 6077.051 345.72457200046534 345.72457200046534 345.72457200046534 172.86228600023267 172.86228600023267 172.86228600023267
 9027584 64 3460.884 3460.884 3460.884 333.8831211910021 333.8831211910021 333.8831211910021 166.94156059550104 166.94156059550104 166.94156059550104
 9930240 64 3777.981 3777.981 3777.981 336.44179788093163 336.44179788093163 336.44179788093163 168.22089894046582 168.22089894046582 168.22089894046582
 10923264 64 4068.851 4068.851 4068.851 343.62963696630817 343.62963696630817 343.62963696630817 171.81481848315408 171.81481848315408 171.81481848315408
 12015488 64 4444.122 4444.122 4444.122 346.07116186279313 346.07116186279313 346.07116186279313 173.03558093139657 173.03558093139657 173.03558093139657
 13217024 64 4897.833 4897.833 4897.833 345.41379258949826 345.41379258949826 345.41379258949826 172.70689629474913 172.70689629474913 172.70689629474913
 14538624 64 5376.101 5376.101 5376.101 346.1512110728575 346.1512110728575 346.1512110728575 173.07560553642875 173.07560553642875 173.07560553642875
 15992448 64 5921.841 5921.841 5921.841 345.6751614911646 345.6751614911646 345.6751614911646 172.8375807455823 172.8375807455823 172.8375807455823
 17591680 32 3262.997 3262.997 3262.997 345.0409301632824 345.0409301632824 345.0409301632824 172.5204650816412 172.5204650816412 172.5204650816412
 19350784 32 3597.021 3597.021 3597.021 344.29884507207487 344.29884507207487 344.29884507207487 172.14942253603743 172.14942253603743 172.14942253603743
 21285760 32 3949.881 3949.881 3949.881 344.8935904651305 344.8935904651305 344.8935904651305 172.44679523256525 172.44679523256525 172.44679523256525
 23414272 32 4463.911 4463.911 4463.911 335.69518030265385 335.69518030265385 335.69518030265385 167.84759015132693 167.84759015132693 167.84759015132693
 25755648 32 4914.999 4914.999 4914.999 335.3737146233397 335.3737146233397 335.3737146233397 167.68685731166985 167.68685731166985 167.68685731166985
 28331136 32 5251.884 5251.884 5251.884 345.24614481203315 345.24614481203315 345.24614481203315 172.62307240601658 172.62307240601658 172.62307240601658
 31164160 32 5930.901 5930.901 5930.901 336.29059733082715 336.29059733082715 336.29059733082715 168.14529866541358 168.14529866541358 168.14529866541358
 34280576 16 4199.982 4199.982 4199.982 261.1864603229252 261.1864603229252 261.1864603229252 130.5932301614626 130.5932301614626 130.5932301614626
 37708544 16 3584.146 3584.146 3584.146 336.66971378956094 336.66971378956094 336.66971378956094 168.33485689478047 168.33485689478047 168.33485689478047
 41479296 16 3858.089 3858.089 3858.089 344.04013800614763 344.04013800614763 344.04013800614763 172.02006900307381 172.02006900307381 172.02006900307381
 45627136 16 4340.887 4340.887 4340.887 336.35253624432056 336.35253624432056 336.35253624432056 168.17626812216028 168.17626812216028 168.17626812216028
 50189824 16 4837.036 4837.036 4837.036 332.0368853984134 332.0368853984134 332.0368853984134 166.0184426992067 166.0184426992067 166.0184426992067
 55208704 16 5765.915 5765.915 5765.915 306.4003766965 306.4003766965 306.4003766965 153.20018834825 153.20018834825 153.20018834825
 60729472 16 7135.153 7135.153 7135.153 272.3617985486786 272.3617985486786 272.3617985486786 136.1808992743393 136.1808992743393 136.1808992743393
 66802304 16 10482.073 10482.073 10482.073 203.93616110095783 203.93616110095783 203.93616110095783 101.96808055047892 101.96808055047892 101.96808055047892
 73482496 8 8188.963 8188.963 8188.963 143.57372673438624 143.57372673438624 143.57372673438624 71.78686336719312 71.78686336719312 71.78686336719312
 80830720 8 11302.948 11302.948 11302.948 114.42072634502078 114.42072634502078 114.42072634502078 57.21036317251039 57.21036317251039 57.21036317251039
 88913792 8 13247.967 13247.967 13247.967 107.38407425078881 107.38407425078881 107.38407425078881 53.69203712539441 53.69203712539441 53.69203712539441
 97805056 8 15027.046 15027.046 15027.046 104.13762598450819 104.13762598450819 104.13762598450819 52.068812992254095 52.068812992254095 52.068812992254095
 107585536 8 16734.838 16734.838 16734.838 102.86138270355531 102.86138270355531 102.86138270355531 51.430691351777654 51.430691351777654 51.430691351777654
 118344064 8 18930.912 18930.912 18930.912 100.0218596969866 100.0218596969866 100.0218596969866 50.0109298484933 50.0109298484933 50.0109298484933
 130178432 8 20755.053 20755.053 20755.053 100.35411193601868 100.35411193601868 100.35411193601868 50.17705596800934 50.17705596800934 50.17705596800934
 143196160 4 11634.827 11634.827 11634.827 98.46036215235517 98.46036215235517 98.46036215235517 49.23018107617759 49.23018107617759 49.23018107617759
 157515776 4 12921.095 12921.095 12921.095 97.5247227885872 97.5247227885872 97.5247227885872 48.7623613942936 48.7623613942936 48.7623613942936
 173267328 4 14029.98 14029.98 14029.98 98.79833214302515 98.79833214302515 98.79833214302515 49.399166071512575 49.399166071512575 49.399166071512575
 190594048 4 15568.018 15568.018 15568.018 97.9413297184009 97.9413297184009 97.9413297184009 48.97066485920045 48.97066485920045 48.97066485920045
 209653376 4 17014.027 17014.027 17014.027 98.57907290261149 98.57907290261149 98.57907290261149 49.28953645130574 49.28953645130574 49.28953645130574
 230618624 4 18803.12 18803.12 18803.12 98.11930105216581 98.11930105216581 98.11930105216581 49.059650526082905 49.059650526082905 49.059650526082905
 253680384 4 20307.064 20307.064 20307.064 99.93778874188804 99.93778874188804 99.93778874188804 49.96889437094402 49.96889437094402 49.96889437094402
 279048320 2 11204.958 11204.958 11204.958 99.61601640987855 99.61601640987855 99.61601640987855 49.80800820493928 49.80800820493928 49.80800820493928
 306953088 2 12235.88 12235.88 12235.88 100.34524300663296 100.34524300663296 100.34524300663296 50.17262150331648 50.17262150331648 50.17262150331648
 337648384 2 13563.871 13563.871 13563.871 99.57286795192907 99.57286795192907 99.57286795192907 49.786433975964535 49.786433975964535 49.786433975964535
 371413120 2 14949.083 14949.083 14949.083 99.38084362766598 99.38084362766598 99.38084362766598 49.69042181383299 49.69042181383299 49.69042181383299
 408554368 2 16396.999 16396.999 16396.999 99.6656444267637 99.6656444267637 99.6656444267637 49.83282221338185 49.83282221338185 49.83282221338185
 449409792 2 18002.033 18002.033 18002.033 99.85756430954214 99.85756430954214 99.85756430954214 49.92878215477107 49.92878215477107 49.92878215477107
 494350720 2 19737.005 19737.005 19737.005 100.18758570512597 100.18758570512597 100.18758570512597 50.093792852562984 50.093792852562984 50.093792852562984
 543785728 1 10901.928 10901.928 10901.928 99.7595522553442 99.7595522553442 99.7595522553442 49.8797761276721 49.8797761276721 49.8797761276721
 598164224 1 11981.01 11981.01 11981.01 99.85205320753425 99.85205320753425 99.85205320753425 49.92602660376713 49.92602660376713 49.92602660376713
 657980544 1 13165.951 13165.951 13165.951 99.95184457241258 99.95184457241258 99.95184457241258 49.97592228620629 49.97592228620629 49.97592228620629
 723778560 1 14399.052 14399.052 14399.052 100.53141831837263 100.53141831837263 100.53141831837263 50.265709159186315 50.265709159186315 50.265709159186315
 796156416 1 15849.829 15849.829 15849.829 100.46246126693228 100.46246126693228 100.46246126693228 50.23123063346614 50.23123063346614 50.23123063346614
 875772032 1 17397.165 17397.165 17397.165 100.67985582708447 100.67985582708447 100.67985582708447 50.33992791354223 50.33992791354223 50.33992791354223
 963349120 1 21698.952 21698.952 21698.952 88.79222554158375 88.79222554158375 88.79222554158375 44.39611277079187 44.39611277079187 44.39611277079187
 1059683968 1 20960.093 20960.093 20960.093 101.11443379568975 101.11443379568975 101.11443379568975 50.557216897844874 50.557216897844874 50.557216897844874
 
META_DATA
 MPI startup(): shm:tmi fabric is unknown or has been removed from the product, please use ofi or shm:ofi instead
 FLOPS          8
 MPI_PROCS      4
 OPENMP_THREADS 4
 ERT_VERSION  1.1.0
 HOSTNAME  ('shas0420.rc.int.colorado.edu', [], ['10.225.6.135'])
 UNAME  uname_result(system='Linux', node='shas0420.rc.int.colorado.edu', release='3.10.0-957.27.2.el7.x86_64', version='#1 SMP Mon Jul 29 17:46:05 UTC 2019', machine='x86_64', processor='x86_64')
 TIMESTAMP_DATA  1664555419.968395
 CONFIG  {'ERT_RESULTS': ['lab5_results'], 'ERT_DRIVER': ['driver1'], 'ERT_KERNEL': ['kernel1'], 'ERT_MPI': ['True'], 'ERT_MPI_CFLAGS': ['-I/usr/include/mpi'], 'ERT_MPI_LDFLAGS': ['-lmpi'], 'ERT_OPENMP': ['True'], 'ERT_OPENMP_CFLAGS': ['-qopenmp'], 'ERT_OPENMP_LDFLAGS': ['-qopenmp'], 'ERT_FLOPS': ['1,2,4,8,16'], 'ERT_ALIGN': ['32'], 'ERT_CC': ['mpicc'], 'ERT_CFLAGS': ['-O3', '-msse3', '-axSSE3', '-xSSE3', '-fno-alias', '-fno-fnalias', '-DERT_INTEL', '-std=c++11'], 'ERT_LD': ['mpicc'], 'ERT_LDFLAGS': [], 'ERT_LDLIBS': [], 'ERT_PRECISION': ['FP64'], 'ERT_RUN': ['export', 'OMP_NUM_THREADS=ERT_OPENMP_THREADS;', 'mpirun', '-np', 'ERT_MPI_PROCS', 'ERT_CODE'], 'ERT_PROCS_THREADS': ['1-24'], 'ERT_MPI_PROCS': ['1,2,4,8,12,24'], 'ERT_OPENMP_THREADS': ['1,2,4,8,12,24'], 'ERT_NUM_EXPERIMENTS': ['1'], 'ERT_MEMORY_MAX': ['1073741824'], 'ERT_WORKING_SET_MIN': ['1'], 'ERT_TRIALS_MIN': ['1'], 'ERT_GNUPLOT': ['gnuplot'], 'ERT_GPU': [False], 'ERT_HIP': [False], 'ERT_OCL': [False], 'ERT_SYCL': [False], 'ERT_WSS_MULT': [1.1]}
 