fp64
 32 33554432 689301.968 689301.968 689301.968 3.1154468544909193 3.1154468544909193 3.1154468544909193 3.1154468544909193 3.1154468544909193 3.1154468544909193
 64 16777216 340641.022 340641.022 340641.022 6.304242617026906 6.304242617026906 6.304242617026906 6.304242617026906 6.304242617026906 6.304242617026906
 96 8388608 170127.869 170127.869 170127.869 9.467071711807545 9.467071711807545 9.467071711807545 9.467071711807545 9.467071711807545 9.467071711807545
 128 8388608 170089.96 170089.96 170089.96 12.625575595408455 12.625575595408455 12.625575595408455 12.625575595408455 12.625575595408455 12.625575595408455
 160 4194304 85746.05 85746.05 85746.05 15.652934216794826 15.652934216794826 15.652934216794826 15.652934216794826 15.652934216794826 15.652934216794826
 192 4194304 85772.038 85772.038 85772.038 18.777829856392128 18.777829856392128 18.777829856392128 18.777829856392128 18.777829856392128 18.777829856392128
 224 4194304 87711.811 87711.811 87711.811 21.42297793851275 21.42297793851275 21.42297793851275 21.42297793851275 21.42297793851275 21.42297793851275
 256 4194304 89002.132 89002.132 89002.132 24.128451754391683 24.128451754391683 24.128451754391683 24.128451754391683 24.128451754391683 24.128451754391683
 288 2097152 44489.145 44489.145 44489.145 27.151781676181912 27.151781676181912 27.151781676181912 27.151781676181912 27.151781676181912 27.151781676181912
 320 2097152 44472.933 44472.933 44472.933 30.179643874623697 30.179643874623697 30.179643874623697 30.179643874623697 30.179643874623697 30.179643874623697
 352 2097152 50652.027 50652.027 50652.027 29.14779714541335 29.14779714541335 29.14779714541335 29.14779714541335 29.14779714541335 29.14779714541335
 384 2097152 50717.115 50717.115 50717.115 31.75678932052819 31.75678932052819 31.75678932052819 31.75678932052819 31.75678932052819 31.75678932052819
 416 2097152 60000.896 60000.896 60000.896 29.080073470902835 29.080073470902835 29.080073470902835 29.080073470902835 29.080073470902835 29.080073470902835
 448 2097152 59555.054 59555.054 59555.054 31.55144804335162 31.55144804335162 31.55144804335162 31.55144804335162 31.55144804335162 31.55144804335162
 480 2097152 67233.086 67233.086 67233.086 29.944571040514187 29.944571040514187 29.944571040514187 29.944571040514187 29.944571040514187 29.944571040514187
 512 2097152 45743.942 45743.942 45743.942 46.94574962516348 46.94574962516348 46.94574962516348 46.94574962516348 46.94574962516348 46.94574962516348
 544 1048576 27931.213 27931.213 27931.213 40.845010490593445 40.845010490593445 40.845010490593445 40.845010490593445 40.845010490593445 40.845010490593445
 576 1048576 28576.136 28576.136 28576.136 42.27161964794681 42.27161964794681 42.27161964794681 42.27161964794681 42.27161964794681 42.27161964794681
 608 1048576 35438.061 35438.061 35438.061 35.9801969977985 35.9801969977985 35.9801969977985 35.9801969977985 35.9801969977985 35.9801969977985
 640 1048576 34857.035 34857.035 34857.035 38.505205046843486 38.505205046843486 38.505205046843486 38.505205046843486 38.505205046843486 38.505205046843486
 704 1048576 40004.969 40004.969 40004.969 36.905290640270216 36.905290640270216 36.905290640270216 36.905290640270216 36.905290640270216 36.905290640270216
 768 1048576 43776.035 43776.035 43776.035 36.79211093467007 36.79211093467007 36.79211093467007 36.79211093467007 36.79211093467007 36.79211093467007
 832 1048576 45477.867 45477.867 45477.867 38.36658531060835 38.36658531060835 38.36658531060835 38.36658531060835 38.36658531060835 38.36658531060835
 896 1048576 50149.918 50149.918 50149.918 37.468619430245134 37.468619430245134 37.468619430245134 37.468619430245134 37.468619430245134 37.468619430245134
 960 1048576 55788.994 55788.994 55788.994 36.08715224368448 36.08715224368448 36.08715224368448 36.08715224368448 36.08715224368448 36.08715224368448
 1056 524288 26710.987 26710.987 26710.987 41.454711351549825 41.454711351549825 41.454711351549825 41.454711351549825 41.454711351549825 41.454711351549825
 1152 524288 29747.963 29747.963 29747.963 40.606462768559986 40.606462768559986 40.606462768559986 40.606462768559986 40.606462768559986 40.606462768559986
 1248 524288 32608.986 32608.986 32608.986 40.13074334786123 40.13074334786123 40.13074334786123 40.13074334786123 40.13074334786123 40.13074334786123
 1344 524288 34146.07 34146.07 34146.07 41.27227947462182 41.27227947462182 41.27227947462182 41.27227947462182 41.27227947462182 41.27227947462182
 1472 524288 38625.956 38625.956 38625.956 39.960276245330995 39.960276245330995 39.960276245330995 39.960276245330995 39.960276245330995 39.960276245330995
 1600 524288 38516.998 38516.998 38516.998 43.557953296360225 43.557953296360225 43.557953296360225 43.557953296360225 43.557953296360225 43.557953296360225
 1760 524288 43627.977 43627.977 43627.977 42.30069526258346 42.30069526258346 42.30069526258346 42.30069526258346 42.30069526258346 42.30069526258346
 1920 524288 47690.868 47690.868 47690.868 42.21491460377697 42.21491460377697 42.21491460377697 42.21491460377697 42.21491460377697 42.21491460377697
 2112 262144 24562.836 24562.836 24562.836 45.080146934173236 45.080146934173236 45.080146934173236 45.080146934173236 45.080146934173236 45.080146934173236
 2304 262144 27687.788 27687.788 27687.788 43.62788215512196 43.62788215512196 43.62788215512196 43.62788215512196 43.62788215512196 43.62788215512196
 2528 262144 31854.868 31854.868 31854.868 41.60745742220624 41.60745742220624 41.60745742220624 41.60745742220624 41.60745742220624 41.60745742220624
 2752 262144 32669.783 32669.783 32669.783 44.16437586989788 44.16437586989788 44.16437586989788 44.16437586989788 44.16437586989788 44.16437586989788
 3008 262144 36565.065 36565.065 36565.065 43.13019282202835 43.13019282202835 43.13019282202835 43.13019282202835 43.13019282202835 43.13019282202835
 3296 262144 39492.846 39492.846 39492.846 43.75610833415247 43.75610833415247 43.75610833415247 43.75610833415247 43.75610833415247 43.75610833415247
 3616 262144 41625.023 41625.023 41625.023 45.545329980958805 45.545329980958805 45.545329980958805 45.545329980958805 45.545329980958805 45.545329980958805
 3968 262144 46947.002 46947.002 46947.002 44.31326166471716 44.31326166471716 44.31326166471716 44.31326166471716 44.31326166471716 44.31326166471716
 4352 131072 25499.105 25499.105 25499.105 44.74081298147523 44.74081298147523 44.74081298147523 44.74081298147523 44.74081298147523 44.74081298147523
 4768 131072 27863.979 27863.979 27863.979 44.85729019534504 44.85729019534504 44.85729019534504 44.85729019534504 44.85729019534504 44.85729019534504
 5216 131072 30282.974 30282.974 30282.974 45.152206781275844 45.152206781275844 45.152206781275844 45.152206781275844 45.152206781275844 45.152206781275844
 5728 131072 33117.056 33117.056 33117.056 45.34101195468583 45.34101195468583 45.34101195468583 45.34101195468583 45.34101195468583 45.34101195468583
 6272 131072 36079.884 36079.884 36079.884 45.57018997067729 45.57018997067729 45.57018997067729 45.57018997067729 45.57018997067729 45.57018997067729
 6880 131072 40930.986 40930.986 40930.986 44.063212159120724 44.063212159120724 44.063212159120724 44.063212159120724 44.063212159120724 44.063212159120724
 7552 131072 44111.013 44111.013 44111.013 44.88020912147268 44.88020912147268 44.88020912147268 44.88020912147268 44.88020912147268 44.88020912147268
 8288 65536 23892.164 23892.164 23892.164 45.46782518318558 45.46782518318558 45.46782518318558 45.46782518318558 45.46782518318558 45.46782518318558
 9088 65536 26299.0 26299.0 26299.0 45.29382622913419 45.29382622913419 45.29382622913419 45.29382622913419 45.29382622913419 45.29382622913419
 9984 65536 29074.192 29074.192 29074.192 45.009775267357384 45.009775267357384 45.009775267357384 45.009775267357384 45.009775267357384 45.009775267357384
 10976 65536 31561.852 31561.852 31561.852 45.58180781026411 45.58180781026411 45.58180781026411 45.58180781026411 45.58180781026411 45.58180781026411
 12064 65536 34718.99 34718.99 34718.99 45.54431473957048 45.54431473957048 45.54431473957048 45.54431473957048 45.54431473957048 45.54431473957048
 13248 65536 38166.046 38166.046 38166.046 45.49703304345438 45.49703304345438 45.49703304345438 45.49703304345438 45.49703304345438 45.49703304345438
 14560 65536 41748.047 41748.047 41748.047 45.71251728254498 45.71251728254498 45.71251728254498 45.71251728254498 45.71251728254498 45.71251728254498
 16000 65536 45516.968 45516.968 45516.968 46.07407066305471 46.07407066305471 46.07407066305471 46.07407066305471 46.07407066305471 46.07407066305471
 17600 32768 26793.957 26793.957 26793.957 43.04827390743368 43.04827390743368 43.04827390743368 43.04827390743368 43.04827390743368 43.04827390743368
 19360 32768 29314.995 29314.995 29314.995 43.280817888592516 43.280817888592516 43.280817888592516 43.280817888592516 43.280817888592516 43.280817888592516
 21280 32768 32142.878 32142.878 32142.878 43.387716557303925 43.387716557303925 43.387716557303925 43.387716557303925 43.387716557303925 43.387716557303925
 23392 32768 35188.913 35188.913 35188.913 43.56537276385888 43.56537276385888 43.56537276385888 43.56537276385888 43.56537276385888 43.56537276385888
 25728 32768 38549.185 38549.185 38549.185 43.7391920996514 43.7391920996514 43.7391920996514 43.7391920996514 43.7391920996514 43.7391920996514
 28288 32768 40323.019 40323.019 40323.019 45.97578291446878 45.97578291446878 45.97578291446878 45.97578291446878 45.97578291446878 45.97578291446878
 31104 32768 44458.866 44458.866 44458.866 45.84983665575276 45.84983665575276 45.84983665575276 45.84983665575276 45.84983665575276 45.84983665575276
 34208 16384 24477.005 24477.005 24477.005 45.795134821437514 45.795134821437514 45.795134821437514 45.795134821437514 45.795134821437514 45.795134821437514
 37600 16384 26820.898 26820.898 26820.898 45.93719419834488 45.93719419834488 45.93719419834488 45.93719419834488 45.93719419834488 45.93719419834488
 41344 16384 29524.088 29524.088 29524.088 45.88660594698133 45.88660594698133 45.88660594698133 45.88660594698133 45.88660594698133 45.88660594698133
 45472 16384 33728.123 33728.123 33728.123 44.177569442568746 44.177569442568746 44.177569442568746 44.177569442568746 44.177569442568746 44.177569442568746
 50016 16384 37539.959 37539.959 37539.959 43.658126744357915 43.658126744357915 43.658126744357915 43.658126744357915 43.658126744357915 43.658126744357915
 55008 16384 41209.936 41209.936 41209.936 43.73950359932614 43.73950359932614 43.73950359932614 43.73950359932614 43.73950359932614 43.73950359932614
 60480 16384 45353.889 45353.889 45353.889 43.69655356346619 43.69655356346619 43.69655356346619 43.69655356346619 43.69655356346619 43.69655356346619
 66528 8192 25341.034 25341.034 25341.034 43.01303380122532 43.01303380122532 43.01303380122532 43.01303380122532 43.01303380122532 43.01303380122532
 73152 8192 27565.002 27565.002 27565.002 43.479857828415895 43.479857828415895 43.479857828415895 43.479857828415895 43.479857828415895 43.479857828415895
 80448 8192 30204.058 30204.058 30204.058 43.638508176616526 43.638508176616526 43.638508176616526 43.638508176616526 43.638508176616526 43.638508176616526
 88480 8192 33658.981 33658.981 33658.981 43.06893069638681 43.06893069638681 43.06893069638681 43.06893069638681 43.06893069638681 43.06893069638681
 97312 8192 34857.035 34857.035 34857.035 45.73997208884806 45.73997208884806 45.73997208884806 45.73997208884806 45.73997208884806 45.73997208884806
 107040 8192 38142.92 38142.92 38142.92 45.9782145677363 45.9782145677363 45.9782145677363 45.9782145677363 45.9782145677363 45.9782145677363
 117728 8192 44528.961 44528.961 44528.961 43.31687757098127 43.31687757098127 43.31687757098127 43.31687757098127 43.31687757098127 43.31687757098127
 129472 8192 48599.958 48599.958 48599.958 43.64755311105413 43.64755311105413 43.64755311105413 43.64755311105413 43.64755311105413 43.64755311105413
 142400 4096 26673.079 26673.079 26673.079 43.73476342944884 43.73476342944884 43.73476342944884 43.73476342944884 43.73476342944884 43.73476342944884
 156640 4096 29397.964 29397.964 29397.964 43.64910712864333 43.64910712864333 43.64910712864333 43.64910712864333 43.64910712864333 43.64910712864333
 172288 4096 32269.001 32269.001 32269.001 43.73805361994317 43.73805361994317 43.73805361994317 43.73805361994317 43.73805361994317 43.73805361994317
 189504 4096 35437.107 35437.107 35437.107 43.80766093575302 43.80766093575302 43.80766093575302 43.80766093575302 43.80766093575302 43.80766093575302
 208448 4096 37040.949 37040.949 37040.949 46.100493159611 46.100493159611 46.100493159611 46.100493159611 46.100493159611 46.100493159611
 229280 4096 40650.129 40650.129 40650.129 46.20555472283987 46.20555472283987 46.20555472283987 46.20555472283987 46.20555472283987 46.20555472283987
 252192 4096 44734.001 44734.001 44734.001 46.18314520983714 46.18314520983714 46.18314520983714 46.18314520983714 46.18314520983714 46.18314520983714
 277408 2048 24690.866 24690.866 24690.866 46.019575336077715 46.019575336077715 46.019575336077715 46.019575336077715 46.019575336077715 46.019575336077715
 305120 2048 28888.941 28888.941 28888.941 43.26124380952559 43.26124380952559 43.26124380952559 43.26124380952559 43.26124380952559 43.26124380952559
 335616 2048 31430.96 31430.96 31430.96 43.736593982493694 43.736593982493694 43.736593982493694 43.736593982493694 43.736593982493694 43.736593982493694
 369152 2048 34630.06 34630.06 34630.06 43.66283488968833 43.66283488968833 43.66283488968833 43.66283488968833 43.66283488968833 43.66283488968833
 406048 2048 38054.943 38054.943 38054.943 43.7045092407575 43.7045092407575 43.7045092407575 43.7045092407575 43.7045092407575 43.7045092407575
 446624 2048 41798.115 41798.115 41798.115 43.76685178267011 43.76685178267011 43.76685178267011 43.76685178267011 43.76685178267011 43.76685178267011
 491264 2048 46008.825 46008.825 46008.825 43.73546475051255 43.73546475051255 43.73546475051255 43.73546475051255 43.73546475051255 43.73546475051255
 540384 1024 25270.939 25270.939 25270.939 43.79364106731452 43.79364106731452 43.79364106731452 43.79364106731452 43.79364106731452 43.79364106731452
 594400 1024 27813.911 27813.911 27813.911 43.766991272820285 43.766991272820285 43.766991272820285 43.766991272820285 43.766991272820285 43.766991272820285
 653824 1024 30934.095 30934.095 30934.095 43.28659209199429 43.28659209199429 43.28659209199429 43.28659209199429 43.28659209199429 43.28659209199429
 719200 1024 33703.089 33703.089 33703.089 43.70286652359967 43.70286652359967 43.70286652359967 43.70286652359967 43.70286652359967 43.70286652359967
 791104 1024 37261.963 37261.963 37261.963 43.48082767405464 43.48082767405464 43.48082767405464 43.48082767405464 43.48082767405464 43.48082767405464
 870208 1024 40803.194 40803.194 40803.194 43.67760974790356 43.67760974790356 43.67760974790356 43.67760974790356 43.67760974790356 43.67760974790356
 957216 1024 45019.865 45019.865 45019.865 43.54474114926822 43.54474114926822 43.54474114926822 43.54474114926822 43.54474114926822 43.54474114926822
 1052928 512 24729.013 24729.013 24729.013 43.60053804007463 43.60053804007463 43.60053804007463 43.60053804007463 43.60053804007463 43.60053804007463
 1158208 512 27743.101 27743.101 27743.101 42.749546707125496 42.749546707125496 42.749546707125496 42.749546707125496 42.749546707125496 42.749546707125496
 1274016 512 29893.16 29893.16 29893.16 43.6418359250076 43.6418359250076 43.6418359250076 43.6418359250076 43.6418359250076 43.6418359250076
 1401408 512 31117.916 31117.916 31117.916 46.11625637140996 46.11625637140996 46.11625637140996 46.11625637140996 46.11625637140996 46.11625637140996
 1541536 512 34214.973 34214.973 34214.973 46.13573314817464 46.13573314817464 46.13573314817464 46.13573314817464 46.13573314817464 46.13573314817464
 1695680 512 37620.068 37620.068 37620.068 46.15558695959827 46.15558695959827 46.15558695959827 46.15558695959827 46.15558695959827 46.15558695959827
 1865248 512 41398.048 41398.048 41398.048 46.13777809040658 46.13777809040658 46.13777809040658 46.13777809040658 46.13777809040658 46.13777809040658
 2051744 512 45468.092 45468.092 45468.092 46.20791776351645 46.20791776351645 46.20791776351645 46.20791776351645 46.20791776351645 46.20791776351645
 2256896 256 26278.973 26278.973 26278.973 43.97168610812911 43.97168610812911 43.97168610812911 43.97168610812911 43.97168610812911 43.97168610812911
 2482560 256 28929.949 28929.949 28929.949 43.93615488226405 43.93615488226405 43.93615488226405 43.93615488226405 43.93615488226405 43.93615488226405
 2730816 256 31936.884 31936.884 31936.884 43.779405404735165 43.779405404735165 43.779405404735165 43.779405404735165 43.779405404735165 43.779405404735165
 3003872 256 33276.081 33276.081 33276.081 46.21885804401065 46.21885804401065 46.21885804401065 46.21885804401065 46.21885804401065 46.21885804401065
 3304256 256 36723.137 36723.137 36723.137 46.06847917159147 46.06847917159147 46.06847917159147 46.06847917159147 46.06847917159147 46.06847917159147
 3634656 256 40263.176 40263.176 40263.176 46.219500220250886 46.219500220250886 46.219500220250886 46.219500220250886 46.219500220250886 46.219500220250886
 3998112 256 44238.806 44238.806 44238.806 46.27234613881758 46.27234613881758 46.27234613881758 46.27234613881758 46.27234613881758 46.27234613881758
 4397920 128 24370.909 24370.909 24370.909 46.19719026483583 46.19719026483583 46.19719026483583 46.19719026483583 46.19719026483583 46.19719026483583
 4837696 128 26821.852 26821.852 26821.852 46.17317909292766 46.17317909292766 46.17317909292766 46.17317909292766 46.17317909292766 46.17317909292766
 5321440 128 29690.981 29690.981 29690.981 45.88223743769194 45.88223743769194 45.88223743769194 45.88223743769194 45.88223743769194 45.88223743769194
 5853568 128 34277.916 34277.916 34277.916 43.71658440378931 43.71658440378931 43.71658440378931 43.71658440378931 43.71658440378931 43.71658440378931
 6438912 128 37785.053 37785.053 37785.053 43.624696569831464 43.624696569831464 43.624696569831464 43.624696569831464 43.624696569831464 43.624696569831464
 7082784 128 41508.913 41508.913 41508.913 43.682008825429854 43.682008825429854 43.682008825429854 43.682008825429854 43.682008825429854 43.682008825429854
 7791040 128 45699.12 45699.12 45699.12 43.644302997519425 43.644302997519425 43.644302997519425 43.644302997519425 43.644302997519425 43.644302997519425
 8570144 64 24595.976 24595.976 24595.976 44.59991471775709 44.59991471775709 44.59991471775709 44.59991471775709 44.59991471775709 44.59991471775709
 9427136 64 26154.995 26154.995 26154.995 46.13548608975073 46.13548608975073 46.13548608975073 46.13548608975073 46.13548608975073 46.13548608975073
 10369824 64 28754.95 28754.95 28754.95 46.16031229405719 46.16031229405719 46.16031229405719 46.16031229405719 46.16031229405719 46.16031229405719
 11406784 64 31769.037 31769.037 31769.037 45.95884829622 45.95884829622 45.95884829622 45.95884829622 45.95884829622 45.95884829622
 12547456 64 34866.095 34866.095 34866.095 46.06407365092076 46.06407365092076 46.06407365092076 46.06407365092076 46.06407365092076 46.06407365092076
 13802176 64 38507.938 38507.938 38507.938 45.87829470380886 45.87829470380886 45.87829470380886 45.87829470380886 45.87829470380886 45.87829470380886
 15182368 64 44517.04 44517.04 44517.04 43.65391553436616 43.65391553436616 43.65391553436616 43.65391553436616 43.65391553436616 43.65391553436616
 16700576 64 48942.089 48942.089 48942.089 43.677615150428096 43.677615150428096 43.677615150428096 43.677615150428096 43.677615150428096 43.677615150428096
 18370624 32 27024.984 27024.984 27024.984 43.504926256385566 43.504926256385566 43.504926256385566 43.504926256385566 43.504926256385566 43.504926256385566
 20207680 32 29690.027 29690.027 29690.027 43.559796021741576 43.559796021741576 43.559796021741576 43.559796021741576 43.559796021741576 43.559796021741576
 22228448 32 32747.984 32747.984 32747.984 43.441473282752305 43.441473282752305 43.441473282752305 43.441473282752305 43.441473282752305 43.441473282752305
 24451264 32 35940.886 35940.886 35940.886 43.540409549169155 43.540409549169155 43.540409549169155 43.540409549169155 43.540409549169155 43.540409549169155
 26896384 32 39655.924 39655.924 39655.924 43.40760225382719 43.40760225382719 43.40760225382719 43.40760225382719 43.40760225382719 43.40760225382719
 29586016 32 43446.064 43446.064 43446.064 43.582889902293566 43.582889902293566 43.582889902293566 43.582889902293566 43.582889902293566 43.582889902293566
 32544608 32 47961.95 47961.95 47961.95 43.42723579837768 43.42723579837768 43.42723579837768 43.42723579837768 43.42723579837768 43.42723579837768
 35799040 16 26296.139 26296.139 26296.139 43.56416278450612 43.56416278450612 43.56416278450612 43.56416278450612 43.56416278450612 43.56416278450612
 39378944 16 28945.923 28945.923 28945.923 43.5338064016822 43.5338064016822 43.5338064016822 43.5338064016822 43.5338064016822 43.5338064016822
 43316832 16 31842.947 31842.947 31842.947 43.530475492736265 43.530475492736265 43.530475492736265 43.530475492736265 43.530475492736265 43.530475492736265
 47648512 16 35097.837 35097.837 35097.837 43.44291598368298 43.44291598368298 43.44291598368298 43.44291598368298 43.44291598368298 43.44291598368298
 52413344 16 38911.104 38911.104 38911.104 43.104071475330024 43.104071475330024 43.104071475330024 43.104071475330024 43.104071475330024 43.104071475330024
 57654656 16 44003.01 44003.01 44003.01 41.927790667047546 41.927790667047546 41.927790667047546 41.927790667047546 41.927790667047546 41.927790667047546
 63420096 16 50135.136 50135.136 50135.136 40.47945680251072 40.47945680251072 40.47945680251072 40.47945680251072 40.47945680251072 40.47945680251072
 69762080 8 28785.944 28785.944 28785.944 38.77563577557158 38.77563577557158 38.77563577557158 38.77563577557158 38.77563577557158 38.77563577557158
 76738272 8 31774.998 31774.998 31774.998 38.640831763388306 38.640831763388306 38.640831763388306 38.640831763388306 38.640831763388306 38.640831763388306
 84412096 8 35116.911 35116.911 35116.911 38.459918527572086 38.459918527572086 38.459918527572086 38.459918527572086 38.459918527572086 38.459918527572086
 92853280 8 36942.959 36942.959 36942.959 40.214766770577306 40.214766770577306 40.214766770577306 40.214766770577306 40.214766770577306 40.214766770577306
 102138592 8 40687.084 40687.084 40687.084 40.16550982124941 40.16550982124941 40.16550982124941 40.16550982124941 40.16550982124941 40.16550982124941
 112352448 8 44879.198 44879.198 44879.198 40.05506444210523 40.05506444210523 40.05506444210523 40.05506444210523 40.05506444210523 40.05506444210523
 123587680 8 49230.099 49230.099 49230.099 40.16654282982449 40.16654282982449 40.16654282982449 40.16654282982449 40.16654282982449 40.16654282982449
 135946432 4 27231.932 27231.932 27231.932 39.93735942055085 39.93735942055085 39.93735942055085 39.93735942055085 39.93735942055085 39.93735942055085
 149541056 4 29932.022 29932.022 29932.022 39.96818016504197 39.96818016504197 39.96818016504197 39.96818016504197 39.96818016504197 39.96818016504197
 164495136 4 33344.984 33344.984 33344.984 39.465038819631765 39.465038819631765 39.465038819631765 39.465038819631765 39.465038819631765 39.465038819631765
 180944640 4 41486.979 41486.979 41486.979 34.89184208857434 34.89184208857434 34.89184208857434 34.89184208857434 34.89184208857434 34.89184208857434
 199039104 4 39812.803 39812.803 39812.803 39.99499437404595 39.99499437404595 39.99499437404595 39.99499437404595 39.99499437404595 39.99499437404595
 218943008 4 43854.952 43854.952 43854.952 39.939481954056184 39.939481954056184 39.939481954056184 39.939481954056184 39.939481954056184 39.939481954056184
 240837280 4 48017.025 48017.025 48017.025 40.12531471910223 40.12531471910223 40.12531471910223 40.12531471910223 40.12531471910223 40.12531471910223
 264920992 4 52999.973 52999.973 52999.973 39.98809463544444 39.98809463544444 39.98809463544444 39.98809463544444 39.98809463544444 39.98809463544444
 291413088 2 29151.917 29151.917 29151.917 39.985444250544475 39.985444250544475 39.985444250544475 39.985444250544475 39.985444250544475 39.985444250544475
 320554368 2 32067.06 32067.06 32067.06 39.98550138366286 39.98550138366286 39.98550138366286 39.98550138366286 39.98550138366286 39.98550138366286
 352609792 2 35342.932 35342.932 35342.932 39.9072484422062 39.9072484422062 39.9072484422062 39.9072484422062 39.9072484422062 39.9072484422062
 387870752 2 38841.009 38841.009 38841.009 39.94445684971778 39.94445684971778 39.94445684971778 39.94445684971778 39.94445684971778 39.94445684971778
 426657824 2 42824.984 42824.984 42824.984 39.851300259680194 39.851300259680194 39.851300259680194 39.851300259680194 39.851300259680194 39.851300259680194
 469323584 2 46973.944 46973.944 46973.944 39.96458836839419 39.96458836839419 39.96458836839419 39.96458836839419 39.96458836839419 39.96458836839419
 516255936 2 51742.077 51742.077 51742.077 39.90995073506616 39.90995073506616 39.90995073506616 39.90995073506616 39.90995073506616 39.90995073506616
 567881504 1 28445.959 28445.959 28445.959 39.927042290963016 39.927042290963016 39.927042290963016 39.927042290963016 39.927042290963016 39.927042290963016
 624669632 1 31270.981 31270.981 31270.981 39.95203297267842 39.95203297267842 39.95203297267842 39.95203297267842 39.95203297267842 39.95203297267842
 687136576 1 35811.186 35811.186 35811.186 38.37552746786995 38.37552746786995 38.37552746786995 38.37552746786995 38.37552746786995 38.37552746786995
 755850208 1 39755.106 39755.106 39755.106 38.02531468536394 38.02531468536394 38.02531468536394 38.02531468536394 38.02531468536394 38.02531468536394
 831435200 1 43394.804 43394.804 43394.804 38.319573928712764 38.319573928712764 38.319573928712764 38.319573928712764 38.319573928712764 38.319573928712764
 914578720 1 48089.981 48089.981 48089.981 38.03614395272895 38.03614395272895 38.03614395272895 38.03614395272895 38.03614395272895 38.03614395272895
 1006036576 1 53117.99 53117.99 53117.99 37.87931644250847 37.87931644250847 37.87931644250847 37.87931644250847 37.87931644250847 37.87931644250847
 
META_DATA
 MPI startup(): shm:tmi fabric is unknown or has been removed from the product, please use ofi or shm:ofi instead
 FLOPS          16
 MPI_PROCS      1
 OPENMP_THREADS 4
 ERT_VERSION  1.1.0
 HOSTNAME  ('shas0420.rc.int.colorado.edu', [], ['10.225.6.135'])
 UNAME  uname_result(system='Linux', node='shas0420.rc.int.colorado.edu', release='3.10.0-957.27.2.el7.x86_64', version='#1 SMP Mon Jul 29 17:46:05 UTC 2019', machine='x86_64', processor='x86_64')
 TIMESTAMP_DATA  1664555613.9644396
 CONFIG  {'ERT_RESULTS': ['lab5_results'], 'ERT_DRIVER': ['driver1'], 'ERT_KERNEL': ['kernel1'], 'ERT_MPI': ['True'], 'ERT_MPI_CFLAGS': ['-I/usr/include/mpi'], 'ERT_MPI_LDFLAGS': ['-lmpi'], 'ERT_OPENMP': ['True'], 'ERT_OPENMP_CFLAGS': ['-qopenmp'], 'ERT_OPENMP_LDFLAGS': ['-qopenmp'], 'ERT_FLOPS': ['1,2,4,8,16'], 'ERT_ALIGN': ['32'], 'ERT_CC': ['mpicc'], 'ERT_CFLAGS': ['-O3', '-msse3', '-axSSE3', '-xSSE3', '-fno-alias', '-fno-fnalias', '-DERT_INTEL', '-std=c++11'], 'ERT_LD': ['mpicc'], 'ERT_LDFLAGS': [], 'ERT_LDLIBS': [], 'ERT_PRECISION': ['FP64'], 'ERT_RUN': ['export', 'OMP_NUM_THREADS=ERT_OPENMP_THREADS;', 'mpirun', '-np', 'ERT_MPI_PROCS', 'ERT_CODE'], 'ERT_PROCS_THREADS': ['1-24'], 'ERT_MPI_PROCS': ['1,2,4,8,12,24'], 'ERT_OPENMP_THREADS': ['1,2,4,8,12,24'], 'ERT_NUM_EXPERIMENTS': ['1'], 'ERT_MEMORY_MAX': ['1073741824'], 'ERT_WORKING_SET_MIN': ['1'], 'ERT_TRIALS_MIN': ['1'], 'ERT_GNUPLOT': ['gnuplot'], 'ERT_GPU': [False], 'ERT_HIP': [False], 'ERT_OCL': [False], 'ERT_SYCL': [False], 'ERT_WSS_MULT': [1.1]}
 