fp64
 192 4194304 24904.013 24904.013 24904.013 64.67281943677109 64.67281943677109 64.67281943677109 16.168204859192773 16.168204859192773 16.168204859192773
 384 2097152 13198.137 13198.137 13198.137 122.03333970544479 122.03333970544479 122.03333970544479 30.508334926361197 30.508334926361197 30.508334926361197
 576 1048576 6603.003 6603.003 6603.003 182.94093641938372 182.94093641938372 182.94093641938372 45.73523410484593 45.73523410484593 45.73523410484593
 768 1048576 6593.943 6593.943 6593.943 244.25639348110832 244.25639348110832 244.25639348110832 61.06409837027708 61.06409837027708 61.06409837027708
 960 1048576 6723.881 6723.881 6723.881 299.4202187694874 299.4202187694874 299.4202187694874 74.85505469237185 74.85505469237185 74.85505469237185
 1152 524288 3438.95 3438.95 3438.95 351.2582480117478 351.2582480117478 351.2582480117478 87.81456200293695 87.81456200293695 87.81456200293695
 1344 524288 3490.925 3490.925 3490.925 403.6999202217177 403.6999202217177 403.6999202217177 100.92498005542943 100.92498005542943 100.92498005542943
 1536 524288 3586.054 3586.054 3586.054 449.13231535275264 449.13231535275264 449.13231535275264 112.28307883818816 112.28307883818816 112.28307883818816
 1728 524288 3937.006 3937.006 3937.006 460.2328083828168 460.2328083828168 460.2328083828168 115.0582020957042 115.0582020957042 115.0582020957042
 1920 524288 3899.097 3899.097 3899.097 516.3415837051501 516.3415837051501 516.3415837051501 129.08539592628753 129.08539592628753 129.08539592628753
 2112 262144 2333.879 2333.879 2333.879 474.4445860303811 474.4445860303811 474.4445860303811 118.61114650759528 118.61114650759528 118.61114650759528
 2304 262144 2267.122 2267.122 2267.122 532.8162983730033 532.8162983730033 532.8162983730033 133.20407459325082 133.20407459325082 133.20407459325082
 2496 262144 2485.991 2485.991 2485.991 526.3988678961429 526.3988678961429 526.3988678961429 131.59971697403572 131.59971697403572 131.59971697403572
 2688 262144 2516.985 2516.985 2516.985 559.9104261646374 559.9104261646374 559.9104261646374 139.97760654115936 139.97760654115936 139.97760654115936
 2880 262144 2789.974 2789.974 2789.974 541.2055596217025 541.2055596217025 541.2055596217025 135.30138990542562 135.30138990542562 135.30138990542562
 3072 262144 1857.996 1857.996 1857.996 866.8547919371193 866.8547919371193 866.8547919371193 216.71369798427983 216.71369798427983 216.71369798427983
 3264 262144 2202.988 2202.988 2202.988 776.7977092930148 776.7977092930148 776.7977092930148 194.1994273232537 194.1994273232537 194.1994273232537
 3456 262144 2230.883 2230.883 2230.883 812.2072417065351 812.2072417065351 812.2072417065351 203.05181042663378 203.05181042663378 203.05181042663378
 3648 262144 2555.132 2555.132 2555.132 748.5337837732063 748.5337837732063 748.5337837732063 187.13344594330158 187.13344594330158 187.13344594330158
 3840 262144 2498.15 2498.15 2498.15 805.9027360246581 805.9027360246581 805.9027360246581 201.47568400616453 201.47568400616453 201.47568400616453
 4224 131072 1435.995 1435.995 1435.995 771.1003561990119 771.1003561990119 771.1003561990119 192.77508904975298 192.77508904975298 192.77508904975298
 4608 131072 1617.908 1617.908 1617.908 746.6181958430269 746.6181958430269 746.6181958430269 186.65454896075673 186.65454896075673 186.65454896075673
 4992 131072 1754.999 1754.999 1754.999 745.6544693187859 745.6544693187859 745.6544693187859 186.41361732969648 186.41361732969648 186.41361732969648
 5376 131072 2498.865 2498.865 2498.865 563.970500207094 563.970500207094 563.970500207094 140.9926250517735 140.9926250517735 140.9926250517735
 5760 131072 1996.994 1996.994 1996.994 756.1111550660644 756.1111550660644 756.1111550660644 189.0277887665161 189.0277887665161 189.0277887665161
 6336 131072 1866.102 1866.102 1866.102 890.0608777012188 890.0608777012188 890.0608777012188 222.5152194253047 222.5152194253047 222.5152194253047
 6912 131072 2070.904 2070.904 2070.904 874.9509045325133 874.9509045325133 874.9509045325133 218.73772613312832 218.73772613312832 218.73772613312832
 7488 131072 2444.983 2444.983 2444.983 802.8416851978112 802.8416851978112 802.8416851978112 200.7104212994528 200.7104212994528 200.7104212994528
 8064 131072 2489.09 2489.09 2489.09 849.2779353096913 849.2779353096913 849.2779353096913 212.31948382742283 212.31948382742283 212.31948382742283
 8832 65536 1333.952 1333.952 1333.952 867.8182603272081 867.8182603272081 867.8182603272081 216.95456508180203 216.95456508180203 216.95456508180203
 9600 65536 1325.13 1325.13 1325.13 949.5605714156346 949.5605714156346 949.5605714156346 237.39014285390866 237.39014285390866 237.39014285390866
 10560 65536 1603.127 1603.127 1603.127 863.3878164362525 863.3878164362525 863.3878164362525 215.84695410906312 215.84695410906312 215.84695410906312
 11520 65536 1699.924 1699.924 1699.924 888.2452627293926 888.2452627293926 888.2452627293926 222.06131568234815 222.06131568234815 222.06131568234815
 12672 65536 1676.083 1676.083 1676.083 990.967860183535 990.967860183535 990.967860183535 247.74196504588375 247.74196504588375 247.74196504588375
 13824 65536 1954.079 1954.079 1954.079 927.2600176349063 927.2600176349063 927.2600176349063 231.81500440872657 231.81500440872657 231.81500440872657
 15168 65536 2177.954 2177.954 2177.954 912.829240654302 912.829240654302 912.829240654302 228.2073101635755 228.2073101635755 228.2073101635755
 16512 32768 1138.21 1138.21 1138.21 950.7300340007556 950.7300340007556 950.7300340007556 237.6825085001889 237.6825085001889 237.6825085001889
 18048 32768 1256.943 1256.943 1256.943 941.0082461973217 941.0082461973217 941.0082461973217 235.25206154933042 235.25206154933042 235.25206154933042
 19776 32768 1353.025 1353.025 1353.025 957.8832142791151 957.8832142791151 957.8832142791151 239.47080356977878 239.47080356977878 239.47080356977878
 21696 32768 1404.047 1404.047 1404.047 1012.693347160031 1012.693347160031 1012.693347160031 253.17333679000774 253.17333679000774 253.17333679000774
 23808 32768 1585.96 1585.96 1585.96 983.8086004691165 983.8086004691165 983.8086004691165 245.95215011727913 245.95215011727913 245.95215011727913
 26112 32768 1726.151 1726.151 1726.151 991.3825800871418 991.3825800871418 991.3825800871418 247.84564502178546 247.84564502178546 247.84564502178546
 28608 32768 1883.03 1883.03 1883.03 995.6580022623114 995.6580022623114 995.6580022623114 248.91450056557784 248.91450056557784 248.91450056557784
 31296 32768 2013.922 2013.922 2013.922 1018.4181194703667 1018.4181194703667 1018.4181194703667 254.60452986759168 254.60452986759168 254.60452986759168
 34368 16384 1128.912 1128.912 1128.912 997.571665461967 997.571665461967 997.571665461967 249.39291636549174 249.39291636549174 249.39291636549174
 37632 16384 1194.0 1194.0 1194.0 1032.7683216080402 1032.7683216080402 1032.7683216080402 258.19208040201005 258.19208040201005 258.19208040201005
 41280 16384 1327.991 1327.991 1327.991 1018.5784692817948 1018.5784692817948 1018.5784692817948 254.6446173204487 254.6446173204487 254.6446173204487
 45312 16384 1450.062 1450.062 1450.062 1023.9449182172903 1023.9449182172903 1023.9449182172903 255.98622955432256 255.98622955432256 255.98622955432256
 49728 16384 1591.921 1591.921 1591.921 1023.5979699997675 1023.5979699997675 1023.5979699997675 255.89949249994189 255.89949249994189 255.89949249994189
 54528 16384 1724.958 1724.958 1724.958 1035.8359473100213 1035.8359473100213 1035.8359473100213 258.9589868275053 258.9589868275053 258.9589868275053
 59904 16384 1895.189 1895.189 1895.189 1035.7459187447796 1035.7459187447796 1035.7459187447796 258.9364796861949 258.9364796861949 258.9364796861949
 65856 8192 1039.982 1039.982 1039.982 1037.5032490946958 1037.5032490946958 1037.5032490946958 259.37581227367394 259.37581227367394 259.37581227367394
 72384 8192 1137.972 1137.972 1137.972 1042.1517014478388 1042.1517014478388 1042.1517014478388 260.5379253619597 260.5379253619597 260.5379253619597
 79488 8192 1267.91 1267.91 1267.91 1027.1481351200005 1027.1481351200005 1027.1481351200005 256.7870337800001 256.7870337800001 256.7870337800001
 87360 8192 1376.152 1376.152 1376.152 1040.07859596905 1040.07859596905 1040.07859596905 260.0196489922625 260.0196489922625 260.0196489922625
 96000 8192 1497.984 1497.984 1497.984 1049.9871827736479 1049.9871827736479 1049.9871827736479 262.49679569341197 262.49679569341197 262.49679569341197
 105600 8192 1635.075 1635.075 1635.075 1058.147424430072 1058.147424430072 1058.147424430072 264.536856107518 264.536856107518 264.536856107518
 116160 8192 2330.065 2330.065 2330.065 816.7864158296013 816.7864158296013 816.7864158296013 204.19660395740033 204.19660395740033 204.19660395740033
 127680 8192 2046.824 2046.824 2046.824 1022.0268669900294 1022.0268669900294 1022.0268669900294 255.50671674750734 255.50671674750734 255.50671674750734
 140352 4096 1092.911 1092.911 1092.911 1052.0194087167208 1052.0194087167208 1052.0194087167208 263.0048521791802 263.0048521791802 263.0048521791802
 154368 4096 1199.961 1199.961 1199.961 1053.8531302267322 1053.8531302267322 1053.8531302267322 263.46328255668305 263.46328255668305 263.46328255668305
 169728 4096 1307.011 1307.011 1307.011 1063.8103091710782 1063.8103091710782 1063.8103091710782 265.95257729276955 265.95257729276955 265.95257729276955
 186624 4096 1442.909 1442.909 1442.909 1059.5427764328867 1059.5427764328867 1059.5427764328867 264.8856941082217 264.8856941082217 264.8856941082217
 205248 4096 1600.027 1600.027 1600.027 1050.8520268720465 1050.8520268720465 1050.8520268720465 262.7130067180116 262.7130067180116 262.7130067180116
 225600 4096 1746.893 1746.893 1746.893 1057.944132811798 1057.944132811798 1057.944132811798 264.4860332029495 264.4860332029495 264.4860332029495
 248064 4096 1945.019 1945.019 1945.019 1044.79199843292 1044.79199843292 1044.79199843292 261.19799960823 261.19799960823 261.19799960823
 272832 2048 1050.949 1050.949 1050.949 1063.3435799453637 1063.3435799453637 1063.3435799453637 265.8358949863409 265.8358949863409 265.8358949863409
 300096 2048 1168.013 1168.013 1168.013 1052.3797389241388 1052.3797389241388 1052.3797389241388 263.0949347310347 263.0949347310347 263.0949347310347
 330048 2048 1286.983 1286.983 1286.983 1050.4230498771158 1050.4230498771158 1050.4230498771158 262.60576246927894 262.60576246927894 262.60576246927894
 362880 2048 1428.843 1428.843 1428.843 1040.2517841358356 1040.2517841358356 1040.2517841358356 260.0629460339589 260.0629460339589 260.0629460339589
 399168 2048 1554.012 1554.012 1554.012 1052.1103620821461 1052.1103620821461 1052.1103620821461 263.02759052053653 263.02759052053653 263.02759052053653
 438912 2048 1708.031 1708.031 1708.031 1052.5473788239206 1052.5473788239206 1052.5473788239206 263.13684470598014 263.13684470598014 263.13684470598014
 482688 2048 1885.176 1885.176 1885.176 1048.756215865256 1048.756215865256 1048.756215865256 262.189053966314 262.189053966314 262.189053966314
 530880 1024 1029.968 1029.968 1029.968 1055.607785872959 1055.607785872959 1055.607785872959 263.90194646823977 263.90194646823977 263.90194646823977
 583872 1024 1132.011 1132.011 1132.011 1056.3235304250577 1056.3235304250577 1056.3235304250577 264.0808826062644 264.0808826062644 264.0808826062644
 642240 1024 1254.082 1254.082 1254.082 1048.820986187506 1048.820986187506 1048.820986187506 262.2052465468765 262.2052465468765 262.2052465468765
 706368 1024 1382.113 1382.113 1382.113 1046.6884140442928 1046.6884140442928 1046.6884140442928 261.6721035110732 261.6721035110732 261.6721035110732
 776832 1024 1502.991 1502.991 1502.991 1058.5239272889858 1058.5239272889858 1058.5239272889858 264.63098182224644 264.63098182224644 264.63098182224644
 854400 1024 1814.127 1814.127 1814.127 964.5472450385226 964.5472450385226 964.5472450385226 241.13681125963066 241.13681125963066 241.13681125963066
 939840 1024 2030.134 2030.134 2030.134 948.1109719851005 948.1109719851005 948.1109719851005 237.02774299627512 237.02774299627512 237.02774299627512
 1033728 1024 2234.936 2234.936 2234.936 947.264236649282 947.264236649282 947.264236649282 236.8160591623205 236.8160591623205 236.8160591623205
 1137024 512 1229.048 1229.048 1229.048 947.3288073370609 947.3288073370609 947.3288073370609 236.83220183426522 236.83220183426522 236.83220183426522
 1250688 512 1355.171 1355.171 1355.171 945.0501169225138 945.0501169225138 945.0501169225138 236.26252923062845 236.26252923062845 236.26252923062845
 1375680 512 1490.116 1490.116 1490.116 945.3601733019443 945.3601733019443 945.3601733019443 236.34004332548608 236.34004332548608 236.34004332548608
 1513152 512 1636.028 1636.028 1636.028 947.0911549191089 947.0911549191089 947.0911549191089 236.77278872977723 236.77278872977723 236.77278872977723
 1664448 512 1804.113 1804.113 1804.113 944.7272715179149 944.7272715179149 944.7272715179149 236.18181787947873 236.18181787947873 236.18181787947873
 1830720 512 1994.133 1994.133 1994.133 940.0863834057208 940.0863834057208 940.0863834057208 235.0215958514302 235.0215958514302 235.0215958514302
 2013696 512 2177.0 2177.0 2177.0 947.1863592099219 947.1863592099219 947.1863592099219 236.79658980248047 236.79658980248047 236.79658980248047
 2214912 256 1204.967 1204.967 1204.967 941.1336111279394 941.1336111279394 941.1336111279394 235.28340278198485 235.28340278198485 235.28340278198485
 2436288 256 1335.144 1335.144 1335.144 934.2658589635275 934.2658589635275 934.2658589635275 233.56646474088188 233.56646474088188 233.56646474088188
 2679744 256 1460.075 1460.075 1460.075 939.6975689604985 939.6975689604985 939.6975689604985 234.92439224012463 234.92439224012463 234.92439224012463
 2947584 256 1595.02 1595.02 1595.02 946.1718398515379 946.1718398515379 946.1718398515379 236.54295996288448 236.54295996288448 236.54295996288448
 3242304 256 1775.026 1775.026 1775.026 935.2311729518328 935.2311729518328 935.2311729518328 233.8077932379582 233.8077932379582 233.8077932379582
 3566400 256 1977.921 1977.921 1977.921 923.1899555138956 923.1899555138956 923.1899555138956 230.7974888784739 230.7974888784739 230.7974888784739
 3922944 256 2257.109 2257.109 2257.109 889.8760883944906 889.8760883944906 889.8760883944906 222.46902209862264 222.46902209862264 222.46902209862264
 4315200 128 1319.17 1319.17 1319.17 837.413828392095 837.413828392095 837.413828392095 209.35345709802374 209.35345709802374 209.35345709802374
 4746624 128 1477.003 1477.003 1477.003 822.7036397353289 822.7036397353289 822.7036397353289 205.67590993383223 205.67590993383223 205.67590993383223
 5221248 128 1626.968 1626.968 1626.968 821.5524140610019 821.5524140610019 821.5524140610019 205.38810351525046 205.38810351525046 205.38810351525046
 5743296 128 1800.06 1800.06 1800.06 816.797093430219 816.797093430219 816.797093430219 204.19927335755474 204.19927335755474 204.19927335755474
 6317568 128 2022.028 2022.028 2022.028 799.8392742335913 799.8392742335913 799.8392742335913 199.9598185583978 199.9598185583978 199.9598185583978
 6949248 128 2411.127 2411.127 2411.127 737.8323447914606 737.8323447914606 737.8323447914606 184.45808619786516 184.45808619786516 184.45808619786516
 7644096 128 2684.116 2684.116 2684.116 729.0625949102051 729.0625949102051 729.0625949102051 182.26564872755128 182.26564872755128 182.26564872755128
 8408448 64 1528.025 1528.025 1528.025 704.3610830974624 704.3610830974624 704.3610830974624 176.0902707743656 176.0902707743656 176.0902707743656
 9249216 64 1693.01 1693.01 1693.01 699.2868606800904 699.2868606800904 699.2868606800904 174.8217151700226 174.8217151700226 174.8217151700226
 10174080 64 1862.049 1862.049 1862.049 699.381294477213 699.381294477213 699.381294477213 174.84532361930326 174.84532361930326 174.84532361930326
 11191488 64 2048.969 2048.969 2048.969 699.137207053889 699.137207053889 699.137207053889 174.78430176347226 174.78430176347226 174.78430176347226
 12310464 64 2264.023 2264.023 2264.023 695.99089408544 695.99089408544 695.99089408544 173.99772352136 173.99772352136 173.99772352136
 13541376 64 2483.13 2483.13 2483.13 698.0287491995989 698.0287491995989 698.0287491995989 174.50718729989973 174.50718729989973 174.50718729989973
 14895360 64 2717.972 2717.972 2717.972 701.4811337276468 701.4811337276468 701.4811337276468 175.3702834319117 175.3702834319117 175.3702834319117
 16384896 64 3010.988 3010.988 3010.988 696.5377105455086 696.5377105455086 696.5377105455086 174.13442763637715 174.13442763637715 174.13442763637715
 18023232 32 1641.989 1641.989 1641.989 702.4936512972986 702.4936512972986 702.4936512972986 175.62341282432465 175.62341282432465 175.62341282432465
 19825536 32 1820.087 1820.087 1820.087 697.1283812257327 697.1283812257327 697.1283812257327 174.28209530643318 174.28209530643318 174.28209530643318
 21807936 32 1993.895 1993.895 1993.895 699.9906735309532 699.9906735309532 699.9906735309532 174.9976683827383 174.9976683827383 174.9976683827383
 23988672 32 2197.027 2197.027 2197.027 698.7966046844213 698.7966046844213 698.7966046844213 174.6991511711053 174.6991511711053 174.6991511711053
 26387520 32 2434.969 2434.969 2434.969 693.5617168021441 693.5617168021441 693.5617168021441 173.39042920053603 173.39042920053603 173.39042920053603
 29026176 32 2688.169 2688.169 2688.169 691.0559804833699 691.0559804833699 691.0559804833699 172.76399512084248 172.76399512084248 172.76399512084248
 31928640 32 2900.839 2900.839 2900.839 704.4282567905354 704.4282567905354 704.4282567905354 176.10706419763386 176.10706419763386 176.10706419763386
 35121408 16 1607.895 1607.895 1607.895 698.9791348315655 698.9791348315655 698.9791348315655 174.74478370789137 174.74478370789137 174.74478370789137
 38633472 16 1830.816 1830.816 1830.816 675.2568821771276 675.2568821771276 675.2568821771276 168.8142205442819 168.8142205442819 168.8142205442819
 42496704 16 1961.231 1961.231 1961.231 693.3882485031086 693.3882485031086 693.3882485031086 173.34706212577714 173.34706212577714 173.34706212577714
 46746240 16 2211.094 2211.094 2211.094 676.5337339796498 676.5337339796498 676.5337339796498 169.13343349491245 169.13343349491245 169.13343349491245
 51420864 16 2575.874 2575.874 2575.874 638.7997425339904 638.7997425339904 638.7997425339904 159.6999356334976 159.6999356334976 159.6999356334976
 56562816 16 3250.122 3250.122 3250.122 556.9052829401481 556.9052829401481 556.9052829401481 139.22632073503704 139.22632073503704 139.22632073503704
 62218944 16 5002.022 5002.022 5002.022 398.0402741131486 398.0402741131486 398.0402741131486 99.51006852828715 99.51006852828715 99.51006852828715
 68440704 8 4734.993 4734.993 4734.993 231.2677682944832 231.2677682944832 231.2677682944832 57.8169420736208 57.8169420736208 57.8169420736208
 75284736 8 7928.133 7928.133 7928.133 151.9343552889438 151.9343552889438 151.9343552889438 37.98358882223595 37.98358882223595 37.98358882223595
 82813056 8 10828.972 10828.972 10828.972 122.35777283383871 122.35777283383871 122.35777283383871 30.589443208459677 30.589443208459677 30.589443208459677
 91094208 8 13001.919 13001.919 13001.919 112.09940071154111 112.09940071154111 112.09940071154111 28.024850177885277 28.024850177885277 28.024850177885277
 100203456 8 14909.983 14909.983 14909.983 107.52898215913459 107.52898215913459 107.52898215913459 26.882245539783646 26.882245539783646 26.882245539783646
 110223744 8 16901.97 16901.97 16901.97 104.3416775677628 104.3416775677628 104.3416775677628 26.0854193919407 26.0854193919407 26.0854193919407
 121246080 8 18722.057 18722.057 18722.057 103.61774243075962 103.61774243075962 103.61774243075962 25.904435607689905 25.904435607689905 25.904435607689905
 133370688 8 20825.863 20825.863 20825.863 102.46543002803773 102.46543002803773 102.46543002803773 25.616357507009432 25.616357507009432 25.616357507009432
 146707584 4 11524.2 11524.2 11524.2 101.84313635653668 101.84313635653668 101.84313635653668 25.46078408913417 25.46078408913417 25.46078408913417
 161378304 4 12707.949 12707.949 12707.949 101.59203755067004 101.59203755067004 101.59203755067004 25.39800938766751 25.39800938766751 25.39800938766751
 177516096 4 13812.78 13812.78 13812.78 102.81266826808218 102.81266826808218 102.81266826808218 25.703167067020544 25.703167067020544 25.703167067020544
 195267648 4 15180.111 15180.111 15180.111 102.9070989006602 102.9070989006602 102.9070989006602 25.72677472516505 25.72677472516505 25.72677472516505
 214794240 4 16737.938 16737.938 16737.938 102.6622227899279 102.6622227899279 102.6622227899279 25.665555697481974 25.665555697481974 25.665555697481974
 236273664 4 18486.977 18486.977 18486.977 102.24436975282656 102.24436975282656 102.24436975282656 25.56109243820664 25.56109243820664 25.56109243820664
 259900992 4 20370.96 20370.96 20370.96 102.06725338422932 102.06725338422932 102.06725338422932 25.51681334605733 25.51681334605733 25.51681334605733
 285891072 2 11211.157 11211.157 11211.157 102.00234355829645 102.00234355829645 102.00234355829645 25.50058588957411 25.50058588957411 25.50058588957411
 314480064 2 12336.969 12336.969 12336.969 101.96347709068573 101.96347709068573 101.96347709068573 25.490869272671432 25.490869272671432 25.490869272671432
 345927936 2 13586.044 13586.044 13586.044 101.8480246346913 101.8480246346913 101.8480246346913 25.462006158672825 25.462006158672825 25.462006158672825
 380520576 2 14906.168 14906.168 14906.168 102.11090496229481 102.11090496229481 102.11090496229481 25.527726240573703 25.527726240573703 25.527726240573703
 418572480 2 16388.893 16388.893 16388.893 102.1600372886686 102.1600372886686 102.1600372886686 25.54000932216715 25.54000932216715 25.54000932216715
 460429632 2 17978.907 17978.907 17978.907 102.43773595358161 102.43773595358161 102.43773595358161 25.609433988395402 25.609433988395402 25.609433988395402
 506472576 2 19915.104 19915.104 19915.104 101.72632309627907 101.72632309627907 101.72632309627907 25.43158077406977 25.43158077406977 25.43158077406977
 557119680 1 10969.162 10969.162 10969.162 101.57926011120995 101.57926011120995 101.57926011120995 25.394815027802487 25.394815027802487 25.394815027802487
 612831552 1 12082.1 12082.1 12082.1 101.44454225672688 101.44454225672688 101.44454225672688 25.36113556418172 25.36113556418172 25.36113556418172
 674114688 1 13262.033 13262.033 13262.033 101.66083706774067 101.66083706774067 101.66083706774067 25.415209266935168 25.415209266935168 25.415209266935168
 741526080 1 14629.126 14629.126 14629.126 101.37667554439 101.37667554439 101.37667554439 25.3441688860975 25.3441688860975 25.3441688860975
 815678592 1 16047.001 16047.001 16047.001 101.66118790669982 101.66118790669982 101.66118790669982 25.415296976674956 25.415296976674956 25.415296976674956
 897246336 1 17717.123 17717.123 17717.123 101.28578279893411 101.28578279893411 101.28578279893411 25.321445699733527 25.321445699733527 25.321445699733527
 986970816 1 19504.07 19504.07 19504.07 101.20665235512384 101.20665235512384 101.20665235512384 25.30166308878096 25.30166308878096 25.30166308878096
 
META_DATA
 MPI startup(): shm:tmi fabric is unknown or has been removed from the product, please use ofi or shm:ofi instead
 FLOPS          4
 MPI_PROCS      24
 OPENMP_THREADS 1
 ERT_VERSION  1.1.0
 HOSTNAME  ('shas0420.rc.int.colorado.edu', [], ['10.225.6.135'])
 UNAME  uname_result(system='Linux', node='shas0420.rc.int.colorado.edu', release='3.10.0-957.27.2.el7.x86_64', version='#1 SMP Mon Jul 29 17:46:05 UTC 2019', machine='x86_64', processor='x86_64')
 TIMESTAMP_DATA  1664555206.743999
 CONFIG  {'ERT_RESULTS': ['lab5_results'], 'ERT_DRIVER': ['driver1'], 'ERT_KERNEL': ['kernel1'], 'ERT_MPI': ['True'], 'ERT_MPI_CFLAGS': ['-I/usr/include/mpi'], 'ERT_MPI_LDFLAGS': ['-lmpi'], 'ERT_OPENMP': ['True'], 'ERT_OPENMP_CFLAGS': ['-qopenmp'], 'ERT_OPENMP_LDFLAGS': ['-qopenmp'], 'ERT_FLOPS': ['1,2,4,8,16'], 'ERT_ALIGN': ['32'], 'ERT_CC': ['mpicc'], 'ERT_CFLAGS': ['-O3', '-msse3', '-axSSE3', '-xSSE3', '-fno-alias', '-fno-fnalias', '-DERT_INTEL', '-std=c++11'], 'ERT_LD': ['mpicc'], 'ERT_LDFLAGS': [], 'ERT_LDLIBS': [], 'ERT_PRECISION': ['FP64'], 'ERT_RUN': ['export', 'OMP_NUM_THREADS=ERT_OPENMP_THREADS;', 'mpirun', '-np', 'ERT_MPI_PROCS', 'ERT_CODE'], 'ERT_PROCS_THREADS': ['1-24'], 'ERT_MPI_PROCS': ['1,2,4,8,12,24'], 'ERT_OPENMP_THREADS': ['1,2,4,8,12,24'], 'ERT_NUM_EXPERIMENTS': ['1'], 'ERT_MEMORY_MAX': ['1073741824'], 'ERT_WORKING_SET_MIN': ['1'], 'ERT_TRIALS_MIN': ['1'], 'ERT_GNUPLOT': ['gnuplot'], 'ERT_GPU': [False], 'ERT_HIP': [False], 'ERT_OCL': [False], 'ERT_SYCL': [False], 'ERT_WSS_MULT': [1.1]}
 