fp64
 192 4194304 86009.026 86009.026 86009.026 18.72608970132972 18.72608970132972 18.72608970132972 4.68152242533243 4.68152242533243 4.68152242533243
 384 2097152 67995.071 67995.071 67995.071 23.68719838530649 23.68719838530649 23.68719838530649 5.921799596326623 5.921799596326623 5.921799596326623
 576 1048576 64997.911 64997.911 64997.911 18.584590387835693 18.584590387835693 18.584590387835693 4.646147596958923 4.646147596958923 4.646147596958923
 768 1048576 58000.088 58000.088 58000.088 27.76914297095549 27.76914297095549 27.76914297095549 6.942285742738872 6.942285742738872 6.942285742738872
 960 1048576 61000.109 61000.109 61000.109 33.00430036936491 33.00430036936491 33.00430036936491 8.251075092341228 8.251075092341228 8.251075092341228
 1152 524288 53997.993 53997.993 53997.993 22.370452768494562 22.370452768494562 22.370452768494562 5.592613192123641 5.592613192123641 5.592613192123641
 1344 524288 55001.02 55001.02 55001.02 25.622909247864857 25.622909247864857 25.622909247864857 6.405727311966214 6.405727311966214 6.405727311966214
 1536 524288 37000.895 37000.895 37000.895 43.529021014221414 43.529021014221414 43.529021014221414 10.882255253555353 10.882255253555353 10.882255253555353
 1728 524288 50804.138 50804.138 50804.138 35.665191839294664 35.665191839294664 35.665191839294664 8.916297959823666 8.916297959823666 8.916297959823666
 1920 524288 46997.07 46997.07 46997.07 42.83811565274175 42.83811565274175 42.83811565274175 10.709528913185437 10.709528913185437 10.709528913185437
 2112 262144 52000.999 52000.999 52000.999 21.29374968353973 21.29374968353973 21.29374968353973 5.323437420884932 5.323437420884932 5.323437420884932
 2304 262144 47996.998 47996.998 47996.998 25.167398011017273 25.167398011017273 25.167398011017273 6.291849502754318 6.291849502754318 6.291849502754318
 2496 262144 35995.007 35995.007 35995.007 36.355676997090185 36.355676997090185 36.355676997090185 9.088919249272546 9.088919249272546 9.088919249272546
 2688 262144 50462.961 50462.961 50462.961 27.92713935276212 27.92713935276212 27.92713935276212 6.98178483819053 6.98178483819053 6.98178483819053
 2880 262144 48001.051 48001.051 48001.051 31.456591231721152 31.456591231721152 31.456591231721152 7.864147807930288 7.864147807930288 7.864147807930288
 3072 262144 47000.17 47000.17 47000.17 34.26823213618164 34.26823213618164 34.26823213618164 8.56705803404541 8.56705803404541 8.56705803404541
 3264 262144 45999.05 45999.05 45999.05 37.20242118043742 37.20242118043742 37.20242118043742 9.300605295109355 9.300605295109355 9.300605295109355
 3456 262144 34774.065 34774.065 34774.065 52.10605455531299 52.10605455531299 52.10605455531299 13.026513638828247 13.026513638828247 13.026513638828247
 3648 262144 35001.993 35001.993 35001.993 54.64267774695001 54.64267774695001 54.64267774695001 13.660669436737502 13.660669436737502 13.660669436737502
 3840 262144 30003.071 30003.071 30003.071 67.10199499244594 67.10199499244594 67.10199499244594 16.775498748111485 16.775498748111485 16.775498748111485
 4224 131072 27351.856 27351.856 27351.856 40.483404709355 40.483404709355 40.483404709355 10.12085117733875 10.12085117733875 10.12085117733875
 4608 131072 26770.115 26770.115 26770.115 45.12343529342328 45.12343529342328 45.12343529342328 11.28085882335582 11.28085882335582 11.28085882335582
 4992 131072 31985.998 31985.998 31985.998 40.91236571702405 40.91236571702405 40.91236571702405 10.228091429256013 10.228091429256013 10.228091429256013
 5376 131072 28728.008 28728.008 28728.008 49.056173473635894 49.056173473635894 49.056173473635894 12.264043368408974 12.264043368408974 12.264043368408974
 5760 131072 55995.941 55995.941 55995.941 26.965337362577763 26.965337362577763 26.965337362577763 6.741334340644441 6.741334340644441 6.741334340644441
 6336 131072 53998.947 53998.947 53998.947 30.75882913050138 30.75882913050138 30.75882913050138 7.689707282625345 7.689707282625345 7.689707282625345
 6912 131072 37232.876 37232.876 37232.876 48.66503807011846 48.66503807011846 48.66503807011846 12.166259517529616 12.166259517529616 12.166259517529616
 7488 131072 59421.062 59421.062 59421.062 33.034318235510504 33.034318235510504 33.034318235510504 8.258579558877626 8.258579558877626 8.258579558877626
 8064 131072 63002.11 63002.11 63002.11 33.55330823047037 33.55330823047037 33.55330823047037 8.388327057617593 8.388327057617593 8.388327057617593
 8832 65536 30000.21 30000.21 30000.21 38.587326688713176 38.587326688713176 38.587326688713176 9.646831672178294 9.646831672178294 9.646831672178294
 9600 65536 46999.931 46999.931 46999.931 26.77219249534643 26.77219249534643 26.77219249534643 6.693048123836608 6.693048123836608 6.693048123836608
 10560 65536 52999.973 52999.973 52999.973 26.115491039967136 26.115491039967136 26.115491039967136 6.528872759991784 6.528872759991784 6.528872759991784
 11520 65536 51999.092 51999.092 51999.092 29.037996278858103 29.037996278858103 29.037996278858103 7.259499069714526 7.259499069714526 7.259499069714526
 12672 65536 45922.995 45922.995 45922.995 36.16803268166634 36.16803268166634 36.16803268166634 9.042008170416585 9.042008170416585 9.042008170416585
 13824 65536 32927.036 32927.036 32927.036 55.028922979888016 55.028922979888016 55.028922979888016 13.757230744972004 13.757230744972004 13.757230744972004
 15168 65536 52686.214 52686.214 52686.214 37.73473068305876 37.73473068305876 37.73473068305876 9.43368267076469 9.43368267076469 9.43368267076469
 16512 32768 48997.164 48997.164 48997.164 22.085572789478185 22.085572789478185 22.085572789478185 5.521393197369546 5.521393197369546 5.521393197369546
 18048 32768 68998.098 68998.098 68998.098 17.14241062123191 17.14241062123191 17.14241062123191 4.285602655307978 4.285602655307978 4.285602655307978
 19776 32768 25998.831 25998.831 25998.831 49.849931175751706 49.849931175751706 49.849931175751706 12.462482793937927 12.462482793937927 12.462482793937927
 21696 32768 25999.069 25999.069 25999.069 54.6892296797243 54.6892296797243 54.6892296797243 13.672307419931075 13.672307419931075 13.672307419931075
 23808 32768 47691.107 47691.107 47691.107 32.71639486162483 32.71639486162483 32.71639486162483 8.179098715406207 8.179098715406207 8.179098715406207
 26112 32768 51997.9 51997.9 51997.9 32.9104835387583 32.9104835387583 32.9104835387583 8.227620884689575 8.227620884689575 8.227620884689575
 28608 32768 46997.07 46997.07 46997.07 39.89299520161576 39.89299520161576 39.89299520161576 9.97324880040394 9.97324880040394 9.97324880040394
 31296 32768 52995.92 52995.92 52995.92 38.7013690110484 38.7013690110484 38.7013690110484 9.6753422527621 9.6753422527621 9.6753422527621
 34368 16384 31075.001 31075.001 31075.001 36.240405076736764 36.240405076736764 36.240405076736764 9.060101269184191 9.060101269184191 9.060101269184191
 37632 16384 62995.911 62995.911 62995.911 19.574689157205775 19.574689157205775 19.574689157205775 4.893672289301444 4.893672289301444 4.893672289301444
 41280 16384 59994.936 59994.936 59994.936 22.546286906614917 22.546286906614917 22.546286906614917 5.636571726653729 5.636571726653729 5.636571726653729
 45312 16384 50000.191 50000.191 50000.191 29.69555888296507 29.69555888296507 29.69555888296507 7.4238897207412675 7.4238897207412675 7.4238897207412675
 49728 16384 49993.038 49993.038 49993.038 32.59428050761788 32.59428050761788 32.59428050761788 8.14857012690447 8.14857012690447 8.14857012690447
 54528 16384 40000.916 40000.916 40000.916 44.66831469559347 44.66831469559347 44.66831469559347 11.167078673898368 11.167078673898368 11.167078673898368
 59904 16384 49997.091 49997.091 49997.091 39.26096964321384 39.26096964321384 39.26096964321384 9.81524241080346 9.81524241080346 9.81524241080346
 65856 8192 65570.831 65570.831 65570.831 16.455254379801893 16.455254379801893 16.455254379801893 4.113813594950473 4.113813594950473 4.113813594950473
 72384 8192 20998.955 20998.955 20998.955 56.4761177877661 56.4761177877661 56.4761177877661 14.119029446941525 14.119029446941525 14.119029446941525
 79488 8192 24002.075 24002.075 24002.075 54.25911684718925 54.25911684718925 54.25911684718925 13.564779211797312 13.564779211797312 13.564779211797312
 87360 8192 40996.075 40996.075 40996.075 34.91325059777064 34.91325059777064 34.91325059777064 8.72831264944266 8.72831264944266 8.72831264944266
 96000 8192 45001.03 45001.03 45001.03 34.95173332699274 34.95173332699274 34.95173332699274 8.737933331748184 8.737933331748184 8.737933331748184
 105600 8192 23998.976 23998.976 23998.976 72.09267595417406 72.09267595417406 72.09267595417406 18.023168988543514 18.023168988543514 18.023168988543514
 116160 8192 33198.118 33198.118 33198.118 57.32750995101589 57.32750995101589 57.32750995101589 14.331877487753973 14.331877487753973 14.331877487753973
 127680 8192 26000.977 26000.977 26000.977 80.45501982483196 80.45501982483196 80.45501982483196 20.11375495620799 20.11375495620799 20.11375495620799
 140352 4096 31999.826 31999.826 31999.826 35.930307371046325 35.930307371046325 35.930307371046325 8.982576842761581 8.982576842761581 8.982576842761581
 154368 4096 46998.024 46998.024 46998.024 26.907145202530216 26.907145202530216 26.907145202530216 6.726786300632554 6.726786300632554 6.726786300632554
 169728 4096 48994.064 48994.064 48994.064 28.379188466586488 28.379188466586488 28.379188466586488 7.094797116646622 7.094797116646622 7.094797116646622
 186624 4096 52000.999 52000.999 52000.999 29.399893028978152 29.399893028978152 29.399893028978152 7.349973257244538 7.349973257244538 7.349973257244538
 205248 4096 45996.189 45996.189 45996.189 36.55502015612641 36.55502015612641 36.55502015612641 9.138755039031603 9.138755039031603 9.138755039031603
 225600 4096 32996.178 32996.178 32996.178 56.00997788289298 56.00997788289298 56.00997788289298 14.002494470723246 14.002494470723246 14.002494470723246
 248064 4096 65999.985 65999.985 65999.985 30.79001136136622 30.79001136136622 30.79001136136622 7.697502840341555 7.697502840341555 7.697502840341555
 272832 2048 51997.9 51997.9 51997.9 21.49163470063214 21.49163470063214 21.49163470063214 5.372908675158035 5.372908675158035 5.372908675158035
 300096 2048 35998.821 35998.821 35998.821 34.14537426100705 34.14537426100705 34.14537426100705 8.536343565251762 8.536343565251762 8.536343565251762
 330048 2048 34996.986 34996.986 34996.986 38.62837239755447 38.62837239755447 38.62837239755447 9.657093099388618 9.657093099388618 9.657093099388618
 362880 2048 67996.025 67996.025 67996.025 21.859461343512365 21.859461343512365 21.859461343512365 5.464865335878091 5.464865335878091 5.464865335878091
 399168 2048 27316.093 27316.093 27316.093 59.85453805564361 59.85453805564361 59.85453805564361 14.963634513910902 14.963634513910902 14.963634513910902
 438912 2048 26998.997 26998.997 26998.997 66.58704958558276 66.58704958558276 66.58704958558276 16.64676239639569 16.64676239639569 16.64676239639569
 482688 2048 57927.132 57927.132 57927.132 34.13063930042316 34.13063930042316 34.13063930042316 8.53265982510579 8.53265982510579 8.53265982510579
 530880 1024 72187.901 72187.901 72187.901 15.061280698548083 15.061280698548083 15.061280698548083 3.765320174637021 3.765320174637021 3.765320174637021
 583872 1024 25734.186 25734.186 25734.186 46.46620087381042 46.46620087381042 46.46620087381042 11.616550218452605 11.616550218452605 11.616550218452605
 642240 1024 58002.949 58002.949 58002.949 22.67656287613928 22.67656287613928 22.67656287613928 5.66914071903482 5.66914071903482 5.66914071903482
 706368 1024 25369.167 25369.167 25369.167 57.02361705451345 57.02361705451345 57.02361705451345 14.255904263628363 14.255904263628363 14.255904263628363
 776832 1024 25995.97 25995.97 25995.97 61.19994506840868 61.19994506840868 61.19994506840868 15.29998626710217 15.29998626710217 15.29998626710217
 854400 1024 43003.082 43003.082 43003.082 40.690367262513874 40.690367262513874 40.690367262513874 10.172591815628468 10.172591815628468 10.172591815628468
 939840 1024 21925.926 21925.926 21925.926 87.78613591964144 87.78613591964144 87.78613591964144 21.94653397991036 21.94653397991036 21.94653397991036
 1033728 1024 53996.086 53996.086 53996.086 39.20793340465455 39.20793340465455 39.20793340465455 9.801983351163637 9.801983351163637 9.801983351163637
 1137024 512 50005.198 50005.198 50005.198 23.283830932936212 23.283830932936212 23.283830932936212 5.820957733234053 5.820957733234053 5.820957733234053
 1250688 512 50000.906 50000.906 50000.906 25.613626121094683 25.613626121094683 25.613626121094683 6.403406530273671 6.403406530273671 6.403406530273671
 1375680 512 51000.118 51000.118 51000.118 27.621432562175638 27.621432562175638 27.621432562175638 6.9053581405439095 6.9053581405439095 6.9053581405439095
 1513152 512 24926.901 24926.901 24926.901 62.16046062043573 62.16046062043573 62.16046062043573 15.540115155108932 15.540115155108932 15.540115155108932
 1664448 512 46000.004 46000.004 46000.004 37.05205660416899 37.05205660416899 37.05205660416899 9.263014151042247 9.263014151042247 9.263014151042247
 1830720 512 32004.118 32004.118 32004.118 58.575502065078005 58.575502065078005 58.575502065078005 14.643875516269501 14.643875516269501 14.643875516269501
 2013696 512 45349.121 45349.121 45349.121 45.47000379566343 45.47000379566343 45.47000379566343 11.367500948915858 11.367500948915858 11.367500948915858
 2214912 256 26197.195 26197.195 26197.195 43.28841099209286 43.28841099209286 43.28841099209286 10.822102748023214 10.822102748023214 10.822102748023214
 2436288 256 33936.977 33936.977 33936.977 36.75576218824676 36.75576218824676 36.75576218824676 9.18894054706169 9.18894054706169 9.18894054706169
 2679744 256 45572.996 45572.996 45572.996 30.10618235412919 30.10618235412919 30.10618235412919 7.526545588532297 7.526545588532297 7.526545588532297
 2947584 256 45998.096 45998.096 45998.096 32.80924949589218 32.80924949589218 32.80924949589218 8.202312373973045 8.202312373973045 8.202312373973045
 3242304 256 44995.07 44995.07 44995.07 36.89425637075351 36.89425637075351 36.89425637075351 9.223564092688378 9.223564092688378 9.223564092688378
 3566400 256 64994.812 64994.812 64994.812 28.09450083492818 28.09450083492818 28.09450083492818 7.023625208732045 7.023625208732045 7.023625208732045
 3922944 256 51995.993 51995.993 51995.993 38.6288868067199 38.6288868067199 38.6288868067199 9.657221701679974 9.657221701679974 9.657221701679974
 4315200 128 45235.157 45235.157 45235.157 24.421075845939917 24.421075845939917 24.421075845939917 6.105268961484979 6.105268961484979 6.105268961484979
 4746624 128 36001.921 36001.921 36001.921 33.75196962406534 33.75196962406534 33.75196962406534 8.437992406016335 8.437992406016335 8.437992406016335
 5221248 128 46652.079 46652.079 46652.079 28.651230912988897 28.651230912988897 28.651230912988897 7.162807728247224 7.162807728247224 7.162807728247224
 5743296 128 28819.084 28819.084 28819.084 51.01771367889417 51.01771367889417 51.01771367889417 12.754428419723542 12.754428419723542 12.754428419723542
 6317568 128 51304.817 51304.817 51304.817 31.5233052678075 31.5233052678075 31.5233052678075 7.880826316951875 7.880826316951875 7.880826316951875
 6949248 128 46993.017 46993.017 46993.017 37.856847709948056 37.856847709948056 37.856847709948056 9.464211927487014 9.464211927487014 9.464211927487014
 7644096 128 49996.138 49996.138 49996.138 39.14079475498688 39.14079475498688 39.14079475498688 9.78519868874672 9.78519868874672 9.78519868874672
 8408448 64 56998.968 56998.968 56998.968 18.882470714206615 18.882470714206615 18.882470714206615 4.720617678551654 4.720617678551654 4.720617678551654
 9249216 64 48002.005 48002.005 48002.005 24.663545783139682 24.663545783139682 24.663545783139682 6.1658864457849205 6.1658864457849205 6.1658864457849205
 10174080 64 39691.925 39691.925 39691.925 32.8097526134094 32.8097526134094 32.8097526134094 8.20243815335235 8.20243815335235 8.20243815335235
 11191488 64 45233.965 45233.965 45233.965 31.668912154837635 31.668912154837635 31.668912154837635 7.917228038709409 7.917228038709409 7.917228038709409
 12310464 64 47000.17 47000.17 47000.17 33.52624877739804 33.52624877739804 33.52624877739804 8.38156219434951 8.38156219434951 8.38156219434951
 13541376 64 49998.999 49998.999 49998.999 34.666616585664045 34.666616585664045 34.666616585664045 8.666654146416011 8.666654146416011 8.666654146416011
 14895360 64 34003.973 34003.973 34003.973 56.07009745596493 56.07009745596493 56.07009745596493 14.017524363991232 14.017524363991232 14.017524363991232
 16384896 64 50001.144 50001.144 50001.144 41.94437407272122 41.94437407272122 41.94437407272122 10.486093518180304 10.486093518180304 10.486093518180304
 18023232 32 46996.117 46996.117 46996.117 24.54430113875153 24.54430113875153 24.54430113875153 6.136075284687882 6.136075284687882 6.136075284687882
 19825536 32 48881.054 48881.054 48881.054 25.95758888505146 25.95758888505146 25.95758888505146 6.489397221262865 6.489397221262865 6.489397221262865
 21807936 32 46999.931 46999.931 46999.931 29.695956447255213 29.695956447255213 29.695956447255213 7.423989111813803 7.423989111813803 7.423989111813803
 23988672 32 29002.905 29002.905 29002.905 52.9352148689933 52.9352148689933 52.9352148689933 13.233803717248325 13.233803717248325 13.233803717248325
 26387520 32 37002.087 37002.087 37002.087 45.640703455456446 45.640703455456446 45.640703455456446 11.410175863864112 11.410175863864112 11.410175863864112
 29026176 32 53994.894 53994.894 53994.894 34.40464692828177 34.40464692828177 34.40464692828177 8.601161732070443 8.601161732070443 8.601161732070443
 31928640 32 26005.03 26005.03 26005.03 78.5783734915899 78.5783734915899 78.5783734915899 19.644593372897475 19.644593372897475 19.644593372897475
 35121408 16 27477.026 27477.026 27477.026 40.90271836551743 40.90271836551743 40.90271836551743 10.225679591379357 10.225679591379357 10.225679591379357
 38633472 16 37001.133 37001.133 37001.133 33.41170941981696 33.41170941981696 33.41170941981696 8.35292735495424 8.35292735495424 8.35292735495424
 42496704 16 45231.104 45231.104 45231.104 30.06547282153449 30.06547282153449 30.06547282153449 7.516368205383623 7.516368205383623 7.516368205383623
 46746240 16 40002.108 40002.108 40002.108 37.395021282378416 37.395021282378416 37.395021282378416 9.348755320594604 9.348755320594604 9.348755320594604
 51420864 16 42993.069 42993.069 42993.069 38.27285853912871 38.27285853912871 38.27285853912871 9.568214634782178 9.568214634782178 9.568214634782178
 56562816 16 35123.825 35123.825 35123.825 51.53226085143062 51.53226085143062 51.53226085143062 12.883065212857655 12.883065212857655 12.883065212857655
 62218944 16 53877.115 53877.115 53877.115 36.95458095705384 36.95458095705384 36.95458095705384 9.23864523926346 9.23864523926346 9.23864523926346
 68440704 8 35001.04 35001.04 35001.04 31.28624932287726 31.28624932287726 31.28624932287726 7.821562330719315 7.821562330719315 7.821562330719315
 75284736 8 34004.927 34004.927 34004.927 35.42297785259177 35.42297785259177 35.42297785259177 8.855744463147943 8.855744463147943 8.855744463147943
 82813056 8 35005.093 35005.093 35005.093 37.85188903797513 37.85188903797513 37.85188903797513 9.462972259493782 9.462972259493782 9.462972259493782
 91094208 8 32482.147 32482.147 32482.147 44.871028014250406 44.871028014250406 44.871028014250406 11.217757003562602 11.217757003562602 11.217757003562602
 100203456 8 34711.123 34711.123 34711.123 46.188517035303065 46.188517035303065 46.188517035303065 11.547129258825766 11.547129258825766 11.547129258825766
 110223744 8 25629.997 25629.997 25629.997 68.80921226795306 68.80921226795306 68.80921226795306 17.202303066988264 17.202303066988264 17.202303066988264
 121246080 8 28293.848 28293.848 28293.848 68.56392527449783 68.56392527449783 68.56392527449783 17.14098131862446 17.14098131862446 17.14098131862446
 133370688 8 39999.962 39999.962 39999.962 53.348325880909584 53.348325880909584 53.348325880909584 13.337081470227396 13.337081470227396 13.337081470227396
 146707584 4 26019.812 26019.812 26019.812 45.106423981848906 45.106423981848906 45.106423981848906 11.276605995462226 11.276605995462226 11.276605995462226
 161378304 4 45828.104 45828.104 45828.104 28.171063590149835 28.171063590149835 28.171063590149835 7.042765897537459 7.042765897537459 7.042765897537459
 177516096 4 42008.877 42008.877 42008.877 33.80544469208258 33.80544469208258 33.80544469208258 8.451361173020645 8.451361173020645 8.451361173020645
 195267648 4 54003.0 54003.0 54003.0 28.926933392589298 28.926933392589298 28.926933392589298 7.2317333481473245 7.2317333481473245 7.2317333481473245
 214794240 4 52000.999 52000.999 52000.999 33.04463285407267 33.04463285407267 33.04463285407267 8.261158213518167 8.261158213518167 8.261158213518167
 236273664 4 47007.084 47007.084 47007.084 40.21073317374887 40.21073317374887 40.21073317374887 10.052683293437218 10.052683293437218 10.052683293437218
 259900992 4 53004.026 53004.026 53004.026 39.2273586161172 39.2273586161172 39.2273586161172 9.8068396540293 9.8068396540293 9.8068396540293
 285891072 2 52002.907 52002.907 52002.907 21.99039157560942 21.99039157560942 21.99039157560942 5.497597893902355 5.497597893902355 5.497597893902355
 314480064 2 50001.144 50001.144 50001.144 25.15782950886084 25.15782950886084 25.15782950886084 6.28945737721521 6.28945737721521 6.28945737721521
 345927936 2 50619.841 50619.841 50619.841 27.335363301516495 27.335363301516495 27.335363301516495 6.833840825379124 6.833840825379124 6.833840825379124
 380520576 2 66000.938 66000.938 66000.938 23.061525337715658 23.061525337715658 23.061525337715658 5.765381334428914 5.765381334428914 5.765381334428914
 418572480 2 53514.004 53514.004 53514.004 31.28694911335732 31.28694911335732 31.28694911335732 7.82173727833933 7.82173727833933 7.82173727833933
 460429632 2 43731.213 43731.213 43731.213 42.11450818892217 42.11450818892217 42.11450818892217 10.528627047230543 10.528627047230543 10.528627047230543
 506472576 2 46743.87 46743.87 46743.87 43.34023485860285 43.34023485860285 43.34023485860285 10.835058714650712 10.835058714650712 10.835058714650712
 557119680 1 26752.949 26752.949 26752.949 41.64921631630217 41.64921631630217 41.64921631630217 10.412304079075543 10.412304079075543 10.412304079075543
 612831552 1 48923.016 48923.016 48923.016 25.052893386621946 25.052893386621946 25.052893386621946 6.2632233466554865 6.2632233466554865 6.2632233466554865
 674114688 1 28231.859 28231.859 28231.859 47.75560036623872 47.75560036623872 47.75560036623872 11.93890009155968 11.93890009155968 11.93890009155968
 741526080 1 47001.839 47001.839 47001.839 31.5530666789442 31.5530666789442 31.5530666789442 7.88826666973605 7.88826666973605 7.88826666973605
 815678592 1 53993.94 53993.94 53993.94 30.213708871773388 30.213708871773388 30.213708871773388 7.553427217943347 7.553427217943347 7.553427217943347
 897246336 1 47995.09 47995.09 47995.09 37.38908859218725 37.38908859218725 37.38908859218725 9.347272148046812 9.347272148046812 9.347272148046812
 986970816 1 43996.096 43996.096 43996.096 44.866290681791405 44.866290681791405 44.866290681791405 11.216572670447851 11.216572670447851 11.216572670447851
 
META_DATA
 MPI startup(): shm:tmi fabric is unknown or has been removed from the product, please use ofi or shm:ofi instead
 FLOPS          4
 MPI_PROCS      24
 OPENMP_THREADS 1
 ERT_VERSION  1.1.0
 HOSTNAME  ('shas0642.rc.int.colorado.edu', [], ['10.225.7.27'])
 UNAME  uname_result(system='Linux', node='shas0642.rc.int.colorado.edu', release='3.10.0-957.27.2.el7.x86_64', version='#1 SMP Mon Jul 29 17:46:05 UTC 2019', machine='x86_64', processor='x86_64')
 TIMESTAMP_DATA  1664553703.5758314
 CONFIG  {'ERT_RESULTS': ['lab5_results'], 'ERT_DRIVER': ['driver1'], 'ERT_KERNEL': ['kernel1'], 'ERT_MPI': ['True'], 'ERT_MPI_CFLAGS': ['-I/usr/include/mpi'], 'ERT_MPI_LDFLAGS': ['-lmpi'], 'ERT_OPENMP': ['True'], 'ERT_OPENMP_CFLAGS': ['-qopenmp'], 'ERT_OPENMP_LDFLAGS': ['-qopenmp'], 'ERT_FLOPS': ['1,2,4,8,16'], 'ERT_ALIGN': ['32'], 'ERT_CC': ['mpicc'], 'ERT_CFLAGS': ['-O3', '-msse3', '-axSSE3', '-xSSE3', '-fno-alias', '-fno-fnalias', '-DERT_INTEL', '-std=c++11'], 'ERT_LD': ['mpicc'], 'ERT_LDFLAGS': [], 'ERT_LDLIBS': [], 'ERT_PRECISION': ['FP64'], 'ERT_RUN': ['export', 'OMP_NUM_THREADS=ERT_OPENMP_THREADS;', 'mpirun', '-np', 'ERT_MPI_PROCS', 'ERT_CODE'], 'ERT_PROCS_THREADS': ['1-24'], 'ERT_MPI_PROCS': ['24'], 'ERT_OPENMP_THREADS': ['1'], 'ERT_NUM_EXPERIMENTS': ['1'], 'ERT_MEMORY_MAX': ['1073741824'], 'ERT_WORKING_SET_MIN': ['1'], 'ERT_TRIALS_MIN': ['1'], 'ERT_GNUPLOT': ['gnuplot'], 'ERT_GPU': [False], 'ERT_HIP': [False], 'ERT_OCL': [False], 'ERT_SYCL': [False], 'ERT_WSS_MULT': [1.1]}
 