fp64
 192 4194304 48318.148 48318.148 48318.148 33.33349481855141 33.33349481855141 33.33349481855141 16.666747409275704 16.666747409275704 16.666747409275704
 384 2097152 24906.874 24906.874 24906.874 64.66539060662531 64.66539060662531 64.66539060662531 32.332695303312654 32.332695303312654 32.332695303312654
 576 1048576 12541.056 12541.056 12541.056 96.32040172693591 96.32040172693591 96.32040172693591 48.160200863467956 48.160200863467956 48.160200863467956
 768 1048576 12455.94 12455.94 12455.94 129.30479241229486 129.30479241229486 129.30479241229486 64.65239620614743 64.65239620614743 64.65239620614743
 960 1048576 12541.056 12541.056 12541.056 160.53400287822652 160.53400287822652 160.53400287822652 80.26700143911326 80.26700143911326 80.26700143911326
 1152 524288 6264.925 6264.925 6264.925 192.8130906595051 192.8130906595051 192.8130906595051 96.40654532975255 96.40654532975255 96.40654532975255
 1344 524288 6569.147 6569.147 6569.147 214.53107138567609 214.53107138567609 214.53107138567609 107.26553569283804 107.26553569283804 107.26553569283804
 1536 524288 6320.953 6320.953 6320.953 254.80536495050663 254.80536495050663 254.80536495050663 127.40268247525331 127.40268247525331 127.40268247525331
 1728 524288 6781.816 6781.816 6781.816 267.17612627650175 267.17612627650175 267.17612627650175 133.58806313825087 133.58806313825087 133.58806313825087
 1920 524288 6777.048 6777.048 6777.048 297.0712203897626 297.0712203897626 297.0712203897626 148.5356101948813 148.5356101948813 148.5356101948813
 2112 262144 3515.005 3515.005 3515.005 315.0198238693828 315.0198238693828 315.0198238693828 157.5099119346914 157.5099119346914 157.5099119346914
 2304 262144 3441.095 3441.095 3441.095 351.0392918533199 351.0392918533199 351.0392918533199 175.51964592665996 175.51964592665996 175.51964592665996
 2496 262144 3526.926 3526.926 3526.926 371.0377955193843 371.0377955193843 371.0377955193843 185.51889775969215 185.51889775969215 185.51889775969215
 2688 262144 3555.059 3555.059 3555.059 396.41709012424263 396.41709012424263 396.41709012424263 198.20854506212132 198.20854506212132 198.20854506212132
 2880 262144 4018.068 4018.068 4018.068 375.78991694515867 375.78991694515867 375.78991694515867 187.89495847257933 187.89495847257933 187.89495847257933
 3072 262144 3381.014 3381.014 3381.014 476.3697328671221 476.3697328671221 476.3697328671221 238.18486643356104 238.18486643356104 238.18486643356104
 3264 262144 3928.185 3928.185 3928.185 435.6403865907538 435.6403865907538 435.6403865907538 217.8201932953769 217.8201932953769 217.8201932953769
 3456 262144 3961.086 3961.086 3961.086 457.4349882835162 457.4349882835162 457.4349882835162 228.7174941417581 228.7174941417581 228.7174941417581
 3648 262144 4519.939 4519.939 4519.939 423.14788407542665 423.14788407542665 423.14788407542665 211.57394203771332 211.57394203771332 211.57394203771332
 3840 262144 4496.098 4496.098 4496.098 447.7807022889626 447.7807022889626 447.7807022889626 223.8903511444813 223.8903511444813 223.8903511444813
 4224 131072 2488.136 2488.136 2488.136 445.0304388506094 445.0304388506094 445.0304388506094 222.5152194253047 222.5152194253047 222.5152194253047
 4608 131072 2738.953 2738.953 2738.953 441.02967520800826 441.02967520800826 441.02967520800826 220.51483760400413 220.51483760400413 220.51483760400413
 4992 131072 2916.813 2916.813 2916.813 448.64818142266915 448.64818142266915 448.64818142266915 224.32409071133458 224.32409071133458 224.32409071133458
 5376 131072 3183.842 3183.842 3183.842 442.6369599998995 442.6369599998995 442.6369599998995 221.31847999994974 221.31847999994974 221.31847999994974
 5760 131072 4735.947 4735.947 4735.947 318.8273517419008 318.8273517419008 318.8273517419008 159.4136758709504 159.4136758709504 159.4136758709504
 6336 131072 3463.984 3463.984 3463.984 479.48962350865366 479.48962350865366 479.48962350865366 239.74481175432683 239.74481175432683 239.74481175432683
 6912 131072 3766.06 3766.06 3766.06 481.1233299522578 481.1233299522578 481.1233299522578 240.5616649761289 240.5616649761289 240.5616649761289
 7488 131072 4277.945 4277.945 4277.945 458.84981503969783 458.84981503969783 458.84981503969783 229.42490751984892 229.42490751984892 229.42490751984892
 8064 131072 4460.096 4460.096 4460.096 473.964958601788 473.964958601788 473.964958601788 236.982479300894 236.982479300894 236.982479300894
 8832 65536 2480.984 2480.984 2480.984 466.6003101995015 466.6003101995015 466.6003101995015 233.30015509975075 233.30015509975075 233.30015509975075
 9600 65536 2460.003 2460.003 2460.003 511.499864024556 511.499864024556 511.499864024556 255.749932012278 255.749932012278 255.749932012278
 10560 65536 2867.937 2867.937 2867.937 482.6188022958663 482.6188022958663 482.6188022958663 241.30940114793316 241.30940114793316 241.30940114793316
 11520 65536 3087.044 3087.044 3087.044 489.1246901566677 489.1246901566677 489.1246901566677 244.56234507833386 244.56234507833386 244.56234507833386
 12672 65536 3209.114 3209.114 3209.114 517.571013058433 517.571013058433 517.571013058433 258.7855065292165 258.7855065292165 258.7855065292165
 13824 65536 3612.041 3612.041 3612.041 501.6386380996229 501.6386380996229 501.6386380996229 250.81931904981144 250.81931904981144 250.81931904981144
 15168 65536 4051.208 4051.208 4051.208 490.7425380281635 490.7425380281635 490.7425380281635 245.37126901408175 245.37126901408175 245.37126901408175
 16512 32768 2110.004 2110.004 2110.004 512.8570524036921 512.8570524036921 512.8570524036921 256.42852620184607 256.42852620184607 256.42852620184607
 18048 32768 2322.912 2322.912 2322.912 509.1857668305989 509.1857668305989 509.1857668305989 254.59288341529944 254.59288341529944 254.59288341529944
 19776 32768 2569.914 2569.914 2569.914 504.3125707708506 504.3125707708506 504.3125707708506 252.1562853854253 252.1562853854253 252.1562853854253
 21696 32768 2710.104 2710.104 2710.104 524.6547940595639 524.6547940595639 524.6547940595639 262.32739702978193 262.32739702978193 262.32739702978193
 23808 32768 3014.088 3014.088 3014.088 517.6627517179326 517.6627517179326 517.6627517179326 258.8313758589663 258.8313758589663 258.8313758589663
 26112 32768 3283.978 3283.978 3283.978 521.0985067500452 521.0985067500452 521.0985067500452 260.5492533750226 260.5492533750226 260.5492533750226
 28608 32768 3603.22 3603.22 3603.22 520.3273427656375 520.3273427656375 520.3273427656375 260.16367138281873 260.16367138281873 260.16367138281873
 31296 32768 3890.038 3890.038 3890.038 527.2479744413807 527.2479744413807 527.2479744413807 263.62398722069037 263.62398722069037 263.62398722069037
 34368 16384 2123.833 2123.833 2123.833 530.2538495258337 530.2538495258337 530.2538495258337 265.1269247629169 265.1269247629169 265.1269247629169
 37632 16384 2308.13 2308.13 2308.13 534.2529996144065 534.2529996144065 534.2529996144065 267.12649980720323 267.12649980720323 267.12649980720323
 41280 16384 2599.001 2599.001 2599.001 520.4549902058521 520.4549902058521 520.4549902058521 260.22749510292607 260.22749510292607 260.22749510292607
 45312 16384 2792.12 2792.12 2792.12 531.7764336776356 531.7764336776356 531.7764336776356 265.8882168388178 265.8882168388178 265.8882168388178
 49728 16384 3032.923 3032.923 3032.923 537.2662293108002 537.2662293108002 537.2662293108002 268.6331146554001 268.6331146554001 268.6331146554001
 54528 16384 3334.045 3334.045 3334.045 535.9176327854003 535.9176327854003 535.9176327854003 267.95881639270016 267.95881639270016 267.95881639270016
 59904 16384 3664.017 3664.017 3664.017 535.7328505844815 535.7328505844815 535.7328505844815 267.86642529224076 267.86642529224076 267.86642529224076
 65856 8192 2021.074 2021.074 2021.074 533.8669954687458 533.8669954687458 533.8669954687458 266.9334977343729 266.9334977343729 266.9334977343729
 72384 8192 2217.054 2217.054 2217.054 534.9168112278727 534.9168112278727 534.9168112278727 267.45840561393635 267.45840561393635 267.45840561393635
 79488 8192 2409.935 2409.935 2409.935 540.4010448414584 540.4010448414584 540.4010448414584 270.2005224207292 270.2005224207292 270.2005224207292
 87360 8192 2659.082 2659.082 2659.082 538.2708167705998 538.2708167705998 538.2708167705998 269.1354083852999 269.1354083852999 269.1354083852999
 96000 8192 2891.064 2891.064 2891.064 544.0433003212659 544.0433003212659 544.0433003212659 272.02165016063293 272.02165016063293 272.02165016063293
 105600 8192 3179.073 3179.073 3179.073 544.2311013304823 544.2311013304823 544.2311013304823 272.11555066524113 272.11555066524113 272.11555066524113
 116160 8192 3561.974 3561.974 3561.974 534.3007669342898 534.3007669342898 534.3007669342898 267.1503834671449 267.1503834671449 267.1503834671449
 127680 8192 3901.005 3901.005 3901.005 536.2487666639751 536.2487666639751 536.2487666639751 268.12438333198753 268.12438333198753 268.12438333198753
 140352 4096 2115.965 2115.965 2115.965 543.37552086164 543.37552086164 543.37552086164 271.68776043082 271.68776043082 271.68776043082
 154368 4096 2343.178 2343.178 2343.178 539.6869789661732 539.6869789661732 539.6869789661732 269.8434894830866 269.8434894830866 269.8434894830866
 169728 4096 2551.079 2551.079 2551.079 545.0288979682714 545.0288979682714 545.0288979682714 272.5144489841357 272.5144489841357 272.5144489841357
 186624 4096 2807.14 2807.14 2807.14 544.6197225646031 544.6197225646031 544.6197225646031 272.30986128230154 272.30986128230154 272.30986128230154
 205248 4096 3115.177 3115.177 3115.177 539.7419202825392 539.7419202825392 539.7419202825392 269.8709601412696 269.8709601412696 269.8709601412696
 225600 4096 3391.981 3391.981 3391.981 544.8483349405554 544.8483349405554 544.8483349405554 272.4241674702777 272.4241674702777 272.4241674702777
 248064 4096 3746.033 3746.033 3746.033 542.4779461366197 542.4779461366197 542.4779461366197 271.23897306830986 271.23897306830986 271.23897306830986
 272832 2048 2336.025 2336.025 2336.025 478.38523645937 478.38523645937 478.38523645937 239.192618229685 239.192618229685 239.192618229685
 300096 2048 2254.963 2254.963 2254.963 545.1057139296743 545.1057139296743 545.1057139296743 272.55285696483713 272.55285696483713 272.55285696483713
 330048 2048 2485.991 2485.991 2485.991 543.7978689383831 543.7978689383831 543.7978689383831 271.89893446919154 271.89893446919154 271.89893446919154
 362880 2048 2724.171 2724.171 2724.171 545.6179072459108 545.6179072459108 545.6179072459108 272.8089536229554 272.8089536229554 272.8089536229554
 399168 2048 3008.127 3008.127 3008.127 543.5249668647634 543.5249668647634 543.5249668647634 271.7624834323817 271.7624834323817 271.7624834323817
 438912 2048 3313.065 3313.065 3313.065 542.634555011749 542.634555011749 542.634555011749 271.3172775058745 271.3172775058745 271.3172775058745
 482688 2048 3633.022 3633.022 3633.022 544.1998556573564 544.1998556573564 544.1998556573564 272.0999278286782 272.0999278286782 272.0999278286782
 530880 1024 2000.093 2000.093 2000.093 543.59584279331 543.59584279331 543.59584279331 271.797921396655 271.797921396655 271.797921396655
 583872 1024 2199.888 2199.888 2199.888 543.5594248434465 543.5594248434465 543.5594248434465 271.7797124217233 271.7797124217233 271.7797124217233
 642240 1024 2415.895 2415.895 2415.895 544.4390257026898 544.4390257026898 544.4390257026898 272.2195128513449 272.2195128513449 272.2195128513449
 706368 1024 2670.05 2670.05 2670.05 541.8032111758206 541.8032111758206 541.8032111758206 270.9016055879103 270.9016055879103 270.9016055879103
 776832 1024 2921.82 2921.82 2921.82 544.5071688194344 544.5071688194344 544.5071688194344 272.2535844097172 272.2535844097172 272.2535844097172
 854400 1024 3222.942 3222.942 3222.942 542.9235772781515 542.9235772781515 542.9235772781515 271.46178863907573 271.46178863907573 271.46178863907573
 939840 1024 3546.953 3546.953 3546.953 542.660790825252 542.660790825252 542.660790825252 271.330395412626 271.330395412626 271.330395412626
 1033728 1024 3897.905 3897.905 3897.905 543.1314883251388 543.1314883251388 543.1314883251388 271.5657441625694 271.5657441625694 271.5657441625694
 1137024 512 2144.098 2144.098 2144.098 543.0314174072266 543.0314174072266 543.0314174072266 271.5157087036133 271.5157087036133 271.5157087036133
 1250688 512 2351.999 2351.999 2351.999 544.5174560023198 544.5174560023198 544.5174560023198 272.2587280011599 272.2587280011599 272.2587280011599
 1375680 512 2595.901 2595.901 2595.901 542.661804128894 542.661804128894 542.661804128894 271.330902064447 271.330902064447 271.330902064447
 1513152 512 2923.965 2923.965 2923.965 529.9200393985564 529.9200393985564 529.9200393985564 264.9600196992782 264.9600196992782 264.9600196992782
 1664448 512 3138.065 3138.065 3138.065 543.1355794096042 543.1355794096042 543.1355794096042 271.5677897048021 271.5677897048021 271.5677897048021
 1830720 512 3443.956 3443.956 3443.956 544.3325292193048 544.3325292193048 544.3325292193048 272.1662646096524 272.1662646096524 272.1662646096524
 2013696 512 3793.955 3793.955 3793.955 543.5026783396219 543.5026783396219 543.5026783396219 271.75133916981093 271.75133916981093 271.75133916981093
 2214912 256 2087.116 2087.116 2087.116 543.3502229871267 543.3502229871267 543.3502229871267 271.67511149356335 271.67511149356335 271.67511149356335
 2436288 256 2286.911 2286.911 2286.911 545.4429385314951 545.4429385314951 545.4429385314951 272.72146926574754 272.72146926574754 272.72146926574754
 2679744 256 2514.124 2514.124 2514.124 545.7284238963551 545.7284238963551 545.7284238963551 272.86421194817757 272.86421194817757 272.86421194817757
 2947584 256 2774.0 2774.0 2774.0 544.0385753424657 544.0385753424657 544.0385753424657 272.01928767123286 272.01928767123286 272.01928767123286
 3242304 256 3047.943 3047.943 3047.943 544.649177494461 544.649177494461 544.649177494461 272.3245887472305 272.3245887472305 272.3245887472305
 3566400 256 3350.973 3350.973 3350.973 544.9154021831868 544.9154021831868 544.9154021831868 272.4577010915934 272.4577010915934 272.4577010915934
 3922944 256 3694.057 3694.057 3694.057 543.7239674428414 543.7239674428414 543.7239674428414 271.8619837214207 271.8619837214207 271.8619837214207
 4315200 128 2026.796 2026.796 2026.796 545.0431123803284 545.0431123803284 545.0431123803284 272.5215561901642 272.5215561901642 272.5215561901642
 4746624 128 2238.989 2238.989 2238.989 542.7162634564082 542.7162634564082 542.7162634564082 271.3581317282041 271.3581317282041 271.3581317282041
 5221248 128 2451.897 2451.897 2451.897 545.1450399425426 545.1450399425426 545.1450399425426 272.5725199712713 272.5725199712713 272.5725199712713
 5743296 128 2707.958 2707.958 2707.958 542.9492540135409 542.9492540135409 542.9492540135409 271.47462700677045 271.47462700677045 271.47462700677045
 6317568 128 2979.04 2979.04 2979.04 542.8921424351469 542.8921424351469 542.8921424351469 271.44607121757343 271.44607121757343 271.44607121757343
 6949248 128 3459.93 3459.93 3459.93 514.1744162454154 514.1744162454154 514.1744162454154 257.0872081227077 257.0872081227077 257.0872081227077
 7644096 128 3820.896 3820.896 3820.896 512.154367980704 512.154367980704 512.154367980704 256.077183990352 256.077183990352 256.077183990352
 8408448 64 2110.958 2110.958 2110.958 509.85445660216834 509.85445660216834 509.85445660216834 254.92722830108417 254.92722830108417 254.92722830108417
 9249216 64 2307.892 2307.892 2307.892 512.9787910352825 512.9787910352825 512.9787910352825 256.48939551764124 256.48939551764124 256.48939551764124
 10174080 64 2599.955 2599.955 2599.955 500.8864538040082 500.8864538040082 500.8864538040082 250.4432269020041 250.4432269020041 250.4432269020041
 11191488 64 2801.18 2801.18 2801.18 511.3953633825745 511.3953633825745 511.3953633825745 255.69768169128724 255.69768169128724 255.69768169128724
 12310464 64 3073.931 3073.931 3073.931 512.6137808558487 512.6137808558487 512.6137808558487 256.3068904279244 256.3068904279244 256.3068904279244
 13541376 64 3562.927 3562.927 3562.927 486.48095456348113 486.48095456348113 486.48095456348113 243.24047728174057 243.24047728174057 243.24047728174057
 14895360 64 3757.0 3757.0 3757.0 507.4809901517168 507.4809901517168 507.4809901517168 253.7404950758584 253.7404950758584 253.7404950758584
 16384896 64 4123.926 4123.926 4123.926 508.56069871282847 508.56069871282847 508.56069871282847 254.28034935641423 254.28034935641423 254.28034935641423
 18023232 32 2248.049 2248.049 2248.049 513.105741022549 513.105741022549 513.105741022549 256.5528705112745 256.5528705112745 256.5528705112745
 19825536 32 2538.919 2538.919 2538.919 499.7537550429928 499.7537550429928 499.7537550429928 249.8768775214964 249.8768775214964 249.8768775214964
 21807936 32 2725.124 2725.124 2725.124 512.1630810194325 512.1630810194325 512.1630810194325 256.08154050971626 256.08154050971626 256.08154050971626
 23988672 32 2998.114 2998.114 2998.114 512.0802637925042 512.0802637925042 512.0802637925042 256.0401318962521 256.0401318962521 256.0401318962521
 26387520 32 3296.852 3296.852 3296.852 512.2466158626472 512.2466158626472 512.2466158626472 256.1233079313236 256.1233079313236 256.1233079313236
 29026176 32 3777.981 3777.981 3777.981 491.71111871658434 491.71111871658434 491.71111871658434 245.85555935829217 245.85555935829217 245.85555935829217
 31928640 32 3990.889 3990.889 3990.889 512.0245038135613 512.0245038135613 512.0245038135613 256.01225190678065 256.01225190678065 256.01225190678065
 35121408 16 2240.181 2240.181 2240.181 501.6938613442396 501.6938613442396 501.6938613442396 250.8469306721198 250.8469306721198 250.8469306721198
 38633472 16 2485.991 2485.991 2485.991 497.29508433457727 497.29508433457727 497.29508433457727 248.64754216728863 248.64754216728863 248.64754216728863
 42496704 16 2680.063 2680.063 2680.063 507.41140338865176 507.41140338865176 507.41140338865176 253.70570169432588 253.70570169432588 253.70570169432588
 46746240 16 3018.856 3018.856 3018.856 495.5121012728 495.5121012728 495.5121012728 247.7560506364 247.7560506364 247.7560506364
 51420864 16 3617.048 3617.048 3617.048 454.92004750835486 454.92004750835486 454.92004750835486 227.46002375417743 227.46002375417743 227.46002375417743
 56562816 16 4498.005 4498.005 4498.005 402.40286793811924 402.40286793811924 402.40286793811924 201.20143396905962 201.20143396905962 201.20143396905962
 62218944 16 6187.916 6187.916 6187.916 321.7571486102914 321.7571486102914 321.7571486102914 160.8785743051457 160.8785743051457 160.8785743051457
 68440704 8 4878.998 4878.998 4878.998 224.4418349833306 224.4418349833306 224.4418349833306 112.2209174916653 112.2209174916653 112.2209174916653
 75284736 8 7292.032 7292.032 7292.032 165.18794432059542 165.18794432059542 165.18794432059542 82.59397216029771 82.59397216029771 82.59397216029771
 82813056 8 10236.025 10236.025 10236.025 129.44564867709877 129.44564867709877 129.44564867709877 64.72282433854939 64.72282433854939 64.72282433854939
 91094208 8 13360.023 13360.023 13360.023 109.09467206755558 109.09467206755558 109.09467206755558 54.54733603377779 54.54733603377779 54.54733603377779
 100203456 8 16162.157 16162.157 16162.157 99.19810183752082 99.19810183752082 99.19810183752082 49.59905091876041 49.59905091876041 49.59905091876041
 110223744 8 18570.185 18570.185 18570.185 94.96835405786209 94.96835405786209 94.96835405786209 47.48417702893104 47.48417702893104 47.48417702893104
 121246080 8 20911.932 20911.932 20911.932 92.76700402430536 92.76700402430536 92.76700402430536 46.38350201215268 46.38350201215268 46.38350201215268
 133370688 8 22963.047 22963.047 22963.047 92.92891348434725 92.92891348434725 92.92891348434725 46.464456742173624 46.464456742173624 46.464456742173624
 146707584 4 12571.096 12571.096 12571.096 93.36184148144282 93.36184148144282 93.36184148144282 46.68092074072141 46.68092074072141 46.68092074072141
 161378304 4 13716.936 13716.936 13716.936 94.11915547320481 94.11915547320481 94.11915547320481 47.05957773660241 47.05957773660241 47.05957773660241
 177516096 4 15101.194 15101.194 15101.194 94.04082670549097 94.04082670549097 94.04082670549097 47.020413352745486 47.020413352745486 47.020413352745486
 195267648 4 16576.052 16576.052 16576.052 94.24084721741943 94.24084721741943 94.24084721741943 47.120423608709714 47.120423608709714 47.120423608709714
 214794240 4 18167.973 18167.973 18167.973 94.58148798437779 94.58148798437779 94.58148798437779 47.290743992188894 47.290743992188894 47.290743992188894
 236273664 4 20009.995 20009.995 20009.995 94.46225808652126 94.46225808652126 94.46225808652126 47.23112904326063 47.23112904326063 47.23112904326063
 259900992 4 22042.036 22042.036 22042.036 94.32921423411157 94.32921423411157 94.32921423411157 47.16460711705579 47.16460711705579 47.16460711705579
 285891072 2 12048.006 12048.006 12048.006 94.91730731209796 94.91730731209796 94.91730731209796 47.45865365604898 47.45865365604898 47.45865365604898
 314480064 2 13363.123 13363.123 13363.123 94.13370332668494 94.13370332668494 94.13370332668494 47.06685166334247 47.06685166334247 47.06685166334247
 345927936 2 14677.048 14677.048 14677.048 94.27725139278688 94.27725139278688 94.27725139278688 47.13862569639344 47.13862569639344 47.13862569639344
 380520576 2 16128.063 16128.063 16128.063 94.3747742056811 94.3747742056811 94.3747742056811 47.18738710284055 47.18738710284055 47.18738710284055
 418572480 2 17720.938 17720.938 17720.938 94.48088583121279 94.48088583121279 94.48088583121279 47.240442915606394 47.240442915606394 47.240442915606394
 460429632 2 19598.007 19598.007 19598.007 93.97478672193554 93.97478672193554 93.97478672193554 46.98739336096777 46.98739336096777 46.98739336096777
 506472576 2 21578.074 21578.074 21578.074 93.88652129008362 93.88652129008362 93.88652129008362 46.94326064504181 46.94326064504181 46.94326064504181
 557119680 1 11882.067 11882.067 11882.067 93.77487603798228 93.77487603798228 93.77487603798228 46.88743801899114 46.88743801899114 46.88743801899114
 612831552 1 13109.922 13109.922 13109.922 93.49125830039262 93.49125830039262 93.49125830039262 46.74562915019631 46.74562915019631 46.74562915019631
 674114688 1 14451.981 14451.981 14451.981 93.29028151919104 93.29028151919104 93.29028151919104 46.64514075959552 46.64514075959552 46.64514075959552
 741526080 1 15861.988 15861.988 15861.988 93.49724385114904 93.49724385114904 93.49724385114904 46.74862192557452 46.74862192557452 46.74862192557452
 815678592 1 17474.89 17474.89 17474.89 93.35436068553221 93.35436068553221 93.35436068553221 46.67718034276611 46.67718034276611 46.67718034276611
 897246336 1 19117.117 19117.117 19117.117 93.86837314433971 93.86837314433971 93.86837314433971 46.93418657216986 46.93418657216986 46.93418657216986
 986970816 1 21068.096 21068.096 21068.096 93.69340409308937 93.69340409308937 93.69340409308937 46.846702046544685 46.846702046544685 46.846702046544685
 
META_DATA
 MPI startup(): shm:tmi fabric is unknown or has been removed from the product, please use ofi or shm:ofi instead
 FLOPS          8
 MPI_PROCS      1
 OPENMP_THREADS 24
 ERT_VERSION  1.1.0
 HOSTNAME  ('shas0420.rc.int.colorado.edu', [], ['10.225.6.135'])
 UNAME  uname_result(system='Linux', node='shas0420.rc.int.colorado.edu', release='3.10.0-957.27.2.el7.x86_64', version='#1 SMP Mon Jul 29 17:46:05 UTC 2019', machine='x86_64', processor='x86_64')
 TIMESTAMP_DATA  1664555333.3461702
 CONFIG  {'ERT_RESULTS': ['lab5_results'], 'ERT_DRIVER': ['driver1'], 'ERT_KERNEL': ['kernel1'], 'ERT_MPI': ['True'], 'ERT_MPI_CFLAGS': ['-I/usr/include/mpi'], 'ERT_MPI_LDFLAGS': ['-lmpi'], 'ERT_OPENMP': ['True'], 'ERT_OPENMP_CFLAGS': ['-qopenmp'], 'ERT_OPENMP_LDFLAGS': ['-qopenmp'], 'ERT_FLOPS': ['1,2,4,8,16'], 'ERT_ALIGN': ['32'], 'ERT_CC': ['mpicc'], 'ERT_CFLAGS': ['-O3', '-msse3', '-axSSE3', '-xSSE3', '-fno-alias', '-fno-fnalias', '-DERT_INTEL', '-std=c++11'], 'ERT_LD': ['mpicc'], 'ERT_LDFLAGS': [], 'ERT_LDLIBS': [], 'ERT_PRECISION': ['FP64'], 'ERT_RUN': ['export', 'OMP_NUM_THREADS=ERT_OPENMP_THREADS;', 'mpirun', '-np', 'ERT_MPI_PROCS', 'ERT_CODE'], 'ERT_PROCS_THREADS': ['1-24'], 'ERT_MPI_PROCS': ['1,2,4,8,12,24'], 'ERT_OPENMP_THREADS': ['1,2,4,8,12,24'], 'ERT_NUM_EXPERIMENTS': ['1'], 'ERT_MEMORY_MAX': ['1073741824'], 'ERT_WORKING_SET_MIN': ['1'], 'ERT_TRIALS_MIN': ['1'], 'ERT_GNUPLOT': ['gnuplot'], 'ERT_GPU': [False], 'ERT_HIP': [False], 'ERT_OCL': [False], 'ERT_SYCL': [False], 'ERT_WSS_MULT': [1.1]}
 