fp64
 64 16777216 115005.97 115005.97 115005.97 18.67280149021829 18.67280149021829 18.67280149021829 2.3341001862772863 2.3341001862772863 2.3341001862772863
 128 8388608 72917.938 72917.938 72917.938 29.45069083001223 29.45069083001223 29.45069083001223 3.681336353751529 3.681336353751529 3.681336353751529
 192 4194304 40692.091 40692.091 40692.091 39.58048594750267 39.58048594750267 39.58048594750267 4.947560743437834 4.947560743437834 4.947560743437834
 256 4194304 43322.086 43322.086 43322.086 49.57018108500131 49.57018108500131 49.57018108500131 6.196272635625164 6.196272635625164 6.196272635625164
 320 2097152 19896.03 19896.03 19896.03 67.45955248358592 67.45955248358592 67.45955248358592 8.43244406044824 8.43244406044824 8.43244406044824
 384 2097152 41632.891 41632.891 41632.891 38.68606520743418 38.68606520743418 38.68606520743418 4.835758150929273 4.835758150929273 4.835758150929273
 448 2097152 37307.024 37307.024 37307.024 50.36714244481147 50.36714244481147 50.36714244481147 6.295892805601434 6.295892805601434 6.295892805601434
 512 2097152 38041.83 38041.83 38041.83 56.45058736659094 56.45058736659094 56.45058736659094 7.056323420823867 7.056323420823867 7.056323420823867
 576 1048576 34301.043 34301.043 34301.043 35.216408783837856 35.216408783837856 35.216408783837856 4.402051097979732 4.402051097979732 4.402051097979732
 640 1048576 36365.032 36365.032 36365.032 36.90845865335689 36.90845865335689 36.90845865335689 4.613557331669611 4.613557331669611 4.613557331669611
 704 1048576 36892.176 36892.176 36892.176 40.01919019360636 40.01919019360636 40.01919019360636 5.002398774200795 5.002398774200795 5.002398774200795
 768 1048576 36210.06 36210.06 36210.06 44.479703596182944 44.479703596182944 44.479703596182944 5.559962949522868 5.559962949522868 5.559962949522868
 832 1048576 37119.15 37119.15 37119.15 47.00620741584869 47.00620741584869 47.00620741584869 5.8757759269810865 5.8757759269810865 5.8757759269810865
 896 1048576 18097.162 18097.162 18097.162 103.83109749473425 103.83109749473425 103.83109749473425 12.978887186841781 12.978887186841781 12.978887186841781
 960 1048576 25866.985 25866.985 25866.985 77.83148751197713 77.83148751197713 77.83148751197713 9.728935938997141 9.728935938997141 9.728935938997141
 1024 1048576 31553.984 31553.984 31553.984 68.05744872026303 68.05744872026303 68.05744872026303 8.507181090032878 8.507181090032878 8.507181090032878
 1088 524288 10709.047 10709.047 10709.047 106.5314857615248 106.5314857615248 106.5314857615248 13.3164357201906 13.3164357201906 13.3164357201906
 1152 524288 13111.115 13111.115 13111.115 92.13248087595906 92.13248087595906 92.13248087595906 11.516560109494883 11.516560109494883 11.516560109494883
 1216 524288 43002.129 43002.129 43002.129 29.65128577703676 29.65128577703676 29.65128577703676 3.706410722129595 3.706410722129595 3.706410722129595
 1280 524288 14699.936 14699.936 14699.936 91.30497438900414 91.30497438900414 91.30497438900414 11.413121798625518 11.413121798625518 11.413121798625518
 1408 524288 15535.116 15535.116 15535.116 95.0359822224694 95.0359822224694 95.0359822224694 11.879497777808675 11.879497777808675 11.879497777808675
 1536 524288 31640.053 31640.053 31640.053 50.90423634878235 50.90423634878235 50.90423634878235 6.3630295435977935 6.3630295435977935 6.3630295435977935
 1664 524288 30734.062 30734.062 30734.062 56.771879486675076 56.771879486675076 56.771879486675076 7.0964849358343844 7.0964849358343844 7.0964849358343844
 1792 524288 21668.911 21668.911 21668.911 86.71631869271141 86.71631869271141 86.71631869271141 10.839539836588926 10.839539836588926 10.839539836588926
 1920 524288 32913.208 32913.208 32913.208 61.16893619120931 61.16893619120931 61.16893619120931 7.646117023901164 7.646117023901164 7.646117023901164
 2112 262144 11807.919 11807.919 11807.919 93.77573270954856 93.77573270954856 93.77573270954856 11.72196658869357 11.72196658869357 11.72196658869357
 2304 262144 11872.053 11872.053 11872.053 101.74816032239747 101.74816032239747 101.74816032239747 12.718520040299683 12.718520040299683 12.718520040299683
 2496 262144 11371.851 11371.851 11371.851 115.07562383643612 115.07562383643612 115.07562383643612 14.384452979554515 14.384452979554515 14.384452979554515
 2688 262144 27353.048 27353.048 27353.048 51.5220879223405 51.5220879223405 51.5220879223405 6.440260990292563 6.440260990292563 6.440260990292563
 2944 262144 52778.959 52778.959 52778.959 29.244681995338333 29.244681995338333 29.244681995338333 3.6555852494172916 3.6555852494172916 3.6555852494172916
 3200 262144 21675.11 21675.11 21675.11 77.40314120666515 77.40314120666515 77.40314120666515 9.675392650833144 9.675392650833144 9.675392650833144
 3520 262144 26004.076 26004.076 26004.076 70.96940341198818 70.96940341198818 70.96940341198818 8.871175426498523 8.871175426498523 8.871175426498523
 3840 262144 15424.967 15424.967 15424.967 130.51994989681336 130.51994989681336 130.51994989681336 16.31499373710167 16.31499373710167 16.31499373710167
 4224 131072 48449.993 48449.993 48449.993 22.854415190524378 22.854415190524378 22.854415190524378 2.8568018988155472 2.8568018988155472 2.8568018988155472
 4608 131072 28682.947 28682.947 28682.947 42.1142064656048 42.1142064656048 42.1142064656048 5.2642758082006 5.2642758082006 5.2642758082006
 5056 131072 12808.084 12808.084 12808.084 103.48152494939914 103.48152494939914 103.48152494939914 12.935190618674893 12.935190618674893 12.935190618674893
 5504 131072 10589.838 10589.838 10589.838 136.24765326910574 136.24765326910574 136.24765326910574 17.030956658638218 17.030956658638218 17.030956658638218
 6016 131072 13992.786 13992.786 13992.786 112.70509704071797 112.70509704071797 112.70509704071797 14.088137130089747 14.088137130089747 14.088137130089747
 6592 131072 27932.882 27932.882 27932.882 61.86448100844015 61.86448100844015 61.86448100844015 7.733060126055019 7.733060126055019 7.733060126055019
 7232 131072 28752.089 28752.089 28752.089 65.93696228472304 65.93696228472304 65.93696228472304 8.24212028559038 8.24212028559038 8.24212028559038
 7936 131072 15542.03 15542.03 15542.03 133.8547656901962 133.8547656901962 133.8547656901962 16.731845711274524 16.731845711274524 16.731845711274524
 8704 65536 25535.107 25535.107 25535.107 44.677732817019326 44.677732817019326 44.677732817019326 5.584716602127416 5.584716602127416 5.584716602127416
 9536 65536 12351.99 12351.99 12351.99 101.19038244040028 101.19038244040028 101.19038244040028 12.648797805050036 12.648797805050036 12.648797805050036
 10432 65536 26878.834 26878.834 26878.834 50.870625712409996 50.870625712409996 50.870625712409996 6.3588282140512495 6.3588282140512495 6.3588282140512495
 11456 65536 13745.07 13745.07 13745.07 109.2435929391411 109.2435929391411 109.2435929391411 13.655449117392637 13.655449117392637 13.655449117392637
 12544 65536 36097.05 36097.05 36097.05 45.548519006400795 45.548519006400795 45.548519006400795 5.693564875800099 5.693564875800099 5.693564875800099
 13760 65536 28319.12 28319.12 28319.12 63.6866795295899 63.6866795295899 63.6866795295899 7.960834941198738 7.960834941198738 7.960834941198738
 15104 65536 49303.055 49303.055 49303.055 40.15393139431218 40.15393139431218 40.15393139431218 5.019241424289023 5.019241424289023 5.019241424289023
 16576 32768 8355.856 8355.856 8355.856 130.00759419501722 130.00759419501722 130.00759419501722 16.250949274377152 16.250949274377152 16.250949274377152
 18176 32768 25828.123 25828.123 25828.123 46.11958584834059 46.11958584834059 46.11958584834059 5.764948231042574 5.764948231042574 5.764948231042574
 19968 32768 33874.035 33874.035 33874.035 38.63203329629906 38.63203329629906 38.63203329629906 4.829004162037383 4.829004162037383 4.829004162037383
 21952 32768 13483.047 13483.047 13483.047 106.700382487727 106.700382487727 106.700382487727 13.337547810965875 13.337547810965875 13.337547810965875
 24128 32768 12218.952 12218.952 12218.952 129.40983874885507 129.40983874885507 129.40983874885507 16.176229843606883 16.176229843606883 16.176229843606883
 26496 32768 28646.231 28646.231 28646.231 60.61676511649996 60.61676511649996 60.61676511649996 7.577095639562495 7.577095639562495 7.577095639562495
 29120 32768 14572.144 14572.144 14572.144 130.96276841623305 130.96276841623305 130.96276841623305 16.37034605202913 16.37034605202913 16.37034605202913
 32000 32768 16072.989 16072.989 16072.989 130.47678935137702 130.47678935137702 130.47678935137702 16.309598668922128 16.309598668922128 16.309598668922128
 35200 16384 25544.882 25544.882 25544.882 45.15321699274242 45.15321699274242 45.15321699274242 5.644152124092803 5.644152124092803 5.644152124092803
 38720 16384 26665.926 26665.926 26665.926 47.580457547208376 47.580457547208376 47.580457547208376 5.947557193401047 5.947557193401047 5.947557193401047
 42560 16384 26566.982 26566.982 26566.982 52.4939596074556 52.4939596074556 52.4939596074556 6.56174495093195 6.56174495093195 6.56174495093195
 46784 16384 39503.098 39503.098 39503.098 38.80754142371315 38.80754142371315 38.80754142371315 4.850942677964143 4.850942677964143 4.850942677964143
 51456 16384 27631.998 27631.998 27631.998 61.020205922134195 61.020205922134195 61.020205922134195 7.627525740266774 7.627525740266774 7.627525740266774
 56576 16384 28856.039 28856.039 28856.039 64.24590596096714 64.24590596096714 64.24590596096714 8.030738245120892 8.030738245120892 8.030738245120892
 62208 16384 30951.977 30951.977 30951.977 65.85788507144471 65.85788507144471 65.85788507144471 8.232235633930589 8.232235633930589 8.232235633930589
 68416 8192 9896.04 9896.04 9896.04 113.27033277957648 113.27033277957648 113.27033277957648 14.15879159744706 14.15879159744706 14.15879159744706
 75200 8192 52873.135 52873.135 52873.135 23.30251081196528 23.30251081196528 23.30251081196528 2.91281385149566 2.91281385149566 2.91281385149566
 82688 8192 12381.077 12381.077 12381.077 109.42183721173855 109.42183721173855 109.42183721173855 13.677729651467319 13.677729651467319 13.677729651467319
 90944 8192 11554.956 11554.956 11554.956 128.95129120353207 128.95129120353207 128.95129120353207 16.118911400441508 16.118911400441508 16.118911400441508
 100032 8192 27437.925 27437.925 27437.925 59.73207842794235 59.73207842794235 59.73207842794235 7.4665098034927935 7.4665098034927935 7.4665098034927935
 110016 8192 21183.014 21183.014 21183.014 85.09186388679156 85.09186388679156 85.09186388679156 10.636482985848945 10.636482985848945 10.636482985848945
 120960 8192 28752.089 28752.089 28752.089 68.92746610515847 68.92746610515847 68.92746610515847 8.61593326314481 8.61593326314481 8.61593326314481
 133056 4096 31990.051 31990.051 31990.051 34.07292948673324 34.07292948673324 34.07292948673324 4.259116185841655 4.259116185841655 4.259116185841655
 146304 4096 18854.141 18854.141 18854.141 63.56812373472755 63.56812373472755 63.56812373472755 7.946015466840944 7.946015466840944 7.946015466840944
 160896 4096 26293.993 26293.993 26293.993 50.127800368700186 50.127800368700186 50.127800368700186 6.265975046087523 6.265975046087523 6.265975046087523
 176960 4096 11332.035 11332.035 11332.035 127.92550676025974 127.92550676025974 127.92550676025974 15.990688345032467 15.990688345032467 15.990688345032467
 194624 4096 24003.029 24003.029 24003.029 66.42327549577182 66.42327549577182 66.42327549577182 8.302909436971477 8.302909436971477 8.302909436971477
 214080 4096 14713.049 14713.049 14713.049 119.19646023064288 119.19646023064288 119.19646023064288 14.89955752883036 14.89955752883036 14.89955752883036
 235456 4096 43044.806 43044.806 43044.806 44.81041340969222 44.81041340969222 44.81041340969222 5.601301676211527 5.601301676211527 5.601301676211527
 258944 4096 29577.017 29577.017 29577.017 71.720188956175 71.720188956175 71.720188956175 8.965023619521874 8.965023619521874 8.965023619521874
 284800 2048 34693.003 34693.003 34693.003 33.62467065765394 33.62467065765394 33.62467065765394 4.203083832206742 4.203083832206742 4.203083832206742
 313280 2048 26541.948 26541.948 26541.948 48.345919447962146 48.345919447962146 48.345919447962146 6.043239930995268 6.043239930995268 6.043239930995268
 344576 2048 26009.083 26009.083 26009.083 54.26501564857169 54.26501564857169 54.26501564857169 6.783126956071461 6.783126956071461 6.783126956071461
 379008 2048 8635.998 8635.998 8635.998 179.76113102388402 179.76113102388402 179.76113102388402 22.470141377985502 22.470141377985502 22.470141377985502
 416896 2048 29911.995 29911.995 29911.995 57.087667205079434 57.087667205079434 57.087667205079434 7.135958400634929 7.135958400634929 7.135958400634929
 458560 2048 29139.042 29139.042 29139.042 64.45859682003272 64.45859682003272 64.45859682003272 8.05732460250409 8.05732460250409 8.05732460250409
 504384 2048 16710.997 16710.997 16710.997 123.62858206485227 123.62858206485227 123.62858206485227 15.453572758106533 15.453572758106533 15.453572758106533
 554816 1024 22202.969 22202.969 22202.969 51.17618134763869 51.17618134763869 51.17618134763869 6.397022668454836 6.397022668454836 6.397022668454836
 610240 1024 27988.911 27988.911 27988.911 44.65238108049291 44.65238108049291 44.65238108049291 5.5815476350616136 5.5815476350616136 5.5815476350616136
 671232 1024 10834.932 10834.932 10834.932 126.87510507680159 126.87510507680159 126.87510507680159 15.859388134600199 15.859388134600199 15.859388134600199
 738304 1024 47368.05 47368.05 47368.05 31.921233658552545 31.921233658552545 31.921233658552545 3.990154207319068 3.990154207319068 3.990154207319068
 812096 1024 33473.969 33473.969 33473.969 49.685551420568025 49.685551420568025 49.685551420568025 6.210693927571003 6.210693927571003 6.210693927571003
 893248 1024 15922.07 15922.07 15922.07 114.89535619426368 114.89535619426368 114.89535619426368 14.36191952428296 14.36191952428296 14.36191952428296
 982528 1024 29264.927 29264.927 29264.927 68.75866609884248 68.75866609884248 68.75866609884248 8.59483326235531 8.59483326235531 8.59483326235531
 1080768 512 10987.043 10987.043 10987.043 100.72832444543995 100.72832444543995 100.72832444543995 12.591040555679994 12.591040555679994 12.591040555679994
 1188800 512 26125.908 26125.908 26125.908 46.59479012174429 46.59479012174429 46.59479012174429 5.824348765218036 5.824348765218036 5.824348765218036
 1307648 512 13916.016 13916.016 13916.016 96.22233489814901 96.22233489814901 96.22233489814901 12.027791862268627 12.027791862268627 12.027791862268627
 1438400 512 11476.994 11476.994 11476.994 128.33687984850388 128.33687984850388 128.33687984850388 16.042109981062985 16.042109981062985 16.042109981062985
 1582208 512 30416.965 30416.965 30416.965 53.26570195284112 53.26570195284112 53.26570195284112 6.65821274410514 6.65821274410514 6.65821274410514
 1740416 512 17575.979 17575.979 17575.979 101.39895956862489 101.39895956862489 101.39895956862489 12.674869946078111 12.674869946078111 12.674869946078111
 1914432 512 17561.913 17561.913 17561.913 111.62669852652155 111.62669852652155 111.62669852652155 13.953337315815194 13.953337315815194 13.953337315815194
 2105856 256 14213.085 14213.085 14213.085 75.85955279940985 75.85955279940985 75.85955279940985 9.482444099926232 9.482444099926232 9.482444099926232
 2316416 256 34207.106 34207.106 34207.106 34.67130461138689 34.67130461138689 34.67130461138689 4.333913076423361 4.333913076423361 4.333913076423361
 2548032 256 16386.986 16386.986 16386.986 79.61149072806921 79.61149072806921 79.61149072806921 9.951436341008652 9.951436341008652 9.951436341008652
 2802816 256 31771.898 31771.898 31771.898 45.16701495138881 45.16701495138881 45.16701495138881 5.645876868923601 5.645876868923601 5.645876868923601
 3083072 256 18472.91 18472.91 18472.91 85.45122907002741 85.45122907002741 85.45122907002741 10.681403633753426 10.681403633753426 10.681403633753426
 3391360 256 13512.85 13512.85 13512.85 128.49815693950572 128.49815693950572 128.49815693950572 16.062269617438215 16.062269617438215 16.062269617438215
 3730496 256 19001.961 19001.961 19001.961 100.51667572625794 100.51667572625794 100.51667572625794 12.564584465782243 12.564584465782243 12.564584465782243
 4103488 256 21570.921 21570.921 21570.921 97.39898709007372 97.39898709007372 97.39898709007372 12.174873386259215 12.174873386259215 12.174873386259215
 4513792 128 15385.866 15385.866 15385.866 75.10339372512408 75.10339372512408 75.10339372512408 9.38792421564051 9.38792421564051 9.38792421564051
 4965120 128 12228.966 12228.966 12228.966 103.93934532159136 103.93934532159136 103.93934532159136 12.99241816519892 12.99241816519892 12.99241816519892
 5461632 128 15640.974 15640.974 15640.974 89.39199003847204 89.39199003847204 89.39199003847204 11.173998754809006 11.173998754809006 11.173998754809006
 6007744 128 18707.991 18707.991 18707.991 82.20992109735353 82.20992109735353 82.20992109735353 10.276240137169191 10.276240137169191 10.276240137169191
 6608512 128 34261.942 34261.942 34261.942 49.37779277076588 49.37779277076588 49.37779277076588 6.172224096345735 6.172224096345735 6.172224096345735
 7269312 128 19356.012 19356.012 19356.012 96.14293853506601 96.14293853506601 96.14293853506601 12.017867316883251 12.017867316883251 12.017867316883251
 7996224 128 43545.008 43545.008 43545.008 47.00959852849263 47.00959852849263 47.00959852849263 5.876199816061579 5.876199816061579 5.876199816061579
 8795840 64 10489.941 10489.941 10489.941 107.32829860530195 107.32829860530195 107.32829860530195 13.416037325662744 13.416037325662744 13.416037325662744
 9675392 64 29657.125 29657.125 29657.125 41.758942446376714 41.758942446376714 41.758942446376714 5.219867805797089 5.219867805797089 5.219867805797089
 10642880 64 30785.084 30785.084 30785.084 44.25158105789155 44.25158105789155 44.25158105789155 5.531447632236444 5.531447632236444 5.531447632236444
 11707136 64 31949.997 31949.997 31949.997 46.90183251034421 46.90183251034421 46.90183251034421 5.862729063793026 5.862729063793026 5.862729063793026
 12877824 64 13957.977 13957.977 13957.977 118.09458290409847 118.09458290409847 118.09458290409847 14.76182286301231 14.76182286301231 14.76182286301231
 14165568 64 33820.152 33820.152 33820.152 53.61278991294894 53.61278991294894 53.61278991294894 6.701598739118618 6.701598739118618 6.701598739118618
 15582080 64 20285.13 20285.13 20285.13 98.32356213640237 98.32356213640237 98.32356213640237 12.290445267050297 12.290445267050297 12.290445267050297
 17140288 32 28798.819 28798.819 28798.819 38.09109088813677 38.09109088813677 38.09109088813677 4.761386361017096 4.761386361017096 4.761386361017096
 18854272 32 50863.028 50863.028 50863.028 23.723978997082124 23.723978997082124 23.723978997082124 2.9654973746352655 2.9654973746352655 2.9654973746352655
 20739648 32 12012.005 12012.005 12012.005 110.50090904890565 110.50090904890565 110.50090904890565 13.812613631113207 13.812613631113207 13.812613631113207
 22813568 32 34012.079 34012.079 34012.079 42.92793604295697 42.92793604295697 42.92793604295697 5.3659920053696215 5.3659920053696215 5.3659920053696215
 25094912 32 32339.096 32339.096 32339.096 49.66355175790937 49.66355175790937 49.66355175790937 6.207943969738671 6.207943969738671 6.207943969738671
 27604352 32 33302.069 33302.069 33302.069 53.05011313261046 53.05011313261046 53.05011313261046 6.631264141576308 6.631264141576308 6.631264141576308
 30364736 32 15351.057 15351.057 15351.057 126.59343939638813 126.59343939638813 126.59343939638813 15.824179924548517 15.824179924548517 15.824179924548517
 33401152 32 14715.91 14715.91 14715.91 145.26276173203019 145.26276173203019 145.26276173203019 18.157845216503773 18.157845216503773 18.157845216503773
 36741248 16 14673.948 14673.948 14673.948 80.12294550859795 80.12294550859795 80.12294550859795 10.015368188574744 10.015368188574744 10.015368188574744
 40415360 16 16469.955 16469.955 16469.955 78.52428983564313 78.52428983564313 78.52428983564313 9.815536229455391 9.815536229455391 9.815536229455391
 44456896 16 30623.913 30623.913 30623.913 46.45456875481589 46.45456875481589 46.45456875481589 5.806821094351986 5.806821094351986 5.806821094351986
 48902528 16 33200.979 33200.979 33200.979 47.133576874344584 47.133576874344584 47.133576874344584 5.891697109293073 5.891697109293073 5.891697109293073
 53792768 16 33633.947 33633.947 33633.947 51.17949956928933 51.17949956928933 51.17949956928933 6.397437446161166 6.397437446161166 6.397437446161166
 59172032 16 14857.054 14857.054 14857.054 127.44821577682897 127.44821577682897 127.44821577682897 15.931026972103622 15.931026972103622 15.931026972103622
 65089216 16 47236.919 47236.919 47236.919 44.09379265400438 44.09379265400438 44.09379265400438 5.511724081750548 5.511724081750548 5.511724081750548
 71598080 8 26388.168 26388.168 26388.168 43.4122323307931 43.4122323307931 43.4122323307931 5.426529041349138 5.426529041349138 5.426529041349138
 78757888 8 16143.084 16143.084 16143.084 78.05981855759407 78.05981855759407 78.05981855759407 9.757477319699259 9.757477319699259 9.757477319699259
 86633664 8 31913.042 31913.042 31913.042 43.434863526955525 43.434863526955525 43.434863526955525 5.429357940869441 5.429357940869441 5.429357940869441
 95297024 8 33512.115 33512.115 33512.115 45.49854236296337 45.49854236296337 45.49854236296337 5.687317795370421 5.687317795370421 5.687317795370421
 104826688 8 12617.826 12617.826 12617.826 132.9251970981372 132.9251970981372 132.9251970981372 16.61564963726715 16.61564963726715 16.61564963726715
 115309312 8 31082.153 31082.153 31082.153 59.35718133811387 59.35718133811387 59.35718133811387 7.4196476672642335 7.4196476672642335 7.4196476672642335
 126840192 8 27446.985 27446.985 27446.985 73.9404736804425 73.9404736804425 73.9404736804425 9.242559210055312 9.242559210055312 9.242559210055312
 139524160 4 17385.006 17385.006 17385.006 64.20436553199924 64.20436553199924 64.20436553199924 8.025545691499905 8.025545691499905 8.025545691499905
 153476544 4 25748.968 25748.968 25748.968 47.6839441487519 47.6839441487519 47.6839441487519 5.960493018593987 5.960493018593987 5.960493018593987
 168824192 4 39730.072 39730.072 39730.072 33.99423831902445 33.99423831902445 33.99423831902445 4.249279789878056 4.249279789878056 4.249279789878056
 185706560 4 27730.942 27730.942 27730.942 53.57381945409572 53.57381945409572 53.57381945409572 6.696727431761965 6.696727431761965 6.696727431761965
 204277184 4 44128.895 44128.895 44128.895 37.032821057495326 37.032821057495326 37.032821057495326 4.629102632186916 4.629102632186916 4.629102632186916
 224704896 4 55428.028 55428.028 55428.028 32.431952441100734 32.431952441100734 32.431952441100734 4.053994055137592 4.053994055137592 4.053994055137592
 247175360 4 52236.08 52236.08 52236.08 37.85511623383684 37.85511623383684 37.85511623383684 4.731889529229605 4.731889529229605 4.731889529229605
 271892864 2 49210.072 49210.072 49210.072 22.100586562848353 22.100586562848353 22.100586562848353 2.762573320356044 2.762573320356044 2.762573320356044
 299082112 2 19633.055 19633.055 19633.055 60.934401090405956 60.934401090405956 60.934401090405956 7.6168001363007445 7.6168001363007445 7.6168001363007445
 328990272 2 32947.063 32947.063 32947.063 39.941681235744745 39.941681235744745 39.941681235744745 4.992710154468093 4.992710154468093 4.992710154468093
 361889280 2 42912.96 42912.96 42912.96 33.73239972260128 33.73239972260128 33.73239972260128 4.21654996532516 4.21654996532516 4.21654996532516
 398078208 2 31624.079 31624.079 31624.079 50.35127922618711 50.35127922618711 50.35127922618711 6.293909903273389 6.293909903273389 6.293909903273389
 437886016 2 43745.041 43745.041 43745.041 40.039831349112234 40.039831349112234 40.039831349112234 5.004978918639029 5.004978918639029 5.004978918639029
 481674560 2 59005.976 59005.976 59005.976 32.65259505240621 32.65259505240621 32.65259505240621 4.081574381550777 4.081574381550777 4.081574381550777
 529841984 2 52032.948 52032.948 52032.948 40.73126773443627 40.73126773443627 40.73126773443627 5.091408466804534 5.091408466804534 5.091408466804534
 582826176 1 37266.016 37266.016 37266.016 31.279231780504784 31.279231780504784 31.279231780504784 3.909903972563098 3.909903972563098 3.909903972563098
 641108736 1 31560.183 31560.183 31560.183 40.62769445918612 40.62769445918612 40.62769445918612 5.078461807398265 5.078461807398265 5.078461807398265
 705219584 1 43771.029 43771.029 43771.029 32.223121096833246 32.223121096833246 32.223121096833246 4.027890137104156 4.027890137104156 4.027890137104156
 775741504 1 44600.01 44600.01 44600.01 34.786606729460374 34.786606729460374 34.786606729460374 4.348325841182547 4.348325841182547 4.348325841182547
 853315648 1 28336.048 28336.048 28336.048 60.22827516384783 60.22827516384783 60.22827516384783 7.528534395480979 7.528534395480979 7.528534395480979
 938647168 1 36298.99 36298.99 36298.99 51.717536383243726 51.717536383243726 51.717536383243726 6.464692047905466 6.464692047905466 6.464692047905466
 1032511872 1 48850.06 48850.06 48850.06 42.27269616454923 42.27269616454923 42.27269616454923 5.284087020568654 5.284087020568654 5.284087020568654
 
META_DATA
 MPI startup(): shm:tmi fabric is unknown or has been removed from the product, please use ofi or shm:ofi instead
 FLOPS          2
 MPI_PROCS      4
 OPENMP_THREADS 2
 ERT_VERSION  1.1.0
 HOSTNAME  ('shas0116.rc.int.colorado.edu', [], ['10.225.5.195'])
 UNAME  uname_result(system='Linux', node='shas0116.rc.int.colorado.edu', release='3.10.0-957.27.2.el7.x86_64', version='#1 SMP Mon Jul 29 17:46:05 UTC 2019', machine='x86_64', processor='x86_64')
 TIMESTAMP_DATA  1664508283.1323273
 CONFIG  {'ERT_RESULTS': ['lab5_results'], 'ERT_DRIVER': ['driver1'], 'ERT_KERNEL': ['kernel1'], 'ERT_MPI': ['True'], 'ERT_MPI_CFLAGS': ['-I/usr/include/mpi'], 'ERT_MPI_LDFLAGS': ['-lmpi'], 'ERT_OPENMP': ['True'], 'ERT_OPENMP_CFLAGS': ['-qopenmp'], 'ERT_OPENMP_LDFLAGS': ['-qopenmp'], 'ERT_FLOPS': ['1,2,4,8,16'], 'ERT_ALIGN': ['32'], 'ERT_CC': ['mpicc'], 'ERT_CFLAGS': ['-O3', '-msse3', '-axSSE3', '-xSSE3', '-fno-alias', '-fno-fnalias', '-DERT_INTEL', '-std=c++11'], 'ERT_LD': ['mpicc'], 'ERT_LDFLAGS': [], 'ERT_LDLIBS': [], 'ERT_PRECISION': ['FP64'], 'ERT_RUN': ['export', 'OMP_NUM_THREADS=ERT_OPENMP_THREADS;', 'mpirun', '-np', 'ERT_MPI_PROCS', 'ERT_CODE'], 'ERT_PROCS_THREADS': ['1-8'], 'ERT_MPI_PROCS': ['4'], 'ERT_OPENMP_THREADS': ['2'], 'ERT_NUM_EXPERIMENTS': ['1'], 'ERT_MEMORY_MAX': ['1073741824'], 'ERT_WORKING_SET_MIN': ['1'], 'ERT_TRIALS_MIN': ['1'], 'ERT_GNUPLOT': ['gnuplot'], 'ERT_GPU': [False], 'ERT_HIP': [False], 'ERT_OCL': [False], 'ERT_SYCL': [False], 'ERT_WSS_MULT': [1.1]}
 