fp64
 8 134217728 488922.119 488922.119 488922.119 4.392281642712917 4.392281642712917 4.392281642712917 0.2745176026695573 0.2745176026695573 0.2745176026695573
 16 67108864 272650.957 272650.957 272650.957 7.876310692722051 7.876310692722051 7.876310692722051 0.4922694182951282 0.4922694182951282 0.4922694182951282
 24 33554432 120265.961 120265.961 120265.961 13.392091349937328 13.392091349937328 13.392091349937328 0.837005709371083 0.837005709371083 0.837005709371083
 32 33554432 151921.034 151921.034 151921.034 14.13552548622069 14.13552548622069 14.13552548622069 0.8834703428887931 0.8834703428887931 0.8834703428887931
 40 16777216 58742.046 58742.046 58742.046 22.84866414084385 22.84866414084385 22.84866414084385 1.4280415088027407 1.4280415088027407 1.4280415088027407
 48 16777216 82682.133 82682.133 82682.133 19.47957409371623 19.47957409371623 19.47957409371623 1.2174733808572644 1.2174733808572644 1.2174733808572644
 56 16777216 66606.045 66606.045 66606.045 28.211376189653656 28.211376189653656 28.211376189653656 1.7632110118533535 1.7632110118533535 1.7632110118533535
 64 16777216 93004.942 93004.942 93004.942 23.089995024135387 23.089995024135387 23.089995024135387 1.4431246890084617 1.4431246890084617 1.4431246890084617
 72 8388608 46429.873 46429.873 46429.873 26.016860998090603 26.016860998090603 26.016860998090603 1.6260538123806627 1.6260538123806627 1.6260538123806627
 80 8388608 51059.961 51059.961 51059.961 26.286296615071837 26.286296615071837 26.286296615071837 1.6428935384419898 1.6428935384419898 1.6428935384419898
 88 8388608 48511.028 48511.028 48511.028 30.434214010059733 30.434214010059733 30.434214010059733 1.9021383756287333 1.9021383756287333 1.9021383756287333
 96 8388608 58773.041 58773.041 58773.041 27.403937393676806 27.403937393676806 27.403937393676806 1.7127460871048004 1.7127460871048004 1.7127460871048004
 104 8388608 53802.013 53802.013 53802.013 32.430579577013226 32.430579577013226 32.430579577013226 2.0269112235633266 2.0269112235633266 2.0269112235633266
 112 8388608 61926.126 61926.126 61926.126 30.343383534116118 30.343383534116118 30.343383534116118 1.8964614708822574 1.8964614708822574 1.8964614708822574
 120 8388608 58758.974 58758.974 58758.974 34.26312242960539 34.26312242960539 34.26312242960539 2.141445151850337 2.141445151850337 2.141445151850337
 128 8388608 32990.932 32990.932 32990.932 65.09314886890738 65.09314886890738 65.09314886890738 4.068321804306711 4.068321804306711 4.068321804306711
 136 4194304 20426.035 20426.035 20426.035 55.852772601241504 55.852772601241504 55.852772601241504 3.490798287577594 3.490798287577594 3.490798287577594
 144 4194304 20518.064 20518.064 20518.064 58.87297904909547 58.87297904909547 58.87297904909547 3.679561190568467 3.679561190568467 3.679561190568467
 152 4194304 23611.069 23611.069 23611.069 54.002993934751544 54.002993934751544 54.002993934751544 3.3751871209219715 3.3751871209219715 3.3751871209219715
 160 4194304 24256.945 24256.945 24256.945 55.331670167038766 55.331670167038766 55.331670167038766 3.458229385439923 3.458229385439923 3.458229385439923
 176 4194304 26899.815 26899.815 26899.815 54.884950249657855 54.884950249657855 54.884950249657855 3.430309390603616 3.430309390603616 3.430309390603616
 192 4194304 30152.082 30152.082 30152.082 53.41630259562175 53.41630259562175 53.41630259562175 3.3385189122263594 3.3385189122263594 3.3385189122263594
 208 4194304 32044.888 32044.888 32044.888 54.449572861668294 54.449572861668294 54.449572861668294 3.4030983038542684 3.4030983038542684 3.4030983038542684
 224 4194304 34753.084 34753.084 34753.084 54.06853078132576 54.06853078132576 54.06853078132576 3.37928317383286 3.37928317383286 3.37928317383286
 240 4194304 37233.829 37233.829 37233.829 54.07088054253029 54.07088054253029 54.07088054253029 3.379430033908143 3.379430033908143 3.379430033908143
 264 2097152 17233.133 17233.133 17233.133 64.25391459579636 64.25391459579636 64.25391459579636 4.0158696622372725 4.0158696622372725 4.0158696622372725
 288 2097152 19065.857 19065.857 19065.857 63.35721242428284 63.35721242428284 63.35721242428284 3.9598257765176776 3.9598257765176776 3.9598257765176776
 312 2097152 21641.97 21641.97 21641.97 60.46690056404292 60.46690056404292 60.46690056404292 3.7791812852526827 3.7791812852526827 3.7791812852526827
 336 2097152 22939.92 22939.92 22939.92 61.433786342759696 61.433786342759696 61.433786342759696 3.839611646422481 3.839611646422481 3.839611646422481
 368 2097152 25620.937 25620.937 25620.937 60.243849473577015 60.243849473577015 60.243849473577015 3.7652405920985634 3.7652405920985634 3.7652405920985634
 400 2097152 25661.945 25661.945 25661.945 65.37780359205041 65.37780359205041 65.37780359205041 4.086112724503151 4.086112724503151 4.086112724503151
 440 2097152 28900.862 28900.862 28900.862 63.856010938358864 63.856010938358864 63.856010938358864 3.991000683647429 3.991000683647429 3.991000683647429
 480 2097152 32069.921 32069.921 32069.921 62.7773894422752 62.7773894422752 62.7773894422752 3.9235868401422 3.9235868401422 3.9235868401422
 528 1048576 16614.914 16614.914 16614.914 66.64471787214787 66.64471787214787 66.64471787214787 4.165294867009242 4.165294867009242 4.165294867009242
 576 1048576 18506.05 18506.05 18506.05 65.2737646337279 65.2737646337279 65.2737646337279 4.079610289607993 4.079610289607993 4.079610289607993
 632 1048576 21324.873 21324.873 21324.873 62.152776431540765 62.152776431540765 62.152776431540765 3.884548526971298 3.884548526971298 3.884548526971298
 688 1048576 21706.104 21706.104 21706.104 66.47165129218952 66.47165129218952 66.47165129218952 4.154478205761845 4.154478205761845 4.154478205761845
 752 1048576 24270.058 24270.058 24270.058 64.97958529806562 64.97958529806562 64.97958529806562 4.061224081129101 4.061224081129101 4.061224081129101
 824 1048576 26110.172 26110.172 26110.172 66.1831430294676 66.1831430294676 66.1831430294676 4.136446439341725 4.136446439341725 4.136446439341725
 904 1048576 27839.184 27839.184 27839.184 68.099173021738 68.099173021738 68.099173021738 4.256198313858625 4.256198313858625 4.256198313858625
 992 1048576 33964.872 33964.872 33964.872 61.250776508152306 61.250776508152306 61.250776508152306 3.828173531759519 3.828173531759519 3.828173531759519
 1088 524288 17524.004 17524.004 17524.004 65.10217002917827 65.10217002917827 65.10217002917827 4.068885626823642 4.068885626823642 4.068885626823642
 1192 524288 18514.872 18514.872 18514.872 67.50803310981573 67.50803310981573 67.50803310981573 4.219252069363483 4.219252069363483 4.219252069363483
 1304 524288 20097.017 20097.017 20097.017 68.03711734930611 68.03711734930611 68.03711734930611 4.252319834331632 4.252319834331632 4.252319834331632
 1432 524288 22030.115 22030.115 22030.115 68.15946407905723 68.15946407905723 68.15946407905723 4.259966504941077 4.259966504941077 4.259966504941077
 1568 524288 23927.927 23927.927 23927.927 68.71331427916844 68.71331427916844 68.71331427916844 4.294582142448028 4.294582142448028 4.294582142448028
 1720 524288 26385.069 26385.069 26385.069 68.35497455018974 68.35497455018974 68.35497455018974 4.272185909386859 4.272185909386859 4.272185909386859
 1888 524288 29052.973 29052.973 29052.973 68.14144246098324 68.14144246098324 68.14144246098324 4.258840153811453 4.258840153811453 4.258840153811453
 2072 262144 15791.893 15791.893 15791.893 68.79002637619188 68.79002637619188 68.79002637619188 4.299376648511992 4.299376648511992 4.299376648511992
 2272 262144 17403.126 17403.126 17403.126 68.44645818228288 68.44645818228288 68.44645818228288 4.27790363639268 4.27790363639268 4.27790363639268
 2496 262144 18988.848 18988.848 18988.848 68.91533641219308 68.91533641219308 68.91533641219308 4.307208525762068 4.307208525762068 4.307208525762068
 2744 262144 20853.996 20853.996 20853.996 68.98659959462925 68.98659959462925 68.98659959462925 4.311662474664328 4.311662474664328 4.311662474664328
 3016 262144 22916.079 22916.079 22916.079 69.00188326283916 69.00188326283916 69.00188326283916 4.312617703927447 4.312617703927447 4.312617703927447
 3312 262144 25231.123 25231.123 25231.123 68.82142566543708 68.82142566543708 68.82142566543708 4.301339104089817 4.301339104089817 4.301339104089817
 3640 262144 27580.976 27580.976 27580.976 69.19292196186241 69.19292196186241 69.19292196186241 4.324557622616401 4.324557622616401 4.324557622616401
 4000 262144 30311.108 30311.108 30311.108 69.1875730837685 69.1875730837685 69.1875730837685 4.324223317735531 4.324223317735531 4.324223317735531
 4400 131072 17339.945 17339.945 17339.945 66.51887304140816 66.51887304140816 66.51887304140816 4.15742956508801 4.15742956508801 4.15742956508801
 4840 131072 19016.981 19016.981 19016.981 66.71810630719988 66.71810630719988 66.71810630719988 4.169881644199992 4.169881644199992 4.169881644199992
 5320 131072 20810.843 20810.843 20810.843 67.01343525584234 67.01343525584234 67.01343525584234 4.188339703490146 4.188339703490146 4.188339703490146
 5848 131072 22768.974 22768.974 22768.974 67.32925743601798 67.32925743601798 67.32925743601798 4.208078589751124 4.208078589751124 4.208078589751124
 6432 131072 24899.006 24899.006 24899.006 67.71797267730287 67.71797267730287 67.71797267730287 4.232373292331429 4.232373292331429 4.232373292331429
 7072 131072 27312.994 27312.994 27312.994 67.87547231182346 67.87547231182346 67.87547231182346 4.242217019488966 4.242217019488966 4.242217019488966
 7776 131072 29991.865 29991.865 29991.865 67.96615495568547 67.96615495568547 67.96615495568547 4.247884684730342 4.247884684730342 4.247884684730342
 8552 65536 16453.981 16453.981 16453.981 68.12501752615371 68.12501752615371 68.12501752615371 4.257813595384607 4.257813595384607 4.257813595384607
 9400 65536 18027.067 18027.067 18027.067 68.34593780563415 68.34593780563415 68.34593780563415 4.271621112852134 4.271621112852134 4.271621112852134
 10336 65536 19892.931 19892.931 19892.931 68.10259342879137 68.10259342879137 68.10259342879137 4.25641208929946 4.25641208929946 4.25641208929946
 11368 65536 21738.052 21738.052 21738.052 68.54461917746815 68.54461917746815 68.54461917746815 4.284038698591759 4.284038698591759 4.284038698591759
 12504 65536 23836.851 23836.851 23836.851 68.75590605487277 68.75590605487277 68.75590605487277 4.297244128429548 4.297244128429548 4.297244128429548
 13752 65536 26162.148 26162.148 26162.148 68.89732998987698 68.89732998987698 68.89732998987698 4.306083124367311 4.306083124367311 4.306083124367311
 15120 65536 28660.059 28660.059 28660.059 69.14879833289945 69.14879833289945 69.14879833289945 4.321799895806215 4.321799895806215 4.321799895806215
 16632 32768 15784.025 15784.025 15784.025 69.05683132154188 69.05683132154188 69.05683132154188 4.316051957596367 4.316051957596367 4.316051957596367
 18288 32768 17337.084 17337.084 17337.084 69.1305624406042 69.1305624406042 69.1305624406042 4.320660152537762 4.320660152537762 4.320660152537762
 20112 32768 18998.146 18998.146 18998.146 69.3783504979907 69.3783504979907 69.3783504979907 4.336146906124418 4.336146906124418 4.336146906124418
 22120 32768 20950.079 20950.079 20950.079 69.1957447988621 69.1957447988621 69.1957447988621 4.324734049928881 4.324734049928881 4.324734049928881
 24328 32768 23005.009 23005.009 23005.009 69.3048982506375 69.3048982506375 69.3048982506375 4.331556140664844 4.331556140664844 4.331556140664844
 26760 32768 25254.011 25254.011 25254.011 69.44415126769368 69.44415126769368 69.44415126769368 4.340259454230855 4.340259454230855 4.340259454230855
 29432 32768 27888.06 27888.06 27888.06 69.16420690431674 69.16420690431674 69.16420690431674 4.322762931519796 4.322762931519796 4.322762931519796
 32368 32768 30551.91 30551.91 30551.91 69.43164103324473 69.43164103324473 69.43164103324473 4.339477564577796 4.339477564577796 4.339477564577796
 35600 16384 17919.064 17919.064 17919.064 65.10054319801526 65.10054319801526 65.10054319801526 4.068783949875954 4.068783949875954 4.068783949875954
 39160 16384 20193.1 20193.1 20193.1 63.546205386988625 63.546205386988625 63.546205386988625 3.971637836686789 3.971637836686789 3.971637836686789
 43072 16384 22763.968 22763.968 22763.968 62.000759094372285 62.000759094372285 62.000759094372285 3.875047443398268 3.875047443398268 3.875047443398268
 47376 16384 24964.094 24964.094 24964.094 62.18598471869237 62.18598471869237 62.18598471869237 3.886624044918273 3.886624044918273 3.886624044918273
 52112 16384 27266.979 27266.979 27266.979 62.62542014647094 62.62542014647094 62.62542014647094 3.9140887591544335 3.9140887591544335 3.9140887591544335
 57320 16384 30111.074 30111.074 30111.074 62.377773705448035 62.377773705448035 62.377773705448035 3.898610856590502 3.898610856590502 3.898610856590502
 63048 16384 33077.002 33077.002 33077.002 62.459011974543515 62.459011974543515 62.459011974543515 3.9036882484089697 3.9036882484089697 3.9036882484089697
 69352 8192 18154.144 18154.144 18154.144 62.58974083272667 62.58974083272667 62.58974083272667 3.911858802045417 3.911858802045417 3.911858802045417
 76280 8192 20079.136 20079.136 20079.136 62.24229568443583 62.24229568443583 62.24229568443583 3.8901434802772394 3.8901434802772394 3.8901434802772394
 83904 8192 22098.064 22098.064 22098.064 62.20830639281343 62.20830639281343 62.20830639281343 3.888019149550839 3.888019149550839 3.888019149550839
 92288 8192 24506.092 24506.092 24506.092 61.70084532450135 61.70084532450135 61.70084532450135 3.8563028327813345 3.8563028327813345 3.8563028327813345
 101512 8192 26805.878 26805.878 26805.878 62.04507115939272 62.04507115939272 62.04507115939272 3.877816947462045 3.877816947462045 3.877816947462045
 111656 8192 29434.919 29434.919 29434.919 62.149717619403 62.149717619403 62.149717619403 3.8843573512126874 3.8843573512126874 3.8843573512126874
 122816 8192 32420.158 32420.158 32420.158 62.066858033202685 62.066858033202685 62.066858033202685 3.879178627075168 3.879178627075168 3.879178627075168
 135096 4096 17864.943 17864.943 17864.943 61.9485005913537 61.9485005913537 61.9485005913537 3.871781286959606 3.871781286959606 3.871781286959606
 148600 4096 19687.891 19687.891 19687.891 61.83146788043474 61.83146788043474 61.83146788043474 3.864466742527171 3.864466742527171 3.864466742527171
 163456 4096 22315.025 22315.025 22315.025 60.005828001537076 60.005828001537076 60.005828001537076 3.750364250096067 3.750364250096067 3.750364250096067
 179800 4096 25457.859 25457.859 25457.859 57.8572455759143 57.8572455759143 57.8572455759143 3.6160778484946436 3.6160778484946436 3.6160778484946436
 197776 4096 32064.915 32064.915 32064.915 50.52815490076927 50.52815490076927 50.52815490076927 3.1580096812980796 3.1580096812980796 3.1580096812980796
 217552 4096 37362.099 37362.099 37362.099 47.700371009669446 47.700371009669446 47.700371009669446 2.9812731881043404 2.9812731881043404 2.9812731881043404
 239304 4096 41050.196 41050.196 41050.196 47.755639656385554 47.755639656385554 47.755639656385554 2.984727478524097 2.984727478524097 2.984727478524097
 263232 2048 22674.084 22674.084 22674.084 47.552010127509455 47.552010127509455 47.552010127509455 2.972000632969341 2.972000632969341 2.972000632969341
 289552 2048 25919.914 25919.914 25919.914 45.756517247703826 45.756517247703826 45.756517247703826 2.859782327981489 2.859782327981489 2.859782327981489
 318504 2048 29048.92 29048.92 29048.92 44.91018543890789 44.91018543890789 44.91018543890789 2.806886589931743 2.806886589931743 2.806886589931743
 350352 2048 33496.857 33496.857 33496.857 42.84108780713366 42.84108780713366 42.84108780713366 2.677567987945854 2.677567987945854 2.677567987945854
 385384 2048 37828.207 37828.207 37828.207 41.72898979853843 41.72898979853843 41.72898979853843 2.608061862408652 2.608061862408652 2.608061862408652
 423920 2048 43385.983 43385.983 43385.983 40.02159683693233 40.02159683693233 40.02159683693233 2.5013498023082708 2.5013498023082708 2.5013498023082708
 466312 2048 47791.958 47791.958 47791.958 39.96517472667682 39.96517472667682 39.96517472667682 2.4978234204173013 2.4978234204173013 2.4978234204173013
 512936 2048 53384.066 53384.066 53384.066 39.35604785143192 39.35604785143192 39.35604785143192 2.459752990714495 2.459752990714495 2.459752990714495
 564224 1024 30962.944 30962.944 30962.944 37.319795947052064 37.319795947052064 37.319795947052064 2.332487246690754 2.332487246690754 2.332487246690754
 620640 1024 32686.949 32686.949 32686.949 38.886184207648135 38.886184207648135 38.886184207648135 2.4303865129780085 2.4303865129780085 2.4303865129780085
 682704 1024 35972.118 35972.118 35972.118 38.86837555686879 38.86837555686879 38.86837555686879 2.4292734723042995 2.4292734723042995 2.4292734723042995
 750968 1024 39568.901 39568.901 39568.901 38.86846551538038 38.86846551538038 38.86846551538038 2.4292790947112737 2.4292790947112737 2.4292790947112737
 826064 1024 44137.001 44137.001 44137.001 38.33017725875848 38.33017725875848 38.33017725875848 2.395636078672405 2.395636078672405 2.395636078672405
 908664 1024 47866.106 47866.106 47866.106 38.87811287594608 38.87811287594608 38.87811287594608 2.42988205474663 2.42988205474663 2.42988205474663
 999528 1024 52659.035 52659.035 52659.035 38.873354667437404 38.873354667437404 38.873354667437404 2.4295846667148377 2.4295846667148377 2.4295846667148377
 1099480 512 29016.972 29016.972 29016.972 38.80031038386775 38.80031038386775 38.80031038386775 2.4250193989917346 2.4250193989917346 2.4250193989917346
 1209424 512 31895.876 31895.876 31895.876 38.82790916292752 38.82790916292752 38.82790916292752 2.42674432268297 2.42674432268297 2.42674432268297
 1330360 512 35046.101 35046.101 35046.101 38.871332363049454 38.871332363049454 38.871332363049454 2.429458272690591 2.429458272690591 2.429458272690591
 1463392 512 38633.108 38633.108 38633.108 38.78832135379841 38.78832135379841 38.78832135379841 2.4242700846124006 2.4242700846124006 2.4242700846124006
 1609728 512 44429.779 44429.779 44429.779 37.100375223563454 37.100375223563454 37.100375223563454 2.318773451472716 2.318773451472716 2.318773451472716
 1770696 512 46652.079 46652.079 46652.079 38.86627869253158 38.86627869253158 38.86627869253158 2.4291424182832237 2.4291424182832237 2.4291424182832237
 1947760 512 51322.937 51322.937 51322.937 38.86188820409868 38.86188820409868 38.86188820409868 2.4288680127561677 2.4288680127561677 2.4288680127561677
 2142536 256 28836.012 28836.012 28836.012 38.04196058733781 38.04196058733781 38.04196058733781 2.3776225367086132 2.3776225367086132 2.3776225367086132
 2356784 256 31080.008 31080.008 31080.008 38.82474573365617 38.82474573365617 38.82474573365617 2.4265466083535108 2.4265466083535108 2.4265466083535108
 2592456 256 34178.019 34178.019 34178.019 38.835997838259736 38.835997838259736 38.835997838259736 2.4272498648912335 2.4272498648912335 2.4272498648912335
 2851696 256 37604.094 37604.094 37604.094 38.82737746586848 38.82737746586848 38.82737746586848 2.42671109161678 2.42671109161678 2.42671109161678
 3136864 256 41547.06 41547.06 41547.06 38.65675135617298 38.65675135617298 38.65675135617298 2.4160469597608114 2.4160469597608114 2.4160469597608114
 3450544 256 45554.876 45554.876 45554.876 38.7813266794975 38.7813266794975 38.7813266794975 2.4238329174685935 2.4238329174685935 2.4238329174685935
 3795592 256 50806.046 50806.046 50806.046 38.25023313170247 38.25023313170247 38.25023313170247 2.3906395707314045 2.3906395707314045 2.3906395707314045
 4175144 256 55856.228 55856.228 55856.228 38.27100046927623 38.27100046927623 38.27100046927623 2.3919375293297644 2.3919375293297644 2.3919375293297644
 4592656 128 31403.065 31403.065 31403.065 37.43965552407066 37.43965552407066 37.43965552407066 2.339978470254416 2.339978470254416 2.339978470254416
 5051920 128 37204.981 37204.981 37204.981 34.76124661910189 34.76124661910189 34.76124661910189 2.172577913693868 2.172577913693868 2.172577913693868
 5557112 128 37454.844 37454.844 37454.844 37.98228800525775 37.98228800525775 37.98228800525775 2.3738930003286094 2.3738930003286094 2.3738930003286094
 6112816 128 40832.996 40832.996 40832.996 38.32393038218406 38.32393038218406 38.32393038218406 2.3952456488865037 2.3952456488865037 2.3952456488865037
 6724096 128 46722.889 46722.889 46722.889 36.84208345935115 36.84208345935115 36.84208345935115 2.302630216209447 2.302630216209447 2.302630216209447
 7396504 128 50589.085 50589.085 50589.085 37.42912179573914 37.42912179573914 37.42912179573914 2.3393201122336964 2.3393201122336964 2.3393201122336964
 8136152 128 54616.928 54616.928 54616.928 38.13570239615088 38.13570239615088 38.13570239615088 2.38348139975943 2.38348139975943 2.38348139975943
 8949760 64 31126.976 31126.976 31126.976 36.803102235180184 36.803102235180184 36.803102235180184 2.3001938896987615 2.3001938896987615 2.3001938896987615
 9844736 64 33953.19 33953.19 33953.19 37.11363226842603 37.11363226842603 37.11363226842603 2.319602016776627 2.319602016776627 2.319602016776627
 10829208 64 37618.16 37618.16 37618.16 36.84759233306466 36.84759233306466 36.84759233306466 2.3029745208165413 2.3029745208165413 2.3029745208165413
 11912128 64 40028.095 40028.095 40028.095 38.09205469308494 38.09205469308494 38.09205469308494 2.3807534183178087 2.3807534183178087 2.3807534183178087
 13103336 64 44012.07 44012.07 44012.07 38.10834182532201 38.10834182532201 38.10834182532201 2.3817713640826255 2.3817713640826255 2.3817713640826255
 14413664 64 49503.088 49503.088 49503.088 37.269371801613666 37.269371801613666 37.269371801613666 2.329335737600854 2.329335737600854 2.329335737600854
 15855024 64 54362.059 54362.059 54362.059 37.33197581791374 37.33197581791374 37.33197581791374 2.3332484886196085 2.3332484886196085 2.3332484886196085
 17440520 32 30951.977 30951.977 30951.977 36.06209968429481 36.06209968429481 36.06209968429481 2.2538812302684255 2.2538812302684255 2.2538812302684255
 19184568 32 34166.098 34166.098 34166.098 35.93656940280391 35.93656940280391 35.93656940280391 2.2460355876752445 2.2460355876752445 2.2460355876752445
 21103024 32 38672.924 38672.924 38672.924 34.92349158806818 34.92349158806818 34.92349158806818 2.1827182242542613 2.1827182242542613 2.1827182242542613
 23213320 32 45925.14 45925.14 45925.14 32.34943823796727 32.34943823796727 32.34943823796727 2.0218398898729544 2.0218398898729544 2.0218398898729544
 25534648 32 54469.824 54469.824 54469.824 30.00225357805452 30.00225357805452 30.00225357805452 1.8751408486284076 1.8751408486284076 1.8751408486284076
 28088112 32 66779.852 66779.852 66779.852 26.91888517512737 26.91888517512737 26.91888517512737 1.6824303234454607 1.6824303234454607 1.6824303234454607
 30896920 32 80631.018 80631.018 80631.018 24.524096669596805 24.524096669596805 24.524096669596805 1.5327560418498003 1.5327560418498003 1.5327560418498003
 33986608 16 48784.971 48784.971 48784.971 22.293165983433713 22.293165983433713 22.293165983433713 1.393322873964607 1.393322873964607 1.393322873964607
 37385264 16 57674.17 57674.17 57674.17 20.742881050563884 20.742881050563884 20.742881050563884 1.2964300656602428 1.2964300656602428 1.2964300656602428
 41123784 16 69887.161 69887.161 69887.161 18.829797478824474 18.829797478824474 18.829797478824474 1.1768623424265297 1.1768623424265297 1.1768623424265297
 45236160 16 80312.967 80312.967 80312.967 18.023952719864027 18.023952719864027 18.023952719864027 1.1264970449915017 1.1264970449915017 1.1264970449915017
 49759776 16 92118.025 92118.025 92118.025 17.285572850698873 17.285572850698873 17.285572850698873 1.0803483031686796 1.0803483031686796 1.0803483031686796
 54735752 16 102397.919 102397.919 102397.919 17.105270117842924 17.105270117842924 17.105270117842924 1.0690793823651827 1.0690793823651827 1.0690793823651827
 60209320 16 113692.045 113692.045 113692.045 16.946640725830907 16.946640725830907 16.946640725830907 1.0591650453644317 1.0591650453644317 1.0591650453644317
 66230248 16 125484.943 125484.943 125484.943 16.889420239048125 16.889420239048125 16.889420239048125 1.0555887649405078 1.0555887649405078 1.0555887649405078
 72853272 8 69133.997 69133.997 69133.997 16.860768978828172 16.860768978828172 16.860768978828172 1.0537980611767608 1.0537980611767608 1.0537980611767608
 80138592 8 75898.886 75898.886 75898.886 16.89375878323168 16.89375878323168 16.89375878323168 1.05585992395198 1.05585992395198 1.05585992395198
 88152448 8 83817.005 83817.005 83817.005 16.827601606619087 16.827601606619087 16.827601606619087 1.051725100413693 1.051725100413693 1.051725100413693
 96967688 8 92089.891 92089.891 92089.891 16.847484464934375 16.847484464934375 16.847484464934375 1.0529677790583984 1.0529677790583984 1.0529677790583984
 106664456 8 101773.977 101773.977 101773.977 16.768837637149623 16.768837637149623 16.768837637149623 1.0480523523218515 1.0480523523218515 1.0480523523218515
 117330896 8 111225.128 111225.128 111225.128 16.8783292926397 16.8783292926397 16.8783292926397 1.0548955807899814 1.0548955807899814 1.0548955807899814
 129063984 8 121172.905 121172.905 121172.905 17.041959537076377 17.041959537076377 17.041959537076377 1.0651224710672735 1.0651224710672735 1.0651224710672735
 141970376 4 66956.043 66956.043 66956.043 16.962815559455926 16.962815559455926 16.962815559455926 1.0601759724659954 1.0601759724659954 1.0601759724659954
 156167408 4 74193.001 74193.001 74193.001 16.839044750326245 16.839044750326245 16.839044750326245 1.0524402968953903 1.0524402968953903 1.0524402968953903
 171784144 4 81507.206 81507.206 81507.206 16.86075648329793 16.86075648329793 16.86075648329793 1.0537972802061206 1.0537972802061206 1.0537972802061206
 188962552 4 89169.025 89169.025 89169.025 16.953201136829747 16.953201136829747 16.953201136829747 1.0595750710518592 1.0595750710518592 1.0595750710518592
 207858800 4 98594.189 98594.189 98594.189 16.86580534680396 16.86580534680396 16.86580534680396 1.0541128341752475 1.0541128341752475 1.0541128341752475
 228644680 4 108474.016 108474.016 108474.016 16.862632245495547 16.862632245495547 16.862632245495547 1.0539145153434717 1.0539145153434717 1.0539145153434717
 251509144 4 118136.883 118136.883 118136.883 17.031710173020226 17.031710173020226 17.031710173020226 1.0644818858137641 1.0644818858137641 1.0644818858137641
 276660056 2 64355.135 64355.135 64355.135 17.195834085345325 17.195834085345325 17.195834085345325 1.0747396303340828 1.0747396303340828 1.0747396303340828
 304326056 2 70551.872 70551.872 70551.872 17.25403153016266 17.25403153016266 17.25403153016266 1.0783769706351662 1.0783769706351662 1.0783769706351662
 334758656 2 78669.071 78669.071 78669.071 17.021106350677513 17.021106350677513 17.021106350677513 1.0638191469173446 1.0638191469173446 1.0638191469173446
 368234520 2 87595.94 87595.94 87595.94 16.815140975711888 16.815140975711888 16.815140975711888 1.050946310981993 1.050946310981993 1.050946310981993
 405057968 2 93798.161 93798.161 93798.161 17.27359955383347 17.27359955383347 17.27359955383347 1.079599972114592 1.079599972114592 1.079599972114592
 445563760 2 103539.944 103539.944 103539.944 17.213212323159066 17.213212323159066 17.213212323159066 1.0758257701974416 1.0758257701974416 1.0758257701974416
 490120136 2 112960.1 112960.1 112960.1 17.35551353088391 17.35551353088391 17.35551353088391 1.0847195956802445 1.0847195956802445 1.0847195956802445
 539132144 1 64074.039 64074.039 64074.039 16.828411394511903 16.828411394511903 16.828411394511903 1.051775712156994 1.051775712156994 1.051775712156994
 593045352 1 133078.098 133078.098 133078.098 8.912741629355116 8.912741629355116 8.912741629355116 0.5570463518346948 0.5570463518346948 0.5570463518346948
 652349880 1 77859.879 77859.879 77859.879 16.757022702282903 16.757022702282903 16.757022702282903 1.0473139188926814 1.0473139188926814 1.0473139188926814
 717584864 1 85824.966 85824.966 85824.966 16.722054139817544 16.722054139817544 16.722054139817544 1.0451283837385965 1.0451283837385965 1.0451283837385965
 789343344 1 94408.035 94408.035 94408.035 16.72195261769827 16.72195261769827 16.72195261769827 1.045122038606142 1.045122038606142 1.045122038606142
 868277672 1 104242.086 104242.086 104242.086 16.65886985415852 16.65886985415852 16.65886985415852 1.0411793658849076 1.0411793658849076 1.0411793658849076
 955105432 1 114336.014 114336.014 114336.014 16.706991936941233 16.706991936941233 16.706991936941233 1.044186996058827 1.044186996058827 1.044186996058827
 1050615968 1 126417.875 126417.875 126417.875 16.621319856863593 16.621319856863593 16.621319856863593 1.0388324910539746 1.0388324910539746 1.0388324910539746
 
META_DATA
 MPI startup(): shm:tmi fabric is unknown or has been removed from the product, please use ofi or shm:ofi instead
 FLOPS          1
 MPI_PROCS      1
 OPENMP_THREADS 1
 ERT_VERSION  1.1.0
 HOSTNAME  ('shas0617.rc.int.colorado.edu', [], ['10.225.7.2'])
 UNAME  uname_result(system='Linux', node='shas0617.rc.int.colorado.edu', release='3.10.0-957.27.2.el7.x86_64', version='#1 SMP Mon Jul 29 17:46:05 UTC 2019', machine='x86_64', processor='x86_64')
 TIMESTAMP_DATA  1664508544.5194106
 CONFIG  {'ERT_RESULTS': ['lab5_results'], 'ERT_DRIVER': ['driver1'], 'ERT_KERNEL': ['kernel1'], 'ERT_MPI': ['True'], 'ERT_MPI_CFLAGS': ['-I/usr/include/mpi'], 'ERT_MPI_LDFLAGS': ['-lmpi'], 'ERT_OPENMP': ['True'], 'ERT_OPENMP_CFLAGS': ['-qopenmp'], 'ERT_OPENMP_LDFLAGS': ['-qopenmp'], 'ERT_FLOPS': ['1'], 'ERT_ALIGN': ['32'], 'ERT_CC': ['mpicc'], 'ERT_CFLAGS': ['-O3', '-msse3', '-axSSE3', '-xSSE3', '-fno-alias', '-fno-fnalias', '-DERT_INTEL', '-std=c++11'], 'ERT_LD': ['mpicc'], 'ERT_LDFLAGS': [], 'ERT_LDLIBS': [], 'ERT_PRECISION': ['FP64'], 'ERT_RUN': ['export', 'OMP_NUM_THREADS=ERT_OPENMP_THREADS;', 'mpirun', '-np', 'ERT_MPI_PROCS', 'ERT_CODE'], 'ERT_PROCS_THREADS': ['1'], 'ERT_MPI_PROCS': ['1'], 'ERT_OPENMP_THREADS': ['1'], 'ERT_NUM_EXPERIMENTS': ['1'], 'ERT_MEMORY_MAX': ['1073741824'], 'ERT_WORKING_SET_MIN': ['1'], 'ERT_TRIALS_MIN': ['1'], 'ERT_GNUPLOT': ['gnuplot'], 'ERT_GPU': [False], 'ERT_HIP': [False], 'ERT_OCL': [False], 'ERT_SYCL': [False], 'ERT_WSS_MULT': [1.1]}
 