fp64
 32 33554432 174811.125 174811.125 174811.125 12.284593717934142 12.284593717934142 12.284593717934142 3.0711484294835354 3.0711484294835354 3.0711484294835354
 64 16777216 92519.999 92519.999 92519.999 23.21102108961329 23.21102108961329 23.21102108961329 5.8027552724033225 5.8027552724033225 5.8027552724033225
 96 8388608 46538.115 46538.115 46538.115 34.6084652547702 34.6084652547702 34.6084652547702 8.65211631369255 8.65211631369255 8.65211631369255
 128 8388608 46216.011 46216.011 46216.011 46.46622678015201 46.46622678015201 46.46622678015201 11.616556695038003 11.616556695038003 11.616556695038003
 160 4194304 23355.007 23355.007 23355.007 57.468502578483495 57.468502578483495 57.468502578483495 14.367125644620874 14.367125644620874 14.367125644620874
 192 4194304 23411.989 23411.989 23411.989 68.79435728421024 68.79435728421024 68.79435728421024 17.19858932105256 17.19858932105256 17.19858932105256
 224 4194304 23185.015 23185.015 23185.015 81.04580445602473 81.04580445602473 81.04580445602473 20.26145111400618 20.26145111400618 20.26145111400618
 256 4194304 23479.939 23479.939 23479.939 91.4603589046803 91.4603589046803 91.4603589046803 22.865089726170076 22.865089726170076 22.865089726170076
 288 2097152 13525.009 13525.009 13525.009 89.31303128892557 89.31303128892557 89.31303128892557 22.328257822231393 22.328257822231393 22.328257822231393
 320 2097152 13159.99 13159.99 13159.99 101.98923251461437 101.98923251461437 101.98923251461437 25.497308128653593 25.497308128653593 25.497308128653593
 352 2097152 15972.853 15972.853 15972.853 92.43151539677977 92.43151539677977 92.43151539677977 23.107878849194943 23.107878849194943 23.107878849194943
 384 2097152 15025.854 15025.854 15025.854 107.18943069725022 107.18943069725022 107.18943069725022 26.797357674312554 26.797357674312554 26.797357674312554
 416 2097152 17400.98 17400.98 17400.98 100.27196537206525 100.27196537206525 100.27196537206525 25.067991343016313 25.067991343016313 25.067991343016313
 448 2097152 17280.102 17280.102 17280.102 108.7405729433773 108.7405729433773 108.7405729433773 27.185143235844325 27.185143235844325 27.185143235844325
 480 2097152 19274.95 19274.95 19274.95 104.44986472079046 104.44986472079046 104.44986472079046 26.112466180197615 26.112466180197615 26.112466180197615
 512 2097152 12995.958 12995.958 12995.958 165.24242753015977 165.24242753015977 165.24242753015977 41.31060688253994 41.31060688253994 41.31060688253994
 544 1048576 7736.921 7736.921 7736.921 147.45538800254002 147.45538800254002 147.45538800254002 36.863847000635005 36.863847000635005 36.863847000635005
 576 1048576 7685.9 7685.9 7685.9 157.16566075540925 157.16566075540925 157.16566075540925 39.29141518885231 39.29141518885231 39.29141518885231
 608 1048576 8929.014 8929.014 8929.014 142.8005842526398 142.8005842526398 142.8005842526398 35.70014606315995 35.70014606315995 35.70014606315995
 640 1048576 8543.015 8543.015 8543.015 157.10814975743344 157.10814975743344 157.10814975743344 39.27703743935836 39.27703743935836 39.27703743935836
 704 1048576 9617.09 9617.09 9617.09 153.51785290560866 153.51785290560866 153.51785290560866 38.379463226402166 38.379463226402166 38.379463226402166
 768 1048576 10601.997 10601.997 10601.997 151.91597733898624 151.91597733898624 151.91597733898624 37.97899433474656 37.97899433474656 37.97899433474656
 832 1048576 11501.074 11501.074 11501.074 151.7102197586069 151.7102197586069 151.7102197586069 37.92755493965173 37.92755493965173 37.92755493965173
 896 1048576 13062.0 13062.0 13062.0 143.85608574490888 143.85608574490888 143.85608574490888 35.96402143622722 35.96402143622722 35.96402143622722
 960 1048576 13398.886 13398.886 13398.886 150.25621682280152 150.25621682280152 150.25621682280152 37.56405420570038 37.56405420570038 37.56405420570038
 1056 524288 6496.906 6496.906 6496.906 170.43439692678328 170.43439692678328 170.43439692678328 42.60859923169582 42.60859923169582 42.60859923169582
 1152 524288 7093.906 7093.906 7093.906 170.28130228959898 170.28130228959898 170.28130228959898 42.570325572399746 42.570325572399746 42.570325572399746
 1248 524288 8605.957 8605.957 8605.957 152.06011928714028 152.06011928714028 152.06011928714028 38.01502982178507 38.01502982178507 38.01502982178507
 1344 524288 8803.844 8803.844 8803.844 160.07622852017823 160.07622852017823 160.07622852017823 40.01905713004456 40.01905713004456 40.01905713004456
 1472 524288 9359.121 9359.121 9359.121 164.91974748483327 164.91974748483327 164.91974748483327 41.22993687120832 41.22993687120832 41.22993687120832
 1600 524288 9010.077 9010.077 9010.077 186.20502355307283 186.20502355307283 186.20502355307283 46.55125588826821 46.55125588826821 46.55125588826821
 1760 524288 11612.892 11612.892 11612.892 158.91767184263836 158.91767184263836 158.91767184263836 39.72941796065959 39.72941796065959 39.72941796065959
 1920 524288 12408.018 12408.018 12408.018 162.25523850787448 162.25523850787448 162.25523850787448 40.56380962696862 40.56380962696862 40.56380962696862
 2112 262144 6219.864 6219.864 6219.864 178.02579863482546 178.02579863482546 178.02579863482546 44.506449658706366 44.506449658706366 44.506449658706366
 2304 262144 7221.937 7221.937 7221.937 167.26254355306614 167.26254355306614 167.26254355306614 41.815635888266534 41.815635888266534 41.815635888266534
 2528 262144 8132.935 8132.935 8132.935 162.96700563818595 162.96700563818595 162.96700563818595 40.74175140954649 40.74175140954649 40.74175140954649
 2752 262144 8514.881 8514.881 8514.881 169.44929424145798 169.44929424145798 169.44929424145798 42.362323560364494 42.362323560364494 42.362323560364494
 3008 262144 9269.953 9269.953 9269.953 170.12581444587693 170.12581444587693 170.12581444587693 42.53145361146923 42.53145361146923 42.53145361146923
 3296 262144 10051.966 10051.966 10051.966 171.91196707191406 171.91196707191406 171.91196707191406 42.977991767978516 42.977991767978516 42.977991767978516
 3616 262144 10403.872 10403.872 10403.872 182.22306156784705 182.22306156784705 182.22306156784705 45.555765391961764 45.555765391961764 45.555765391961764
 3968 262144 11808.157 11808.157 11808.157 176.1811588379118 176.1811588379118 176.1811588379118 44.04528970947795 44.04528970947795 44.04528970947795
 4352 131072 6420.851 6420.851 6420.851 177.67904721663842 177.67904721663842 177.67904721663842 44.419761804159606 44.419761804159606 44.419761804159606
 4768 131072 7036.924 7036.924 7036.924 177.62058990547575 177.62058990547575 177.62058990547575 44.40514747636894 44.40514747636894 44.40514747636894
 5216 131072 7519.96 7519.96 7519.96 181.82850759844467 181.82850759844467 181.82850759844467 45.45712689961117 45.45712689961117 45.45712689961117
 5728 131072 8241.892 8241.892 8241.892 182.1864241851264 182.1864241851264 182.1864241851264 45.5466060462816 45.5466060462816 45.5466060462816
 6272 131072 8875.847 8875.847 8875.847 185.24059371460552 185.24059371460552 185.24059371460552 46.31014842865138 46.31014842865138 46.31014842865138
 6880 131072 9910.107 9910.107 9910.107 181.99104409266218 181.99104409266218 181.99104409266218 45.497761023165545 45.497761023165545 45.497761023165545
 7552 131072 10236.025 10236.025 10236.025 193.40627714371547 193.40627714371547 193.40627714371547 48.35156928592887 48.35156928592887 48.35156928592887
 8288 65536 5506.992 5506.992 5506.992 197.26281352869222 197.26281352869222 197.26281352869222 49.315703382173055 49.315703382173055 49.315703382173055
 9088 65536 6082.058 6082.058 6082.058 195.85185409280874 195.85185409280874 195.85185409280874 48.962963523202184 48.962963523202184 48.962963523202184
 9984 65536 6638.05 6638.05 6638.05 197.13964914395038 197.13964914395038 197.13964914395038 49.284912285987595 49.284912285987595 49.284912285987595
 10976 65536 7779.837 7779.837 7779.837 184.9198475495052 184.9198475495052 184.9198475495052 46.2299618873763 46.2299618873763 46.2299618873763
 12064 65536 8492.947 8492.947 8492.947 186.18420767255463 186.18420767255463 186.18420767255463 46.54605191813866 46.54605191813866 46.54605191813866
 13248 65536 9332.895 9332.895 9332.895 186.05607970517184 186.05607970517184 186.05607970517184 46.51401992629296 46.51401992629296 46.51401992629296
 14560 65536 10236.025 10236.025 10236.025 186.44037309404774 186.44037309404774 186.44037309404774 46.610093273511936 46.610093273511936 46.610093273511936
 16000 65536 12202.978 12202.978 12202.978 171.8557552099168 171.8557552099168 171.8557552099168 42.9639388024792 42.9639388024792 42.9639388024792
 17600 32768 6174.088 6174.088 6174.088 186.81845804594948 186.81845804594948 186.81845804594948 46.70461451148737 46.70461451148737 46.70461451148737
 19360 32768 6973.982 6973.982 6973.982 181.93005946961148 181.93005946961148 181.93005946961148 45.48251486740287 45.48251486740287 45.48251486740287
 21280 32768 7659.912 7659.912 7659.912 182.06554853371682 182.06554853371682 182.06554853371682 45.516387133429205 45.516387133429205 45.516387133429205
 23392 32768 8151.054 8151.054 8151.054 188.07605887533072 188.07605887533072 188.07605887533072 47.01901471883268 47.01901471883268 47.01901471883268
 25728 32768 8864.88 8864.88 8864.88 190.20113165660453 190.20113165660453 190.20113165660453 47.55028291415113 47.55028291415113 47.55028291415113
 28288 32768 9729.147 9729.147 9729.147 190.54932236094285 190.54932236094285 190.54932236094285 47.63733059023571 47.63733059023571 47.63733059023571
 31104 32768 10792.017 10792.017 10792.017 188.88329623646814 188.88329623646814 188.88329623646814 47.220824059117035 47.220824059117035 47.220824059117035
 34208 16384 5935.192 5935.192 5935.192 188.86124391595084 188.86124391595084 188.86124391595084 47.21531097898771 47.21531097898771 47.21531097898771
 37600 16384 6516.933 6516.933 6516.933 189.05776689740404 189.05776689740404 189.05776689740404 47.26444172435101 47.26444172435101 47.26444172435101
 41344 16384 7213.831 7213.831 7213.831 187.80037846741905 187.80037846741905 187.80037846741905 46.95009461685476 46.95009461685476 46.95009461685476
 45472 16384 7845.879 7845.879 7845.879 189.91199023079506 189.91199023079506 189.91199023079506 47.477997557698764 47.477997557698764 47.477997557698764
 50016 16384 8732.08 8732.08 8732.08 187.69002207950453 187.69002207950453 187.69002207950453 46.92250551987613 46.92250551987613 46.92250551987613
 55008 16384 9540.796 9540.796 9540.796 188.9257609113537 188.9257609113537 188.9257609113537 47.231440227838426 47.231440227838426 47.231440227838426
 60480 16384 10479.927 10479.927 10479.927 189.10519510298116 189.10519510298116 189.10519510298116 47.27629877574529 47.27629877574529 47.27629877574529
 66528 8192 5798.817 5798.817 5798.817 187.96846874112424 187.96846874112424 187.96846874112424 46.99211718528106 46.99211718528106 46.99211718528106
 73152 8192 6355.047 6355.047 6355.047 188.59378506563365 188.59378506563365 188.59378506563365 47.14844626640841 47.14844626640841 47.14844626640841
 80448 8192 7009.029 7009.029 7009.029 188.05173041800793 188.05173041800793 188.05173041800793 47.012932604501984 47.012932604501984 47.012932604501984
 88480 8192 7715.94 7715.94 7715.94 187.87812243226364 187.87812243226364 187.87812243226364 46.96953060806591 46.96953060806591 46.96953060806591
 97312 8192 8420.944 8420.944 8420.944 189.33266959143774 189.33266959143774 189.33266959143774 47.333167397859434 47.333167397859434 47.333167397859434
 107040 8192 9237.051 9237.051 9237.051 189.85965975504521 189.85965975504521 189.85965975504521 47.464914938761304 47.464914938761304 47.464914938761304
 117728 8192 10290.861 10290.861 10290.861 187.4338359054699 187.4338359054699 187.4338359054699 46.85845897636747 46.85845897636747 46.85845897636747
 129472 8192 11242.867 11242.867 11242.867 188.67689602660957 188.67689602660957 188.67689602660957 47.16922400665239 47.16922400665239 47.16922400665239
 142400 4096 6744.862 6744.862 6744.862 172.95250814620076 172.95250814620076 172.95250814620076 43.23812703655019 43.23812703655019 43.23812703655019
 156640 4096 7588.863 7588.863 7588.863 169.08921402323378 169.08921402323378 169.08921402323378 42.272303505808445 42.272303505808445 42.272303505808445
 172288 4096 8334.875 8334.875 8334.875 169.33466860630782 169.33466860630782 169.33466860630782 42.333667151576954 42.333667151576954 42.333667151576954
 189504 4096 9172.201 9172.201 9172.201 169.25237115933243 169.25237115933243 169.25237115933243 42.31309278983311 42.31309278983311 42.31309278983311
 208448 4096 10107.04 10107.04 10107.04 168.9521379157498 168.9521379157498 168.9521379157498 42.23803447893745 42.23803447893745 42.23803447893745
 229280 4096 11119.127 11119.127 11119.127 168.9216932228582 168.9216932228582 168.9216932228582 42.23042330571455 42.23042330571455 42.23042330571455
 252192 4096 12186.05 12186.05 12186.05 169.53457962178067 169.53457962178067 169.53457962178067 42.383644905445166 42.383644905445166 42.383644905445166
 277408 2048 6693.84 6693.84 6693.84 169.7475840474227 169.7475840474227 169.7475840474227 42.43689601185567 42.43689601185567 42.43689601185567
 305120 2048 7373.095 7373.095 7373.095 169.50432891479085 169.50432891479085 169.50432891479085 42.37608222869771 42.37608222869771 42.37608222869771
 335616 2048 8085.966 8085.966 8085.966 170.00852291488735 170.00852291488735 170.00852291488735 42.50213072872184 42.50213072872184 42.50213072872184
 369152 2048 8906.126 8906.126 8906.126 169.77601619379737 169.77601619379737 169.77601619379737 42.444004048449344 42.444004048449344 42.444004048449344
 406048 2048 9816.17 9816.17 9816.17 169.43192793115847 169.43192793115847 169.43192793115847 42.35798198278962 42.35798198278962 42.35798198278962
 446624 2048 10802.984 10802.984 10802.984 169.33949953087037 169.33949953087037 169.33949953087037 42.33487488271759 42.33487488271759 42.33487488271759
 491264 2048 11909.008 11909.008 11909.008 168.96599145789475 168.96599145789475 168.96599145789475 42.241497864473686 42.241497864473686 42.241497864473686
 540384 1024 6602.049 6602.049 6602.049 167.63075099866722 167.63075099866722 167.63075099866722 41.907687749666806 41.907687749666806 41.907687749666806
 594400 1024 7222.891 7222.891 7222.891 168.537944155602 168.537944155602 168.537944155602 42.1344860389005 42.1344860389005 42.1344860389005
 653824 1024 7900.0 7900.0 7900.0 169.49766481012657 169.49766481012657 169.49766481012657 42.37441620253164 42.37441620253164 42.37441620253164
 719200 1024 8697.987 8697.987 8697.987 169.34051522495955 169.34051522495955 169.34051522495955 42.33512880623989 42.33512880623989 42.33512880623989
 791104 1024 9590.864 9590.864 9590.864 168.92961801981554 168.92961801981554 168.92961801981554 42.232404504953884 42.232404504953884 42.232404504953884
 870208 1024 10563.135 10563.135 10563.135 168.7175241062431 168.7175241062431 168.7175241062431 42.179381026560776 42.179381026560776 42.179381026560776
 957216 1024 11644.84 11644.84 11644.84 168.34738545141025 168.34738545141025 168.34738545141025 42.08684636285256 42.08684636285256 42.08684636285256
 1052928 512 6496.906 6496.906 6496.906 165.95565212117893 165.95565212117893 165.95565212117893 41.48891303029473 41.48891303029473 41.48891303029473
 1158208 512 9139.061 9139.061 9139.061 129.7731782291419 129.7731782291419 129.7731782291419 32.443294557285476 32.443294557285476 32.443294557285476
 1274016 512 9934.902 9934.902 9934.902 131.31406671147838 131.31406671147838 131.31406671147838 32.828516677869594 32.828516677869594 32.828516677869594
 1401408 512 11304.855 11304.855 11304.855 126.94030945111638 126.94030945111638 126.94030945111638 31.735077362779094 31.735077362779094 31.735077362779094
 1541536 512 12381.077 12381.077 12381.077 127.49560187696112 127.49560187696112 127.49560187696112 31.87390046924028 31.87390046924028 31.87390046924028
 1695680 512 13614.893 13614.893 13614.893 127.53506913348492 127.53506913348492 127.53506913348492 31.88376728337123 31.88376728337123 31.88376728337123
 1865248 512 14940.023 14940.023 14940.023 127.8454492339135 127.8454492339135 127.8454492339135 31.961362308478375 31.961362308478375 31.961362308478375
 2051744 512 16412.973 16412.973 16412.973 128.00763493609597 128.00763493609597 128.00763493609597 32.00190873402399 32.00190873402399 32.00190873402399
 2256896 256 9130.955 9130.955 9130.955 126.5509195916528 126.5509195916528 126.5509195916528 31.6377298979132 31.6377298979132 31.6377298979132
 2482560 256 9627.104 9627.104 9627.104 132.0304340744631 132.0304340744631 132.0304340744631 33.007608518615775 33.007608518615775 33.007608518615775
 2730816 256 10571.957 10571.957 10571.957 132.2534505200882 132.2534505200882 132.2534505200882 33.06336263002205 33.06336263002205 33.06336263002205
 3003872 256 11703.014 11703.014 11703.014 131.41763856729557 131.41763856729557 131.41763856729557 32.85440964182389 32.85440964182389 32.85440964182389
 3304256 256 12741.089 12741.089 12741.089 132.78135581660248 132.78135581660248 132.78135581660248 33.19533895415062 33.19533895415062 33.19533895415062
 3634656 256 14005.184 14005.184 14005.184 132.87536043796356 132.87536043796356 132.87536043796356 33.21884010949089 33.21884010949089 33.21884010949089
 3998112 256 15396.118 15396.118 15396.118 132.95775883245372 132.95775883245372 132.95775883245372 33.23943970811343 33.23943970811343 33.23943970811343
 4397920 128 8481.979 8481.979 8481.979 132.73641917764712 132.73641917764712 132.73641917764712 33.18410479441178 33.18410479441178 33.18410479441178
 4837696 128 9351.969 9351.969 9351.969 132.42667677790635 132.42667677790635 132.42667677790635 33.10666919447659 33.10666919447659 33.10666919447659
 5321440 128 10317.087 10317.087 10317.087 132.04198433143 132.04198433143 132.04198433143 33.0104960828575 33.0104960828575 33.0104960828575
 5853568 128 11288.881 11288.881 11288.881 132.74242221173208 132.74242221173208 132.74242221173208 33.18560555293302 33.18560555293302 33.18560555293302
 6438912 128 12696.028 12696.028 12696.028 129.83284787966755 129.83284787966755 129.83284787966755 32.45821196991689 32.45821196991689 32.45821196991689
 7082784 128 13695.002 13695.002 13695.002 132.39813356726782 132.39813356726782 132.39813356726782 33.099533391816955 33.099533391816955 33.099533391816955
 7791040 128 15025.854 15025.854 15025.854 132.7382949415055 132.7382949415055 132.7382949415055 33.184573735376375 33.184573735376375 33.184573735376375
 8570144 64 8266.211 8266.211 8266.211 132.70631877168393 132.70631877168393 132.70631877168393 33.17657969292098 33.17657969292098 33.17657969292098
 9427136 64 9351.969 9351.969 9351.969 129.02880751636366 129.02880751636366 129.02880751636366 32.257201879090914 32.257201879090914 32.257201879090914
 10369824 64 10024.071 10024.071 10024.071 132.415011026957 132.415011026957 132.415011026957 33.10375275673925 33.10375275673925 33.10375275673925
 11406784 64 11036.873 11036.873 11036.873 132.29003831067007 132.29003831067007 132.29003831067007 33.07250957766752 33.07250957766752 33.07250957766752
 12547456 64 12143.85 12143.85 12143.85 132.25413423255392 132.25413423255392 132.25413423255392 33.06353355813848 33.06353355813848 33.06353355813848
 13802176 64 13345.003 13345.003 13345.003 132.3850229183163 132.3850229183163 132.3850229183163 33.09625572957908 33.09625572957908 33.09625572957908
 15182368 64 14714.003 14714.003 14714.003 132.07439906054117 132.07439906054117 132.07439906054117 33.01859976513529 33.01859976513529 33.01859976513529
 16700576 64 16182.899 16182.899 16182.899 132.0946097482287 132.0946097482287 132.0946097482287 33.02365243705717 33.02365243705717 33.02365243705717
 18370624 32 8935.928 8935.928 8935.928 131.57222573861384 131.57222573861384 131.57222573861384 32.89305643465346 32.89305643465346 32.89305643465346
 20207680 32 9848.118 9848.118 9848.118 131.3237229692008 131.3237229692008 131.3237229692008 32.8309307423002 32.8309307423002 32.8309307423002
 22228448 32 10828.972 10828.972 10828.972 131.37171949470368 131.37171949470368 131.37171949470368 32.84292987367592 32.84292987367592 32.84292987367592
 24451264 32 11873.007 11873.007 11873.007 131.80156433833486 131.80156433833486 131.80156433833486 32.950391084583714 32.950391084583714 32.950391084583714
 26896384 32 13642.073 13642.073 13642.073 126.18086532743226 126.18086532743226 126.18086532743226 31.545216331858065 31.545216331858065 31.545216331858065
 29586016 32 14444.828 14444.828 14444.828 131.08532853419922 131.08532853419922 131.08532853419922 32.771332133549805 32.771332133549805 32.771332133549805
 32544608 32 16149.998 16149.998 16149.998 128.96936036772266 128.96936036772266 128.96936036772266 32.242340091930664 32.242340091930664 32.242340091930664
 35799040 16 9119.034 9119.034 9119.034 125.62397289011093 125.62397289011093 125.62397289011093 31.405993222527734 31.405993222527734 31.405993222527734
 39378944 16 10066.986 10066.986 10066.986 125.17412937695552 125.17412937695552 125.17412937695552 31.29353234423888 31.29353234423888 31.29353234423888
 43316832 16 10613.918 10613.918 10613.918 130.59631928567754 130.59631928567754 130.59631928567754 32.649079821419384 32.649079821419384 32.649079821419384
 47648512 16 11809.826 11809.826 11809.826 129.1087933048294 129.1087933048294 129.1087933048294 32.27719832620735 32.27719832620735 32.27719832620735
 52413344 16 13523.817 13523.817 13523.817 124.02023836909359 124.02023836909359 124.02023836909359 31.005059592273398 31.005059592273398 31.005059592273398
 57654656 16 17328.978 17328.978 17328.978 106.46611658229355 106.46611658229355 106.46611658229355 26.616529145573388 26.616529145573388 26.616529145573388
 63420096 16 22868.156 22868.156 22868.156 88.7453746598545 88.7453746598545 88.7453746598545 22.186343664963626 22.186343664963626 22.186343664963626
 69762080 8 14157.057 14157.057 14157.057 78.84359581232172 78.84359581232172 78.84359581232172 19.71089895308043 19.71089895308043 19.71089895308043
 76738272 8 16566.992 16566.992 16566.992 74.11196625193034 74.11196625193034 74.11196625193034 18.527991562982585 18.527991562982585 18.527991562982585
 84412096 8 18910.885 18910.885 18910.885 71.41884348617212 71.41884348617212 71.41884348617212 17.85471087154303 17.85471087154303 17.85471087154303
 92853280 8 21053.076 21053.076 21053.076 70.5670031305639 70.5670031305639 70.5670031305639 17.641750782640976 17.641750782640976 17.641750782640976
 102138592 8 23274.899 23274.899 23274.899 70.21372990705567 70.21372990705567 70.21372990705567 17.553432476763916 17.553432476763916 17.553432476763916
 112352448 8 26236.057 26236.057 26236.057 68.51788620523274 68.51788620523274 68.51788620523274 17.129471551308185 17.129471551308185 17.129471551308185
 123587680 8 29415.131 29415.131 29415.131 67.22400386386177 67.22400386386177 67.22400386386177 16.806000965965442 16.806000965965442 16.806000965965442
 135946432 4 16004.086 16004.086 16004.086 67.95586177180003 67.95586177180003 67.95586177180003 16.988965442950008 16.988965442950008 16.988965442950008
 149541056 4 17309.904 17309.904 17309.904 69.11236757869946 69.11236757869946 69.11236757869946 17.278091894674866 17.278091894674866 17.278091894674866
 164495136 4 19131.899 19131.899 19131.899 68.78361045079737 68.78361045079737 68.78361045079737 17.195902612699342 17.195902612699342 17.195902612699342
 180944640 4 21287.918 21287.918 21287.918 67.998999244548 67.998999244548 67.998999244548 16.999749811137 16.999749811137 16.999749811137
 199039104 4 23631.096 23631.096 23631.096 67.38209823192288 67.38209823192288 67.38209823192288 16.84552455798072 16.84552455798072 16.84552455798072
 218943008 4 25741.1 25741.1 25741.1 68.04464704305566 68.04464704305566 68.04464704305566 17.011161760763915 17.011161760763915 17.011161760763915
 240837280 4 27851.105 27851.105 27851.105 69.17852056498296 69.17852056498296 69.17852056498296 17.29463014124574 17.29463014124574 17.29463014124574
 264920992 4 31240.94 31240.94 31240.94 67.83944196301393 67.83944196301393 67.83944196301393 16.95986049075348 16.95986049075348 16.95986049075348
 291413088 2 17359.972 17359.972 17359.972 67.14598111102943 67.14598111102943 67.14598111102943 16.786495277757357 16.786495277757357 16.786495277757357
 320554368 2 18663.883 18663.883 18663.883 68.70046667137807 68.70046667137807 68.70046667137807 17.175116667844517 17.175116667844517 17.175116667844517
 352609792 2 20379.782 20379.782 20379.782 69.20776522535913 69.20776522535913 69.20776522535913 17.30194130633978 17.30194130633978 17.30194130633978
 387870752 2 22762.06 22762.06 22762.06 68.16092251755772 68.16092251755772 68.16092251755772 17.04023062938943 17.04023062938943 17.04023062938943
 426657824 2 25480.986 25480.986 25480.986 66.97665843857062 66.97665843857062 66.97665843857062 16.744164609642656 16.744164609642656 16.744164609642656
 469323584 2 27801.991 27801.991 27801.991 67.52373727478727 67.52373727478727 67.52373727478727 16.880934318696816 16.880934318696816 16.880934318696816
 516255936 2 30316.83 30316.83 30316.83 68.11476476927172 68.11476476927172 68.11476476927172 17.02869119231793 17.02869119231793 17.02869119231793
 567881504 1 16373.158 16373.158 16373.158 69.36737604315552 69.36737604315552 69.36737604315552 17.34184401078888 17.34184401078888 17.34184401078888
 624669632 1 18199.921 18199.921 18199.921 68.64531247141129 68.64531247141129 68.64531247141129 17.161328117852822 17.161328117852822 17.161328117852822
 687136576 1 20056.009 20056.009 20056.009 68.52176582090684 68.52176582090684 68.52176582090684 17.13044145522671 17.13044145522671 17.13044145522671
 755850208 1 22346.02 22346.02 22346.02 67.64964928877716 67.64964928877716 67.64964928877716 16.91241232219429 16.91241232219429 16.91241232219429
 831435200 1 24613.857 24613.857 24613.857 67.55830262603703 67.55830262603703 67.55830262603703 16.88957565650926 16.88957565650926 16.88957565650926
 914578720 1 26627.064 26627.064 26627.064 68.69542357354908 68.69542357354908 68.69542357354908 17.17385589338727 17.17385589338727 17.17385589338727
 1006036576 1 29067.039 29067.039 29067.039 69.2218134774581 69.2218134774581 69.2218134774581 17.305453369364525 17.305453369364525 17.305453369364525
 
META_DATA
 MPI startup(): shm:tmi fabric is unknown or has been removed from the product, please use ofi or shm:ofi instead
 FLOPS          4
 MPI_PROCS      1
 OPENMP_THREADS 4
 ERT_VERSION  1.1.0
 HOSTNAME  ('shas0420.rc.int.colorado.edu', [], ['10.225.6.135'])
 UNAME  uname_result(system='Linux', node='shas0420.rc.int.colorado.edu', release='3.10.0-957.27.2.el7.x86_64', version='#1 SMP Mon Jul 29 17:46:05 UTC 2019', machine='x86_64', processor='x86_64')
 TIMESTAMP_DATA  1664555082.5409992
 CONFIG  {'ERT_RESULTS': ['lab5_results'], 'ERT_DRIVER': ['driver1'], 'ERT_KERNEL': ['kernel1'], 'ERT_MPI': ['True'], 'ERT_MPI_CFLAGS': ['-I/usr/include/mpi'], 'ERT_MPI_LDFLAGS': ['-lmpi'], 'ERT_OPENMP': ['True'], 'ERT_OPENMP_CFLAGS': ['-qopenmp'], 'ERT_OPENMP_LDFLAGS': ['-qopenmp'], 'ERT_FLOPS': ['1,2,4,8,16'], 'ERT_ALIGN': ['32'], 'ERT_CC': ['mpicc'], 'ERT_CFLAGS': ['-O3', '-msse3', '-axSSE3', '-xSSE3', '-fno-alias', '-fno-fnalias', '-DERT_INTEL', '-std=c++11'], 'ERT_LD': ['mpicc'], 'ERT_LDFLAGS': [], 'ERT_LDLIBS': [], 'ERT_PRECISION': ['FP64'], 'ERT_RUN': ['export', 'OMP_NUM_THREADS=ERT_OPENMP_THREADS;', 'mpirun', '-np', 'ERT_MPI_PROCS', 'ERT_CODE'], 'ERT_PROCS_THREADS': ['1-24'], 'ERT_MPI_PROCS': ['1,2,4,8,12,24'], 'ERT_OPENMP_THREADS': ['1,2,4,8,12,24'], 'ERT_NUM_EXPERIMENTS': ['1'], 'ERT_MEMORY_MAX': ['1073741824'], 'ERT_WORKING_SET_MIN': ['1'], 'ERT_TRIALS_MIN': ['1'], 'ERT_GNUPLOT': ['gnuplot'], 'ERT_GPU': [False], 'ERT_HIP': [False], 'ERT_OCL': [False], 'ERT_SYCL': [False], 'ERT_WSS_MULT': [1.1]}
 