fp64
 16 67108864 517538.071 517538.071 517538.071 4.1494215949187625 4.1494215949187625 4.1494215949187625 0.25933884968242266 0.25933884968242266 0.25933884968242266
 32 33554432 282618.999 282618.999 282618.999 7.598511266399326 7.598511266399326 7.598511266399326 0.47490695414995787 0.47490695414995787 0.47490695414995787
 48 16777216 141113.997 141113.997 141113.997 11.41355762178574 11.41355762178574 11.41355762178574 0.7133473513616088 0.7133473513616088 0.7133473513616088
 64 16777216 197658.062 197658.062 197658.062 10.86463980406729 10.86463980406729 10.86463980406729 0.6790399877542056 0.6790399877542056 0.6790399877542056
 80 8388608 78090.191 78090.191 78090.191 17.187527176108457 17.187527176108457 17.187527176108457 1.0742204485067786 1.0742204485067786 1.0742204485067786
 96 8388608 113687.992 113687.992 113687.992 14.166955609524706 14.166955609524706 14.166955609524706 0.8854347255952941 0.8854347255952941 0.8854347255952941
 112 8388608 91897.011 91897.011 91897.011 20.447326540359402 20.447326540359402 20.447326540359402 1.2779579087724626 1.2779579087724626 1.2779579087724626
 128 8388608 127155.066 127155.066 127155.066 16.88869909437977 16.88869909437977 16.88869909437977 1.0555436933987357 1.0555436933987357 1.0555436933987357
 144 4194304 60066.938 60066.938 60066.938 20.110223564250933 20.110223564250933 20.110223564250933 1.2568889727656833 1.2568889727656833 1.2568889727656833
 160 4194304 70662.975 70662.975 70662.975 18.99406697779141 18.99406697779141 18.99406697779141 1.187129186111963 1.187129186111963 1.187129186111963
 176 4194304 71614.981 71614.981 71614.981 20.615728544283215 20.615728544283215 20.615728544283215 1.288483034017701 1.288483034017701 1.288483034017701
 192 4194304 77739.0 77739.0 77739.0 20.718207540616678 20.718207540616678 20.718207540616678 1.2948879712885424 1.2948879712885424 1.2948879712885424
 208 4194304 74174.881 74174.881 74174.881 23.523198695795685 23.523198695795685 23.523198695795685 1.4701999184872303 1.4701999184872303 1.4701999184872303
 224 4194304 85235.834 85235.834 85235.834 22.045284287357358 22.045284287357358 22.045284287357358 1.3778302679598349 1.3778302679598349 1.3778302679598349
 240 4194304 81236.124 81236.124 81236.124 24.78288993699404 24.78288993699404 24.78288993699404 1.5489306210621274 1.5489306210621274 1.5489306210621274
 256 4194304 45681.953 45681.953 45681.953 47.009453558169895 47.009453558169895 47.009453558169895 2.9380908473856184 2.9380908473856184 2.9380908473856184
 272 2097152 28266.907 28266.907 28266.907 40.359940618901106 40.359940618901106 40.359940618901106 2.522496288681319 2.522496288681319 2.522496288681319
 288 2097152 28517.962 28517.962 28517.962 42.35784983513197 42.35784983513197 42.35784983513197 2.6473656146957483 2.6473656146957483 2.6473656146957483
 304 2097152 32126.904 32126.904 32126.904 39.68849335746763 39.68849335746763 39.68849335746763 2.4805308348417268 2.4805308348417268 2.4805308348417268
 320 2097152 33690.214 33690.214 33690.214 39.838787607582425 39.838787607582425 39.838787607582425 2.4899242254739016 2.4899242254739016 2.4899242254739016
 352 2097152 37461.042 37461.042 37461.042 39.41147734224798 39.41147734224798 39.41147734224798 2.4632173338904986 2.4632173338904986 2.4632173338904986
 384 2097152 40911.913 40911.913 40911.913 39.36781777962815 39.36781777962815 39.36781777962815 2.460488611226759 2.460488611226759 2.460488611226759
 416 2097152 44457.912 44457.912 44457.912 39.24679287682247 39.24679287682247 39.24679287682247 2.4529245548014043 2.4529245548014043 2.4529245548014043
 448 2097152 48253.059 48253.059 48253.059 38.941535126301524 38.941535126301524 38.941535126301524 2.4338459453938452 2.4338459453938452 2.4338459453938452
 480 2097152 51463.127 51463.127 51463.127 39.12055169131094 39.12055169131094 39.12055169131094 2.445034480706934 2.445034480706934 2.445034480706934
 528 1048576 23899.078 23899.078 23899.078 46.33217465544068 46.33217465544068 46.33217465544068 2.8957609159650426 2.8957609159650426 2.8957609159650426
 576 1048576 26366.949 26366.949 26366.949 45.81339888813074 45.81339888813074 45.81339888813074 2.8633374305081714 2.8633374305081714 2.8633374305081714
 624 1048576 29842.138 29842.138 29842.138 43.85151117523818 43.85151117523818 43.85151117523818 2.7407194484523862 2.7407194484523862 2.7407194484523862
 672 1048576 31736.135 31736.135 31736.135 44.40635710681216 44.40635710681216 44.40635710681216 2.77539731917576 2.77539731917576 2.77539731917576
 736 1048576 35457.134 35457.134 35457.134 43.531546345511174 43.531546345511174 43.531546345511174 2.7207216465944484 2.7207216465944484 2.7207216465944484
 800 1048576 35524.13 35524.13 35524.13 47.22766187377425 47.22766187377425 47.22766187377425 2.9517288671108908 2.9517288671108908 2.9517288671108908
 880 1048576 40026.903 40026.903 40026.903 46.106334032388176 46.106334032388176 46.106334032388176 2.881645877024261 2.881645877024261 2.881645877024261
 960 1048576 44322.968 44322.968 44322.968 45.42263324965061 45.42263324965061 45.42263324965061 2.838914578103163 2.838914578103163 2.838914578103163
 1056 524288 22967.1 22967.1 22967.1 48.21228000052249 48.21228000052249 48.21228000052249 3.0132675000326556 3.0132675000326556 3.0132675000326556
 1152 524288 25602.102 25602.102 25602.102 47.18204591169897 47.18204591169897 47.18204591169897 2.9488778694811857 2.9488778694811857 2.9488778694811857
 1264 524288 29896.021 29896.021 29896.021 44.33366112500389 44.33366112500389 44.33366112500389 2.7708538203127433 2.7708538203127433 2.7708538203127433
 1376 524288 30022.144 30022.144 30022.144 48.05921176049252 48.05921176049252 48.05921176049252 3.0037007350307827 3.0037007350307827 3.0037007350307827
 1504 524288 33572.912 33572.912 33572.912 46.974129143161605 46.974129143161605 46.974129143161605 2.9358830714476003 2.9358830714476003 2.9358830714476003
 1648 524288 36140.919 36140.919 36140.919 47.81431396362665 47.81431396362665 47.81431396362665 2.988394622726666 2.988394622726666 2.988394622726666
 1808 524288 38515.091 38515.091 38515.091 49.22292428180943 49.22292428180943 49.22292428180943 3.0764327676130896 3.0764327676130896 3.0764327676130896
 1984 524288 43375.969 43375.969 43375.969 47.96145958145627 47.96145958145627 47.96145958145627 2.9975912238410167 2.9975912238410167 2.9975912238410167
 2176 262144 23389.816 23389.816 23389.816 48.775530683952375 48.775530683952375 48.775530683952375 3.0484706677470235 3.0484706677470235 3.0484706677470235
 2384 262144 25607.109 25607.109 25607.109 48.81076547922688 48.81076547922688 48.81076547922688 3.05067284245168 3.05067284245168 3.05067284245168
 2608 262144 27837.038 27837.038 27837.038 49.11956164301675 49.11956164301675 49.11956164301675 3.069972602688547 3.069972602688547 3.069972602688547
 2864 262144 30508.041 30508.041 30508.041 49.218526748407086 49.218526748407086 49.218526748407086 3.076157921775443 3.076157921775443 3.076157921775443
 3136 262144 33139.944 33139.944 33139.944 49.61285293662536 49.61285293662536 49.61285293662536 3.100803308539085 3.100803308539085 3.100803308539085
 3440 262144 36537.886 36537.886 36537.886 49.36111301020536 49.36111301020536 49.36111301020536 3.085069563137835 3.085069563137835 3.085069563137835
 3776 262144 40246.964 40246.964 40246.964 49.189088846552494 49.189088846552494 49.189088846552494 3.074318052909531 3.074318052909531 3.074318052909531
 4144 131072 21839.857 21839.857 21839.857 49.740469271387624 49.740469271387624 49.740469271387624 3.1087793294617265 3.1087793294617265 3.1087793294617265
 4544 131072 24089.813 24089.813 24089.813 49.44755428363018 49.44755428363018 49.44755428363018 3.0904721427268864 3.0904721427268864 3.0904721427268864
 4992 131072 26267.052 26267.052 26267.052 49.81993594104127 49.81993594104127 49.81993594104127 3.1137459963150795 3.1137459963150795 3.1137459963150795
 5488 131072 28867.96 28867.96 28867.96 49.83539785977256 49.83539785977256 49.83539785977256 3.114712366235785 3.114712366235785 3.114712366235785
 6032 131072 31698.942 31698.942 31698.942 49.88345062115953 49.88345062115953 49.88345062115953 3.117715663822471 3.117715663822471 3.117715663822471
 6624 131072 34922.123 34922.123 34922.123 49.72326155543293 49.72326155543293 49.72326155543293 3.107703847214558 3.107703847214558 3.107703847214558
 7280 131072 38213.968 38213.968 38213.968 49.94007217465613 49.94007217465613 49.94007217465613 3.121254510916008 3.121254510916008 3.121254510916008
 8000 131072 41962.147 41962.147 41962.147 49.97723305244605 49.97723305244605 49.97723305244605 3.1235770657778783 3.1235770657778783 3.1235770657778783
 8800 65536 24015.903 24015.903 24015.903 48.02790884023808 48.02790884023808 48.02790884023808 3.00174430251488 3.00174430251488 3.00174430251488
 9680 65536 26306.868 26306.868 26306.868 48.229875179363816 48.229875179363816 48.229875179363816 3.0143671987102385 3.0143671987102385 3.0143671987102385
 10640 65536 28731.108 28731.108 28731.108 48.539933788839605 48.539933788839605 48.539933788839605 3.0337458618024753 3.0337458618024753 3.0337458618024753
 11696 65536 31495.094 31495.094 31495.094 48.67482256125351 48.67482256125351 48.67482256125351 3.042176410078344 3.042176410078344 3.042176410078344
 12864 65536 38946.867 38946.867 38946.867 43.29257621672111 43.29257621672111 43.29257621672111 2.7057860135450693 2.7057860135450693 2.7057860135450693
 14144 65536 37794.113 37794.113 37794.113 49.05214650757911 49.05214650757911 49.05214650757911 3.0657591567236944 3.0657591567236944 3.0657591567236944
 15552 65536 41522.026 41522.026 41522.026 49.092781358982826 49.092781358982826 49.092781358982826 3.0682988349364266 3.0682988349364266 3.0682988349364266
 17104 32768 22783.995 22783.995 22783.995 49.19803326852908 49.19803326852908 49.19803326852908 3.0748770792830675 3.0748770792830675 3.0748770792830675
 18800 32768 24904.966 24904.966 24904.966 49.47112957311405 49.47112957311405 49.47112957311405 3.091945598319628 3.091945598319628 3.091945598319628
 20672 32768 27534.962 27534.962 27534.962 49.20145493572863 49.20145493572863 49.20145493572863 3.075090933483039 3.075090933483039 3.075090933483039
 22736 32768 30069.113 30069.113 30069.113 49.55339041760227 49.55339041760227 49.55339041760227 3.097086901100142 3.097086901100142 3.097086901100142
 25008 32768 32978.058 32978.058 32978.058 49.69741662774685 49.69741662774685 49.69741662774685 3.106088539234178 3.106088539234178 3.106088539234178
 27504 32768 36184.072 36184.072 36184.072 49.81479541606042 49.81479541606042 49.81479541606042 3.1134247135037763 3.1134247135037763 3.1134247135037763
 30240 32768 39690.018 39690.018 39690.018 49.93216783121641 49.93216783121641 49.93216783121641 3.1207604894510257 3.1207604894510257 3.1207604894510257
 33264 16384 21863.937 21863.937 21863.937 49.853544309060155 49.853544309060155 49.853544309060155 3.1158465193162597 3.1158465193162597 3.1158465193162597
 36576 16384 23993.015 23993.015 23993.015 49.95297039575893 49.95297039575893 49.95297039575893 3.1220606497349332 3.1220606497349332 3.1220606497349332
 40224 16384 26364.088 26364.088 26364.088 49.994524066222205 49.994524066222205 49.994524066222205 3.124657754138888 3.124657754138888 3.124657754138888
 44240 16384 28984.07 28984.07 28984.07 50.01562306466966 50.01562306466966 50.01562306466966 3.125976441541854 3.125976441541854 3.125976441541854
 48656 16384 31860.113 31860.113 31860.113 50.04250323908142 50.04250323908142 50.04250323908142 3.1276564524425887 3.1276564524425887 3.1276564524425887
 53520 16384 34938.097 34938.097 34938.097 50.195732183123766 50.195732183123766 50.195732183123766 3.1372332614452354 3.1372332614452354 3.1372332614452354
 58864 16384 38522.959 38522.959 38522.959 50.07028541083773 50.07028541083773 50.07028541083773 3.129392838177358 3.129392838177358 3.129392838177358
 64736 16384 42325.02 42325.02 42325.02 50.11856457480705 50.11856457480705 50.11856457480705 3.132410285925441 3.132410285925441 3.132410285925441
 71200 8192 25002.956 25002.956 25002.956 46.656115380917356 46.656115380917356 46.656115380917356 2.9160072113073348 2.9160072113073348 2.9160072113073348
 78320 8192 28350.115 28350.115 28350.115 45.26242239229011 45.26242239229011 45.26242239229011 2.828901399518132 2.828901399518132 2.828901399518132
 86144 8192 31185.865 31185.865 31185.865 45.25714762120595 45.25714762120595 45.25714762120595 2.828571726325372 2.828571726325372 2.828571726325372
 94752 8192 34355.879 34355.879 34355.879 45.18634985296112 45.18634985296112 45.18634985296112 2.82414686581007 2.82414686581007 2.82414686581007
 104224 8192 37688.017 37688.017 37688.017 45.30899081265008 45.30899081265008 45.30899081265008 2.83181192579063 2.83181192579063 2.83181192579063
 114640 8192 41600.943 41600.943 41600.943 45.149499615910145 45.149499615910145 45.149499615910145 2.821843725994384 2.821843725994384 2.821843725994384
 126096 8192 45624.971 45624.971 45624.971 45.28127511576939 45.28127511576939 45.28127511576939 2.830079694735587 2.830079694735587 2.830079694735587
 138704 4096 25192.022 25192.022 25192.022 45.104087635363285 45.104087635363285 45.104087635363285 2.8190054772102053 2.8190054772102053 2.8190054772102053
 152560 4096 27774.096 27774.096 27774.096 44.997738900304796 44.997738900304796 44.997738900304796 2.8123586812690498 2.8123586812690498 2.8123586812690498
 167808 4096 30401.945 30401.945 30401.945 45.216947007831244 45.216947007831244 45.216947007831244 2.8260591879894528 2.8260591879894528 2.8260591879894528
 184576 4096 33710.003 33710.003 33710.003 44.854537449907674 44.854537449907674 44.854537449907674 2.8034085906192296 2.8034085906192296 2.8034085906192296
 203024 4096 36952.019 36952.019 36952.019 45.008977939743964 45.008977939743964 45.008977939743964 2.8130611212339978 2.8130611212339978 2.8130611212339978
 223312 4096 40472.984 40472.984 40472.984 45.199827717175495 45.199827717175495 45.199827717175495 2.8249892323234684 2.8249892323234684 2.8249892323234684
 245632 4096 44492.96 44492.96 44492.96 45.22552206011918 45.22552206011918 45.22552206011918 2.826595128757449 2.826595128757449 2.826595128757449
 270192 2048 28901.1 28901.1 28901.1 38.29288269304629 38.29288269304629 38.29288269304629 2.393305168315393 2.393305168315393 2.393305168315393
 297200 2048 27022.123 27022.123 27022.123 45.04942857376528 45.04942857376528 45.04942857376528 2.81558928586033 2.81558928586033 2.81558928586033
 326912 2048 29677.153 29677.153 29677.153 45.1199463776057 45.1199463776057 45.1199463776057 2.8199966486003563 2.8199966486003563 2.8199966486003563
 359600 2048 32699.108 32699.108 32699.108 45.04470274846641 45.04470274846641 45.04470274846641 2.815293921779151 2.815293921779151 2.815293921779151
 395552 2048 36183.834 36183.834 36183.834 44.77637698647412 44.77637698647412 44.77637698647412 2.7985235616546325 2.7985235616546325 2.7985235616546325
 435104 2048 39875.984 39875.984 39875.984 44.69321644827624 44.69321644827624 44.69321644827624 2.793326028017265 2.793326028017265 2.793326028017265
 478608 2048 43879.032 43879.032 43879.032 44.67688275347551 44.67688275347551 44.67688275347551 2.7923051720922194 2.7923051720922194 2.7923051720922194
 526464 1024 24670.124 24670.124 24670.124 43.70461502341862 43.70461502341862 43.70461502341862 2.7315384389636637 2.7315384389636637 2.7315384389636637
 579104 1024 37624.121 37624.121 37624.121 31.522463793904983 31.522463793904983 31.522463793904983 1.9701539871190614 1.9701539871190614 1.9701539871190614
 637008 1024 41911.84 41911.84 41911.84 31.127060611034974 31.127060611034974 31.127060611034974 1.9454412881896859 1.9454412881896859 1.9454412881896859
 700704 1024 48949.003 48949.003 48949.003 29.317079083306357 29.317079083306357 29.317079083306357 1.8323174427066473 1.8323174427066473 1.8323174427066473
 770768 1024 53866.863 53866.863 53866.863 29.304339924157084 29.304339924157084 29.304339924157084 1.8315212452598177 1.8315212452598177 1.8315212452598177
 847840 1024 59234.142 59234.142 59234.142 29.31377515352548 29.31377515352548 29.31377515352548 1.8321109470953425 1.8321109470953425 1.8321109470953425
 932624 1024 65293.074 65293.074 65293.074 29.252933504095697 29.252933504095697 29.252933504095697 1.828308344005981 1.828308344005981 1.828308344005981
 1025872 1024 72019.1 72019.1 72019.1 29.17262026323572 29.17262026323572 29.17262026323572 1.8232887664522326 1.8232887664522326 1.8232887664522326
 1128448 512 40647.984 40647.984 40647.984 28.427750611198825 28.427750611198825 28.427750611198825 1.7767344131999265 1.7767344131999265 1.7767344131999265
 1241280 512 43382.883 43382.883 43382.883 29.298899291686077 29.298899291686077 29.298899291686077 1.8311812057303798 1.8311812057303798 1.8311812057303798
 1365408 512 47785.044 47785.044 47785.044 29.259736414598677 29.259736414598677 29.259736414598677 1.8287335259124173 1.8287335259124173 1.8287335259124173
 1501936 512 52526.951 52526.951 52526.951 29.2798731835777 29.2798731835777 29.2798731835777 1.8299920739736062 1.8299920739736062 1.8299920739736062
 1652128 512 57757.139 57757.139 57757.139 29.291254748612115 29.291254748612115 29.291254748612115 1.8307034217882572 1.8307034217882572 1.8307034217882572
 1817328 512 63547.134 63547.134 63547.134 29.28446579510572 29.28446579510572 29.28446579510572 1.8302791121941075 1.8302791121941075 1.8302791121941075
 1999056 512 69975.138 69975.138 69975.138 29.253723572506562 29.253723572506562 29.253723572506562 1.8283577232816601 1.8283577232816601 1.8283577232816601
 2198960 256 38486.958 38486.958 38486.958 29.253221831665673 29.253221831665673 29.253221831665673 1.8283263644791046 1.8283263644791046 1.8283263644791046
 2418848 256 42366.028 42366.028 42366.028 29.23215213850116 29.23215213850116 29.23215213850116 1.8270095086563225 1.8270095086563225 1.8270095086563225
 2660720 256 46573.877 46573.877 46573.877 29.250058782952514 29.250058782952514 29.250058782952514 1.8281286739345322 1.8281286739345322 1.8281286739345322
 2926784 256 51192.045 51192.045 51192.045 29.272388082953125 29.272388082953125 29.272388082953125 1.8295242551845703 1.8295242551845703 1.8295242551845703
 3219456 256 57920.933 57920.933 57920.933 28.45882113121348 28.45882113121348 28.45882113121348 1.7786763207008425 1.7786763207008425 1.7786763207008425
 3541392 256 62077.045 62077.045 62077.045 29.208747033625716 29.208747033625716 29.208747033625716 1.8255466896016073 1.8255466896016073 1.8255466896016073
 3895520 256 68245.888 68245.888 68245.888 29.22529544930238 29.22529544930238 29.22529544930238 1.8265809655813987 1.8265809655813987 1.8265809655813987
 4285072 128 37539.005 37539.005 37539.005 29.222363032797485 29.222363032797485 29.222363032797485 1.8263976895498428 1.8263976895498428 1.8263976895498428
 4713568 128 41429.043 41429.043 41429.043 29.126267966170495 29.126267966170495 29.126267966170495 1.820391747885656 1.820391747885656 1.820391747885656
 5184912 128 45481.92 45481.92 45481.92 29.183848702957132 29.183848702957132 29.183848702957132 1.8239905439348207 1.8239905439348207 1.8239905439348207
 5703392 128 50072.908 50072.908 50072.908 29.15884877307305 29.15884877307305 29.15884877307305 1.8224280483170656 1.8224280483170656 1.8224280483170656
 6273728 128 55108.07 55108.07 55108.07 29.14408666462099 29.14408666462099 29.14408666462099 1.8215054165388118 1.8215054165388118 1.8215054165388118
 6901088 128 61152.22 61152.22 61152.22 28.88985106346098 28.88985106346098 28.88985106346098 1.8056156914663113 1.8056156914663113 1.8056156914663113
 7591184 128 67893.982 67893.982 67893.982 28.623201155000746 28.623201155000746 28.623201155000746 1.7889500721875466 1.7889500721875466 1.7889500721875466
 8350288 128 74099.064 74099.064 74099.064 28.848862760263753 28.848862760263753 28.848862760263753 1.8030539225164846 1.8030539225164846 1.8030539225164846
 9185312 64 41347.027 41347.027 41347.027 28.43541655364967 28.43541655364967 28.43541655364967 1.7772135346031044 1.7772135346031044 1.7772135346031044
 10103840 64 45438.051 45438.051 45438.051 28.462741942870743 28.462741942870743 28.462741942870743 1.7789213714294214 1.7789213714294214 1.7789213714294214
 11114224 64 49103.022 49103.022 49103.022 28.972161265349417 28.972161265349417 28.972161265349417 1.8107600790843386 1.8107600790843386 1.8107600790843386
 12225632 64 54131.031 54131.031 54131.031 28.909127853116264 28.909127853116264 28.909127853116264 1.8068204908197665 1.8068204908197665 1.8068204908197665
 13448192 64 60436.01 60436.01 60436.01 28.482498695727923 28.482498695727923 28.482498695727923 1.7801561684829952 1.7801561684829952 1.7801561684829952
 14793008 64 66490.173 66490.173 66490.173 28.477968075071786 28.477968075071786 28.477968075071786 1.7798730046919866 1.7798730046919866 1.7798730046919866
 16272304 64 72211.027 72211.027 72211.027 28.844000681502568 28.844000681502568 28.844000681502568 1.8027500425939105 1.8027500425939105 1.8027500425939105
 17899520 32 40235.043 40235.043 40235.043 28.471928810912416 28.471928810912416 28.471928810912416 1.779495550682026 1.779495550682026 1.779495550682026
 19689472 32 44294.119 44294.119 44294.119 28.44906358787721 28.44906358787721 28.44906358787721 1.7780664742423256 1.7780664742423256 1.7780664742423256
 21658416 32 48732.996 48732.996 48732.996 28.443533904625934 28.443533904625934 28.443533904625934 1.7777208690391209 1.7777208690391209 1.7777208690391209
 23824256 32 53255.081 53255.081 53255.081 28.631115667629913 28.631115667629913 28.631115667629913 1.7894447292268696 1.7894447292268696 1.7894447292268696
 26206672 32 58469.057 58469.057 58469.057 28.68572017503207 28.68572017503207 28.68572017503207 1.7928575109395044 1.7928575109395044 1.7928575109395044
 28827328 32 63973.904 63973.904 63973.904 28.83908713778043 28.83908713778043 28.83908713778043 1.802442946111277 1.802442946111277 1.802442946111277
 31710048 32 70837.975 70837.975 70837.975 28.64908365887082 28.64908365887082 28.64908365887082 1.7905677286794262 1.7905677286794262 1.7905677286794262
 34881040 16 39255.857 39255.857 39255.857 28.43380237501884 28.43380237501884 28.43380237501884 1.7771126484386774 1.7771126484386774 1.7771126484386774
 38369136 16 43059.826 43059.826 43059.826 28.514103888854542 28.514103888854542 28.514103888854542 1.782131493053409 1.782131493053409 1.782131493053409
 42206048 16 47722.101 47722.101 47722.101 28.30121699796914 28.30121699796914 28.30121699796914 1.7688260623730712 1.7688260623730712 1.7688260623730712
 46426640 16 53657.055 53657.055 53657.055 27.68792435589318 27.68792435589318 27.68792435589318 1.7304952722433238 1.7304952722433238 1.7304952722433238
 51069296 16 61281.919 61281.919 61281.919 26.6672045958613 26.6672045958613 26.6672045958613 1.6667002872413312 1.6667002872413312 1.6667002872413312
 56176224 16 72263.956 72263.956 72263.956 24.876013818009074 24.876013818009074 24.876013818009074 1.5547508636255671 1.5547508636255671 1.5547508636255671
 61793840 16 86148.977 86148.977 86148.977 22.953294964837482 22.953294964837482 22.953294964837482 1.4345809353023427 1.4345809353023427 1.4345809353023427
 67973216 8 51523.924 51523.924 51523.924 21.10808672103468 21.10808672103468 21.10808672103468 1.3192554200646676 1.3192554200646676 1.3192554200646676
 74770528 8 61254.978 61254.978 61254.978 19.530305732866314 19.530305732866314 19.530305732866314 1.2206441083041446 1.2206441083041446 1.2206441083041446
 82247568 8 70529.938 70529.938 70529.938 18.658191476079278 18.658191476079278 18.658191476079278 1.1661369672549549 1.1661369672549549 1.1661369672549549
 90472320 8 79955.101 79955.101 79955.101 18.10462499447033 18.10462499447033 18.10462499447033 1.1315390621543957 1.1315390621543957 1.1315390621543957
 99519552 8 90044.975 90044.975 90044.975 17.68352794811704 17.68352794811704 17.68352794811704 1.105220496757315 1.105220496757315 1.105220496757315
 109471504 8 100403.07 100403.07 100403.07 17.445124576370024 17.445124576370024 17.445124576370024 1.0903202860231265 1.0903202860231265 1.0903202860231265
 120418640 8 111175.06 111175.06 111175.06 17.33030987345543 17.33030987345543 17.33030987345543 1.0831443670909644 1.0831443670909644 1.0831443670909644
 132460496 8 122835.159 122835.159 122835.159 17.253756605631132 17.253756605631132 17.253756605631132 1.0783597878519458 1.0783597878519458 1.0783597878519458
 145706544 4 67815.781 67815.781 67815.781 17.18851180081521 17.18851180081521 17.18851180081521 1.0742819875509506 1.0742819875509506 1.0742819875509506
 160277184 4 74645.042 74645.042 74645.042 17.177530317418803 17.177530317418803 17.177530317418803 1.0735956448386752 1.0735956448386752 1.0735956448386752
 176304896 4 82000.971 82000.971 82000.971 17.2002739821215 17.2002739821215 17.2002739821215 1.0750171238825939 1.0750171238825939 1.0750171238825939
 193935376 4 90275.049 90275.049 90275.049 17.18617741209977 17.18617741209977 17.18617741209977 1.0741360882562356 1.0741360882562356 1.0741360882562356
 213328912 4 99342.108 99342.108 99342.108 17.179334426847475 17.179334426847475 17.179334426847475 1.0737084016779672 1.0737084016779672 1.0737084016779672
 234661792 4 109298.944 109298.944 109298.944 17.175777434775583 17.175777434775583 17.175777434775583 1.073486089673474 1.073486089673474 1.073486089673474
 258127968 4 120223.045 120223.045 120223.045 17.17660490133152 17.17660490133152 17.17660490133152 1.07353780633322 1.07353780633322 1.07353780633322
 283940752 2 66205.025 66205.025 66205.025 17.155238714886067 17.155238714886067 17.155238714886067 1.0722024196803792 1.0722024196803792 1.0722024196803792
 312334816 2 72869.062 72869.062 72869.062 17.14498896664815 17.14498896664815 17.14498896664815 1.0715618104155094 1.0715618104155094 1.0715618104155094
 343568288 2 80161.81 80161.81 80161.81 17.14373904481448 17.14373904481448 17.14373904481448 1.071483690300905 1.071483690300905 1.071483690300905
 377925104 2 88255.882 88255.882 88255.882 17.128608107955912 17.128608107955912 17.128608107955912 1.0705380067472445 1.0705380067472445 1.0705380067472445
 415717600 2 97054.958 97054.958 97054.958 17.13328648290178 17.13328648290178 17.13328648290178 1.0708304051813613 1.0708304051813613 1.0708304051813613
 457289360 2 106815.815 106815.815 106815.815 17.124406530999178 17.124406530999178 17.124406530999178 1.0702754081874486 1.0702754081874486 1.0702754081874486
 503018288 2 117566.109 117566.109 117566.109 17.114397755564063 17.114397755564063 17.114397755564063 1.069649859722754 1.069649859722754 1.069649859722754
 553320112 1 64707.041 64707.041 64707.041 17.10231540335773 17.10231540335773 17.10231540335773 1.068894712709858 1.068894712709858 1.068894712709858
 608652112 1 71168.184 71168.184 71168.184 17.104612701653313 17.104612701653313 17.104612701653313 1.069038293853332 1.069038293853332 1.069038293853332
 669517312 1 134378.91 134378.91 134378.91 9.964618882531493 9.964618882531493 9.964618882531493 0.6227886801582183 0.6227886801582183 0.6227886801582183
 736469040 1 86179.972 86179.972 86179.972 17.091419802271464 17.091419802271464 17.091419802271464 1.0682137376419665 1.0682137376419665 1.0682137376419665
 810115936 1 94807.863 94807.863 94807.863 17.089636035779016 17.089636035779016 17.089636035779016 1.0681022522361885 1.0681022522361885 1.0681022522361885
 891127520 1 104224.92 104224.92 104224.92 17.100085469002998 17.100085469002998 17.100085469002998 1.0687553418126874 1.0687553418126874 1.0687553418126874
 980240272 1 114711.046 114711.046 114711.046 17.090599487690138 17.090599487690138 17.090599487690138 1.0681624679806336 1.0681624679806336 1.0681624679806336
 
META_DATA
 MPI startup(): shm:tmi fabric is unknown or has been removed from the product, please use ofi or shm:ofi instead
 FLOPS          1
 MPI_PROCS      2
 OPENMP_THREADS 1
 ERT_VERSION  1.1.0
 HOSTNAME  ('shas0543.rc.int.colorado.edu', [], ['10.225.6.221'])
 UNAME  uname_result(system='Linux', node='shas0543.rc.int.colorado.edu', release='3.10.0-957.27.2.el7.x86_64', version='#1 SMP Mon Jul 29 17:46:05 UTC 2019', machine='x86_64', processor='x86_64')
 TIMESTAMP_DATA  1664513787.994108
 CONFIG  {'ERT_RESULTS': ['lab5_results'], 'ERT_DRIVER': ['driver1'], 'ERT_KERNEL': ['kernel1'], 'ERT_MPI': ['True'], 'ERT_MPI_CFLAGS': ['-I/usr/include/mpi'], 'ERT_MPI_LDFLAGS': ['-lmpi'], 'ERT_OPENMP': ['True'], 'ERT_OPENMP_CFLAGS': ['-qopenmp'], 'ERT_OPENMP_LDFLAGS': ['-qopenmp'], 'ERT_FLOPS': ['1,2,4,8,16'], 'ERT_ALIGN': ['32'], 'ERT_CC': ['mpicc'], 'ERT_CFLAGS': ['-O3', '-msse3', '-axSSE3', '-xSSE3', '-fno-alias', '-fno-fnalias', '-DERT_INTEL', '-std=c++11'], 'ERT_LD': ['mpicc'], 'ERT_LDFLAGS': [], 'ERT_LDLIBS': [], 'ERT_PRECISION': ['FP64'], 'ERT_RUN': ['export', 'OMP_NUM_THREADS=ERT_OPENMP_THREADS;', 'mpirun', '-np', 'ERT_MPI_PROCS', 'ERT_CODE'], 'ERT_PROCS_THREADS': ['1-24'], 'ERT_MPI_PROCS': ['2'], 'ERT_OPENMP_THREADS': ['1'], 'ERT_NUM_EXPERIMENTS': ['1'], 'ERT_MEMORY_MAX': ['1073741824'], 'ERT_WORKING_SET_MIN': ['1'], 'ERT_TRIALS_MIN': ['1'], 'ERT_GNUPLOT': ['gnuplot'], 'ERT_GPU': [False], 'ERT_HIP': [False], 'ERT_OCL': [False], 'ERT_SYCL': [False], 'ERT_WSS_MULT': [1.1]}
 