fp64
 192 4194304 48280.001 48280.001 48280.001 33.35983228335062 33.35983228335062 33.35983228335062 16.67991614167531 16.67991614167531 16.67991614167531
 384 2097152 24882.078 24882.078 24882.078 64.72983229133837 64.72983229133837 64.72983229133837 32.364916145669184 32.364916145669184 32.364916145669184
 576 1048576 12438.059 12438.059 12438.059 97.11801109803386 97.11801109803386 97.11801109803386 48.55900554901693 48.55900554901693 48.55900554901693
 768 1048576 12444.973 12444.973 12444.973 129.41874088437154 129.41874088437154 129.41874088437154 64.70937044218577 64.70937044218577 64.70937044218577
 960 1048576 12598.991 12598.991 12598.991 159.79580587048596 159.79580587048596 159.79580587048596 79.89790293524298 79.89790293524298 79.89790293524298
 1152 524288 6258.011 6258.011 6258.011 193.02611516662398 193.02611516662398 193.02611516662398 96.51305758331199 96.51305758331199 96.51305758331199
 1344 524288 6370.068 6370.068 6370.068 221.23565148755083 221.23565148755083 221.23565148755083 110.61782574377541 110.61782574377541 110.61782574377541
 1536 524288 6312.847 6312.847 6312.847 255.13254732769542 255.13254732769542 255.13254732769542 127.56627366384771 127.56627366384771 127.56627366384771
 1728 524288 6783.962 6783.962 6783.962 267.0916092985191 267.0916092985191 267.0916092985191 133.54580464925954 133.54580464925954 133.54580464925954
 1920 524288 6773.949 6773.949 6773.949 297.2071268915665 297.2071268915665 297.2071268915665 148.60356344578324 148.60356344578324 148.60356344578324
 2112 262144 3488.064 3488.064 3488.064 317.4529641657951 317.4529641657951 317.4529641657951 158.72648208289755 158.72648208289755 158.72648208289755
 2304 262144 3437.996 3437.996 3437.996 351.3557176913527 351.3557176913527 351.3557176913527 175.67785884567635 175.67785884567635 175.67785884567635
 2496 262144 3520.012 3520.012 3520.012 371.7665871593619 371.7665871593619 371.7665871593619 185.88329357968095 185.88329357968095 185.88329357968095
 2688 262144 3527.88 3527.88 3527.88 399.4711112622878 399.4711112622878 399.4711112622878 199.7355556311439 199.7355556311439 199.7355556311439
 2880 262144 4012.823 4012.823 4012.823 376.2810968736972 376.2810968736972 376.2810968736972 188.1405484368486 188.1405484368486 188.1405484368486
 3072 262144 3386.021 3386.021 3386.021 475.66531217615005 475.66531217615005 475.66531217615005 237.83265608807503 237.83265608807503 237.83265608807503
 3264 262144 3695.965 3695.965 3695.965 463.0119689986241 463.0119689986241 463.0119689986241 231.50598449931206 231.50598449931206 231.50598449931206
 3456 262144 3761.053 3761.053 3761.053 481.76383794644744 481.76383794644744 481.76383794644744 240.88191897322372 240.88191897322372 240.88191897322372
 3648 262144 4363.06 4363.06 4363.06 438.3626684024515 438.3626684024515 438.3626684024515 219.18133420122575 219.18133420122575 219.18133420122575
 3840 262144 4423.141 4423.141 4423.141 455.1665705434215 455.1665705434215 455.1665705434215 227.58328527171076 227.58328527171076 227.58328527171076
 4224 131072 2439.022 2439.022 2439.022 453.9919098720717 453.9919098720717 453.9919098720717 226.99595493603584 226.99595493603584 226.99595493603584
 4608 131072 2701.998 2701.998 2701.998 447.06160108186606 447.06160108186606 447.06160108186606 223.53080054093303 223.53080054093303 223.53080054093303
 4992 131072 2913.952 2913.952 2913.952 449.08867682103204 449.08867682103204 449.08867682103204 224.54433841051602 224.54433841051602 224.54433841051602
 5376 131072 3155.947 3155.947 3155.947 446.54936980880854 446.54936980880854 446.54936980880854 223.27468490440427 223.27468490440427 223.27468490440427
 5760 131072 3355.98 3355.98 3355.98 449.9280210251551 449.9280210251551 449.9280210251551 224.96401051257754 224.96401051257754 224.96401051257754
 6336 131072 3347.874 3347.874 3347.874 496.11914426887034 496.11914426887034 496.11914426887034 248.05957213443517 248.05957213443517 248.05957213443517
 6912 131072 3730.059 3730.059 3730.059 485.76693505384225 485.76693505384225 485.76693505384225 242.88346752692112 242.88346752692112 242.88346752692112
 7488 131072 4250.05 4250.05 4250.05 461.8614538652487 461.8614538652487 461.8614538652487 230.93072693262434 230.93072693262434 230.93072693262434
 8064 131072 4462.957 4462.957 4462.957 473.66112109079245 473.66112109079245 473.66112109079245 236.83056054539622 236.83056054539622 236.83056054539622
 8832 65536 2464.056 2464.056 2464.056 469.8058420750177 469.8058420750177 469.8058420750177 234.90292103750886 234.90292103750886 234.90292103750886
 9600 65536 2426.863 2426.863 2426.863 518.4846445802667 518.4846445802667 518.4846445802667 259.24232229013336 259.24232229013336 259.24232229013336
 10560 65536 2856.016 2856.016 2856.016 484.6332513543341 484.6332513543341 484.6332513543341 242.31662567716705 242.31662567716705 242.31662567716705
 11520 65536 3043.89 3043.89 3043.89 496.05913485704144 496.05913485704144 496.05913485704144 248.02956742852072 248.02956742852072 248.02956742852072
 12672 65536 3162.146 3162.146 3162.146 525.2586009627638 525.2586009627638 525.2586009627638 262.6293004813819 262.6293004813819 262.6293004813819
 13824 65536 3579.14 3579.14 3579.14 506.24991701917224 506.24991701917224 506.24991701917224 253.12495850958612 253.12495850958612 253.12495850958612
 15168 65536 4068.851 4068.851 4068.851 488.61462265391384 488.61462265391384 488.61462265391384 244.30731132695692 244.30731132695692 244.30731132695692
 16512 32768 2089.024 2089.024 2089.024 518.0076590790724 518.0076590790724 518.0076590790724 259.0038295395362 259.0038295395362 259.0038295395362
 18048 32768 2316.952 2316.952 2316.952 510.49556831561466 510.49556831561466 510.49556831561466 255.24778415780733 255.24778415780733 255.24778415780733
 19776 32768 2542.019 2542.019 2542.019 509.84667541824035 509.84667541824035 509.84667541824035 254.92333770912018 254.92333770912018 254.92333770912018
 21696 32768 2672.911 2672.911 2672.911 531.9552562730297 531.9552562730297 531.9552562730297 265.97762813651485 265.97762813651485 265.97762813651485
 23808 32768 3133.059 3133.059 3133.059 498.0056513458572 498.0056513458572 498.0056513458572 249.0028256729286 249.0028256729286 249.0028256729286
 26112 32768 3264.904 3264.904 3264.904 524.1428329898828 524.1428329898828 524.1428329898828 262.0714164949414 262.0714164949414 262.0714164949414
 28608 32768 3561.974 3561.974 3561.974 526.35249106254 526.35249106254 526.35249106254 263.17624553127 263.17624553127 263.17624553127
 31296 32768 3875.017 3875.017 3875.017 529.291782719921 529.291782719921 529.291782719921 264.6458913599605 264.6458913599605 264.6458913599605
 34368 16384 2119.064 2119.064 2119.064 531.4471974418894 531.4471974418894 531.4471974418894 265.7235987209447 265.7235987209447 265.7235987209447
 37632 16384 2295.017 2295.017 2295.017 537.305551985018 537.305551985018 537.305551985018 268.652775992509 268.652775992509 268.652775992509
 41280 16384 2552.986 2552.986 2552.986 529.8356669405943 529.8356669405943 529.8356669405943 264.9178334702971 264.9178334702971 264.9178334702971
 45312 16384 2782.822 2782.822 2782.822 533.5532118116071 533.5532118116071 533.5532118116071 266.77660590580354 266.77660590580354 266.77660590580354
 49728 16384 3032.923 3032.923 3032.923 537.2662293108002 537.2662293108002 537.2662293108002 268.6331146554001 268.6331146554001 268.6331146554001
 54528 16384 3332.138 3332.138 3332.138 536.2243412487718 536.2243412487718 536.2243412487718 268.1121706243859 268.1121706243859 268.1121706243859
 59904 16384 3804.922 3804.922 3804.922 515.8934327694496 515.8934327694496 515.8934327694496 257.9467163847248 257.9467163847248 257.9467163847248
 65856 8192 2012.014 2012.014 2012.014 536.2709722695766 536.2709722695766 536.2709722695766 268.1354861347883 268.1354861347883 268.1354861347883
 72384 8192 2221.823 2221.823 2221.823 533.7686467373865 533.7686467373865 533.7686467373865 266.88432336869323 266.88432336869323 266.88432336869323
 79488 8192 2405.882 2405.882 2405.882 541.3114159381049 541.3114159381049 541.3114159381049 270.65570796905246 270.65570796905246 270.65570796905246
 87360 8192 2655.029 2655.029 2655.029 539.0925070874932 539.0925070874932 539.0925070874932 269.5462535437466 269.5462535437466 269.5462535437466
 96000 8192 2890.825 2890.825 2890.825 544.0882792974325 544.0882792974325 544.0882792974325 272.0441396487162 272.0441396487162 272.0441396487162
 105600 8192 3188.848 3188.848 3188.848 542.5628314676649 542.5628314676649 542.5628314676649 271.28141573383243 271.28141573383243 271.28141573383243
 116160 8192 3556.967 3556.967 3556.967 535.052880726754 535.052880726754 535.052880726754 267.526440363377 267.526440363377 267.526440363377
 127680 8192 3901.005 3901.005 3901.005 536.2487666639751 536.2487666639751 536.2487666639751 268.12438333198753 268.12438333198753 268.12438333198753
 140352 4096 2118.111 2118.111 2118.111 542.8249907582748 542.8249907582748 542.8249907582748 271.4124953791374 271.4124953791374 271.4124953791374
 154368 4096 2330.065 2330.065 2330.065 542.7241969644623 542.7241969644623 542.7241969644623 271.36209848223115 271.36209848223115 271.36209848223115
 169728 4096 2554.893 2554.893 2554.893 544.2152669407291 544.2152669407291 544.2152669407291 272.10763347036453 272.10763347036453 272.10763347036453
 186624 4096 4510.164 4510.164 4510.164 338.97299699079684 338.97299699079684 338.97299699079684 169.48649849539842 169.48649849539842 169.48649849539842
 205248 4096 3114.939 3114.939 3114.939 539.783159798635 539.783159798635 539.783159798635 269.8915798993175 269.8915798993175 269.8915798993175
 225600 4096 3398.895 3398.895 3398.895 543.7400096207739 543.7400096207739 543.7400096207739 271.87000481038694 271.87000481038694 271.87000481038694
 248064 4096 3738.165 3738.165 3738.165 543.6197407016545 543.6197407016545 543.6197407016545 271.8098703508272 271.8098703508272 271.8098703508272
 272832 2048 2048.969 2048.969 2048.969 545.4059441602094 545.4059441602094 545.4059441602094 272.7029720801047 272.7029720801047 272.7029720801047
 300096 2048 2259.016 2259.016 2259.016 544.1277157842176 544.1277157842176 544.1277157842176 272.0638578921088 272.0638578921088 272.0638578921088
 330048 2048 2485.037 2485.037 2485.037 544.006631692003 544.006631692003 544.006631692003 272.0033158460015 272.0033158460015 272.0033158460015
 362880 2048 2727.032 2727.032 2727.032 545.0454853481733 545.0454853481733 545.0454853481733 272.52274267408666 272.52274267408666 272.52274267408666
 399168 2048 2999.783 2999.783 2999.783 545.0368003285571 545.0368003285571 545.0368003285571 272.51840016427855 272.51840016427855 272.51840016427855
 438912 2048 3305.912 3305.912 3305.912 543.8086531038939 543.8086531038939 543.8086531038939 271.90432655194695 271.90432655194695 271.90432655194695
 482688 2048 3644.943 3644.943 3644.943 542.4200180908178 542.4200180908178 542.4200180908178 271.2100090454089 271.2100090454089 271.2100090454089
 530880 1024 1997.948 1997.948 1997.948 544.1794481137646 544.1794481137646 544.1794481137646 272.0897240568823 272.0897240568823 272.0897240568823
 583872 1024 2197.027 2197.027 2197.027 544.2672557050961 544.2672557050961 544.2672557050961 272.13362785254805 272.13362785254805 272.13362785254805
 642240 1024 2414.942 2414.942 2414.942 544.653875745256 544.653875745256 544.653875745256 272.326937872628 272.326937872628 272.326937872628
 706368 1024 2668.858 2668.858 2668.858 542.0451983582491 542.0451983582491 542.0451983582491 271.02259917912454 271.02259917912454 271.02259917912454
 776832 1024 2947.092 2947.092 2947.092 539.8378930824011 539.8378930824011 539.8378930824011 269.91894654120057 269.91894654120057 269.91894654120057
 854400 1024 3219.843 3219.843 3219.843 543.4461245470663 543.4461245470663 543.4461245470663 271.7230622735332 271.7230622735332 271.7230622735332
 939840 1024 3535.986 3535.986 3535.986 544.343874664662 544.343874664662 544.343874664662 272.171937332331 272.171937332331 272.171937332331
 1033728 1024 3895.044 3895.044 3895.044 543.5304309784434 543.5304309784434 543.5304309784434 271.7652154892217 271.7652154892217 271.7652154892217
 1137024 512 2140.999 2140.999 2140.999 543.8174310216866 543.8174310216866 543.8174310216866 271.9087155108433 271.9087155108433 271.9087155108433
 1250688 512 2377.033 2377.033 2377.033 538.7828069698654 538.7828069698654 538.7828069698654 269.3914034849327 269.3914034849327 269.3914034849327
 1375680 512 2974.033 2974.033 2974.033 473.66532920112184 473.66532920112184 473.66532920112184 236.83266460056092 236.83266460056092 236.83266460056092
 1513152 512 2853.87 2853.87 2853.87 542.9356095407289 542.9356095407289 542.9356095407289 271.46780477036447 271.46780477036447 271.46780477036447
 1664448 512 3128.052 3128.052 3128.052 544.8741747259955 544.8741747259955 544.8741747259955 272.4370873629978 272.4370873629978 272.4370873629978
 1830720 512 3451.109 3451.109 3451.109 543.2043091075941 543.2043091075941 543.2043091075941 271.60215455379705 271.60215455379705 271.60215455379705
 2013696 512 3790.14 3790.14 3790.14 544.0497459196758 544.0497459196758 544.0497459196758 272.0248729598379 272.0248729598379 272.0248729598379
 2214912 256 2085.924 2085.924 2085.924 543.6607201412899 543.6607201412899 543.6607201412899 271.83036007064493 271.83036007064493 271.83036007064493
 2436288 256 2295.971 2295.971 2295.971 543.2905973115514 543.2905973115514 543.2905973115514 271.6452986557757 271.6452986557757 271.6452986557757
 2679744 256 2521.038 2521.038 2521.038 544.2317521592296 544.2317521592296 544.2317521592296 272.1158760796148 272.1158760796148 272.1158760796148
 2947584 256 2782.106 2782.106 2782.106 542.4534536067281 542.4534536067281 542.4534536067281 271.22672680336404 271.22672680336404 271.22672680336404
 3242304 256 3046.036 3046.036 3046.036 544.9901603264045 544.9901603264045 544.9901603264045 272.49508016320226 272.49508016320226 272.49508016320226
 3566400 256 3347.874 3347.874 3347.874 545.4198097061001 545.4198097061001 545.4198097061001 272.70990485305003 272.70990485305003 272.70990485305003
 3922944 256 3688.097 3688.097 3688.097 544.6026305707252 544.6026305707252 544.6026305707252 272.3013152853626 272.3013152853626 272.3013152853626
 4315200 128 2037.048 2037.048 2037.048 542.3000341670888 542.3000341670888 542.3000341670888 271.1500170835444 271.1500170835444 271.1500170835444
 4746624 128 2284.05 2284.05 2284.05 532.0092572404282 532.0092572404282 532.0092572404282 266.0046286202141 266.0046286202141 266.0046286202141
 5221248 128 2515.793 2515.793 2515.793 531.2994701869351 531.2994701869351 531.2994701869351 265.64973509346754 265.64973509346754 265.64973509346754
 5743296 128 2758.026 2758.026 2758.026 533.0927902782643 533.0927902782643 533.0927902782643 266.54639513913213 266.54639513913213 266.54639513913213
 6317568 128 3048.897 3048.897 3048.897 530.4532780215271 530.4532780215271 530.4532780215271 265.22663901076356 265.22663901076356 265.22663901076356
 6949248 128 3438.95 3438.95 3438.95 517.3112397679524 517.3112397679524 517.3112397679524 258.6556198839762 258.6556198839762 258.6556198839762
 7644096 128 3777.981 3777.981 3777.981 517.972053326896 517.972053326896 517.972053326896 258.986026663448 258.986026663448 258.986026663448
 8408448 64 2096.891 2096.891 2096.891 513.2748168598177 513.2748168598177 513.2748168598177 256.6374084299089 256.6374084299089 256.6374084299089
 9249216 64 2326.965 2326.965 2326.965 508.7741534574004 508.7741534574004 508.7741534574004 254.3870767287002 254.3870767287002 254.3870767287002
 10174080 64 2576.828 2576.828 2576.828 505.3819036427732 505.3819036427732 505.3819036427732 252.6909518213866 252.6909518213866 252.6909518213866
 11191488 64 2804.041 2804.041 2804.041 510.87357995122034 510.87357995122034 510.87357995122034 255.43678997561017 255.43678997561017 255.43678997561017
 12310464 64 3083.944 3083.944 3083.944 510.94941801796665 510.94941801796665 510.94941801796665 255.47470900898333 255.47470900898333 255.47470900898333
 13541376 64 3512.859 3512.859 3512.859 493.4146596831811 493.4146596831811 493.4146596831811 246.70732984159056 246.70732984159056 246.70732984159056
 14895360 64 3763.199 3763.199 3763.199 506.64503259062303 506.64503259062303 506.64503259062303 253.32251629531152 253.32251629531152 253.32251629531152
 16384896 64 4188.061 4188.061 4188.061 500.7727174938474 500.7727174938474 500.7727174938474 250.3863587469237 250.3863587469237 250.3863587469237
 18023232 32 2267.838 2267.838 2267.838 508.62841525717437 508.62841525717437 508.62841525717437 254.31420762858718 254.31420762858718 254.31420762858718
 19825536 32 2472.162 2472.162 2472.162 513.2488501967105 513.2488501967105 513.2488501967105 256.62442509835523 256.62442509835523 256.62442509835523
 21807936 32 2847.91 2847.91 2847.91 490.0814646530263 490.0814646530263 490.0814646530263 245.04073232651314 245.04073232651314 245.04073232651314
 23988672 32 3005.981 3005.981 3005.981 510.7400905062274 510.7400905062274 510.7400905062274 255.3700452531137 255.3700452531137 255.3700452531137
 26387520 32 3815.889 3815.889 3815.889 442.57086094485453 442.57086094485453 442.57086094485453 221.28543047242727 221.28543047242727 221.28543047242727
 29026176 32 3676.891 3676.891 3676.891 505.22989775873145 505.22989775873145 505.22989775873145 252.61494887936573 252.61494887936573 252.61494887936573
 31928640 32 3992.081 3992.081 3992.081 511.8716178354097 511.8716178354097 511.8716178354097 255.93580891770486 255.93580891770486 255.93580891770486
 35121408 16 2207.994 2207.994 2207.994 509.00729621547885 509.00729621547885 509.00729621547885 254.50364810773942 254.50364810773942 254.50364810773942
 38633472 16 2491.951 2491.951 2491.951 496.10570352306286 496.10570352306286 496.10570352306286 248.05285176153143 248.05285176153143 248.05285176153143
 42496704 16 2690.792 2690.792 2690.792 505.3882009460412 505.3882009460412 505.3882009460412 252.6941004730206 252.6941004730206 252.6941004730206
 46746240 16 3010.035 3010.035 3010.035 496.9642147018224 496.9642147018224 496.9642147018224 248.4821073509112 248.4821073509112 248.4821073509112
 51420864 16 3391.027 3391.027 3391.027 485.2416828294201 485.2416828294201 485.2416828294201 242.62084141471004 242.62084141471004 242.62084141471004
 56562816 16 3945.827 3945.827 3945.827 458.71502019728695 458.71502019728695 458.71502019728695 229.35751009864347 229.35751009864347 229.35751009864347
 62218944 16 5169.868 5169.868 5169.868 385.11741653752085 385.11741653752085 385.11741653752085 192.55870826876043 192.55870826876043 192.55870826876043
 68440704 8 4498.005 4498.005 4498.005 243.45265601083148 243.45265601083148 243.45265601083148 121.72632800541574 121.72632800541574 121.72632800541574
 75284736 8 8262.157 8262.157 8262.157 145.79192528052906 145.79192528052906 145.79192528052906 72.89596264026453 72.89596264026453 72.89596264026453
 82813056 8 10924.101 10924.101 10924.101 121.2922597475069 121.2922597475069 121.2922597475069 60.64612987375345 60.64612987375345 60.64612987375345
 91094208 8 13367.891 13367.891 13367.891 109.03046172354337 109.03046172354337 109.03046172354337 54.515230861771684 54.515230861771684 54.515230861771684
 100203456 8 15208.006 15208.006 15208.006 105.4217953359566 105.4217953359566 105.4217953359566 52.7108976679783 52.7108976679783 52.7108976679783
 110223744 8 17073.87 17073.87 17073.87 103.29116386618853 103.29116386618853 103.29116386618853 51.64558193309426 51.64558193309426 51.64558193309426
 121246080 8 19021.034 19021.034 19021.034 101.98905485369514 101.98905485369514 101.98905485369514 50.99452742684757 50.99452742684757 50.99452742684757
 133370688 8 21087.885 21087.885 21087.885 101.19227262477959 101.19227262477959 101.19227262477959 50.596136312389795 50.596136312389795 50.596136312389795
 146707584 4 11666.059 11666.059 11666.059 100.60472624045534 100.60472624045534 100.60472624045534 50.30236312022767 50.30236312022767 50.30236312022767
 161378304 4 12680.054 12680.054 12680.054 101.81553106950491 101.81553106950491 101.81553106950491 50.90776553475246 50.90776553475246 50.90776553475246
 177516096 4 13956.07 13956.07 13956.07 101.75706828641589 101.75706828641589 101.75706828641589 50.87853414320794 50.87853414320794 50.87853414320794
 195267648 4 15366.077 15366.077 15366.077 101.66167877461501 101.66167877461501 101.66167877461501 50.830839387307506 50.830839387307506 50.830839387307506
 214794240 4 16911.03 16911.03 16911.03 101.61142875389612 101.61142875389612 101.61142875389612 50.80571437694806 50.80571437694806 50.80571437694806
 236273664 4 18584.967 18584.967 18584.967 101.70528212398762 101.70528212398762 101.70528212398762 50.85264106199381 50.85264106199381 50.85264106199381
 259900992 4 20431.995 20431.995 20431.995 101.7623553647111 101.7623553647111 101.7623553647111 50.88117768235555 50.88117768235555 50.88117768235555
 285891072 2 11387.11 11387.11 11387.11 100.42620893273184 100.42620893273184 100.42620893273184 50.21310446636592 50.21310446636592 50.21310446636592
 314480064 2 12407.78 12407.78 12407.78 101.38157317425035 101.38157317425035 101.38157317425035 50.690786587125174 50.690786587125174 50.690786587125174
 345927936 2 13677.835 13677.835 13677.835 101.16452962036756 101.16452962036756 101.16452962036756 50.58226481018378 50.58226481018378 50.58226481018378
 380520576 2 15202.045 15202.045 15202.045 100.1235231181068 100.1235231181068 100.1235231181068 50.0617615590534 50.0617615590534 50.0617615590534
 418572480 2 16533.852 16533.852 16533.852 101.26435872294007 101.26435872294007 101.26435872294007 50.63217936147004 50.63217936147004 50.63217936147004
 460429632 2 18188.0 18188.0 18188.0 101.26009060919287 101.26009060919287 101.26009060919287 50.630045304596436 50.630045304596436 50.630045304596436
 506472576 2 20011.902 20011.902 20011.902 101.23427068551506 101.23427068551506 101.23427068551506 50.61713534275753 50.61713534275753 50.61713534275753
 557119680 1 11008.978 11008.978 11008.978 101.21187997650645 101.21187997650645 101.21187997650645 50.605939988253226 50.605939988253226 50.605939988253226
 612831552 1 12169.123 12169.123 12169.123 100.71909898519391 100.71909898519391 100.71909898519391 50.359549492596955 50.359549492596955 50.359549492596955
 674114688 1 13360.977 13360.977 13360.977 100.90799318043881 100.90799318043881 100.90799318043881 50.453996590219404 50.453996590219404 50.453996590219404
 741526080 1 14770.031 14770.031 14770.031 100.4095495804985 100.4095495804985 100.4095495804985 50.20477479024925 50.20477479024925 50.20477479024925
 815678592 1 16222.0 16222.0 16222.0 100.56449167796819 100.56449167796819 100.56449167796819 50.282245838984096 50.282245838984096 50.282245838984096
 897246336 1 17845.869 17845.869 17845.869 100.55507366999052 100.55507366999052 100.55507366999052 50.27753683499526 50.27753683499526 50.27753683499526
 986970816 1 19468.069 19468.069 19468.069 101.39380705913874 101.39380705913874 101.39380705913874 50.69690352956937 50.69690352956937 50.69690352956937
 
META_DATA
 MPI startup(): shm:tmi fabric is unknown or has been removed from the product, please use ofi or shm:ofi instead
 FLOPS          8
 MPI_PROCS      12
 OPENMP_THREADS 2
 ERT_VERSION  1.1.0
 HOSTNAME  ('shas0420.rc.int.colorado.edu', [], ['10.225.6.135'])
 UNAME  uname_result(system='Linux', node='shas0420.rc.int.colorado.edu', release='3.10.0-957.27.2.el7.x86_64', version='#1 SMP Mon Jul 29 17:46:05 UTC 2019', machine='x86_64', processor='x86_64')
 TIMESTAMP_DATA  1664555447.407429
 CONFIG  {'ERT_RESULTS': ['lab5_results'], 'ERT_DRIVER': ['driver1'], 'ERT_KERNEL': ['kernel1'], 'ERT_MPI': ['True'], 'ERT_MPI_CFLAGS': ['-I/usr/include/mpi'], 'ERT_MPI_LDFLAGS': ['-lmpi'], 'ERT_OPENMP': ['True'], 'ERT_OPENMP_CFLAGS': ['-qopenmp'], 'ERT_OPENMP_LDFLAGS': ['-qopenmp'], 'ERT_FLOPS': ['1,2,4,8,16'], 'ERT_ALIGN': ['32'], 'ERT_CC': ['mpicc'], 'ERT_CFLAGS': ['-O3', '-msse3', '-axSSE3', '-xSSE3', '-fno-alias', '-fno-fnalias', '-DERT_INTEL', '-std=c++11'], 'ERT_LD': ['mpicc'], 'ERT_LDFLAGS': [], 'ERT_LDLIBS': [], 'ERT_PRECISION': ['FP64'], 'ERT_RUN': ['export', 'OMP_NUM_THREADS=ERT_OPENMP_THREADS;', 'mpirun', '-np', 'ERT_MPI_PROCS', 'ERT_CODE'], 'ERT_PROCS_THREADS': ['1-24'], 'ERT_MPI_PROCS': ['1,2,4,8,12,24'], 'ERT_OPENMP_THREADS': ['1,2,4,8,12,24'], 'ERT_NUM_EXPERIMENTS': ['1'], 'ERT_MEMORY_MAX': ['1073741824'], 'ERT_WORKING_SET_MIN': ['1'], 'ERT_TRIALS_MIN': ['1'], 'ERT_GNUPLOT': ['gnuplot'], 'ERT_GPU': [False], 'ERT_HIP': [False], 'ERT_OCL': [False], 'ERT_SYCL': [False], 'ERT_WSS_MULT': [1.1]}
 