fp64
 64 16777216 99014.044 99014.044 99014.044 21.688677295111795 21.688677295111795 21.688677295111795 5.422169323777949 5.422169323777949 5.422169323777949
 128 8388608 52410.126 52410.126 52410.126 40.97459426065872 40.97459426065872 40.97459426065872 10.24364856516468 10.24364856516468 10.24364856516468
 192 4194304 26206.017 26206.017 26206.017 61.45965394130669 61.45965394130669 61.45965394130669 15.364913485326673 15.364913485326673 15.364913485326673
 256 4194304 26207.924 26207.924 26207.924 81.94024250070322 81.94024250070322 81.94024250070322 20.485060625175805 20.485060625175805 20.485060625175805
 320 2097152 13154.984 13154.984 13154.984 102.02804351567437 102.02804351567437 102.02804351567437 25.507010878918592 25.507010878918592 25.507010878918592
 384 2097152 13310.909 13310.909 13310.909 120.99945510858801 120.99945510858801 120.99945510858801 30.249863777147002 30.249863777147002 30.249863777147002
 448 2097152 13111.115 13111.115 13111.115 143.3171924737141 143.3171924737141 143.3171924737141 35.829298118428525 35.829298118428525 35.829298118428525
 512 2097152 13238.192 13238.192 13238.192 162.2188020841517 162.2188020841517 162.2188020841517 40.55470052103792 40.55470052103792 40.55470052103792
 576 1048576 7649.899 7649.899 7649.899 157.9052941744721 157.9052941744721 157.9052941744721 39.47632354361802 39.47632354361802 39.47632354361802
 640 1048576 7263.899 7263.899 7263.899 184.773670448887 184.773670448887 184.773670448887 46.19341761222175 46.19341761222175 46.19341761222175
 704 1048576 8511.066 8511.066 8511.066 173.4676958209465 173.4676958209465 173.4676958209465 43.36692395523662 43.36692395523662 43.36692395523662
 768 1048576 8377.075 8377.075 8377.075 192.26433283693888 192.26433283693888 192.26433283693888 48.06608320923472 48.06608320923472 48.06608320923472
 832 1048576 9566.784 9566.784 9566.784 182.38422274402768 182.38422274402768 182.38422274402768 45.59605568600692 45.59605568600692 45.59605568600692
 896 1048576 9387.97 9387.97 9387.97 200.15489951501763 200.15489951501763 200.15489951501763 50.03872487875441 50.03872487875441 50.03872487875441
 960 1048576 10914.803 10914.803 10914.803 184.4527949794421 184.4527949794421 184.4527949794421 46.113198744860526 46.113198744860526 46.113198744860526
 1024 1048576 7338.047 7338.047 7338.047 292.6505714667677 292.6505714667677 292.6505714667677 73.16264286669193 73.16264286669193 73.16264286669193
 1088 524288 4369.974 4369.974 4369.974 261.06578391541916 261.06578391541916 261.06578391541916 65.26644597885479 65.26644597885479 65.26644597885479
 1152 524288 4384.995 4384.995 4384.995 275.4756965515354 275.4756965515354 275.4756965515354 68.86892413788385 68.86892413788385 68.86892413788385
 1216 524288 5037.069 5037.069 5037.069 253.13697628521663 253.13697628521663 253.13697628521663 63.28424407130416 63.28424407130416 63.28424407130416
 1280 524288 4866.123 4866.123 4866.123 275.8206646235617 275.8206646235617 275.8206646235617 68.95516615589042 68.95516615589042 68.95516615589042
 1408 524288 5409.956 5409.956 5409.956 272.9033300825367 272.9033300825367 272.9033300825367 68.22583252063417 68.22583252063417 68.22583252063417
 1536 524288 5986.929 5986.929 5986.929 269.0215193799693 269.0215193799693 269.0215193799693 67.25537984499232 67.25537984499232 67.25537984499232
 1664 524288 6515.98 6515.98 6515.98 267.777136209749 267.777136209749 267.777136209749 66.94428405243725 66.94428405243725 66.94428405243725
 1792 524288 7006.168 7006.168 7006.168 268.199134248565 268.199134248565 268.199134248565 67.04978356214124 67.04978356214124 67.04978356214124
 1920 524288 7582.188 7582.188 7582.188 265.52571896133406 265.52571896133406 265.52571896133406 66.38142974033352 66.38142974033352 66.38142974033352
 2112 262144 3644.943 3644.943 3644.943 303.78973169127744 303.78973169127744 303.78973169127744 75.94743292281936 75.94743292281936 75.94743292281936
 2304 262144 4001.141 4001.141 4001.141 301.9037699496219 301.9037699496219 301.9037699496219 75.47594248740548 75.47594248740548 75.47594248740548
 2496 262144 4720.211 4720.211 4720.211 277.23820990205735 277.23820990205735 277.23820990205735 69.30955247551434 69.30955247551434 69.30955247551434
 2688 262144 4871.845 4871.845 4871.845 289.2715478427577 289.2715478427577 289.2715478427577 72.31788696068942 72.31788696068942 72.31788696068942
 2944 262144 5304.098 5304.098 5304.098 291.0021406090159 291.0021406090159 291.0021406090159 72.75053515225397 72.75053515225397 72.75053515225397
 3200 262144 5125.999 5125.999 5125.999 327.2965133235492 327.2965133235492 327.2965133235492 81.8241283308873 81.8241283308873 81.8241283308873
 3520 262144 6194.83 6194.83 6194.83 297.9087012880095 297.9087012880095 297.9087012880095 74.47717532200238 74.47717532200238 74.47717532200238
 3840 262144 6599.188 6599.188 6599.188 305.0778247263148 305.0778247263148 305.0778247263148 76.2694561815787 76.2694561815787 76.2694561815787
 4224 131072 3296.137 3296.137 3296.137 335.9375705560782 335.9375705560782 335.9375705560782 83.98439263901955 83.98439263901955 83.98439263901955
 4608 131072 3827.095 3827.095 3827.095 315.6335424127177 315.6335424127177 315.6335424127177 78.90838560317943 78.90838560317943 78.90838560317943
 5056 131072 4280.09 4280.09 4280.09 309.66640047288723 309.66640047288723 309.66640047288723 77.41660011822181 77.41660011822181 77.41660011822181
 5504 131072 4507.065 4507.065 4507.065 320.1286371507844 320.1286371507844 320.1286371507844 80.0321592876961 80.0321592876961 80.0321592876961
 6016 131072 4938.126 4938.126 4938.126 319.3637229993726 319.3637229993726 319.3637229993726 79.84093074984315 79.84093074984315 79.84093074984315
 6592 131072 5237.818 5237.818 5237.818 329.9185363065307 329.9185363065307 329.9185363065307 82.47963407663268 82.47963407663268 82.47963407663268
 7232 131072 5396.843 5396.843 5396.843 351.2841503819919 351.2841503819919 351.2841503819919 87.82103759549797 87.82103759549797 87.82103759549797
 7936 131072 6093.979 6093.979 6093.979 341.38200738794797 341.38200738794797 341.38200738794797 85.34550184698699 85.34550184698699 85.34550184698699
 8704 65536 3330.946 3330.946 3330.946 342.50050526186857 342.50050526186857 342.50050526186857 85.62512631546714 85.62512631546714 85.62512631546714
 9536 65536 3675.938 3675.938 3675.938 340.02276208140614 340.02276208140614 340.02276208140614 85.00569052035154 85.00569052035154 85.00569052035154
 10432 65536 3901.958 3901.958 3901.958 350.42486464487826 350.42486464487826 350.42486464487826 87.60621616121956 87.60621616121956 87.60621616121956
 11456 65536 4247.904 4247.904 4247.904 353.48276043903064 353.48276043903064 353.48276043903064 88.37069010975766 88.37069010975766 88.37069010975766
 12544 65536 4593.849 4593.849 4593.849 357.90622808890754 357.90622808890754 357.90622808890754 89.47655702222688 89.47655702222688 89.47655702222688
 13760 65536 5141.02 5141.02 5141.02 350.8157369549233 350.8157369549233 350.8157369549233 87.70393423873082 87.70393423873082 87.70393423873082
 15104 65536 6204.128 6204.128 6204.128 319.09584844155376 319.09584844155376 319.09584844155376 79.77396211038844 79.77396211038844 79.77396211038844
 16576 32768 3068.924 3068.924 3068.924 353.97577000929317 353.97577000929317 353.97577000929317 88.49394250232329 88.49394250232329 88.49394250232329
 18176 32768 3355.98 3355.98 3355.98 354.94321658651126 354.94321658651126 354.94321658651126 88.73580414662781 88.73580414662781 88.73580414662781
 19968 32768 3643.99 3643.99 3643.99 359.1181227171315 359.1181227171315 359.1181227171315 89.77953067928287 89.77953067928287 89.77953067928287
 21952 32768 4014.015 4014.015 4014.015 358.4058036654073 358.4058036654073 358.4058036654073 89.60145091635182 89.60145091635182 89.60145091635182
 24128 32768 4397.869 4397.869 4397.869 359.54972919839133 359.54972919839133 359.54972919839133 89.88743229959783 89.88743229959783 89.88743229959783
 26496 32768 4952.192 4952.192 4952.192 350.64106076662614 350.64106076662614 350.64106076662614 87.66026519165653 87.66026519165653 87.66026519165653
 29120 32768 5314.827 5314.827 5314.827 359.0725191995901 359.0725191995901 359.0725191995901 89.76812979989752 89.76812979989752 89.76812979989752
 32000 32768 5744.934 5744.934 5744.934 365.0437063332668 365.0437063332668 365.0437063332668 91.2609265833167 91.2609265833167 91.2609265833167
 35200 16384 3185.034 3185.034 3185.034 362.1416914230743 362.1416914230743 362.1416914230743 90.53542285576857 90.53542285576857 90.53542285576857
 38720 16384 3644.943 3644.943 3644.943 348.0924008962554 348.0924008962554 348.0924008962554 87.02310022406385 87.02310022406385 87.02310022406385
 42560 16384 3964.901 3964.901 3964.901 351.7379324225246 351.7379324225246 351.7379324225246 87.93448310563114 87.93448310563114 87.93448310563114
 46784 16384 4208.803 4208.803 4208.803 364.2408808395166 364.2408808395166 364.2408808395166 91.06022020987915 91.06022020987915 91.06022020987915
 51456 16384 4585.981 4585.981 4585.981 367.666200099826 367.666200099826 367.666200099826 91.9165500249565 91.9165500249565 91.9165500249565
 56576 16384 5034.924 5034.924 5034.924 368.20463784557626 368.20463784557626 368.20463784557626 92.05115946139406 92.05115946139406 92.05115946139406
 62208 16384 5609.989 5609.989 5609.989 363.3575295780438 363.3575295780438 363.3575295780438 90.83938239451095 90.83938239451095 90.83938239451095
 68416 8192 3076.077 3076.077 3076.077 364.4017181624517 364.4017181624517 364.4017181624517 91.10042954061292 91.10042954061292 91.10042954061292
 75200 8192 3369.093 3369.093 3369.093 365.69984859426563 365.69984859426563 365.69984859426563 91.42496214856641 91.42496214856641 91.42496214856641
 82688 8192 3731.966 3731.966 3731.966 363.01514858388316 363.01514858388316 363.01514858388316 90.75378714597079 90.75378714597079 90.75378714597079
 90944 8192 4092.932 4092.932 4092.932 364.0486809944558 364.0486809944558 364.0486809944558 91.01217024861396 91.01217024861396 91.01217024861396
 100032 8192 4504.919 4504.919 4504.919 363.807715077674 363.807715077674 363.807715077674 90.9519287694185 90.9519287694185 90.9519287694185
 110016 8192 5097.151 5097.151 5097.151 353.62933999797144 353.62933999797144 353.62933999797144 88.40733499949286 88.40733499949286 88.40733499949286
 120960 8192 5417.109 5417.109 5417.109 365.84248904720204 365.84248904720204 365.84248904720204 91.46062226180051 91.46062226180051 91.46062226180051
 133056 4096 3000.975 3000.975 3000.975 363.2135395996301 363.2135395996301 363.2135395996301 90.80338489990753 90.80338489990753 90.80338489990753
 146304 4096 3294.945 3294.945 3294.945 363.7457887764439 363.7457887764439 363.7457887764439 90.93644719411097 90.93644719411097 90.93644719411097
 160896 4096 3615.856 3615.856 3615.856 364.5222685859171 364.5222685859171 364.5222685859171 91.13056714647928 91.13056714647928 91.13056714647928
 176960 4096 4035.95 4035.95 4035.95 359.18589675293305 359.18589675293305 359.18589675293305 89.79647418823326 89.79647418823326 89.79647418823326
 194624 4096 4349.947 4349.947 4349.947 366.5239617862011 366.5239617862011 366.5239617862011 91.63099044655027 91.63099044655027 91.63099044655027
 214080 4096 4924.059 4924.059 4924.059 356.15807202959996 356.15807202959996 356.15807202959996 89.03951800739999 89.03951800739999 89.03951800739999
 235456 4096 5446.911 5446.911 5446.911 354.1191607500104 354.1191607500104 354.1191607500104 88.5297901875026 88.5297901875026 88.5297901875026
 258944 4096 5970.001 5970.001 5970.001 355.3214225592257 355.3214225592257 355.3214225592257 88.83035563980643 88.83035563980643 88.83035563980643
 284800 2048 3922.939 3922.939 3922.939 297.3639916399414 297.3639916399414 297.3639916399414 74.34099790998535 74.34099790998535 74.34099790998535
 313280 2048 4024.029 4024.029 4024.029 318.88310944081167 318.88310944081167 318.88310944081167 79.72077736020292 79.72077736020292 79.72077736020292
 344576 2048 4425.049 4425.049 4425.049 318.95314515161294 318.95314515161294 318.95314515161294 79.73828628790324 79.73828628790324 79.73828628790324
 379008 2048 4854.918 4854.918 4854.918 319.7616866031517 319.7616866031517 319.7616866031517 79.94042165078793 79.94042165078793 79.94042165078793
 416896 2048 5338.907 5338.907 5338.907 319.8418732523342 319.8418732523342 319.8418732523342 79.96046831308355 79.96046831308355 79.96046831308355
 458560 2048 5880.117 5880.117 5880.117 319.4259161850011 319.4259161850011 319.4259161850011 79.85647904625027 79.85647904625027 79.85647904625027
 504384 2048 6454.945 6454.945 6454.945 320.0580119582738 320.0580119582738 320.0580119582738 80.01450298956846 80.01450298956846 80.01450298956846
 554816 1024 3553.867 3553.867 3553.867 319.7258558072094 319.7258558072094 319.7258558072094 79.93146395180236 79.93146395180236 79.93146395180236
 610240 1024 3912.926 3912.926 3912.926 319.39564407811446 319.39564407811446 319.39564407811446 79.84891101952861 79.84891101952861 79.84891101952861
 671232 1024 4297.018 4297.018 4297.018 319.9156103139433 319.9156103139433 319.9156103139433 79.97890257848583 79.97890257848583 79.97890257848583
 738304 1024 4718.065 4718.065 4718.065 320.48023755501464 320.48023755501464 320.48023755501464 80.12005938875366 80.12005938875366 80.12005938875366
 812096 1024 5198.956 5198.956 5198.956 319.90511325735395 319.90511325735395 319.90511325735395 79.97627831433849 79.97627831433849 79.97627831433849
 893248 1024 5723.0 5723.0 5723.0 319.65261296522806 319.65261296522806 319.65261296522806 79.91315324130701 79.91315324130701 79.91315324130701
 982528 1024 6302.118 6302.118 6302.118 319.292235404034 319.292235404034 319.292235404034 79.8230588510085 79.8230588510085 79.8230588510085
 1080768 512 3486.872 3486.872 3486.872 317.39233100612813 317.39233100612813 317.39233100612813 79.34808275153203 79.34808275153203 79.34808275153203
 1188800 512 3814.936 3814.936 3814.936 319.0961001704878 319.0961001704878 319.0961001704878 79.77402504262194 79.77402504262194 79.77402504262194
 1307648 512 4197.121 4197.121 4197.121 319.0357275856474 319.0357275856474 319.0357275856474 79.75893189641185 79.75893189641185 79.75893189641185
 1438400 512 4621.029 4621.029 4621.029 318.74320632915305 318.74320632915305 318.74320632915305 79.68580158228826 79.68580158228826 79.68580158228826
 1582208 512 5089.045 5089.045 5089.045 318.3664109867372 318.3664109867372 318.3664109867372 79.5916027466843 79.5916027466843 79.5916027466843
 1740416 512 5596.876 5596.876 5596.876 318.42513287769816 318.42513287769816 318.42513287769816 79.60628321942454 79.60628321942454 79.60628321942454
 1914432 512 6165.028 6165.028 6165.028 317.98369253148564 317.98369253148564 317.98369253148564 79.49592313287141 79.49592313287141 79.49592313287141
 2105856 256 3433.943 3433.943 3433.943 313.9825768802802 313.9825768802802 313.9825768802802 78.49564422007005 78.49564422007005 78.49564422007005
 2316416 256 4688.978 4688.978 4688.978 252.93464631311983 252.93464631311983 252.93464631311983 63.23366157827996 63.23366157827996 63.23366157827996
 2548032 256 5196.81 5196.81 5196.81 251.03715240695732 251.03715240695732 251.03715240695732 62.75928810173933 62.75928810173933 62.75928810173933
 2802816 256 5867.958 5867.958 5867.958 244.55556634863441 244.55556634863441 244.55556634863441 61.138891587158604 61.138891587158604 61.138891587158604
 3083072 256 6463.051 6463.051 6463.051 244.23958034680524 244.23958034680524 244.23958034680524 61.05989508670131 61.05989508670131 61.05989508670131
 3391360 256 7104.158 7104.158 7104.158 244.41690626813198 244.41690626813198 244.41690626813198 61.104226567032995 61.104226567032995 61.104226567032995
 3730496 256 7816.076 7816.076 7816.076 244.3699308962707 244.3699308962707 244.3699308962707 61.09248272406767 61.09248272406767 61.09248272406767
 4103488 256 8606.911 8606.911 8606.911 244.1045174046763 244.1045174046763 244.1045174046763 61.026129351169075 61.026129351169075 61.026129351169075
 4513792 128 4786.015 4786.015 4786.015 241.43901596631017 241.43901596631017 241.43901596631017 60.35975399157754 60.35975399157754 60.35975399157754
 4965120 128 5203.009 5203.009 5203.009 244.29531449974428 244.29531449974428 244.29531449974428 61.07382862493607 61.07382862493607 61.07382862493607
 5461632 128 5738.02 5738.02 5738.02 243.6690342661754 243.6690342661754 243.6690342661754 60.91725856654385 60.91725856654385 60.91725856654385
 6007744 128 6294.966 6294.966 6294.966 244.31942348854625 244.31942348854625 244.31942348854625 61.07985587213656 61.07985587213656 61.07985587213656
 6608512 128 6940.126 6940.126 6940.126 243.76777482137933 243.76777482137933 243.76777482137933 60.94194370534483 60.94194370534483 60.94194370534483
 7269312 128 7617.95 7617.95 7617.95 244.28407537460865 244.28407537460865 244.28407537460865 61.07101884365216 61.07101884365216 61.07101884365216
 7996224 128 8389.95 8389.95 8389.95 243.98635796399262 243.98635796399262 243.98635796399262 60.996589490998154 60.996589490998154 60.996589490998154
 8795840 64 4611.969 4611.969 4611.969 244.11862265336129 244.11862265336129 244.11862265336129 61.02965566334032 61.02965566334032 61.02965566334032
 9675392 64 5069.017 5069.017 5069.017 244.31762134551929 244.31762134551929 244.31762134551929 61.07940533637982 61.07940533637982 61.07940533637982
 10642880 64 5584.002 5584.002 5584.002 243.96277795029442 243.96277795029442 243.96277795029442 60.990694487573606 60.990694487573606 60.990694487573606
 11707136 64 6186.962 6186.962 6186.962 242.20504473762725 242.20504473762725 242.20504473762725 60.55126118440681 60.55126118440681 60.55126118440681
 12877824 64 6921.053 6921.053 6921.053 238.16628365654762 238.16628365654762 238.16628365654762 59.541570914136905 59.541570914136905 59.541570914136905
 14165568 64 7431.03 7431.03 7431.03 244.00287766298885 244.00287766298885 244.00287766298885 61.00071941574721 61.00071941574721 61.00071941574721
 15582080 64 8177.996 8177.996 8177.996 243.88691801756812 243.88691801756812 243.88691801756812 60.97172950439203 60.97172950439203 60.97172950439203
 17140288 32 4504.919 4504.919 4504.919 243.5068048948272 243.5068048948272 243.5068048948272 60.8767012237068 60.8767012237068 60.8767012237068
 18854272 32 5027.056 5027.056 5027.056 240.035799879691 240.035799879691 240.035799879691 60.00894996992275 60.00894996992275 60.00894996992275
 20739648 32 5448.103 5448.103 5448.103 243.63296215214726 243.63296215214726 243.63296215214726 60.908240538036814 60.908240538036814 60.908240538036814
 22813568 32 6001.949 6001.949 6001.949 243.26570452364726 243.26570452364726 243.26570452364726 60.816426130911815 60.816426130911815 60.816426130911815
 25094912 32 6699.085 6699.085 6699.085 239.74533357913805 239.74533357913805 239.74533357913805 59.93633339478451 59.93633339478451 59.93633339478451
 27604352 32 7384.062 7384.062 7384.062 239.2556465533469 239.2556465533469 239.2556465533469 59.81391163833673 59.81391163833673 59.81391163833673
 30364736 32 7988.93 7988.93 7988.93 243.25449140247818 243.25449140247818 243.25449140247818 60.813622850619545 60.813622850619545 60.813622850619545
 33401152 32 8805.99 8805.99 8805.99 242.75223206022267 242.75223206022267 242.75223206022267 60.68805801505567 60.68805801505567 60.68805801505567
 36741248 16 4822.969 4822.969 4822.969 243.7751385090802 243.7751385090802 243.7751385090802 60.94378462727005 60.94378462727005 60.94378462727005
 40415360 16 5380.154 5380.154 5380.154 240.3818775447691 240.3818775447691 240.3818775447691 60.09546938619228 60.09546938619228 60.09546938619228
 44456896 16 5867.004 5867.004 5867.004 242.4782175024936 242.4782175024936 242.4782175024936 60.6195543756234 60.6195543756234 60.6195543756234
 48902528 16 6690.979 6690.979 6690.979 233.87921199573336 233.87921199573336 233.87921199573336 58.46980299893334 58.46980299893334 58.46980299893334
 53792768 16 8105.04 8105.04 8105.04 212.38248990751435 212.38248990751435 212.38248990751435 53.09562247687859 53.09562247687859 53.09562247687859
 59172032 16 10115.862 10115.862 10115.862 187.1817768965215 187.1817768965215 187.1817768965215 46.79544422413038 46.79544422413038 46.79544422413038
 65089216 16 12588.978 12588.978 12588.978 165.45067534473412 165.45067534473412 165.45067534473412 41.36266883618353 41.36266883618353 41.36266883618353
 71598080 8 10196.924 10196.924 10196.924 112.34459333030233 112.34459333030233 112.34459333030233 28.086148332575583 28.086148332575583 28.086148332575583
 78757888 8 13223.886 13223.886 13223.886 95.29167205464414 95.29167205464414 95.29167205464414 23.822918013661035 23.822918013661035 23.822918013661035
 86633664 8 14456.987 14456.987 14456.987 95.88018748304886 95.88018748304886 95.88018748304886 23.970046870762214 23.970046870762214 23.970046870762214
 95297024 8 16822.1 16822.1 16822.1 90.63983593011574 90.63983593011574 90.63983593011574 22.659958982528934 22.659958982528934 22.659958982528934
 104826688 8 18543.005 18543.005 18543.005 90.45065824012882 90.45065824012882 90.45065824012882 22.612664560032204 22.612664560032204 22.612664560032204
 115309312 8 20455.122 20455.122 20455.122 90.19496398017084 90.19496398017084 90.19496398017084 22.54874099504271 22.54874099504271 22.54874099504271
 126840192 8 21641.016 21641.016 21641.016 93.77762448860996 93.77762448860996 93.77762448860996 23.44440612215249 23.44440612215249 23.44440612215249
 139524160 4 12010.098 12010.098 12010.098 92.93789942430112 92.93789942430112 92.93789942430112 23.23447485607528 23.23447485607528 23.23447485607528
 153476544 4 13077.974 13077.974 13077.974 93.88398784093009 93.88398784093009 93.88398784093009 23.470996960232522 23.470996960232522 23.470996960232522
 168824192 4 14698.982 14698.982 14698.982 91.8834743793822 91.8834743793822 91.8834743793822 22.97086859484555 22.97086859484555 22.97086859484555
 185706560 4 15789.032 15789.032 15789.032 94.09395585492513 94.09395585492513 94.09395585492513 23.523488963731282 23.523488963731282 23.523488963731282
 204277184 4 17261.028 17261.028 17261.028 94.67671751647701 94.67671751647701 94.67671751647701 23.669179379119253 23.669179379119253 23.669179379119253
 224704896 4 18887.997 18887.997 18887.997 95.17362629822526 95.17362629822526 95.17362629822526 23.793406574556315 23.793406574556315 23.793406574556315
 247175360 4 20697.117 20697.117 20697.117 95.54001554902551 95.54001554902551 95.54001554902551 23.885003887256378 23.885003887256378 23.885003887256378
 271892864 2 11427.879 11427.879 11427.879 95.16826840746214 95.16826840746214 95.16826840746214 23.792067101865534 23.792067101865534 23.792067101865534
 299082112 2 12609.005 12609.005 12609.005 94.87889393334368 94.87889393334368 94.87889393334368 23.71972348333592 23.71972348333592 23.71972348333592
 328990272 2 13895.035 13895.035 13895.035 94.70728846670771 94.70728846670771 94.70728846670771 23.676822116676927 23.676822116676927 23.676822116676927
 361889280 2 15153.885 15153.885 15153.885 95.52382903790017 95.52382903790017 95.52382903790017 23.880957259475043 23.880957259475043 23.880957259475043
 398078208 2 16673.088 16673.088 16673.088 95.50197491910318 95.50197491910318 95.50197491910318 23.875493729775794 23.875493729775794 23.875493729775794
 437886016 2 18383.026 18383.026 18383.026 95.28050844295166 95.28050844295166 95.28050844295166 23.820127110737914 23.820127110737914 23.820127110737914
 481674560 2 20112.991 20112.991 20112.991 95.79372058586412 95.79372058586412 95.79372058586412 23.94843014646603 23.94843014646603 23.94843014646603
 529841984 2 22233.963 22233.963 22233.963 95.32119559612474 95.32119559612474 95.32119559612474 23.830298899031185 23.830298899031185 23.830298899031185
 582826176 1 12207.031 12207.031 12207.031 95.49024263148016 95.49024263148016 95.49024263148016 23.87256065787004 23.87256065787004 23.87256065787004
 641108736 1 13403.893 13403.893 13403.893 95.66007964999422 95.66007964999422 95.66007964999422 23.915019912498554 23.915019912498554 23.915019912498554
 705219584 1 14698.029 14698.029 14698.029 95.96110934330038 95.96110934330038 95.96110934330038 23.990277335825095 23.990277335825095 23.990277335825095
 775741504 1 16236.067 16236.067 16236.067 95.55781015192903 95.55781015192903 95.55781015192903 23.889452537982258 23.889452537982258 23.889452537982258
 853315648 1 17885.923 17885.923 17885.923 95.4175692246914 95.4175692246914 95.4175692246914 23.85439230617285 23.85439230617285 23.85439230617285
 938647168 1 19614.935 19614.935 19614.935 95.70739520676464 95.70739520676464 95.70739520676464 23.92684880169116 23.92684880169116 23.92684880169116
 1032511872 1 21583.08 21583.08 21583.08 95.67789879850326 95.67789879850326 95.67789879850326 23.919474699625816 23.919474699625816 23.919474699625816
 
META_DATA
 MPI startup(): shm:tmi fabric is unknown or has been removed from the product, please use ofi or shm:ofi instead
 FLOPS          4
 MPI_PROCS      1
 OPENMP_THREADS 8
 ERT_VERSION  1.1.0
 HOSTNAME  ('shas0420.rc.int.colorado.edu', [], ['10.225.6.135'])
 UNAME  uname_result(system='Linux', node='shas0420.rc.int.colorado.edu', release='3.10.0-957.27.2.el7.x86_64', version='#1 SMP Mon Jul 29 17:46:05 UTC 2019', machine='x86_64', processor='x86_64')
 TIMESTAMP_DATA  1664555093.1014795
 CONFIG  {'ERT_RESULTS': ['lab5_results'], 'ERT_DRIVER': ['driver1'], 'ERT_KERNEL': ['kernel1'], 'ERT_MPI': ['True'], 'ERT_MPI_CFLAGS': ['-I/usr/include/mpi'], 'ERT_MPI_LDFLAGS': ['-lmpi'], 'ERT_OPENMP': ['True'], 'ERT_OPENMP_CFLAGS': ['-qopenmp'], 'ERT_OPENMP_LDFLAGS': ['-qopenmp'], 'ERT_FLOPS': ['1,2,4,8,16'], 'ERT_ALIGN': ['32'], 'ERT_CC': ['mpicc'], 'ERT_CFLAGS': ['-O3', '-msse3', '-axSSE3', '-xSSE3', '-fno-alias', '-fno-fnalias', '-DERT_INTEL', '-std=c++11'], 'ERT_LD': ['mpicc'], 'ERT_LDFLAGS': [], 'ERT_LDLIBS': [], 'ERT_PRECISION': ['FP64'], 'ERT_RUN': ['export', 'OMP_NUM_THREADS=ERT_OPENMP_THREADS;', 'mpirun', '-np', 'ERT_MPI_PROCS', 'ERT_CODE'], 'ERT_PROCS_THREADS': ['1-24'], 'ERT_MPI_PROCS': ['1,2,4,8,12,24'], 'ERT_OPENMP_THREADS': ['1,2,4,8,12,24'], 'ERT_NUM_EXPERIMENTS': ['1'], 'ERT_MEMORY_MAX': ['1073741824'], 'ERT_WORKING_SET_MIN': ['1'], 'ERT_TRIALS_MIN': ['1'], 'ERT_GNUPLOT': ['gnuplot'], 'ERT_GPU': [False], 'ERT_HIP': [False], 'ERT_OCL': [False], 'ERT_SYCL': [False], 'ERT_WSS_MULT': [1.1]}
 